317 [26, 2, 28, 5, 14, 33, 17, 24, 23, 35, 36, 39, 44, 29, 8, 48, 40, 16, 32, 30, 42, 41, 49, 20, 50, 45, 10, 38, 27, 12, 21, 25, 43, 4, 3, 46, 15, 34, 13, 31, 18, 6, 22, 11, 1, 47, 9, 7, 19, 37]
341 [26, 22, 41, 3, 37, 25, 33, 4, 34, 8, 43, 19, 38, 9, 48, 13, 30, 10, 39, 14, 49, 11, 40, 17, 47, 24, 42, 20, 46, 1, 44, 2, 45, 23, 28, 16, 50, 15, 31, 18, 32, 12, 27, 6, 29, 21, 36, 7, 5, 35]
612 [34, 20, 48, 18, 37, 9, 49, 15, 39, 22, 30, 5, 29, 12, 38, 23, 44, 3, 40, 4, 27, 2, 42, 21, 47, 26, 46, 16, 45, 10, 33, 11, 50, 17, 43, 6, 28, 8, 36, 13, 35, 24, 41, 14, 32, 25, 31, 7, 1, 19]
172 [14, 2, 37, 46, 39, 49, 3, 25, 15, 17, 48, 45, 26, 43, 36, 50, 33, 44, 24, 1, 6, 34, 16, 21, 38, 30, 29, 11, 19, 9, 27, 41, 40, 47, 13, 31, 8, 32, 7, 12, 5, 4, 18, 28, 35, 22, 23, 20, 42, 10]
149 [5, 35, 31, 22, 12, 8, 33, 18, 44, 3, 36, 37, 47, 49, 1, 24, 15, 7, 43, 28, 21, 32, 6, 27, 11, 2, 39, 25, 50, 40, 14, 20, 17, 4, 23, 41, 38, 48, 26, 46, 30, 34, 19, 42, 13, 16, 29, 10, 9, 45]
466 [10, 11, 9, 2, 1, 13, 16, 14, 6, 5, 4, 15, 12, 8, 3, 7]
1017 [16, 1, 4, 36, 20, 23, 9, 46, 32, 43, 18, 31, 11, 17, 7, 34, 29, 30, 14, 19, 12, 42, 41, 25, 33, 15, 21, 5, 27, 26, 39, 2, 50, 49, 3, 38, 47, 45, 8, 10, 40, 28, 37, 13, 24, 22, 48, 35, 44, 6]
174 [42, 25, 32, 8, 44, 27, 31, 30, 43, 14, 34, 23, 49, 21, 1, 3, 46, 41, 24, 33, 7, 15, 13, 11, 38, 26, 6, 28, 10, 20, 39, 12, 17, 19, 45, 18, 9, 36, 16, 29, 5, 4, 37, 50, 2, 47, 48, 40, 22, 35]
39 [30, 2, 1, 29, 28, 27, 26, 25, 24, 23, 22, 21, 20, 19, 18, 17, 16, 15, 14, 13, 12, 11, 10, 9, 8, 7, 6, 5, 4, 3]
197 [50, 46, 48, 43, 44, 29, 49, 19, 20, 17, 18, 2, 9, 16, 5, 4, 13, 6, 3, 7, 10, 1, 12, 15, 8, 14, 11, 25, 22, 24, 23, 26, 21, 39, 33, 40, 38, 42, 37, 47, 30, 32, 27, 35, 28, 34, 31, 41, 36, 45]
25 [2, 4, 1, 3, 5, 6, 7, 8]
2668 [7, 43, 50, 6, 20, 38, 45, 46, 34, 47, 9, 23, 32, 33, 8, 29, 25, 24, 40, 41, 1, 14, 12, 21, 19, 13, 11, 48, 30, 49, 17, 10, 37, 22, 39, 42, 26, 2, 31, 16, 35, 28, 44, 18, 27, 36, 5, 15, 4, 3]
154 [7, 5, 31, 13, 29, 50, 15, 20, 25, 30, 42, 44, 10, 41, 39, 9, 45, 23, 21, 49, 33, 16, 26, 6, 32, 2, 18, 24, 46, 35, 14, 34, 1, 22, 36, 8, 4, 48, 37, 28, 17, 47, 12, 27, 19, 3, 38, 43, 40, 11]
178 [11, 19, 10, 20, 18, 45, 50, 14, 43, 40, 21, 13, 5, 28, 46, 36, 2, 27, 29, 12, 7, 17, 6, 22, 31, 35, 8, 1, 9, 30, 49, 23, 48, 26, 44, 15, 24, 3, 34, 39, 33, 47, 37, 38, 4, 16, 25, 42, 41, 32]
212 [28, 18, 16, 26, 14, 44, 27, 38, 9, 32, 12, 45, 46, 24, 29, 40, 37, 11, 43, 2, 50, 6, 36, 4, 5, 15, 39, 25, 30, 23, 31, 49, 1, 19, 7, 17, 13, 34, 21, 48, 10, 22, 20, 41, 42, 33, 35, 47, 8, 3]
3005 [15, 42, 17, 35, 41, 20, 18, 25, 50, 39, 30, 5, 7, 11, 27, 6, 49, 16, 8, 33, 36, 38, 13, 22, 12, 48, 34, 9, 28, 37, 44, 1, 4, 3, 32, 24, 43, 10, 26, 46, 21, 40, 31, 47, 19, 14, 23, 45, 29, 2]
579 [18, 43, 39, 28, 49, 34, 13, 19, 30, 23, 16, 12, 32, 15, 3, 25, 10, 29, 47, 6, 35, 44, 45, 17, 33, 20, 48, 21, 27, 2, 36, 40, 31, 1, 38, 26, 37, 14, 7, 50, 9, 42, 4, 41, 8, 22, 5, 24, 11, 46]
329 [30, 29, 28, 24, 25, 26, 27, 47, 6, 5, 4, 48, 1, 2, 3, 39, 46, 45, 44, 40, 41, 42, 43, 23, 15, 22, 21, 20, 16, 17, 18, 19, 35, 34, 33, 32, 36, 37, 38, 31, 11, 10, 9, 8, 12, 13, 14, 7]
89 [1, 6, 2, 5, 3, 4]
427 [46, 19, 44, 4, 39, 43, 28, 48, 32, 42, 22, 33, 12, 29, 30, 1, 6, 31, 23, 20, 47, 18, 40, 13, 15, 36, 7, 35, 16, 41, 24, 49, 50, 27, 45, 21, 17, 10, 37, 8, 2, 34, 14, 5, 3, 11, 9, 38, 26, 25]
253 [41, 45, 11, 13, 50, 23, 40, 5, 12, 28, 35, 42, 19, 10, 48, 37, 17, 25, 32, 29, 18, 6, 33, 27, 20, 8, 22, 31, 21, 47, 36, 49, 7, 39, 2, 9, 14, 44, 1, 30, 38, 15, 46, 16, 43, 24, 34, 26, 3, 4]
232 [9, 42, 3, 16, 10, 4, 43, 34, 6, 32, 17, 12, 14, 29, 24, 15, 31, 25, 5, 23, 7, 30, 2, 44, 8, 37, 13, 22, 40, 21, 41, 1, 39, 11, 26, 28, 19, 36, 18, 38, 20, 27, 33, 35]
185 [1, 2, 3, 4, 5, 6, 7, 8, 9, 10, 11, 12, 13, 14, 15, 16, 17, 18, 19, 20, 21, 22, 23, 24, 25, 26, 27, 28, 29, 30, 31, 32, 33, 34, 35, 36, 37, 38, 39, 40, 41, 42, 43, 44, 45, 46, 47, 48, 49, 50]
575 [23, 10, 5, 25, 2, 15, 6, 12, 21, 22, 18, 20, 14, 13, 17, 4, 1, 7, 24, 26, 9, 19, 11, 8, 3, 16]
473 [14, 10, 12, 13, 5, 17, 2, 18, 20, 1, 3, 15, 6, 8, 16, 7, 9, 4, 11, 19]
1631 [41, 31, 15, 46, 12, 10, 4, 45, 38, 33, 16, 22, 25, 18, 13, 6, 11, 34, 19, 35, 17, 48, 30, 49, 29, 8, 42, 5, 14, 26, 39, 27, 40, 1, 23, 36, 32, 47, 24, 3, 43, 7, 37, 28, 20, 50, 2, 21, 44, 9]
185 [12, 31, 33, 25, 14, 28, 49, 48, 9, 16, 32, 45, 7, 20, 24, 11, 29, 1, 22, 39, 4, 34, 41, 17, 23, 38, 30, 35, 50, 19, 2, 13, 8, 5, 47, 43, 44, 42, 27, 37, 21, 36, 6, 26, 18, 10, 46, 15, 3, 40]
210 [9, 27, 39, 24, 45, 21, 1, 50, 29, 28, 23, 42, 10, 7, 8, 49, 16, 41, 6, 18, 40, 20, 3, 11, 31, 4, 22, 12, 19, 37, 44, 46, 15, 26, 17, 13, 14, 35, 38, 5, 47, 48, 2, 33, 43, 25, 34, 32, 30, 36]
195 [9, 46, 14, 16, 11, 34, 3, 2, 41, 31, 27, 13, 32, 28, 12, 49, 17, 25, 5, 38, 26, 20, 37, 24, 19, 40, 33, 22, 47, 8, 42, 23, 4, 36, 45, 43, 7, 29, 10, 1, 18, 35, 48, 50, 15, 30, 21, 44, 6, 39]
51 [4, 3, 28, 21, 45, 19, 27, 46, 11, 47, 15, 10, 36, 32, 43, 7, 40, 34, 20, 14, 23, 8, 24, 49, 37, 25, 35, 44, 26, 18, 6, 1, 42, 48, 31, 12, 38, 41, 39, 13, 9, 17, 22, 50, 29, 33, 30, 16, 2, 5]
241 [33, 1, 40, 2, 22, 38, 15, 43, 25, 44, 35, 8, 13, 50, 11, 34, 27, 24, 20, 32, 4, 29, 37, 12, 45, 19, 5, 3, 9, 14, 36, 49, 7, 16, 39, 17, 48, 28, 41, 10, 6, 21, 31, 18, 42, 26, 30, 47, 23, 46]
140 [2, 3, 5, 8, 7, 6, 4, 1, 39, 40, 37, 36, 33, 34, 35, 22, 23, 24, 21, 20, 17, 18, 19, 46, 27, 26, 25, 28, 29, 32, 31, 30, 14, 15, 16, 13, 12, 9, 10, 11, 38, 43, 42, 41, 44, 45, 48, 47]
62 [23, 28, 12, 35, 20, 47, 6, 48, 33, 45, 3, 14, 15, 2, 50, 46, 19, 37, 31, 9, 13, 22, 32, 42, 43, 10, 18, 34, 25, 39, 17, 11, 41, 26, 30, 5, 44, 16, 38, 49, 7, 36, 8, 40, 21, 24, 1, 4, 29, 27]
445 [29, 12, 37, 20, 28, 11, 27, 9, 19, 35, 21, 24, 22, 10, 3, 17, 23, 47, 14, 2, 49, 26, 7, 44, 4, 50, 32, 43, 25, 1, 41, 33, 6, 8, 48, 34, 31, 36, 16, 13, 18, 38, 5, 46, 30, 15, 45, 39, 40, 42]
220 [39, 11, 50, 7, 16, 21, 28, 24, 42, 1, 30, 49, 36, 12, 2, 19, 46, 31, 10, 48, 44, 27, 5, 17, 38, 14, 34, 15, 25, 6, 29, 32, 41, 26, 35, 43, 40, 13, 47, 20, 45, 3, 37, 18, 33, 9, 23, 4, 8, 22]
29 [39, 40, 36, 37, 33, 34, 35, 30, 29, 25, 26, 31, 32, 28, 27, 38, 46, 45, 41, 42, 47, 48, 44, 43, 11, 12, 16, 15, 10, 9, 13, 14, 19, 18, 17, 21, 20, 24, 23, 22, 6, 7, 8, 4, 5, 1, 2, 3]
1274 [11, 15, 7, 6, 12, 1, 9, 4, 3, 5, 13, 14, 10, 8, 2, 38, 23, 21, 44, 45, 18, 34, 25, 42, 49, 47, 31, 20, 37, 33, 29, 36, 43, 32, 22, 40, 48, 19, 27, 24, 30, 26, 41, 50, 17, 35, 16, 28, 39, 46]
404 [19, 18, 16, 17, 15, 20, 14, 13, 12, 11, 8, 9, 10, 1, 2, 3, 4, 5, 7, 6, 28, 26, 25, 27, 29, 30, 24, 23, 22, 21]
965 [37, 47, 11, 25, 16, 44, 38, 50, 13, 23, 41, 46, 29, 20, 10, 14, 40, 43, 48, 3, 22, 5, 33, 26, 32, 9, 8, 15, 31, 45, 17, 4, 2, 42, 36, 35, 12, 6, 21, 27, 39, 28, 7, 19, 34, 30, 49, 18, 24, 1]
245 [42, 14, 39, 46, 36, 7, 21, 50, 37, 10, 26, 18, 19, 28, 25, 47, 5, 2, 41, 33, 16, 15, 44, 27, 23, 43, 13, 8, 48, 38, 17, 45, 49, 31, 30, 20, 35, 6, 32, 12, 22, 9, 11, 4, 1, 40, 3, 29, 34, 24]
1431 [47, 48, 37, 40, 33, 36, 15, 22, 19, 20, 17, 30, 29, 12, 1, 18, 13, 16, 7, 8, 45, 39, 42, 25, 34, 31, 32, 23, 24, 9, 14, 49, 6, 3, 26, 21, 38, 35, 4, 2, 10, 5, 28, 11, 44, 41, 46, 43, 50, 27]
225 [37, 46, 8, 9, 36, 11, 14, 38, 12, 2, 25, 27, 39, 32, 50, 7, 19, 23, 1, 6, 26, 41, 13, 16, 48, 20, 40, 28, 31, 17, 5, 49, 15, 44, 34, 47, 21, 3, 33, 30, 35, 10, 43, 42, 4, 24, 18, 22, 29, 45]
314 [27, 10, 42, 15, 37, 34, 25, 19, 33, 1, 43, 38, 48, 50, 20, 29, 6, 41, 44, 45, 23, 4, 39, 21, 12, 26, 47, 24, 49, 18, 40, 5, 3, 7, 11, 14, 2, 36, 35, 8, 46, 13, 32, 30, 16, 28, 22, 31, 17, 9]
122 [3, 7, 10, 8, 5, 1, 2, 6, 4, 9]
1834 [46, 42, 45, 18, 11, 20, 49, 50, 17, 43, 41, 44, 14, 19, 13, 48, 47, 4, 40, 16, 12, 15, 35, 32, 37, 9, 2, 10, 38, 31, 39, 8, 1, 6, 28, 21, 29, 22, 25, 24, 26, 30, 23, 27, 5, 3, 7, 36, 33, 34]
236 [36, 4, 21, 28, 24, 18, 32, 30, 31, 25, 43, 50, 22, 45, 34, 13, 7, 20, 44, 35, 23, 46, 47, 38, 41, 29, 16, 5, 11, 1, 14, 39, 19, 33, 48, 3, 49, 12, 42, 15, 6, 8, 17, 10, 2, 9, 27, 26, 37, 40]
591 [15, 3, 2, 31, 7, 50, 43, 22, 28, 41, 21, 20, 39, 24, 13, 35, 48, 12, 37, 11, 38, 33, 32, 45, 10, 49, 29, 1, 44, 16, 5, 27, 18, 34, 47, 46, 30, 8, 6, 36, 25, 26, 9, 19, 40, 23, 17, 42, 4, 14]
534 [9, 46, 8, 1, 31, 28, 20, 34, 43, 33, 39, 30, 23, 40, 21, 37, 48, 50, 29, 22, 24, 4, 19, 38, 3, 44, 26, 5, 10, 49, 45, 6, 32, 2, 42, 7, 36, 41, 47, 25, 35, 11, 27, 15, 14, 13, 12, 16, 17, 18]
267 [3, 27, 6, 20, 10, 34, 22, 42, 37, 39, 35, 41, 23, 36, 14, 17, 1, 21, 45, 8, 19, 29, 31, 46, 18, 9, 28, 44, 30, 12, 11, 32, 13, 33, 50, 15, 24, 49, 5, 40, 48, 47, 25, 7, 26, 38, 2, 4, 43, 16]
303 [24, 50, 40, 6, 7, 5, 8, 28, 44, 12, 21, 36, 48, 43, 19, 23, 27, 25, 37, 35, 10, 15, 34, 22, 46, 14, 39, 32, 49, 42, 1, 4, 13, 31, 20, 33, 2, 17, 38, 30, 11, 29, 45, 16, 26, 41, 47, 3, 9, 18]
183 [31, 46, 47, 3, 40, 11, 39, 9, 10, 27, 8, 22, 2, 14, 50, 43, 1, 23, 26, 19, 29, 18, 33, 17, 44, 28, 16, 34, 41, 45, 32, 13, 24, 38, 35, 6, 20, 42, 25, 15, 30, 7, 5, 4, 21, 49, 36, 12, 48, 37]
57 [47, 29, 16, 13, 34, 24, 36, 28, 4, 50, 48, 20, 35, 37, 32, 23, 15, 1, 38, 9, 12, 27, 49, 30, 2, 41, 31, 17, 46, 10, 25, 7, 40, 8, 5, 45, 22, 26, 11, 43, 44, 42, 18, 19, 14, 6, 33, 21, 39, 3]
210 [49, 44, 33, 34, 38, 13, 6, 27, 17, 12, 37, 40, 9, 5, 11, 19, 8, 24, 20, 18, 26, 14, 1, 22, 48, 2, 32, 15, 4, 36, 21, 47, 31, 43, 39, 25, 10, 46, 35, 29, 3, 50, 28, 41, 23, 7, 30, 45, 16, 42]
31 [1, 7, 17, 16, 9, 21, 14, 3, 13, 20, 6, 18, 12, 2, 8, 4, 11, 15, 5, 22, 19, 10]
127 [34, 33, 37, 36, 40, 39, 38, 30, 11, 10, 9, 13, 12, 16, 15, 14, 19, 43, 42, 41, 45, 44, 48, 47, 46, 27, 26, 25, 29, 28, 32, 31, 7, 8, 4, 3, 2, 1, 5, 6, 35, 22, 23, 24, 20, 21, 17, 18]
255 [38, 7, 35, 1, 9, 11, 47, 8, 27, 19, 22, 34, 18, 23, 10, 13, 26, 46, 2, 21, 29, 45, 32, 15, 17, 33, 25, 4, 42, 49, 16, 31, 28, 14, 20, 6, 3, 39, 30, 37, 24, 43, 40, 12, 5, 36, 44, 48, 41, 50]
