966 [46, 37, 42, 7, 10, 5, 40, 32, 35, 18, 4, 14, 34, 38, 33, 19, 20, 6, 49, 27, 11, 3, 17, 31, 39, 12, 16, 22, 50, 29, 47, 24, 8, 44, 48, 28, 15, 21, 23, 41, 26, 45, 25, 9, 13, 36, 43, 30, 2, 1]
14 [30, 1, 49, 24, 9, 29, 23, 21, 43, 25, 22, 45, 17, 16, 32, 34, 38, 18, 48, 41, 50, 19, 37, 3, 35, 13, 7, 4, 40, 6, 39, 12, 28, 2, 44, 33, 14, 10, 11, 31, 5, 15, 27, 20, 26, 42, 8, 47, 36, 46]
1484 [29, 40, 2, 12, 11, 49, 50, 43, 21, 24, 8, 14, 3, 23, 31, 42, 19, 36, 13, 34, 5, 25, 32, 22, 1, 4, 6, 38, 35, 7, 18, 10, 30, 27, 33, 44, 20, 48, 9, 37, 46, 45, 47, 15, 28, 16, 26, 17, 39, 41]
71 [2, 50, 13, 23, 48, 5, 15, 27, 42, 3, 4, 45, 38, 47, 11, 26, 46, 12, 24, 49, 19, 20, 40, 37, 14, 39, 8, 9, 6, 44, 17, 30, 43, 10, 22, 21, 29, 16, 1, 28, 33, 32, 7, 18, 35, 31, 41, 25, 34, 36]
224 [15, 4, 1, 37, 28, 45, 11, 7, 43, 41, 44, 22, 23, 14, 20, 35, 29, 3, 19, 13, 21, 24, 18, 48, 50, 49, 10, 42, 12, 26, 33, 38, 39, 47, 30, 16, 27, 36, 5, 9, 46, 40, 34, 17, 32, 25, 31, 2, 8, 6]
1 [30, 1, 2, 3, 4, 5, 6, 7, 8, 9, 10, 11, 12, 13, 14, 15, 16, 17, 18, 19, 20, 21, 22, 23, 24, 25, 26, 27, 28, 29]
1 [5, 4, 8, 7, 6, 50, 2, 3, 9, 10, 15, 14, 18, 17, 16, 11, 12, 13, 19, 20, 25, 24, 28, 27, 26, 21, 22, 23, 29, 30, 35, 34, 38, 37, 36, 31, 32, 33, 39, 40, 45, 44, 48, 47, 46, 41, 42, 43, 49, 1]
198 [28, 5, 13, 23, 50, 29, 15, 32, 2, 41, 7, 49, 35, 26, 6, 19, 48, 4, 40, 43, 8, 37, 22, 42, 20, 39, 12, 9, 46, 36, 18, 10, 3, 44, 16, 30, 47, 38, 17, 21, 25, 33, 14, 1, 31, 24, 34, 45, 27, 11]
10 [4, 3, 1, 6, 5, 2]
33 [41, 21, 6, 38, 27, 9, 10, 5, 50, 18, 36, 34, 14, 12, 8, 23, 45, 25, 49, 35, 3, 17, 31, 24, 11, 1, 44, 29, 30, 32, 22, 2, 39, 42, 47, 19, 48, 33, 13, 43, 15, 26, 28, 46, 20, 7, 37, 4, 16, 40]
186 [19, 14, 8, 23, 49, 36, 20, 10, 12, 37, 7, 25, 50, 38, 3, 1, 29, 46, 17, 15, 27, 18, 24, 30, 9, 45, 32, 13, 41, 33, 26, 4, 16, 35, 40, 31, 2, 39, 21, 47, 48, 6, 22, 42, 43, 44, 34, 11, 5, 28]
254 [10, 1, 17, 26, 18, 16, 2, 3, 24, 21, 14, 20, 19, 6, 29, 31, 23, 27, 22, 7, 25, 13, 11, 15, 30, 12, 32, 4, 5, 9, 8, 28]
0 [31, 42, 40, 45, 15, 34, 50, 25, 13, 37, 48, 44, 30, 39, 49, 47, 14, 9, 36, 16, 29, 46, 18, 6, 38, 1, 19, 27, 41, 11, 4, 35, 12, 8, 26, 32, 5, 17, 43, 22, 20, 21, 2, 7, 24, 33, 3, 23, 10, 28]
103 [6, 8, 7, 4, 5, 1, 2, 3]
1070 [37, 23, 45, 17, 30, 34, 42, 46, 16, 40, 20, 43, 29, 12, 9, 19, 13, 5, 49, 18, 7, 15, 6, 3, 10, 14, 21, 24, 22, 28, 38, 50, 8, 47, 2, 33, 27, 35, 25, 31, 44, 4, 36, 48, 32, 39, 1, 41, 11, 26]
164 [46, 8, 43, 31, 18, 9, 48, 25, 42, 13, 41, 15, 20, 30, 6, 1, 39, 10, 33, 14, 16, 29, 2, 35, 45, 21, 49, 27, 12, 11, 50, 38, 28, 19, 22, 23, 34, 47, 36, 24, 32, 7, 5, 44, 3, 17, 40, 26, 4, 37]
203 [36, 46, 37, 48, 2, 26, 14, 29, 50, 25, 39, 20, 4, 23, 34, 16, 32, 13, 8, 1, 18, 6, 33, 11, 3, 17, 38, 7, 10, 43, 24, 27, 40, 21, 31, 22, 47, 19, 42, 41, 49, 9, 45, 30, 44, 5, 28, 12, 35, 15]
187 [6, 39, 8, 40, 10, 18, 36, 15, 23, 1, 25, 3, 24, 17, 7, 13, 21, 50, 9, 45, 37, 31, 20, 42, 19, 26, 28, 47, 49, 12, 48, 2, 46, 27, 38, 35, 16, 22, 11, 14, 30, 4, 32, 41, 34, 44, 33, 43, 29, 5]
28 [1, 2, 3, 16, 15, 6, 7, 8, 9, 11, 10, 5, 4, 12, 13, 14]
250 [1, 6, 5, 8, 3, 4, 7, 2, 10, 9]
19 [7, 8, 2, 1, 6, 5, 4, 3]
83 [8, 6, 4, 3, 7, 2, 1, 5, 10, 9]
245 [18, 36, 33, 11, 31, 38, 6, 7, 1, 23, 41, 20, 16, 27, 12, 42, 32, 40, 15, 47, 37, 35, 43, 29, 22, 34, 30, 13, 44, 17, 48, 4, 9, 21, 8, 14, 5, 19, 2, 45, 24, 46, 28, 10, 25, 3, 39, 26]
152 [36, 4, 22, 46, 12, 23, 29, 47, 27, 30, 25, 7, 41, 5, 42, 28, 19, 48, 31, 17, 50, 6, 38, 14, 10, 9, 40, 2, 37, 1, 26, 43, 49, 24, 3, 13, 11, 33, 21, 20, 8, 16, 45, 18, 34, 39, 15, 35, 32, 44]
98 [50, 48, 45, 44, 47, 49, 46, 43, 42, 41, 38, 40, 37, 39, 36, 35, 33, 30, 27, 29, 32, 34, 31, 28, 26, 25, 22, 21, 24, 23, 20, 18, 15, 16, 19, 17, 14, 13, 11, 12, 10, 9, 8, 6, 5, 3, 2, 1, 4, 7]
783 [22, 32, 3, 28, 27, 34, 5, 10, 23, 37, 14, 18, 31, 38, 29, 47, 8, 17, 35, 2, 4, 39, 30, 15, 6, 26, 21, 16, 25, 50, 49, 41, 43, 44, 9, 42, 40, 48, 45, 11, 13, 19, 7, 12, 20, 1, 46, 24, 33, 36]
212 [15, 33, 25, 32, 6, 47, 19, 10, 9, 40, 31, 35, 27, 18, 44, 42, 49, 23, 16, 45, 28, 14, 48, 3, 17, 24, 26, 8, 37, 29, 4, 34, 36, 21, 11, 13, 46, 7, 41, 5, 12, 22, 43, 39, 2, 38, 1, 30, 20, 50]
241 [18, 11, 14, 22, 45, 7, 32, 42, 8, 38, 41, 19, 20, 6, 48, 23, 16, 36, 13, 47, 50, 26, 30, 35, 12, 28, 39, 24, 43, 27, 21, 5, 34, 3, 31, 9, 4, 37, 44, 29, 17, 49, 40, 25, 15, 10, 46, 33, 2, 1]
504 [5, 10, 2, 22, 19, 13, 7, 3, 8, 17, 18, 20, 9, 1, 21, 15, 12, 4, 11, 6, 14, 16]
932 [22, 25, 28, 23, 29, 26, 24, 27, 21, 1, 6, 4, 5, 7, 3, 2, 9, 8, 10, 30, 11, 13, 15, 16, 17, 12, 19, 14, 18, 20, 45, 44, 42, 47, 41, 50, 43, 48, 49, 46, 32, 36, 39, 31, 38, 40, 33, 37, 34, 35]
31 [4, 5, 1, 6, 2, 3]
14 [18, 17, 20, 21, 24, 23, 22, 11, 10, 9, 12, 13, 16, 15, 14, 19, 6, 7, 8, 5, 3, 2, 1, 4]
280 [10, 6, 8, 9, 2, 4, 18, 41, 45, 43, 48, 22, 13, 33, 23, 29, 46, 44, 49, 50, 30, 36, 19, 39, 38, 40, 17, 26, 25, 32, 31, 42, 27, 37, 47, 34, 35, 21, 24, 16, 28, 14, 5, 11, 3, 7, 12, 20, 1, 15]
472 [16, 12, 23, 13, 8, 22, 2, 9, 21, 18, 10, 24, 17, 15, 14, 3, 5, 1, 25, 26, 50, 42, 37, 36, 44, 38, 35, 32, 43, 7, 6, 11, 40, 33, 49, 34, 27, 39, 47, 30, 31, 28, 41, 46, 48, 29, 45, 20, 19, 4]
206 [15, 22, 14, 31, 38, 21, 13, 47, 18, 16, 11, 32, 10, 29, 1, 5, 3, 30, 2, 25, 35, 44, 7, 17, 40, 37, 8, 46, 6, 43, 36, 41, 23, 45, 50, 9, 42, 26, 19, 48, 33, 20, 28, 12, 49, 4, 34, 27, 39, 24]
280 [14, 23, 47, 30, 44, 2, 28, 24, 48, 19, 27, 31, 7, 18, 43, 8, 3, 32, 15, 10, 39, 20, 16, 49, 46, 4, 38, 37, 42, 45, 13, 17, 41, 12, 25, 1, 6, 36, 22, 26, 35, 34, 9, 33, 40, 11, 50, 5, 29, 21]
121 [10, 17, 11, 1, 9, 8, 5, 18, 14, 15, 13, 19, 20, 12, 3, 4, 2, 16, 7, 6]
212 [42, 3, 45, 17, 22, 47, 26, 5, 29, 28, 48, 21, 39, 25, 10, 30, 36, 46, 19, 27, 43, 11, 20, 9, 4, 12, 16, 15, 14, 32, 18, 35, 34, 13, 41, 38, 40, 23, 44, 31, 37, 6, 2, 1, 24, 33, 8, 7]
189 [11, 27, 7, 38, 43, 10, 41, 5, 6, 44, 48, 34, 47, 30, 20, 46, 14, 3, 33, 12, 40, 24, 26, 18, 49, 13, 23, 17, 4, 45, 42, 50, 31, 9, 29, 37, 8, 35, 28, 21, 19, 22, 15, 36, 2, 32, 16, 1, 39, 25]
257 [20, 22, 43, 40, 26, 9, 8, 12, 41, 13, 37, 32, 30, 44, 2, 19, 33, 16, 27, 7, 24, 35, 21, 47, 48, 5, 31, 4, 50, 25, 45, 28, 39, 14, 42, 49, 15, 34, 11, 29, 36, 18, 17, 3, 6, 46, 10, 23, 38, 1]
991 [45, 18, 29, 43, 44, 7, 32, 37, 47, 22, 9, 17, 48, 39, 33, 36, 40, 4, 19, 15, 50, 27, 14, 25, 6, 12, 20, 41, 31, 8, 1, 21, 46, 34, 23, 30, 2, 38, 24, 10, 13, 3, 28, 5, 49, 35, 16, 11, 26, 42]
5 [13, 1, 4, 32, 38, 6, 40, 9, 37, 23, 21, 18, 25, 34, 30, 33, 12, 26, 8, 27, 15, 2, 16, 5, 19, 17, 11, 14, 20, 22, 29, 3, 28, 39, 24, 10, 35, 31, 36, 7]
204 [29, 10, 5, 3, 40, 4, 6, 49, 35, 7, 33, 12, 9, 25, 30, 45, 15, 41, 20, 46, 47, 18, 22, 8, 48, 13, 24, 19, 38, 11, 16, 26, 34, 37, 36, 31, 1, 50, 21, 42, 44, 23, 27, 39, 28, 17, 2, 32, 43, 14]
1957 [38, 23, 22, 40, 47, 4, 19, 6, 31, 36, 1, 50, 3, 20, 8, 11, 30, 33, 43, 17, 48, 13, 35, 34, 29, 37, 24, 32, 15, 16, 14, 44, 5, 49, 42, 26, 21, 2, 39, 18, 12, 28, 27, 46, 7, 9, 41, 25, 10, 45]
178 [29, 12, 7, 31, 22, 35, 8, 1, 9, 15, 44, 26, 30, 27, 3, 34, 39, 33, 47, 24, 13, 21, 40, 43, 37, 38, 4, 16, 10, 20, 18, 45, 50, 14, 6, 17, 19, 11, 2, 36, 25, 42, 5, 28, 46, 48, 23, 49, 41, 32]
951 [37, 3, 19, 16, 32, 30, 29, 49, 43, 34, 36, 4, 5, 41, 20, 38, 28, 23, 13, 11, 26, 8, 18, 39, 25, 35, 10, 46, 15, 45, 17, 24, 12, 9, 33, 47, 6, 44, 14, 27, 21, 7, 2, 48, 50, 31, 1, 22, 40, 42]
628 [34, 33, 13, 19, 21, 18, 9, 20, 35, 47, 4, 3, 31, 36, 41, 28, 24, 30, 8, 38, 50, 48, 6, 12, 23, 43, 17, 2, 40, 25, 44, 45, 37, 10, 7, 42, 32, 46, 5, 16, 39, 11, 1, 29, 27, 49, 26, 15, 22, 14]
29 [1, 8, 7, 6, 2, 3, 4, 5, 29, 28, 27, 26, 30, 31, 32, 25, 13, 12, 11, 10, 14, 15, 16, 9, 21, 37, 36, 35, 34, 38, 39, 40, 33, 41, 48, 47, 46, 42, 43, 44, 45, 17, 24, 23, 22, 18, 19, 20]
4702 [5, 23, 31, 47, 48, 9, 30, 42, 19, 26, 33, 35, 21, 15, 32, 25, 37, 43, 7, 39, 40, 18, 8, 24, 45, 2, 34, 49, 17, 11, 4, 36, 1, 44, 29, 22, 27, 14, 12, 13, 38, 41, 16, 50, 3, 20, 28, 46, 10, 6]
213 [25, 8, 35, 39, 29, 9, 1, 45, 32, 20, 12, 16, 38, 14, 10, 27, 49, 28, 19, 34, 46, 3, 41, 44, 18, 40, 21, 23, 31, 24, 15, 4, 48, 2, 36, 43, 22, 6, 33, 13, 5, 50, 7, 26, 47, 37, 17, 42, 11, 30]
1451 [44, 38, 31, 21, 48, 47, 34, 32, 43, 36, 9, 27, 8, 16, 50, 6, 24, 20, 39, 23, 7, 28, 2, 13, 15, 4, 40, 37, 45, 33, 42, 17, 29, 49, 10, 1, 3, 30, 25, 46, 22, 11, 26, 5, 19, 12, 14, 41, 18, 35]
221 [20, 2, 6, 49, 48, 43, 44, 37, 22, 23, 7, 13, 3, 19, 35, 9, 36, 25, 32, 4, 40, 47, 33, 27, 12, 16, 45, 15, 11, 26, 31, 41, 29, 34, 39, 46, 28, 14, 17, 24, 18, 42, 21, 50, 38, 10, 8, 5, 1, 30]
217 [6, 42, 11, 48, 27, 40, 13, 36, 2, 46, 16, 17, 39, 12, 32, 18, 23, 26, 22, 15, 43, 35, 3, 29, 47, 9, 25, 30, 20, 10, 14, 5, 50, 7, 41, 38, 21, 37, 1, 31, 49, 4, 19, 45, 8, 28, 24, 33, 34, 44]
130 [16, 20, 15, 4, 6, 5, 13, 18, 19, 10, 7, 3, 17, 12, 14, 9, 11, 8, 1, 2]
15 [45, 46, 47, 3, 2, 1, 50, 49, 48, 12, 13, 14, 41, 40, 39, 11, 10, 44, 43, 42, 24, 25, 26, 27, 28, 18, 19, 20, 37, 38, 4, 5, 6, 31, 30, 29, 23, 22, 21, 35, 36, 7, 8, 9, 34, 33, 32, 17, 16, 15]
93 [21, 20, 8, 32, 37, 36, 15, 49, 10, 4, 3, 31, 30, 29, 25, 24, 23, 38, 45, 46, 13, 9, 39, 40, 5, 6, 22, 28, 27, 26, 14, 41, 47, 48, 2, 1, 42, 43, 18, 17, 16, 34, 35, 7, 33, 44, 50, 19, 12, 11]
0 [43, 2, 5, 10, 36, 27, 12, 33, 6, 17, 28, 26, 49, 8, 44, 47, 23, 45, 38, 14, 39, 34, 13, 30, 7, 11, 1, 40, 48, 31, 15, 46, 24, 22, 21, 35, 42, 3, 9, 29, 20, 50, 32, 4, 16, 37, 25, 19, 18, 41]
253 [37, 34, 1, 19, 24, 48, 30, 21, 23, 44, 40, 17, 42, 36, 5, 25, 31, 43, 28, 29, 32, 4, 2, 20, 38, 33, 47, 49, 35, 27, 6, 11, 41, 12, 9, 16, 45, 26, 8, 3, 14, 7, 10, 50, 22, 15, 39, 46, 13, 18]
458 [7, 22, 46, 47, 26, 2, 25, 16, 40, 49, 30, 6, 11, 10, 34, 29, 44, 20, 24, 48, 50, 5, 21, 14, 38, 31, 36, 12, 9, 1, 27, 37, 41, 19, 13, 17, 33, 39, 28, 4, 15, 8, 32, 42, 18, 23, 3, 43, 35, 45]
225 [21, 44, 30, 17, 16, 32, 26, 46, 4, 2, 47, 45, 29, 36, 7, 11, 24, 43, 14, 42, 10, 15, 48, 31, 49, 13, 50, 3, 22, 37, 5, 38, 41, 35, 25, 34, 33, 40, 39, 6, 28, 19, 1, 18, 20, 27, 9, 23, 8, 12]
1411 [4, 44, 1, 34, 20, 11, 35, 15, 26, 25, 50, 23, 32, 7, 17, 48, 41, 12, 38, 42, 2, 39, 21, 22, 18, 28, 6, 29, 13, 10, 24, 47, 9, 45, 19, 3, 37, 46, 49, 36, 16, 27, 14, 43, 5, 30, 33, 40, 31, 8]
3450 [30, 5, 29, 23, 21, 46, 15, 48, 18, 45, 33, 22, 41, 4, 27, 47, 8, 35, 11, 36, 32, 6, 44, 16, 9, 34, 24, 12, 28, 39, 42, 17, 31, 37, 20, 38, 13, 14, 7, 43, 40, 1, 26, 19, 10, 50, 25, 49, 2, 3]
730 [38, 32, 31, 33, 36, 34, 40, 37, 39, 35, 48, 46, 42, 47, 45, 49, 50, 41, 43, 44, 17, 14, 20, 18, 11, 15, 19, 16, 12, 13, 30, 8, 10, 3, 7, 6, 5, 9, 1, 2, 4, 21, 29, 22, 23, 27, 28, 24, 26, 25]
779 [50, 37, 31, 2, 24, 35, 20, 29, 47, 39, 27, 3, 48, 32, 1, 4, 12, 40, 25, 22, 9, 6, 44, 14, 30, 33, 10, 26, 49, 41, 23, 21, 38, 34, 19, 42, 8, 15, 17, 13, 36, 5, 16, 7, 46, 43, 11, 28, 45, 18]
1342 [35, 17, 16, 14, 34, 4, 44, 21, 10, 47, 37, 27, 11, 42, 33, 12, 22, 19, 6, 32, 25, 20, 5, 2, 39, 13, 46, 49, 40, 43, 31, 38, 9, 18, 3, 41, 28, 26, 48, 8, 45, 7, 23, 24, 1, 29, 15, 36, 30, 50]
328 [15, 6, 13, 1, 11, 14, 8, 10, 5, 12, 2, 4, 3, 16, 7, 9]
233 [39, 11, 28, 19, 34, 3, 14, 45, 40, 30, 20, 6, 36, 38, 47, 13, 1, 5, 31, 2, 17, 10, 42, 18, 24, 4, 44, 50, 26, 48, 15, 27, 23, 33, 41, 29, 32, 12, 9, 22, 7, 43, 37, 46, 35, 8, 49, 16, 21, 25]
1379 [4, 41, 22, 25, 31, 50, 7, 3, 48, 36, 8, 40, 15, 17, 19, 21, 43, 18, 9, 16, 6, 11, 30, 38, 37, 26, 24, 13, 29, 32, 49, 20, 33, 42, 1, 12, 45, 44, 28, 14, 46, 27, 39, 34, 2, 23, 5, 47, 35, 10]
236 [41, 37, 2, 18, 28, 6, 9, 30, 23, 48, 38, 45, 42, 46, 39, 44, 40, 5, 11, 26, 7, 10, 19, 8, 29, 4, 16, 49, 22, 13, 33, 34, 17, 15, 47, 36, 12, 3, 50, 43, 35, 21, 24, 25, 32, 31, 1, 27, 14, 20]
823 [20, 12, 13, 28, 21, 40, 14, 18, 16, 34, 30, 39, 3, 27, 38, 37, 15, 17, 1, 33, 31, 29, 8, 11, 10, 23, 24, 4, 26, 36, 32, 5, 9, 2, 35, 22, 25, 7, 6, 19]
166 [48, 15, 24, 11, 44, 3, 2, 36, 17, 6, 39, 9, 5, 16, 13, 20, 19, 33, 40, 45, 4, 30, 50, 46, 41, 31, 34, 10, 22, 37, 35, 18, 38, 28, 8, 25, 49, 42, 23, 47, 21, 32, 43, 29, 12, 1, 7, 14, 26, 27]
268 [19, 10, 17, 46, 42, 37, 11, 24, 43, 21, 50, 39, 23, 31, 12, 47, 40, 7, 18, 28, 4, 6, 34, 49, 33, 5, 29, 44, 1, 27, 36, 26, 15, 20, 13, 38, 8, 30, 3, 9, 25, 32, 35, 41, 2, 45, 22, 48, 16, 14]
612 [34, 18, 33, 19, 32, 20, 21, 31, 30, 29, 22, 23, 24, 25, 26, 27, 28, 46, 5, 47, 4, 48, 3, 49, 2, 1, 50, 35, 17, 16, 36, 15, 37, 14, 38, 13, 39, 12, 11, 40, 45, 6, 7, 44, 8, 43, 9, 42, 10, 41]
192 [10, 27, 29, 1, 28, 45, 20, 32, 9, 15, 43, 8, 22, 39, 7, 47, 40, 33, 24, 17, 42, 4, 31, 37, 14, 34, 6, 12, 48, 3, 21, 16, 13, 46, 49, 5, 23, 44, 35, 19, 30, 38, 26, 36, 50, 18, 41, 25, 11, 2]
83 [14, 30, 45, 47, 15, 22, 38, 11, 2, 13, 46, 12, 40, 9, 3, 29, 42, 44, 18, 48, 32, 5, 27, 41, 8, 49, 23, 7, 16, 34, 24, 17, 4, 50, 10, 20, 31, 37, 26, 6, 28, 1, 21, 43, 25, 35, 33, 19, 36, 39]
69 [11, 10, 5, 8, 4, 3, 12, 1, 7, 9, 2, 6]
222 [31, 43, 14, 25, 21, 42, 41, 12, 35, 6, 2, 47, 18, 29, 32, 37, 16, 28, 10, 19, 26, 17, 3, 8, 45, 49, 48, 36, 9, 33, 39, 13, 38, 11, 5, 24, 46, 4, 20, 23, 15, 7, 27, 30, 1, 50, 34, 22, 40, 44]
1349 [3, 27, 20, 1, 35, 19, 25, 34, 36, 47, 17, 44, 33, 23, 28, 49, 13, 32, 30, 42, 12, 38, 21, 11, 29, 24, 2, 4, 9, 10, 43, 6, 48, 45, 14, 16, 8, 41, 46, 39, 22, 18, 15, 5, 50, 37, 31, 7, 26, 40]
181 [34, 3, 10, 44, 19, 31, 41, 16, 4, 24, 20, 33, 6, 40, 38, 26, 5, 17, 49, 13, 8, 30, 36, 23, 1, 22, 11, 21, 45, 27, 7, 28, 14, 29, 12, 9, 42, 48, 15, 35, 46, 25, 2, 37, 32, 39, 18, 47, 43, 50]
124 [5, 18, 24, 20, 17, 7, 2, 12, 9, 21, 19, 1, 10, 6, 23, 3, 4, 11, 15, 13, 8, 16, 14, 22]