40
0 48 22 96 16 79 12 17 31 42 53 12 18 57 100 2 72 53 81 40 89 26 15 5 43 42 53 9 48 51 18 56 71 34 59 3 34 60 40 0
48 0 14 40 24 49 54 6 67 19 24 29 41 10 5 30 12 28 4 70 9 59 18 80 33 70 31 4 37 52 9 41 61 44 84 3 94 29 51 1
22 14 0 69 57 39 61 43 4 74 46 86 52 9 33 47 20 47 4 33 32 32 56 44 9 31 92 28 70 52 18 89 81 14 24 75 51 23 28 40
96 40 69 0 61 47 92 35 87 87 36 40 17 21 87 44 3 28 20 36 60 43 95 96 33 37 17 87 94 68 6 16 73 46 58 94 76 34 89 72
16 24 57 61 0 27 98 85 97 75 83 11 82 20 71 78 50 77 48 27 77 26 70 5 40 96 35 75 2 31 47 65 95 51 60 56 62 12 78 66
79 49 39 47 27 0 0 90 73 9 96 30 49 42 88 41 92 71 33 91 14 96 53 54 60 32 41 0 53 53 1 97 75 84 85 69 83 10 68 3
12 54 61 92 98 0 0 7 64 15 65 90 61 57 35 50 62 15 96 74 63 92 63 64 85 11 14 58 35 59 42 37 52 20 90 77 34 36 9 12
17 6 43 35 85 90 7 0 0 43 68 14 83 19 70 60 46 44 79 11 58 79 83 29 96 22 37 51 11 18 87 96 54 96 41 75 46 34 16 41
31 67 4 87 97 73 64 0 0 16 20 13 24 63 33 17 23 99 92 20 81 94 3 92 49 65 50 92 60 80 0 50 23 29 68 54 3 7 48 82
42 19 74 87 75 9 15 43 16 0 2 59 7 37 36 9 86 36 79 80 92 57 72 93 32 83 28 23 44 2 5 89 94 83 74 93 84 74 37 55
53 24 46 36 83 96 65 68 20 2 0 7 32 55 92 61 10 85 4 2 44 31 66 93 77 16 83 12 74 9 50 99 24 18 77 95 79 50 5 92
12 29 86 40 11 30 90 14 13 59 7 0 12 46 41 38 27 18 17 66 30 98 87 87 22 90 38 92 0 29 92 85 35 9 62 36 55 74 20 76
18 41 52 17 82 49 61 83 24 7 32 12 0 4 54 76 44 18 55 46 61 61 91 54 100 53 95 27 72 39 33 68 14 86 7 68 83 95 35 57
57 10 9 21 20 42 57 19 63 37 55 46 4 0 42 12 77 48 85 14 57 22 15 54 84 33 67 5 79 96 57 0 92 12 23 71 32 45 18 54
100 5 33 87 71 88 35 70 33 36 92 41 54 42 0 47 100 15 18 44 42 81 42 63 40 40 55 36 17 80 46 51 87 46 49 96 5 96 57 53
2 30 47 44 78 41 50 60 17 9 61 38 76 12 47 0 45 12 63 80 4 38 29 9 84 1 5 75 73 2 32 39 4 42 13 77 52 9 73 47
72 12 20 3 50 92 62 46 23 86 10 27 44 77 100 45 0 57 23 13 14 88 50 32 67 65 83 1 75 12 11 34 23 5 56 17 67 48 62 98
53 28 47 28 77 71 15 44 99 36 85 18 18 48 15 12 57 0 24 70 58 62 29 74 2 70 49 3 51 47 26 55 2 13 81 41 71 87 65 6
81 4 4 20 48 33 96 79 92 79 4 17 55 85 18 63 23 24 0 26 76 19 46 94 85 31 26 43 1 1 98 36 95 21 26 100 65 70 45 6
40 70 33 36 27 91 74 11 20 80 2 66 46 14 44 80 13 70 26 0 0 82 63 11 1 4 91 81 25 79 62 9 91 20 16 48 45 0 39 20
89 9 32 60 77 14 63 58 81 92 44 30 61 57 42 4 14 58 76 0 0 55 60 87 83 33 55 74 96 67 71 96 74 34 43 66 21 23 13 81
26 59 32 43 26 96 92 79 94 57 31 98 61 22 81 38 88 62 19 82 55 0 29 6 41 83 3 21 4 16 41 5 77 95 76 94 20 69 66 30
15 18 56 95 70 53 63 83 3 72 66 87 91 15 42 29 50 29 46 63 60 29 0 62 93 83 35 30 49 84 34 77 70 7 50 62 37 6 99 93
5 80 44 96 5 54 64 29 92 93 93 87 54 54 63 9 32 74 94 11 87 6 62 0 25 97 68 72 55 99 36 64 55 56 46 95 13 68 99 5
43 33 9 33 40 60 85 96 49 32 77 22 100 84 40 84 67 2 85 1 83 41 93 25 0 37 80 14 73 97 82 94 24 33 1 31 44 62 59 29
42 70 31 37 96 32 11 22 65 83 16 90 53 33 40 1 65 70 31 4 33 83 83 97 37 0 6 76 73 19 37 24 39 48 66 65 51 100 79 96
53 31 92 17 35 41 14 37 50 28 83 38 95 67 55 5 83 49 26 91 55 3 35 68 80 6 0 29 72 62 47 97 50 4 24 72 41 80 6 38
9 4 28 87 75 0 58 51 92 23 12 92 27 5 36 75 1 3 43 81 74 21 30 72 14 76 29 0 1 81 60 10 26 72 95 13 75 31 31 77
48 37 70 94 2 53 35 11 60 44 74 0 72 79 17 73 75 51 1 25 96 4 49 55 73 73 72 1 0 22 26 83 50 98 95 4 37 5 55 26
51 52 52 68 31 53 59 18 80 2 9 29 39 96 80 2 12 47 1 79 67 16 84 99 97 19 62 81 22 0 35 35 39 43 79 71 88 68 32 58
18 9 18 6 47 1 42 87 0 5 50 92 33 57 46 32 11 26 98 62 71 41 34 36 82 37 47 60 26 35 0 15 84 65 53 39 78 88 49 10
56 41 89 16 65 97 37 96 50 89 99 85 68 0 51 39 34 55 36 9 96 5 77 64 94 24 97 10 83 35 15 0 0 9 67 7 36 27 29 43
71 61 81 73 95 75 52 54 23 94 24 35 14 92 87 4 23 2 95 91 74 77 70 55 24 39 50 26 50 39 84 0 0 15 90 72 60 86 61 21
34 44 14 46 51 84 20 96 29 83 18 9 86 12 46 42 5 13 21 20 34 95 7 56 33 48 4 72 98 43 65 9 15 0 60 93 31 44 18 30
59 84 24 58 60 85 90 41 68 74 77 62 7 23 49 13 56 81 26 16 43 76 50 46 1 66 24 95 95 79 53 67 90 60 0 12 99 63 77 58
3 3 75 94 56 69 77 75 54 93 95 36 68 71 96 77 17 41 100 48 66 94 62 95 31 65 72 13 4 71 39 7 72 93 12 0 69 71 12 70
34 94 51 76 62 83 34 46 3 84 79 55 83 32 5 52 67 71 65 45 21 20 37 13 44 51 41 75 37 88 78 36 60 31 99 69 0 2 88 43
60 29 23 34 12 10 36 34 7 74 50 74 95 45 96 9 48 87 70 0 23 69 6 68 62 100 80 31 5 68 88 27 86 44 63 71 2 0 1 49
40 51 28 89 78 68 9 16 48 37 5 20 35 18 57 73 62 65 45 39 13 66 99 99 59 79 6 31 55 32 49 29 61 18 77 12 88 1 0 5
0 1 40 72 66 3 12 41 82 55 92 76 57 54 53 47 98 6 6 20 81 30 93 5 29 96 38 77 26 58 10 43 21 30 58 70 43 49 5 0
BBRBBRRRBRRBRBBBRBRRBRBBBRRBRRBBRBBRRBRR