48
0 45 45 45 45 45 45 45 45 45 45 45 96 96 82 98 95 93 92 89 76 80 95 95 1 93 84 82 80 92 1 98 96 75 81 86 98 86 85 88 83 88 100 94 88 94 87 92
45 0 45 45 45 45 45 45 45 45 45 45 94 94 93 86 84 87 90 90 92 96 91 99 89 1 94 99 84 89 86 1 76 87 83 96 94 93 95 100 89 80 84 88 100 100 75 89
45 45 0 0 0 0 0 0 89 0 0 0 93 99 93 86 71 89 75 86 97 84 85 100 84 84 1 83 83 85 89 91 1 93 88 92 87 91 81 78 93 83 87 81 88 88 92 88
45 45 0 0 0 0 0 0 0 100 0 0 93 96 79 98 79 89 82 91 78 88 91 95 100 83 83 1 91 90 88 78 88 1 79 89 91 92 90 88 98 91 74 100 94 71 80 88
45 45 0 0 0 0 0 0 0 0 98 0 93 95 84 90 99 96 81 98 93 94 96 70 90 77 100 90 1 91 88 89 90 90 1 99 88 100 100 87 77 94 75 82 93 78 83 82
45 45 0 0 0 0 0 0 0 0 0 99 92 100 89 86 95 90 92 89 86 89 98 89 88 80 84 93 84 1 90 90 99 93 91 1 85 83 100 92 93 97 79 100 87 78 90 83
45 45 0 0 0 0 0 0 0 0 0 0 84 78 93 85 84 90 95 93 89 95 87 96 73 97 88 85 85 99 79 82 86 85 100 83 1 96 90 91 91 100 1 100 88 84 92 91
45 45 0 0 0 0 0 0 0 0 0 0 85 94 100 84 90 90 95 83 89 84 84 78 96 98 92 77 90 87 92 88 94 83 90 91 92 1 82 100 93 78 78 1 91 93 80 83
45 45 89 0 0 0 0 0 0 0 0 0 90 85 93 92 83 83 98 93 88 93 96 91 73 77 86 95 86 88 90 83 83 96 90 82 90 98 1 91 85 85 75 90 1 90 87 88
45 45 0 100 0 0 0 0 0 0 0 0 87 90 79 71 87 93 79 87 86 97 87 89 78 97 87 100 84 91 92 86 94 98 86 94 83 93 85 1 77 93 89 97 91 1 80 75
45 45 0 0 98 0 0 0 0 0 0 0 89 94 73 85 79 93 87 92 86 96 97 100 77 84 100 84 95 100 92 92 86 97 100 96 81 81 71 96 1 85 83 96 77 88 1 86
45 45 0 0 0 99 0 0 0 0 0 0 76 84 90 89 72 81 91 99 96 85 86 95 91 95 79 93 85 86 97 100 76 73 76 98 81 89 83 94 72 1 87 92 88 94 85 1
96 94 93 93 93 92 84 85 90 87 89 76 0 87 82 86 98 97 96 1 92 87 94 87 95 95 88 85 75 91 0 74 100 97 77 91 89 98 95 74 93 96 1 77 84 98 89 100
96 94 99 96 95 100 78 94 85 90 94 84 87 0 74 79 85 90 87 99 1 92 98 100 90 87 74 77 97 97 97 0 87 90 85 94 96 90 100 88 86 93 82 1 97 77 100 76
82 93 93 79 84 89 93 100 93 79 73 90 82 74 0 85 82 82 86 94 85 1 93 100 90 88 96 100 100 85 83 90 0 82 90 99 89 94 93 94 80 92 90 81 1 91 91 80
98 86 86 98 90 86 85 84 92 71 85 89 86 79 85 0 99 77 86 89 83 77 1 86 94 81 87 100 91 88 92 85 89 0 74 83 90 75 100 85 89 96 90 89 85 1 97 73
95 84 71 79 99 95 84 90 83 87 79 72 98 85 82 99 0 84 50 84 94 75 89 41 79 78 97 100 86 98 93 75 93 93 0 87 75 74 87 86 94 97 100 90 85 98 1 77
93 87 89 89 96 90 90 90 83 93 93 81 97 90 82 77 84 0 48 44 95 92 93 100 91 82 93 90 83 85 87 91 83 87 86 0 80 87 91 82 90 95 83 89 93 80 77 1
92 90 75 82 81 92 95 95 98 79 87 91 96 87 86 86 50 48 0 85 97 83 80 99 1 81 99 91 88 100 86 91 95 78 84 88 0 77 89 93 86 77 80 81 86 89 85 85
89 90 86 91 98 89 93 83 93 87 92 99 1 99 94 89 84 44 85 0 78 87 93 83 95 1 89 89 86 97 73 83 85 89 93 75 89 0 100 91 79 80 96 83 78 100 100 77
76 92 97 78 93 86 89 89 88 86 86 96 92 1 85 83 94 95 97 78 0 81 96 81 83 81 1 89 90 90 99 85 89 79 88 72 94 78 0 80 96 89 100 85 98 86 87 84
80 96 84 88 94 89 95 84 93 97 96 85 87 92 1 77 75 92 83 87 81 0 86 96 74 75 85 1 74 89 82 94 79 93 96 92 88 87 89 0 100 99 91 90 100 87 86 91
95 91 85 91 96 98 87 84 96 87 97 86 94 98 93 1 89 93 80 93 96 86 0 99 88 97 97 95 1 78 88 91 97 87 93 74 91 80 96 96 0 93 100 86 87 88 89 83
95 99 100 95 70 89 96 78 91 89 100 95 87 100 100 86 41 100 99 83 81 96 99 0 91 87 88 86 85 1 72 97 80 96 90 86 90 92 98 97 80 0 80 98 93 91 95 90
1 89 84 100 90 88 73 96 73 78 77 91 95 90 90 94 79 91 1 95 83 74 88 91 0 92 92 87 85 94 90 91 89 73 76 92 88 100 99 99 90 89 74 80 83 87 93 98
93 1 84 83 77 80 97 98 77 97 84 95 95 87 88 81 78 82 81 1 81 75 97 87 92 0 90 86 78 81 94 85 86 83 82 95 90 84 100 88 85 92 92 85 87 78 96 90
84 94 1 83 100 84 88 92 86 87 100 79 88 74 96 87 97 93 99 89 1 85 97 88 92 90 0 96 80 79 90 84 84 85 77 91 95 88 80 82 74 76 93 100 100 87 77 73
82 99 83 1 90 93 85 77 95 100 84 93 85 77 100 100 100 90 91 89 89 1 95 86 87 86 96 0 86 79 95 99 100 91 99 90 84 90 95 84 85 87 89 86 90 99 100 85
80 84 83 91 1 84 85 90 86 84 95 85 75 97 100 91 86 83 88 86 90 74 1 85 85 78 80 86 0 93 100 99 75 98 93 100 85 89 73 85 100 74 91 90 90 71 78 75
92 89 85 90 91 1 99 87 88 91 100 86 91 97 85 88 98 85 100 97 90 89 78 1 94 81 79 79 93 0 95 92 72 77 87 93 92 81 84 92 73 93 92 91 78 100 85 94
1 86 89 88 88 90 79 92 90 92 92 97 0 97 83 92 93 87 86 73 99 82 88 72 90 94 90 95 100 95 0 88 71 96 83 77 86 90 89 88 92 100 84 98 90 90 80 96
98 1 91 78 89 90 82 88 83 86 92 100 74 0 90 85 75 91 91 83 85 94 91 97 91 85 84 99 99 92 88 0 98 89 87 97 78 88 90 99 82 100 100 86 87 80 94 85
96 76 1 88 90 99 86 94 83 94 86 76 100 87 0 89 93 83 95 85 89 79 97 80 89 86 84 100 75 72 71 98 0 82 88 86 90 84 84 92 95 84 77 76 90 86 89 82
75 87 93 1 90 93 85 83 96 98 97 73 97 90 82 0 93 87 78 89 79 93 87 96 73 83 85 91 98 77 96 89 82 0 97 90 90 91 93 91 98 96 87 87 89 91 80 95
81 83 88 79 1 91 100 90 90 86 100 76 77 85 90 74 0 86 84 93 88 96 93 90 76 82 77 99 93 87 83 87 88 97 0 95 84 95 93 85 89 89 82 95 86 86 85 72
86 96 92 89 99 1 83 91 82 94 96 98 91 94 99 83 87 0 88 75 72 92 74 86 92 95 91 90 100 93 77 97 86 90 95 0 86 81 94 86 100 97 79 99 80 82 86 100
98 94 87 91 88 85 1 92 90 83 81 81 89 96 89 90 75 80 0 89 94 88 91 90 88 90 95 84 85 92 86 78 90 90 84 86 0 99 88 93 88 100 80 99 92 76 92 98
86 93 91 92 100 83 96 1 98 93 81 89 98 90 94 75 74 87 77 0 78 87 80 92 100 84 88 90 89 81 90 88 84 91 95 81 99 0 81 95 100 93 96 78 79 91 100 88
85 95 81 90 100 100 90 82 1 85 71 83 95 100 93 100 87 91 89 100 0 89 96 98 99 100 80 95 73 84 89 90 84 93 93 94 88 81 0 96 90 96 93 87 89 72 97 100
88 100 78 88 87 92 91 100 91 1 96 94 74 88 94 85 86 82 93 91 80 0 96 97 99 88 82 84 85 92 88 99 92 91 85 86 93 95 96 0 84 96 75 77 100 85 75 83
83 89 93 98 77 93 91 93 85 77 1 72 93 86 80 89 94 90 86 79 96 100 0 80 90 85 74 85 100 73 92 82 95 98 89 100 88 100 90 84 0 83 94 84 99 72 97 87
88 80 83 91 94 97 100 78 85 93 85 1 96 93 92 96 97 95 77 80 89 99 93 0 89 92 76 87 74 93 100 100 84 96 89 97 100 93 96 96 83 0 77 78 87 90 85 95
100 84 87 74 75 79 1 78 75 89 83 87 1 82 90 90 100 83 80 96 100 91 100 80 74 92 93 89 91 92 84 100 77 87 82 79 80 96 93 75 94 77 0 100 85 84 91 95
94 88 81 100 82 100 100 1 90 97 96 92 77 1 81 89 90 89 81 83 85 90 86 98 80 85 100 86 90 91 98 86 76 87 95 99 99 78 87 77 84 78 100 0 89 85 91 90
88 100 88 94 93 87 88 91 1 91 77 88 84 97 1 85 85 93 86 78 98 100 87 93 83 87 100 90 90 78 90 87 90 89 86 80 92 79 89 100 99 87 85 89 0 97 85 100
94 100 88 71 78 78 84 93 90 1 88 94 98 77 91 1 98 80 89 100 86 87 88 91 87 78 87 99 71 100 90 80 86 91 86 82 76 91 72 85 72 90 84 85 97 0 81 99
87 75 92 80 83 90 92 80 87 80 1 85 89 100 91 97 1 77 85 100 87 86 89 95 93 96 77 100 78 85 80 94 89 80 85 86 92 100 97 75 97 85 91 91 85 81 0 88
92 89 88 88 82 83 91 83 88 75 86 1 100 76 80 73 77 1 85 77 84 91 83 90 98 90 73 85 75 94 96 85 82 95 72 100 98 88 100 83 87 95 95 90 100 99 88 0
BBRRBRRBBBRRBBRBBRBBRRRBRRBBRRBRRRRBBBBRRBRRBBRB