48
0 15 73 64 92 76 86 83 60 86 73 71 78 85 92 82 61 92 71 93 88 84 75 63 100 86 69 64 70 96 69 79 21 68 78 85 84 87 71 77 92 97 79 72 31 72 71 66 
15 0 5 63 97 66 66 89 87 74 64 60 75 92 78 64 92 86 78 81 81 85 86 68 92 68 76 69 71 60 97 81 79 34 73 73 100 79 90 87 92 71 71 89 67 93 67 98 
73 5 0 9 94 97 83 76 78 88 70 61 98 100 91 100 80 65 79 90 87 95 90 85 71 73 93 75 63 95 77 67 60 86 24 75 78 81 72 79 60 67 72 90 83 88 92 94 
64 63 9 0 13 90 88 84 62 68 73 86 69 63 99 68 99 84 70 81 89 70 65 82 69 72 99 72 98 76 60 72 66 100 78 25 70 95 64 93 77 97 81 95 74 76 84 96 
92 97 94 13 0 4 76 84 97 72 82 91 73 64 78 61 87 64 68 81 85 75 84 94 88 76 83 70 89 74 63 72 72 61 67 94 39 94 71 96 68 99 77 69 93 74 80 90 
76 66 97 90 4 0 11 64 71 92 97 83 98 84 100 90 67 81 86 95 84 100 65 72 79 65 69 67 87 73 92 82 69 87 62 83 100 24 82 97 70 93 67 95 71 94 92 68 
86 66 83 88 76 11 0 7 91 92 80 97 64 65 94 61 89 93 65 80 74 91 71 93 67 95 97 68 62 82 60 93 96 88 70 84 98 96 36 92 93 82 60 70 77 77 95 63 
83 89 76 84 84 64 7 0 5 70 89 72 69 66 69 93 75 87 97 77 84 99 75 87 73 95 72 72 96 80 68 61 67 72 98 91 87 94 77 21 79 93 77 94 60 100 71 61 
60 87 78 62 97 71 91 5 0 10 96 71 91 67 89 70 63 94 87 98 99 81 96 79 96 61 65 90 76 76 84 61 76 62 88 81 63 76 77 86 26 63 79 89 85 96 70 69 
86 74 88 68 72 92 92 70 10 0 6 88 95 88 86 78 83 100 98 73 66 77 82 61 95 96 80 68 89 88 78 67 92 96 66 98 60 78 60 69 88 39 71 73 64 62 90 73 
73 64 70 73 82 97 80 89 96 6 0 3 87 79 86 87 69 92 80 77 88 82 70 63 84 87 84 81 79 73 77 91 100 71 92 65 61 78 83 69 66 87 25 80 88 84 80 91 
71 60 61 86 91 83 97 72 71 88 3 0 15 93 86 83 61 93 65 94 73 77 92 66 84 97 85 62 88 70 88 75 82 69 96 75 63 61 85 97 73 90 72 22 81 76 99 72 
78 75 98 69 73 98 64 69 91 95 87 15 0 8 85 82 71 66 89 62 92 76 93 99 77 62 91 85 80 83 72 90 73 95 73 92 92 62 76 99 77 73 85 94 32 82 90 90 
85 92 100 63 64 84 65 66 67 88 79 93 8 0 8 80 98 92 65 70 65 81 62 79 99 87 95 80 72 67 98 90 98 87 67 72 62 62 71 67 87 96 74 64 92 79 87 87 
92 78 91 99 78 100 94 69 89 86 86 86 85 8 0 6 85 81 68 80 90 77 89 87 98 72 74 75 61 85 83 75 77 78 73 69 65 65 98 80 90 72 60 85 74 86 94 64 
82 64 100 68 61 90 61 93 70 78 87 83 82 80 6 0 4 81 78 99 67 82 85 61 86 94 76 77 63 83 95 68 64 68 87 89 85 79 73 86 82 87 65 87 87 97 93 67 
61 92 80 99 87 67 89 75 63 83 69 61 71 98 85 4 0 13 69 60 72 71 83 76 67 76 66 93 66 87 90 61 66 61 92 62 87 78 92 74 61 69 88 82 95 90 64 99 
92 86 65 84 64 81 93 87 94 100 92 93 66 92 81 81 13 0 5 87 79 61 65 63 84 69 66 81 97 85 88 69 68 61 87 80 79 94 99 90 70 87 90 83 93 97 86 61 
71 78 79 70 68 86 65 97 87 98 80 65 89 65 68 78 69 5 0 9 97 79 92 78 80 77 96 95 85 72 72 70 88 91 93 92 70 92 85 69 75 78 80 82 74 72 88 97 
93 81 90 81 81 95 80 77 98 73 77 94 62 70 80 99 60 87 9 0 9 90 75 78 80 97 78 85 78 82 62 92 87 68 61 91 83 86 85 89 95 87 65 89 78 86 86 87 
88 81 87 89 85 84 74 84 99 66 88 73 92 65 90 67 72 79 97 9 0 14 67 97 81 87 87 63 69 71 97 69 70 87 86 88 93 89 61 83 97 64 82 97 68 81 65 90 
84 85 95 70 75 100 91 99 81 77 82 77 76 81 77 82 71 61 79 90 14 0 5 99 89 93 87 88 81 68 80 82 93 68 81 92 74 82 89 68 86 60 81 83 60 96 93 91 
75 86 90 65 84 65 71 75 96 82 70 92 93 62 89 85 83 65 92 75 67 5 0 5 66 74 86 97 64 90 62 90 79 62 94 67 65 71 73 84 87 100 100 90 71 98 76 69 
63 68 85 82 94 72 93 87 79 61 63 66 99 79 87 61 76 63 78 78 97 99 5 0 5 62 67 68 89 78 94 76 94 90 83 66 81 79 75 64 70 73 75 66 73 71 93 74 
100 92 71 69 88 79 67 73 96 95 84 84 77 99 98 86 67 84 80 80 81 89 66 5 0 9 91 84 61 88 61 87 95 77 85 83 69 91 72 97 72 81 73 69 82 64 65 64 
86 68 73 72 76 65 95 95 61 96 87 97 62 87 72 94 76 69 77 97 87 93 74 62 9 0 6 81 95 99 73 69 81 74 94 70 94 83 89 74 60 68 80 61 82 71 88 95 
69 76 93 99 83 69 97 72 65 80 84 85 91 95 74 76 66 66 96 78 87 87 86 67 91 6 0 4 77 63 63 63 96 99 76 73 82 92 92 95 92 60 97 61 61 88 82 81 
64 69 75 72 70 67 68 72 90 68 81 62 85 80 75 77 93 81 95 85 63 88 97 68 84 81 4 0 10 69 65 100 63 62 86 74 65 85 90 92 71 77 76 84 91 98 65 70 
70 71 63 98 89 87 62 96 76 89 79 88 80 72 61 63 66 97 85 78 69 81 64 89 61 95 77 10 0 5 74 96 69 69 100 98 86 80 74 91 91 61 62 73 92 85 99 66 
96 60 95 76 74 73 82 80 76 88 73 70 83 67 85 83 87 85 72 82 71 68 90 78 88 99 63 69 5 0 14 63 95 84 72 67 74 63 86 70 90 72 77 62 61 67 71 63 
69 97 77 60 63 92 60 68 84 78 77 88 72 98 83 95 90 88 72 62 97 80 62 94 61 73 63 65 74 14 0 8 64 63 96 72 84 75 98 90 95 84 88 76 69 65 67 98 
79 81 67 72 72 82 93 61 61 67 91 75 90 90 75 68 61 69 70 92 69 82 90 76 87 69 63 100 96 63 8 0 7 81 92 78 74 90 74 82 96 94 70 77 93 66 90 95 
21 79 60 66 72 69 96 67 76 92 100 82 73 98 77 64 66 68 88 87 70 93 79 94 95 81 96 63 69 95 64 7 0 9 94 99 92 74 80 70 80 63 62 85 85 63 84 82 
68 34 86 100 61 87 88 72 62 96 71 69 95 87 78 68 61 61 91 68 87 68 62 90 77 74 99 62 69 84 63 81 9 0 10 71 64 62 85 88 71 77 75 63 63 65 87 69 
78 73 24 78 67 62 70 98 88 66 92 96 73 67 73 87 92 87 93 61 86 81 94 83 85 94 76 86 100 72 96 92 94 10 0 12 89 82 82 90 93 76 65 68 89 87 62 75 
85 73 75 25 94 83 84 91 81 98 65 75 92 72 69 89 62 80 92 91 88 92 67 66 83 70 73 74 98 67 72 78 99 71 12 0 13 66 79 63 91 76 69 63 63 97 68 98 
84 100 78 70 39 100 98 87 63 60 61 63 92 62 65 85 87 79 70 83 93 74 65 81 69 94 82 65 86 74 84 74 92 64 89 13 0 3 74 63 84 82 96 68 92 74 99 93 
87 79 81 95 94 24 96 94 76 78 78 61 62 62 65 79 78 94 92 86 89 82 71 79 91 83 92 85 80 63 75 90 74 62 82 66 3 0 2 61 68 81 64 94 96 73 79 60 
71 90 72 64 71 82 36 77 77 60 83 85 76 71 98 73 92 99 85 85 61 89 73 75 72 89 92 90 74 86 98 74 80 85 82 79 74 2 0 5 70 87 96 83 71 97 63 85 
77 87 79 93 96 97 92 21 86 69 69 97 99 67 80 86 74 90 69 89 83 68 84 64 97 74 95 92 91 70 90 82 70 88 90 63 63 61 5 0 10 98 71 81 96 69 93 66 
92 92 60 77 68 70 93 79 26 88 66 73 77 87 90 82 61 70 75 95 97 86 87 70 72 60 92 71 91 90 95 96 80 71 93 91 84 68 70 10 0 6 88 80 84 63 70 61 
97 71 67 97 99 93 82 93 63 39 87 90 73 96 72 87 69 87 78 87 64 60 100 73 81 68 60 77 61 72 84 94 63 77 76 76 82 81 87 98 6 0 14 82 65 84 85 90 
79 71 72 81 77 67 60 77 79 71 25 72 85 74 60 65 88 90 80 65 82 81 100 75 73 80 97 76 62 77 88 70 62 75 65 69 96 64 96 71 88 14 0 2 91 64 71 96 
72 89 90 95 69 95 70 94 89 73 80 22 94 64 85 87 82 83 82 89 97 83 90 66 69 61 61 84 73 62 76 77 85 63 68 63 68 94 83 81 80 82 2 0 15 64 91 86 
31 67 83 74 93 71 77 60 85 64 88 81 32 92 74 87 95 93 74 78 68 60 71 73 82 82 61 91 92 61 69 93 85 63 89 63 92 96 71 96 84 65 91 15 0 10 67 61 
72 93 88 76 74 94 77 100 96 62 84 76 82 79 86 97 90 97 72 86 81 96 98 71 64 71 88 98 85 67 65 66 63 65 87 97 74 73 97 69 63 84 64 64 10 0 10 64 
71 67 92 84 80 92 95 71 70 90 80 99 90 87 94 93 64 86 88 86 65 93 76 93 65 88 82 65 99 71 67 90 84 87 62 68 99 79 63 93 70 85 71 91 67 10 0 3 
66 98 94 96 90 68 63 61 69 73 91 72 90 87 64 67 99 61 97 87 90 91 69 74 64 95 81 70 66 63 98 95 82 69 75 98 93 60 85 66 61 90 96 86 61 64 3 0 
RBBBRBBBRBBBRBBBRBBBRBBBRBBBRBBBRRRRRRRRRRRRRRRR