50
0 95 93 92 96 95 99 92 100 99 8 100 99 96 94 100 99 91 99 92 91 79 90 96 90 90 100 90 100 91 96 90 100 98 100 98 94 98 97 96 98 96 94 100 90 93 1 95 95 99
95 0 96 91 4 91 98 91 100 100 99 100 97 91 92 94 99 94 95 99 99 98 93 90 97 2 97 5 97 94 94 99 95 96 92 98 91 92 93 97 93 91 97 100 90 94 94 90 93 94
93 96 0 4 99 99 98 93 91 100 97 95 91 97 95 96 97 93 94 98 93 90 93 94 99 92 93 93 92 99 98 91 100 92 91 90 97 97 95 91 96 93 1 93 94 12 96 90 96 99
92 91 4 0 97 91 93 90 100 91 93 97 96 93 100 93 97 93 98 97 97 92 97 90 98 92 93 99 98 99 92 95 94 97 96 93 92 97 93 100 94 91 11 97 93 62 99 90 91 92
96 4 99 97 0 97 90 100 90 97 92 100 90 11 95 98 93 97 92 93 96 93 91 91 91 95 99 1 90 94 94 95 99 97 90 97 97 94 97 91 93 98 97 96 93 94 97 92 100 90
95 91 99 91 97 0 96 92 91 92 4 95 90 97 93 90 93 4 97 98 99 8 99 91 98 91 94 99 100 92 100 92 100 94 92 90 91 91 90 93 96 92 91 100 95 93 94 99 99 92
99 98 98 93 90 96 0 98 7 98 93 94 96 91 94 98 95 94 4 97 96 90 94 100 96 97 92 97 97 97 97 96 100 91 96 92 74 92 90 90 95 97 97 91 97 91 12 95 93 93
92 91 93 90 100 92 98 0 96 95 97 100 94 92 91 91 91 96 93 99 91 90 9 99 92 93 94 93 3 100 91 94 98 92 98 96 90 90 94 1 92 97 93 98 91 93 100 10 99 96
100 100 91 100 90 91 7 96 0 93 91 95 90 97 99 99 91 92 1 94 95 94 94 93 90 99 98 100 93 96 95 94 98 92 92 91 95 93 91 100 96 99 94 99 97 93 4 92 93 95
99 100 100 91 97 92 98 95 93 0 90 93 99 91 93 92 94 90 99 94 91 90 92 95 93 94 98 97 90 98 93 90 92 91 91 92 99 63 90 92 96 91 92 92 5 96 96 97 95 77
8 99 97 93 92 4 93 97 91 90 0 99 98 92 91 99 96 96 92 97 92 2 95 97 98 100 96 91 94 91 96 96 97 93 91 95 91 98 94 96 91 90 94 92 98 92 91 99 97 93
100 100 95 97 100 95 94 100 95 93 99 0 96 98 94 98 96 92 96 95 3 93 99 96 63 90 11 98 99 98 95 100 100 97 95 92 98 11 95 95 98 92 97 91 93 90 99 95 98 96
99 97 91 96 90 90 96 94 90 99 98 96 0 98 10 91 98 80 97 92 94 97 95 96 96 96 95 97 99 100 1 97 96 12 99 94 98 92 100 96 95 96 97 94 96 97 91 97 90 94
96 91 97 93 11 97 91 92 97 91 92 98 98 0 96 94 93 97 95 97 100 97 98 95 95 96 94 78 91 100 98 92 4 97 99 98 93 91 98 91 95 99 93 94 97 97 95 94 98 95
94 92 95 100 95 93 94 91 99 93 91 94 10 96 0 98 91 94 93 93 98 98 90 92 5 94 97 99 97 93 98 96 90 2 90 99 92 93 91 91 99 93 91 95 90 2 99 96 98 96
100 94 96 93 98 90 98 91 99 92 99 98 91 94 98 0 90 92 94 95 90 100 92 98 90 93 99 97 94 93 99 1 92 98 92 96 91 100 100 6 92 95 90 97 90 90 98 69 93 90
99 99 97 97 93 93 95 91 91 94 96 96 98 93 91 90 0 100 96 94 96 98 86 2 97 93 95 93 90 93 91 94 7 90 93 98 94 99 92 100 94 99 94 94 95 90 94 98 96 94
91 94 93 93 97 4 94 96 92 90 96 92 80 97 94 92 100 0 96 94 97 99 91 95 90 100 98 95 92 92 6 91 93 91 92 93 90 90 98 99 92 99 91 96 99 99 93 90 98 96
99 95 94 98 92 97 4 93 1 99 92 96 97 95 93 94 96 96 0 90 93 95 96 97 90 94 96 91 95 96 96 99 97 95 92 95 12 94 96 93 98 92 91 96 98 96 95 99 95 99
92 99 98 97 93 98 97 99 94 94 97 95 92 97 93 95 94 94 90 0 100 94 100 90 90 96 96 95 6 94 90 100 90 95 98 98 93 98 96 97 90 91 92 95 1 94 94 97 1 8
91 99 93 97 96 99 96 91 95 91 92 3 94 100 98 90 96 97 93 100 0 92 100 97 7 100 4 95 99 97 100 91 93 90 98 96 92 98 97 97 94 97 98 97 99 94 91 100 92 100
79 98 90 92 93 8 90 90 94 90 2 93 97 97 98 100 98 99 95 94 92 0 93 100 100 91 100 97 98 96 96 99 94 93 96 98 98 95 97 93 95 90 99 90 90 93 91 97 91 91
90 93 93 97 91 99 94 9 94 92 95 99 95 98 90 92 86 91 96 100 100 93 0 8 95 99 94 90 91 91 98 100 96 93 4 98 92 91 92 91 97 97 91 91 99 90 97 100 93 97
96 90 94 90 91 91 100 99 93 95 97 96 96 95 92 98 2 95 97 90 97 100 8 0 96 94 94 100 91 93 92 95 4 90 93 90 99 100 96 95 97 96 96 97 99 95 90 100 90 100
90 97 99 98 91 98 96 92 90 93 98 63 96 95 5 90 97 90 90 90 7 100 95 96 0 93 98 94 96 91 94 93 99 91 97 98 95 95 96 94 93 100 4 91 98 98 100 96 94 92
90 2 92 92 95 91 97 93 99 94 100 90 96 96 94 93 93 100 94 96 100 91 99 94 93 0 98 9 93 92 94 91 91 98 90 96 99 94 92 95 100 90 92 96 93 100 92 97 94 99
100 97 93 93 99 94 92 94 98 98 96 11 95 94 97 99 95 98 96 96 4 100 94 94 98 98 0 100 95 95 91 95 90 94 96 100 93 4 97 100 97 92 98 97 99 92 90 98 100 98
90 5 93 99 1 99 97 93 100 97 91 98 97 78 99 97 93 95 91 95 95 97 90 100 94 9 100 0 100 99 94 99 94 91 92 92 91 100 91 92 94 95 99 99 93 98 100 100 92 93
100 97 92 98 90 100 97 3 93 90 94 99 99 91 97 94 90 92 95 6 99 98 91 91 96 93 95 100 0 99 92 93 98 91 99 98 93 100 65 100 99 96 94 10 96 95 93 92 90 99
91 94 99 99 94 92 97 100 96 98 91 98 100 100 93 93 93 92 96 94 97 96 91 93 91 92 95 99 99 0 98 4 95 100 95 92 90 91 94 93 3 5 100 93 100 99 91 98 94 93
96 94 98 92 94 100 97 91 95 93 96 95 1 98 98 99 91 6 96 90 100 96 98 92 94 94 91 94 92 98 0 99 95 1 93 100 96 97 92 96 90 93 97 92 100 91 93 95 99 100
90 99 91 95 95 92 96 94 94 90 96 100 97 92 96 1 94 91 99 100 91 99 100 95 93 91 95 99 93 4 99 0 98 92 100 97 94 100 98 93 92 6 96 91 91 95 91 94 97 95
100 95 100 94 99 100 100 98 98 92 97 100 96 4 90 92 7 93 97 90 93 94 96 4 99 91 90 94 98 95 95 98 0 96 100 99 97 96 97 94 90 99 93 100 91 100 91 91 90 97
98 96 92 97 97 94 91 92 92 91 93 97 12 97 2 98 90 91 95 95 90 93 93 90 91 98 94 91 91 100 1 92 96 0 98 94 100 97 100 100 97 90 91 93 99 90 91 92 100 96
100 92 91 96 90 92 96 98 92 91 91 95 99 99 90 92 93 92 92 98 98 96 4 93 97 90 96 92 99 95 93 100 100 98 0 2 90 93 10 97 97 93 97 99 91 98 94 93 94 91
98 98 90 93 97 90 92 96 91 92 95 92 94 98 99 96 98 93 95 98 96 98 98 90 98 96 100 92 98 92 100 97 99 94 2 0 94 91 12 94 97 99 92 2 90 94 100 97 90 91
94 91 97 92 97 91 74 90 95 99 91 98 98 93 92 91 94 90 12 93 92 98 92 99 95 99 93 91 93 90 96 94 97 100 90 94 0 100 99 94 93 90 96 100 93 90 96 91 100 92
98 92 97 97 94 91 92 90 93 63 98 11 92 91 93 100 99 90 94 98 98 95 91 100 95 94 4 100 100 91 97 100 96 97 93 91 100 0 98 98 95 90 96 98 100 99 96 90 97 93
97 93 95 93 97 90 90 94 91 90 94 95 100 98 91 100 92 98 96 96 97 97 92 96 96 92 97 91 65 94 92 98 97 100 10 12 99 98 0 100 94 98 91 2 100 99 99 92 100 96
96 97 91 100 91 93 90 1 100 92 96 95 96 91 91 6 100 99 93 97 97 93 91 95 94 95 100 92 100 93 96 93 94 100 97 94 94 98 100 0 99 94 90 100 91 92 92 1 92 100
98 93 96 94 93 96 95 92 96 96 91 98 95 95 99 92 94 92 98 90 94 95 97 97 93 100 97 94 99 3 90 92 90 97 97 97 93 95 94 99 0 4 93 100 95 98 90 91 5 92
96 91 93 91 98 92 97 97 99 91 90 92 96 99 93 95 99 99 92 91 97 90 97 96 100 90 92 95 96 5 93 6 99 90 93 99 90 90 98 94 4 0 94 95 95 98 92 95 71 91
94 97 1 11 97 91 97 93 94 92 94 97 97 93 91 90 94 91 91 92 98 99 91 96 4 92 98 99 94 100 97 96 93 91 97 92 96 96 91 90 93 94 0 97 90 99 90 92 11 99
100 100 93 97 96 100 91 98 99 92 92 91 94 94 95 97 94 96 96 95 97 90 91 97 91 96 97 99 10 93 92 91 100 93 99 2 100 98 2 100 100 95 97 0 100 90 92 94 100 94
90 90 94 93 93 95 97 91 97 5 98 93 96 97 90 90 95 99 98 1 99 90 99 99 98 93 99 93 96 100 100 91 91 99 91 90 93 100 100 91 95 95 90 100 0 92 98 96 93 2
93 94 12 62 94 93 91 93 93 96 92 90 97 97 2 90 90 99 96 94 94 93 90 95 98 100 92 98 95 99 91 95 100 90 98 94 90 99 99 92 98 98 99 90 92 0 93 97 93 93
1 94 96 99 97 94 12 100 4 96 91 99 91 95 99 98 94 93 95 94 91 91 97 90 100 92 90 100 93 91 93 91 91 91 94 100 96 96 99 92 90 92 90 92 98 93 0 95 93 95
95 90 90 90 92 99 95 10 92 97 99 95 97 94 96 69 98 90 99 97 100 97 100 100 96 97 98 100 92 98 95 94 91 92 93 97 91 90 92 1 91 95 92 94 96 97 95 0 100 91
95 93 96 91 100 99 93 99 93 95 97 98 90 98 98 93 96 98 95 1 92 91 93 90 94 94 100 92 90 94 99 97 90 100 94 90 100 97 100 92 5 71 11 100 93 93 93 100 0 90
99 94 99 92 90 92 93 96 95 77 93 96 94 95 96 90 94 96 99 8 100 91 97 100 92 99 98 93 99 93 100 95 97 96 91 91 92 93 96 100 92 91 99 94 2 93 95 91 90 0
RRBRBBRRBRBRBRRBRRRBRRRBBRBBBRBRBRBBBBRBBBRRBBBRRR
