50
0	0	0	0	1	0	0	0	0	0	7	0	0	0	0	0	5	2	11	3	14	23	54	4	9	2	34	76	12	53	87	5	34	3	7	54	63	32	5	5	5	5	34	2	12	65	12	3	9	23
0	0	0	0	0	1	0	0	0	0	0	0	0	0	0	0	5	2	11	3	14	23	54	4	9	2	34	76	12	53	87	5	34	3	7	54	63	32	5	5	5	5	34	2	12	65	12	3	9	23
0	0	0	0	0	0	0	1	0	0	0	0	0	1	0	0	5	2	11	3	14	23	54	4	9	2	34	76	12	53	87	5	34	3	7	54	63	32	5	5	5	5	34	2	12	65	12	3	9	23
0	0	0	0	0	0	0	0	0	0	7	0	0	1	0	0	5	2	11	3	14	23	54	4	9	2	34	76	12	53	87	5	34	3	7	54	63	32	5	5	5	5	34	2	12	65	12	3	9	23
1	0	0	0	0	0	0	0	0	0	0	0	1	0	0	0	5	2	11	3	14	23	54	4	9	2	34	76	12	53	87	5	34	3	7	54	63	32	5	5	5	5	34	2	12	65	12	3	9	23
0	1	0	0	0	0	0	0	1	0	0	0	0	0	0	0	5	2	11	3	14	23	54	4	9	2	34	76	12	53	87	5	34	3	7	54	63	32	5	5	5	5	34	2	12	65	12	3	9	23
0	0	0	0	0	0	0	0	0	0	7	0	0	0	0	1	5	2	11	3	14	23	54	4	9	2	34	76	12	53	87	5	34	3	7	54	63	32	5	5	5	5	34	2	12	65	12	3	9	23
0	0	1	0	0	0	0	0	0	0	7	0	0	0	0	0	5	2	11	3	14	23	54	4	9	2	34	76	12	53	87	5	34	3	7	54	63	32	5	5	5	5	34	2	12	65	12	3	9	23
0	0	0	0	0	1	0	0	0	0	1	0	0	0	0	0	5	2	11	3	14	23	54	4	9	2	34	76	12	53	87	5	34	3	7	54	63	32	5	5	5	5	34	2	12	65	12	3	9	23
0	0	0	0	0	0	0	0	0	0	0	0	0	0	1	1	5	2	11	3	14	23	54	4	9	2	34	76	12	53	87	5	34	3	7	54	63	32	5	5	5	5	34	2	12	65	12	3	9	23
7	0	0	7	0	0	7	7	1	0	0	0	0	0	0	0	5	2	11	3	14	23	54	4	9	2	34	76	12	53	87	5	34	3	7	54	63	32	5	5	5	5	34	2	12	65	12	3	9	23
0	0	0	0	0	0	0	0	0	0	0	0	1	0	0	0	5	2	11	3	14	23	54	4	9	2	34	76	12	53	87	5	34	3	7	54	63	32	5	5	5	5	34	2	12	65	12	3	9	23
0	0	0	0	1	0	0	0	0	0	0	1	0	0	0	0	5	2	11	3	14	23	54	4	9	2	34	76	12	53	87	5	34	3	7	54	63	32	5	5	5	5	34	2	12	65	12	3	9	23
0	0	1	1	0	0	0	0	0	0	0	0	0	0	0	0	5	2	11	3	14	23	54	4	9	2	34	76	12	53	87	5	34	3	7	54	63	32	5	5	5	5	34	2	12	65	12	3	9	23
0	0	0	0	0	0	0	0	0	1	0	0	0	0	0	0	5	2	11	3	14	23	54	4	9	2	34	76	12	53	87	5	34	3	7	54	63	32	5	5	5	5	34	2	12	65	12	3	9	23
0	0	0	0	0	0	1	0	0	1	0	0	0	0	0	0	5	2	11	3	14	23	54	4	9	2	34	76	12	53	87	5	34	3	7	54	63	32	5	5	5	5	34	2	12	65	12	3	9	23
5	5	5	5	5	5	5	5	5	5	5	5	5	5	5	5	0	2	11	3	14	23	54	4	9	2	34	76	12	53	87	5	34	3	7	54	63	32	5	5	5	5	34	2	12	65	12	3	9	23
2	2	2	2	2	2	2	2	2	2	2	2	2	2	2	2	2	0	11	3	14	23	54	4	9	2	34	76	12	53	87	5	34	3	7	54	63	32	5	5	5	5	34	2	12	65	12	3	9	23
11	11	11	11	11	11	11	11	11	11	11	11	11	11	11	11	11	11	0	3	14	23	54	4	9	2	34	76	12	53	87	5	34	3	7	54	63	32	5	5	5	5	34	2	12	65	12	3	9	23
3	3	3	3	3	3	3	3	3	3	3	3	3	3	3	3	3	3	3	0	14	23	54	4	9	2	34	76	12	53	87	5	34	3	7	54	63	32	5	5	5	5	34	2	12	65	12	3	9	23
14	14	14	14	14	14	14	14	14	14	14	14	14	14	14	14	14	14	14	14	0	23	54	4	9	2	34	76	12	53	87	5	34	3	7	54	63	32	5	5	5	5	34	2	12	65	12	3	9	23
23	23	23	23	23	23	23	23	23	23	23	23	23	23	23	23	23	23	23	23	23	0	54	4	9	2	34	76	12	53	87	5	34	3	7	54	63	32	5	5	5	5	34	2	12	65	12	3	9	23
54	54	54	54	54	54	54	54	54	54	54	54	54	54	54	54	54	54	54	54	54	54	0	4	9	2	34	76	12	53	87	5	34	3	7	54	63	32	5	5	5	5	34	2	12	65	12	3	9	23
4	4	4	4	4	4	4	4	4	4	4	4	4	4	4	4	4	4	4	4	4	4	4	0	9	2	34	76	12	53	87	5	34	3	7	54	63	32	5	5	5	5	34	2	12	65	12	3	9	23
9	9	9	9	9	9	9	9	9	9	9	9	9	9	9	9	9	9	9	9	9	9	9	9	0	2	34	76	12	53	87	5	34	3	7	54	63	32	5	5	5	5	34	2	12	65	12	3	9	23
2	2	2	2	2	2	2	2	2	2	2	2	2	2	2	2	2	2	2	2	2	2	2	2	2	0	34	76	12	53	87	5	34	3	7	54	63	32	5	5	5	5	34	2	12	65	12	3	9	23
34	34	34	34	34	34	34	34	34	34	34	34	34	34	34	34	34	34	34	34	34	34	34	34	34	34	0	76	12	53	87	5	34	3	7	54	63	32	5	5	5	5	34	2	12	65	12	3	9	23
76	76	76	76	76	76	76	76	76	76	76	76	76	76	76	76	76	76	76	76	76	76	76	76	76	76	76	0	12	53	87	5	34	3	7	54	63	32	5	5	5	5	34	2	12	65	12	3	9	23
12	12	12	12	12	12	12	12	12	12	12	12	12	12	12	12	12	12	12	12	12	12	12	12	12	12	12	12	0	53	87	5	34	3	7	54	63	32	5	5	5	5	34	2	12	65	12	3	9	23
53	53	53	53	53	53	53	53	53	53	53	53	53	53	53	53	53	53	53	53	53	53	53	53	53	53	53	53	53	0	87	5	34	3	7	54	63	32	5	5	5	5	34	2	12	65	12	3	9	23
87	87	87	87	87	87	87	87	87	87	87	87	87	87	87	87	87	87	87	87	87	87	87	87	87	87	87	87	87	87	0	5	34	3	7	54	63	32	5	5	5	5	34	2	12	65	12	3	9	23
5	5	5	5	5	5	5	5	5	5	5	5	5	5	5	5	5	5	5	5	5	5	5	5	5	5	5	5	5	5	5	0	34	3	7	54	63	32	5	5	5	5	34	2	12	65	12	3	9	23
34	34	34	34	34	34	34	34	34	34	34	34	34	34	34	34	34	34	34	34	34	34	34	34	34	34	34	34	34	34	34	34	0	3	7	54	63	32	5	5	5	5	34	2	12	65	12	3	9	23
3	3	3	3	3	3	3	3	3	3	3	3	3	3	3	3	3	3	3	3	3	3	3	3	3	3	3	3	3	3	3	3	3	0	7	54	63	32	5	5	5	5	34	2	12	65	12	3	9	23
7	7	7	7	7	7	7	7	7	7	7	7	7	7	7	7	7	7	7	7	7	7	7	7	7	7	7	7	7	7	7	7	7	7	0	54	63	32	5	5	5	5	34	2	12	65	12	3	9	23
54	54	54	54	54	54	54	54	54	54	54	54	54	54	54	54	54	54	54	54	54	54	54	54	54	54	54	54	54	54	54	54	54	54	54	0	63	32	5	5	5	5	34	2	12	65	12	3	9	23
63	63	63	63	63	63	63	63	63	63	63	63	63	63	63	63	63	63	63	63	63	63	63	63	63	63	63	63	63	63	63	63	63	63	63	63	0	32	5	5	5	5	34	2	12	65	12	3	9	23
32	32	32	32	32	32	32	32	32	32	32	32	32	32	32	32	32	32	32	32	32	32	32	32	32	32	32	32	32	32	32	32	32	32	32	32	32	0	5	5	5	5	34	2	12	65	12	3	9	23
5	5	5	5	5	5	5	5	5	5	5	5	5	5	5	5	5	5	5	5	5	5	5	5	5	5	5	5	5	5	5	5	5	5	5	5	5	5	0	5	5	5	34	2	12	65	12	3	9	23
5	5	5	5	5	5	5	5	5	5	5	5	5	5	5	5	5	5	5	5	5	5	5	5	5	5	5	5	5	5	5	5	5	5	5	5	5	5	5	0	5	5	34	2	12	65	12	3	9	23
5	5	5	5	5	5	5	5	5	5	5	5	5	5	5	5	5	5	5	5	5	5	5	5	5	5	5	5	5	5	5	5	5	5	5	5	5	5	5	5	0	5	34	2	12	65	12	3	9	23
5	5	5	5	5	5	5	5	5	5	5	5	5	5	5	5	5	5	5	5	5	5	5	5	5	5	5	5	5	5	5	5	5	5	5	5	5	5	5	5	5	0	34	2	12	65	12	3	9	23
34	34	34	34	34	34	34	34	34	34	34	34	34	34	34	34	34	34	34	34	34	34	34	34	34	34	34	34	34	34	34	34	34	34	34	34	34	34	34	34	34	34	0	2	12	65	12	3	9	23
2	2	2	2	2	2	2	2	2	2	2	2	2	2	2	2	2	2	2	2	2	2	2	2	2	2	2	2	2	2	2	2	2	2	2	2	2	2	2	2	2	2	2	0	12	65	12	3	9	23
12	12	12	12	12	12	12	12	12	12	12	12	12	12	12	12	12	12	12	12	12	12	12	12	12	12	12	12	12	12	12	12	12	12	12	12	12	12	12	12	12	12	12	12	0	65	12	3	9	23
65	65	65	65	65	65	65	65	65	65	65	65	65	65	65	65	65	65	65	65	65	65	65	65	65	65	65	65	65	65	65	65	65	65	65	65	65	65	65	65	65	65	65	65	65	0	12	3	9	23
12	12	12	12	12	12	12	12	12	12	12	12	12	12	12	12	12	12	12	12	12	12	12	12	12	12	12	12	12	12	12	12	12	12	12	12	12	12	12	12	12	12	12	12	12	12	0	3	9	23
3	3	3	3	3	3	3	3	3	3	3	3	3	3	3	3	3	3	3	3	3	3	3	3	3	3	3	3	3	3	3	3	3	3	3	3	3	3	3	3	3	3	3	3	3	3	3	0	9	23
9	9	9	9	9	9	9	9	9	9	9	9	9	9	9	9	9	9	9	9	9	9	9	9	9	9	9	9	9	9	9	9	9	9	9	9	9	9	9	9	9	9	9	9	9	9	9	9	0	23
23	23	23	23	23	23	23	23	23	23	23	23	23	23	23	23	23	23	23	23	23	23	23	23	23	23	23	23	23	23	23	23	23	23	23	23	23	23	23	23	23	23	23	23	23	23	23	23	23	0
BRBRBRBRBRBRBRBRBRBRBRBRBRBRBRBRBRBRBRBRBRBRBRBRBR