48
0 55 82 87 27 100 2 48 50 56 45 42 1 55 14 79 22 22 8 82 13 79 1 63 10 73 86 52 77 96 42 57 41 67 25 42 77 85 6 32 11 58 94 79 76 96 77 26 
55 0 53 43 12 95 72 17 19 29 75 43 14 13 79 16 41 83 8 76 88 32 76 17 79 24 41 25 67 71 33 64 89 43 74 70 87 38 70 51 67 54 45 41 5 21 46 82 
82 53 0 100 91 92 47 49 23 40 67 30 97 90 16 63 18 36 94 36 18 28 84 39 0 30 17 96 75 43 63 79 78 90 75 45 23 27 1 40 86 45 14 86 60 18 14 30 
87 43 100 0 62 37 12 76 5 65 47 20 54 86 83 74 61 67 58 25 72 16 78 62 74 34 3 82 15 86 11 5 4 6 1 24 98 90 29 67 76 68 21 92 26 66 53 3 
27 12 91 62 0 93 20 77 74 4 42 53 76 2 82 89 65 50 3 37 63 53 9 55 55 35 33 91 84 62 63 96 46 81 67 95 78 52 11 78 51 72 19 67 12 30 31 23 
100 95 92 37 93 0 13 86 38 64 14 93 66 37 43 78 48 90 49 72 63 49 24 76 67 46 27 92 95 76 47 32 97 90 61 48 16 1 33 89 71 83 30 53 83 66 49 95 
2 72 47 12 20 13 0 37 76 56 91 84 33 33 17 65 11 46 80 77 52 61 31 94 81 74 29 22 49 35 42 94 92 98 54 59 40 64 66 11 93 55 30 20 82 28 88 30 
48 17 49 76 77 86 37 0 72 37 71 60 68 4 70 67 77 64 70 48 6 10 52 58 72 42 10 61 57 75 80 38 26 71 13 49 74 80 99 4 50 54 18 11 84 35 49 28 
50 19 23 5 74 38 76 72 0 32 93 39 56 85 96 59 69 65 94 90 4 18 79 83 66 63 78 36 79 65 55 22 20 62 35 34 18 53 7 14 10 100 83 82 23 43 26 44 
56 29 40 65 4 64 56 37 32 0 75 39 53 2 47 80 93 21 18 14 65 91 4 92 4 72 81 9 52 23 93 11 57 19 85 87 51 88 4 66 95 77 73 49 29 33 66 9 
45 75 67 47 42 14 91 71 93 75 0 80 22 12 74 19 76 83 46 36 8 20 98 24 29 83 23 82 49 86 4 26 4 47 62 27 98 18 27 32 84 99 79 36 53 41 64 7 
42 43 30 20 53 93 84 60 39 39 80 0 44 17 77 88 15 37 17 74 47 28 72 58 16 70 10 100 83 25 28 27 97 52 36 65 92 61 2 29 42 3 28 42 23 12 99 11 
1 14 97 54 76 66 33 68 56 53 22 44 0 54 52 88 13 55 18 46 89 65 43 99 54 82 40 67 6 6 64 27 75 88 15 24 44 72 72 70 49 82 93 0 60 57 76 44 
55 13 90 86 2 37 33 4 85 2 12 17 54 0 46 1 55 65 16 40 63 4 43 91 85 74 26 40 82 91 88 80 8 83 33 45 41 55 91 29 76 42 27 68 78 36 16 53 
14 79 16 83 82 43 17 70 96 47 74 77 52 46 0 34 72 65 68 21 57 96 84 16 78 37 87 50 70 58 34 97 79 15 80 86 55 90 22 4 9 44 75 98 72 31 1 68 
79 16 63 74 89 78 65 67 59 80 19 88 88 1 34 0 70 64 34 6 72 92 94 58 82 75 1 81 37 76 61 87 15 65 65 98 68 62 54 58 80 45 81 75 19 50 65 23 
22 41 18 61 65 48 11 77 69 93 76 15 13 55 72 70 0 96 10 62 22 5 68 80 49 99 64 100 46 61 45 12 10 61 92 5 61 99 93 66 69 93 71 4 70 49 36 2 
22 83 36 67 50 90 46 64 65 21 83 37 55 65 65 64 96 0 31 73 46 64 45 28 88 74 97 97 33 42 62 13 84 46 26 9 31 82 92 65 47 41 83 24 90 18 55 74 
8 8 94 58 3 49 80 70 94 18 46 17 18 16 68 34 10 31 0 36 12 29 28 11 97 93 52 36 25 90 42 71 76 62 26 84 15 94 30 59 78 19 9 44 98 58 43 50 
82 76 36 25 37 72 77 48 90 14 36 74 46 40 21 6 62 73 36 0 61 88 84 79 72 23 23 17 67 100 100 28 27 11 72 68 32 83 98 19 24 60 35 91 29 10 97 84 
13 88 18 72 63 63 52 6 4 65 8 47 89 63 57 72 22 46 12 61 0 58 13 52 19 27 99 58 31 56 48 17 63 26 92 64 26 46 81 70 67 58 97 15 98 48 70 50 
79 32 28 16 53 49 61 10 18 91 20 28 65 4 96 92 5 64 29 88 58 0 75 79 13 63 43 47 6 19 89 39 44 11 46 57 28 98 87 35 8 50 8 48 71 32 10 38 
1 76 84 78 9 24 31 52 79 4 98 72 43 43 84 94 68 45 28 84 13 75 0 64 46 40 44 9 41 84 31 97 95 7 62 70 96 84 1 77 3 74 77 96 35 19 95 74 
63 17 39 62 55 76 94 58 83 92 24 58 99 91 16 58 80 28 11 79 52 79 64 0 23 49 88 44 36 18 93 45 92 38 62 52 73 81 18 55 74 54 58 51 4 6 36 41 
10 79 0 74 55 67 81 72 66 4 29 16 54 85 78 82 49 88 97 72 19 13 46 23 0 31 71 25 38 60 21 81 85 62 60 87 24 65 34 66 23 89 34 20 14 46 18 97 
73 24 30 34 35 46 74 42 63 72 83 70 82 74 37 75 99 74 93 23 27 63 40 49 31 0 21 86 81 55 72 16 34 36 66 26 20 56 9 27 92 37 88 69 100 96 23 76 
86 41 17 3 33 27 29 10 78 81 23 10 40 26 87 1 64 97 52 23 99 43 44 88 71 21 0 19 43 24 89 10 84 34 68 46 62 77 97 93 83 5 98 99 37 70 72 68 
52 25 96 82 91 92 22 61 36 9 82 100 67 40 50 81 100 97 36 17 58 47 9 44 25 86 19 0 42 69 26 49 32 71 60 70 13 32 61 89 44 27 85 36 100 6 35 63 
77 67 75 15 84 95 49 57 79 52 49 83 6 82 70 37 46 33 25 67 31 6 41 36 38 81 43 42 0 46 78 41 72 27 30 62 39 100 51 82 24 96 13 78 32 100 54 71 
96 71 43 86 62 76 35 75 65 23 86 25 6 91 58 76 61 42 90 100 56 19 84 18 60 55 24 69 46 0 32 59 74 3 13 15 87 8 30 17 27 66 22 43 44 22 35 33 
42 33 63 11 63 47 42 80 55 93 4 28 64 88 34 61 45 62 42 100 48 89 31 93 21 72 89 26 78 32 0 30 71 51 82 11 70 10 36 0 62 30 72 16 52 33 97 23 
57 64 79 5 96 32 94 38 22 11 26 27 27 80 97 87 12 13 71 28 17 39 97 45 81 16 10 49 41 59 30 0 25 7 26 15 31 51 93 2 71 6 8 69 32 89 68 12 
41 89 78 4 46 97 92 26 20 57 4 97 75 8 79 15 10 84 76 27 63 44 95 92 85 34 84 32 72 74 71 25 0 90 99 10 7 17 8 90 87 55 39 89 68 50 33 10 
67 43 90 6 81 90 98 71 62 19 47 52 88 83 15 65 61 46 62 11 26 11 7 38 62 36 34 71 27 3 51 7 90 0 68 80 27 45 55 66 9 67 10 64 25 2 61 42 
25 74 75 1 67 61 54 13 35 85 62 36 15 33 80 65 92 26 26 72 92 46 62 62 60 66 68 60 30 13 82 26 99 68 0 47 0 14 22 84 26 52 1 71 53 39 44 55 
42 70 45 24 95 48 59 49 34 87 27 65 24 45 86 98 5 9 84 68 64 57 70 52 87 26 46 70 62 15 11 15 10 80 47 0 22 72 5 38 52 71 80 27 18 76 85 62 
77 87 23 98 78 16 40 74 18 51 98 92 44 41 55 68 61 31 15 32 26 28 96 73 24 20 62 13 39 87 70 31 7 27 0 22 0 60 89 89 72 50 74 59 2 57 6 21 
85 38 27 90 52 1 64 80 53 88 18 61 72 55 90 62 99 82 94 83 46 98 84 81 65 56 77 32 100 8 10 51 17 45 14 72 60 0 100 80 22 25 42 70 94 73 49 28 
6 70 1 29 11 33 66 99 7 4 27 2 72 91 22 54 93 92 30 98 81 87 1 18 34 9 97 61 51 30 36 93 8 55 22 5 89 100 0 71 15 95 51 46 4 26 24 18 
32 51 40 67 78 89 11 4 14 66 32 29 70 29 4 58 66 65 59 19 70 35 77 55 66 27 93 89 82 17 0 2 90 66 84 38 89 80 71 0 9 26 63 63 2 90 59 90 
11 67 86 76 51 71 93 50 10 95 84 42 49 76 9 80 69 47 78 24 67 8 3 74 23 92 83 44 24 27 62 71 87 9 26 52 72 22 15 9 0 13 38 79 31 24 59 25 
58 54 45 68 72 83 55 54 100 77 99 3 82 42 44 45 93 41 19 60 58 50 74 54 89 37 5 27 96 66 30 6 55 67 52 71 50 25 95 26 13 0 44 26 46 73 70 68 
94 45 14 21 19 30 30 18 83 73 79 28 93 27 75 81 71 83 9 35 97 8 77 58 34 88 98 85 13 22 72 8 39 10 1 80 74 42 51 63 38 44 0 63 33 20 86 62 
79 41 86 92 67 53 20 11 82 49 36 42 0 68 98 75 4 24 44 91 15 48 96 51 20 69 99 36 78 43 16 69 89 64 71 27 59 70 46 63 79 26 63 0 47 92 61 54 
76 5 60 26 12 83 82 84 23 29 53 23 60 78 72 19 70 90 98 29 98 71 35 4 14 100 37 100 32 44 52 32 68 25 53 18 2 94 4 2 31 46 33 47 0 23 80 65 
96 21 18 66 30 66 28 35 43 33 41 12 57 36 31 50 49 18 58 10 48 32 19 6 46 96 70 6 100 22 33 89 50 2 39 76 57 73 26 90 24 73 20 92 23 0 81 59 
77 46 14 53 31 49 88 49 26 66 64 99 76 16 1 65 36 55 43 97 70 10 95 36 18 23 72 35 54 35 97 68 33 61 44 85 6 49 24 59 59 70 86 61 80 81 0 86 
26 82 30 3 23 95 30 28 44 9 7 11 44 53 68 23 2 74 50 84 50 38 74 41 97 76 68 63 71 33 23 12 10 42 55 62 21 28 18 90 25 68 62 54 65 59 86 0 
BBRBBBRBRBRBBBBRRRRBRRRBBBRRRBRRRBBBRBBBBRBRRRRR