50
0 3 4 23 53 15 16 15 24 45 9 11 5 13 12 17 21 14 18 13 34 15 8 3 23 2 17 37 14 16 18 21 48 14 71 62 2 14 31 7 19 32 8 68 15 12 15 78 2 44
3 0 5 34 73 16 61 55 19 31 11 13 7 14 68 91 67 16 19 19 20 12 13 11 93 10 19 47 14 17 20 19 13 16 74 13 0 61 41 4 63 64 10 20 39 13 71 29 7 18
4 5 0 48 62 16 76 12 20 78 12 49 6 16 25 31 87 22 65 35 10 13 8 1 32 21 50 25 50 16 18 14 34 40 12 16 5 15 28 8 71 72 12 15 13 12 66 50 3 46
23 34 48 0 18 8 17 19 15 10 17 10 12 14 85 37 14 18 15 54 70 6 12 42 31 13 9 13 11 10 14 99 15 55 23 4 15 8 89 44 17 55 13 100 17 20 5 43 15 7
53 73 62 18 0 11 2 7 17 17 32 9 29 63 14 1 10 23 27 20 6 20 43 16 20 16 30 5 45 13 5 32 7 6 9 21 23 14 37 38 2 2 60 10 3 35 17 5 16 13
15 16 16 8 11 0 9 21 8 5 30 8 32 9 16 22 7 12 6 12 10 7 19 15 7 16 2 5 9 14 7 17 9 45 33 11 16 1 25 13 19 29 52 19 10 10 7 8 13 3
16 61 76 17 2 9 0 8 28 15 9 11 40 13 48 1 10 17 17 17 21 11 32 14 3 27 45 4 18 7 20 8 5 15 9 29 18 9 25 18 2 2 53 10 5 7 42 11 14 12
15 55 12 19 7 21 8 0 15 69 22 8 41 59 5 3 69 1 43 2 4 18 17 29 9 18 13 26 63 37 9 4 19 1 13 73 17 20 2 55 19 6 43 19 9 9 63 16 13 15
24 19 20 15 17 8 28 15 0 6 12 8 27 6 16 66 46 14 14 14 19 18 7 20 61 6 11 26 10 34 15 19 25 73 18 5 19 8 56 5 17 76 29 21 14 8 8 16 19 10
45 31 78 10 17 5 15 69 6 0 15 8 29 2 65 16 38 66 21 16 14 18 27 63 12 12 23 11 18 8 51 21 19 57 21 24 42 11 64 11 15 49 12 23 41 7 8 59 52 5
9 11 12 17 32 30 9 22 12 15 0 8 5 14 14 13 17 5 21 4 18 34 5 9 41 29 38 11 70 12 13 8 4 5 27 17 52 12 4 27 12 11 25 9 30 27 44 54 7 16
11 13 49 10 9 8 11 8 8 8 8 0 5 7 46 17 47 16 6 8 5 4 3 10 24 31 7 5 11 8 24 12 4 37 48 12 60 4 8 11 9 8 8 16 14 3 34 31 24 22
5 7 6 12 29 32 40 41 27 29 5 5 0 10 22 12 16 9 12 8 13 7 4 18 17 4 37 47 47 10 13 31 6 44 19 54 23 8 8 7 13 25 3 62 10 6 11 60 4 12
13 14 16 14 63 9 13 59 6 2 14 7 10 0 18 15 13 15 24 53 16 14 34 15 18 24 6 9 15 7 18 20 21 15 93 7 14 4 55 11 67 13 17 22 13 6 6 51 13 4
12 68 25 85 14 16 48 5 16 65 14 46 22 18 0 18 19 5 14 4 8 15 9 14 35 11 18 13 39 32 64 20 35 4 3 22 67 15 3 44 60 25 48 27 8 20 18 51 10 55
17 91 31 37 1 22 1 3 66 16 13 17 12 15 18 0 20 4 6 7 17 34 35 15 4 54 19 5 19 24 20 12 6 12 8 37 24 10 6 78 6 3 15 9 3 32 14 11 15 16
21 67 87 14 10 7 10 69 46 38 17 47 16 13 19 20 0 35 5 15 13 11 39 21 7 19 14 6 16 12 5 71 37 15 57 52 98 8 16 79 8 8 93 95 11 9 9 5 84 7
14 16 22 18 23 12 17 1 14 66 5 16 9 15 5 4 35 0 9 1 2 12 26 11 18 41 13 8 19 10 9 16 3 1 5 20 52 11 8 16 7 6 12 34 3 40 69 28 45 14
18 19 65 15 27 6 17 43 14 21 21 6 12 24 14 6 5 9 0 47 8 9 10 76 3 15 6 1 15 9 2 28 8 12 22 59 19 6 11 18 9 8 15 15 11 9 8 2 16 13
13 19 35 54 20 12 17 2 14 16 4 8 8 53 4 7 15 1 47 0 2 29 35 10 37 49 14 9 44 22 18 15 3 4 13 19 25 33 2 15 8 8 11 7 14 8 15 46 11 70
34 20 10 70 6 10 21 4 19 14 18 5 13 16 8 17 13 2 8 2 0 10 14 9 32 13 12 24 16 21 10 30 1 7 6 20 17 9 3 14 7 7 10 9 4 6 13 34 23 56
15 12 13 6 20 7 11 18 18 18 34 4 7 14 15 34 11 12 9 29 10 0 24 12 9 8 18 8 12 9 17 21 8 29 63 15 12 3 13 10 22 29 30 19 13 3 4 30 46 21
8 13 8 12 43 19 32 17 7 27 5 3 4 34 9 35 39 26 10 35 14 24 0 14 8 5 32 12 12 19 53 12 8 8 29 12 41 16 21 9 11 16 22 52 8 4 35 39 16 53
3 11 1 42 16 15 14 29 20 63 9 10 18 15 14 15 21 11 76 10 9 12 14 0 15 4 17 62 65 15 29 14 20 11 12 15 5 33 33 26 86 55 4 15 13 24 16 18 2 23
23 93 32 31 20 7 3 9 61 12 41 24 17 18 35 4 7 18 3 37 32 9 8 15 0 14 19 5 16 4 2 49 6 18 12 65 50 24 9 17 14 7 14 13 14 6 40 9 15 9
2 10 21 13 16 16 27 18 6 12 29 31 4 24 11 54 19 41 15 49 13 8 5 4 14 0 15 13 12 58 24 15 33 52 14 11 14 11 35 7 68 66 0 17 13 35 13 17 7 59
17 19 50 9 30 2 45 13 11 23 38 7 37 6 18 19 14 13 6 14 12 18 32 17 19 15 0 5 34 3 6 18 33 14 18 26 19 3 70 16 24 9 20 29 10 24 4 22 63 10
37 47 25 13 5 5 4 26 26 11 11 5 47 9 13 5 6 8 1 9 24 8 12 62 5 13 5 0 26 10 2 12 6 9 31 16 70 5 21 16 22 3 15 27 12 21 34 3 15 7
14 14 50 11 45 9 18 63 10 18 70 11 47 15 39 19 16 19 15 44 16 12 12 65 16 12 34 26 0 14 16 24 31 35 87 10 38 13 19 10 30 59 12 26 18 10 7 19 65 40
16 17 16 10 13 14 7 37 34 8 12 8 10 7 32 24 12 10 9 22 21 9 19 15 4 58 3 10 14 0 4 14 8 11 15 14 54 3 32 15 10 24 33 78 7 5 5 5 33 19
18 20 18 14 5 7 20 9 15 51 13 24 13 18 64 20 5 9 2 18 10 17 53 29 2 24 6 2 16 4 0 57 8 49 14 56 20 29 11 84 6 15 16 15 6 11 39 1 17 8
21 19 14 99 32 17 8 4 19 21 8 12 31 20 20 12 71 16 28 15 30 21 12 14 49 15 18 12 24 14 57 0 38 4 2 24 19 16 4 49 48 10 15 2 8 16 19 42 25 90
48 13 34 15 7 9 5 19 25 19 4 4 6 21 35 6 37 3 8 3 1 8 8 20 6 33 33 6 31 8 8 38 0 4 37 26 13 37 16 40 30 16 25 30 18 19 29 22 17 12
14 16 40 55 6 45 15 1 73 57 5 37 44 15 4 12 15 1 12 4 7 29 8 11 18 52 14 9 35 11 49 4 4 0 4 20 16 12 1 34 8 7 12 14 13 19 15 31 47 61
71 74 12 23 9 33 9 13 18 21 27 48 19 93 3 8 57 5 22 13 6 63 29 12 12 14 18 31 87 15 14 2 37 4 0 24 41 16 15 18 34 18 14 3 36 42 94 14 57 19
62 13 16 4 21 11 29 73 5 24 17 12 54 7 22 37 52 20 59 19 20 15 12 15 65 11 26 16 10 14 56 24 26 20 24 0 58 41 20 16 83 19 51 43 19 12 38 85 35 29
2 0 5 15 23 16 18 17 19 42 52 60 23 14 67 24 98 52 19 25 17 12 41 5 50 14 19 70 38 54 20 19 13 16 41 58 0 18 51 12 66 20 4 20 17 13 16 21 18 18
14 61 15 8 14 1 9 20 8 11 12 4 8 4 15 10 8 11 6 33 9 3 16 33 24 11 3 5 13 3 29 16 37 12 16 41 18 0 12 13 33 26 11 30 22 3 6 34 14 4
31 41 28 89 37 25 25 2 56 64 4 8 8 55 3 6 16 8 11 2 3 13 21 33 9 35 70 21 19 32 11 4 16 1 15 20 51 12 0 15 41 8 17 6 5 32 16 11 11 16
7 4 8 44 38 13 18 55 5 11 27 11 7 11 44 78 79 16 18 15 14 10 9 26 17 7 16 16 10 15 84 49 40 34 18 16 12 13 15 0 20 19 4 21 17 27 44 19 15 15
19 63 71 17 2 19 2 19 17 15 12 9 13 67 60 6 8 7 9 8 7 22 11 86 14 68 24 22 30 10 6 48 30 8 34 83 66 33 41 20 0 2 68 22 4 17 22 13 19 12
32 64 72 55 2 29 2 6 76 49 11 8 25 13 25 3 8 6 8 8 7 29 16 55 7 66 9 3 59 24 15 10 16 7 18 19 20 26 8 19 2 0 15 22 16 11 12 13 29 42
8 10 12 13 60 52 53 43 29 12 25 8 3 17 48 15 93 12 15 11 10 30 22 4 14 0 20 15 12 33 16 15 25 12 14 51 4 11 17 4 68 15 0 17 52 9 13 47 2 45
68 20 15 100 10 19 10 19 21 23 9 16 62 22 27 9 95 34 15 7 9 19 52 15 13 17 29 27 26 78 15 2 30 14 3 43 20 30 6 21 22 22 17 0 23 26 53 70 16 43
15 39 13 17 3 10 5 9 14 41 30 14 10 13 8 3 11 3 11 14 4 13 8 13 14 13 10 12 18 7 6 8 18 13 36 19 17 22 5 17 4 16 52 23 0 25 12 6 13 35
12 13 12 20 35 10 7 9 8 7 27 3 6 6 20 32 9 40 9 8 6 3 4 24 6 35 24 21 10 5 11 16 19 19 42 12 13 3 32 27 17 11 9 26 25 0 16 8 46 9
15 71 66 5 17 7 42 63 8 8 44 34 11 6 18 14 9 69 8 15 13 4 35 16 40 13 4 34 7 5 39 19 29 15 94 38 16 6 16 44 22 12 13 53 12 16 0 49 14 11
78 29 50 43 5 8 11 16 16 59 54 31 60 51 51 11 5 28 2 46 34 30 39 18 9 17 22 3 19 5 1 42 22 31 14 85 21 34 11 19 13 13 47 70 6 8 49 0 88 41
2 7 3 15 16 13 14 13 19 52 7 24 4 13 10 15 84 45 16 11 23 46 16 2 15 7 63 15 65 33 17 25 17 47 57 35 18 14 11 15 19 29 2 16 13 46 14 88 0 29
44 18 46 7 13 3 12 15 10 5 16 22 12 4 55 16 7 14 13 70 56 21 53 23 9 59 10 7 40 19 8 90 12 61 19 29 18 4 16 15 12 42 45 43 35 9 11 41 29 0
BBRBBRBRBBRRBRBRBRRRBBRBBRBBBRBRRRRBRBRRRRRBBRBRBB