50
0 2 2 2 4 6 6 6 9 9 10 10 10 10 14 17 17 17 14 19 19 22 22 22 24 26 26 26 26 29 29 29 29 29 34 34 34 38 38 38 41 41 41 41 47 47 47 47 90 49
2 0 2 2 2 4 6 6 6 9 9 10 10 10 10 14 17 17 17 14 19 19 22 22 22 24 26 26 26 26 29 29 29 29 29 34 34 34 38 38 38 41 41 41 41 47 47 47 47 90
2 2 0 2 2 2 4 6 6 6 9 9 10 10 10 10 14 17 17 17 14 19 19 22 22 22 24 26 26 26 26 29 29 29 29 29 34 34 34 38 38 38 41 41 41 41 47 47 47 47
2 2 2 0 2 2 2 4 6 6 6 9 9 10 10 10 10 14 17 17 17 14 19 19 22 22 22 24 26 26 26 26 29 29 29 29 29 34 34 34 38 38 38 41 41 41 41 47 47 47
4 2 2 2 0 2 2 2 4 6 6 6 9 9 10 10 10 10 14 17 17 17 14 19 19 22 22 22 24 26 26 26 26 29 29 29 29 29 34 34 34 38 38 38 41 41 41 41 47 47
6 4 2 2 2 0 2 2 2 4 6 6 6 9 9 10 10 10 10 14 17 17 17 14 19 19 22 22 22 24 26 26 26 26 29 29 29 29 29 34 34 34 38 38 38 41 41 41 41 47
6 6 4 2 2 2 0 2 2 2 4 6 6 6 9 9 10 10 10 10 14 17 17 17 14 19 19 22 22 22 24 26 26 26 26 29 29 29 29 29 34 34 34 38 38 38 41 41 41 41
6 6 6 4 2 2 2 0 2 2 2 4 6 6 6 9 9 10 10 10 10 14 17 17 17 14 19 19 22 22 22 24 26 26 26 26 29 29 29 29 29 34 34 34 38 38 38 41 41 41
9 6 6 6 4 2 2 2 0 2 2 2 4 6 6 6 9 9 10 10 10 10 14 17 17 17 14 19 19 22 22 22 24 26 26 26 26 29 29 29 29 29 34 34 34 38 38 38 41 41
9 9 6 6 6 4 2 2 2 0 2 2 2 4 6 6 6 9 9 10 10 10 10 14 17 17 17 14 19 19 22 22 22 24 26 26 26 26 29 29 29 29 29 34 34 34 38 38 38 41
10 9 9 6 6 6 4 2 2 2 0 2 2 2 4 6 6 6 9 9 10 10 10 10 14 17 17 17 14 19 19 22 22 22 24 26 26 26 26 29 29 29 29 29 34 34 34 38 38 38
10 10 9 9 6 6 6 4 2 2 2 0 2 2 2 4 6 6 6 9 9 10 10 10 10 14 17 17 17 14 19 19 22 22 22 24 26 26 26 26 29 29 29 29 29 34 34 34 38 38
10 10 10 9 9 6 6 6 4 2 2 2 0 2 2 2 4 6 6 6 9 9 10 10 10 10 14 17 17 17 14 19 19 22 22 22 24 26 26 26 26 29 29 29 29 29 34 34 34 38
10 10 10 10 9 9 6 6 6 4 2 2 2 0 2 2 2 4 6 6 6 9 9 10 10 10 10 14 17 17 17 14 19 19 22 22 22 24 26 26 26 26 29 29 29 29 29 34 34 34
14 10 10 10 10 9 9 6 6 6 4 2 2 2 0 2 2 2 4 6 6 6 9 9 10 10 10 10 14 17 17 17 14 19 19 22 22 22 24 26 26 26 26 29 29 29 29 29 34 34
17 14 10 10 10 10 9 9 6 6 6 4 2 2 2 0 2 2 2 4 6 6 6 9 9 10 10 10 10 14 17 17 17 14 19 19 22 22 22 24 26 26 26 26 29 29 29 29 29 34
17 17 14 10 10 10 10 9 9 6 6 6 4 2 2 2 0 2 2 2 4 6 6 6 9 9 10 10 10 10 14 17 17 17 14 19 19 22 22 22 24 26 26 26 26 29 29 29 29 29
17 17 17 14 10 10 10 10 9 9 6 6 6 4 2 2 2 0 2 2 2 4 6 6 6 9 9 10 10 10 10 14 17 17 17 14 19 19 22 22 22 24 26 26 26 26 29 29 29 29
14 17 17 17 14 10 10 10 10 9 9 6 6 6 4 2 2 2 0 2 2 2 4 6 6 6 9 9 10 10 10 10 14 17 17 17 14 19 19 22 22 22 24 26 26 26 26 29 29 29
19 14 17 17 17 14 10 10 10 10 9 9 6 6 6 4 2 2 2 0 2 2 2 4 6 6 6 9 9 10 10 10 10 14 17 17 17 14 19 19 22 22 22 24 26 26 26 26 29 29
19 19 14 17 17 17 14 10 10 10 10 9 9 6 6 6 4 2 2 2 0 2 2 2 4 6 6 6 9 9 10 10 10 10 14 17 17 17 14 19 19 22 22 22 24 26 26 26 26 29
22 19 19 14 17 17 17 14 10 10 10 10 9 9 6 6 6 4 2 2 2 0 2 2 2 4 6 6 6 9 9 10 10 10 10 14 17 17 17 14 19 19 22 22 22 24 26 26 26 26
22 22 19 19 14 17 17 17 14 10 10 10 10 9 9 6 6 6 4 2 2 2 0 2 2 2 4 6 6 6 9 9 10 10 10 10 14 17 17 17 14 19 19 22 22 22 24 26 26 26
22 22 22 19 19 14 17 17 17 14 10 10 10 10 9 9 6 6 6 4 2 2 2 0 2 2 2 4 6 6 6 9 9 10 10 10 10 14 17 17 17 14 19 19 22 22 22 24 26 26
24 22 22 22 19 19 14 17 17 17 14 10 10 10 10 9 9 6 6 6 4 2 2 2 0 2 2 2 4 6 6 6 9 9 10 10 10 10 14 17 17 17 14 19 19 22 22 22 24 26
26 24 22 22 22 19 19 14 17 17 17 14 10 10 10 10 9 9 6 6 6 4 2 2 2 0 2 2 2 4 6 6 6 9 9 10 10 10 10 14 17 17 17 14 19 19 22 22 22 24
26 26 24 22 22 22 19 19 14 17 17 17 14 10 10 10 10 9 9 6 6 6 4 2 2 2 0 2 2 2 4 6 6 6 9 9 10 10 10 10 14 17 17 17 14 19 19 22 22 22
26 26 26 24 22 22 22 19 19 14 17 17 17 14 10 10 10 10 9 9 6 6 6 4 2 2 2 0 2 2 2 4 6 6 6 9 9 10 10 10 10 14 17 17 17 14 19 19 22 22
26 26 26 26 24 22 22 22 19 19 14 17 17 17 14 10 10 10 10 9 9 6 6 6 4 2 2 2 0 2 2 2 4 6 6 6 9 9 10 10 10 10 14 17 17 17 14 19 19 22
29 26 26 26 26 24 22 22 22 19 19 14 17 17 17 14 10 10 10 10 9 9 6 6 6 4 2 2 2 0 2 2 2 4 6 6 6 9 9 10 10 10 10 14 17 17 17 14 19 19
29 29 26 26 26 26 24 22 22 22 19 19 14 17 17 17 14 10 10 10 10 9 9 6 6 6 4 2 2 2 0 2 2 2 4 6 6 6 9 9 10 10 10 10 14 17 17 17 14 19
29 29 29 26 26 26 26 24 22 22 22 19 19 14 17 17 17 14 10 10 10 10 9 9 6 6 6 4 2 2 2 0 2 2 2 4 6 6 6 9 9 10 10 10 10 14 17 17 17 14
29 29 29 29 26 26 26 26 24 22 22 22 19 19 14 17 17 17 14 10 10 10 10 9 9 6 6 6 4 2 2 2 0 2 2 2 4 6 6 6 9 9 10 10 10 10 14 17 17 17
29 29 29 29 29 26 26 26 26 24 22 22 22 19 19 14 17 17 17 14 10 10 10 10 9 9 6 6 6 4 2 2 2 0 2 2 2 4 6 6 6 9 9 10 10 10 10 14 17 17
34 29 29 29 29 29 26 26 26 26 24 22 22 22 19 19 14 17 17 17 14 10 10 10 10 9 9 6 6 6 4 2 2 2 0 2 2 2 4 6 6 6 9 9 10 10 10 10 14 17
34 34 29 29 29 29 29 26 26 26 26 24 22 22 22 19 19 14 17 17 17 14 10 10 10 10 9 9 6 6 6 4 2 2 2 0 2 2 2 4 6 6 6 9 9 10 10 10 10 14
34 34 34 29 29 29 29 29 26 26 26 26 24 22 22 22 19 19 14 17 17 17 14 10 10 10 10 9 9 6 6 6 4 2 2 2 0 2 2 2 4 6 6 6 9 9 10 10 10 10
38 34 34 34 29 29 29 29 29 26 26 26 26 24 22 22 22 19 19 14 17 17 17 14 10 10 10 10 9 9 6 6 6 4 2 2 2 0 2 2 2 4 6 6 6 9 9 10 10 10
38 38 34 34 34 29 29 29 29 29 26 26 26 26 24 22 22 22 19 19 14 17 17 17 14 10 10 10 10 9 9 6 6 6 4 2 2 2 0 2 2 2 4 6 6 6 9 9 10 10
38 38 38 34 34 34 29 29 29 29 29 26 26 26 26 24 22 22 22 19 19 14 17 17 17 14 10 10 10 10 9 9 6 6 6 4 2 2 2 0 2 2 2 4 6 6 6 9 9 10
41 38 38 38 34 34 34 29 29 29 29 29 26 26 26 26 24 22 22 22 19 19 14 17 17 17 14 10 10 10 10 9 9 6 6 6 4 2 2 2 0 2 2 2 4 6 6 6 9 9
41 41 38 38 38 34 34 34 29 29 29 29 29 26 26 26 26 24 22 22 22 19 19 14 17 17 17 14 10 10 10 10 9 9 6 6 6 4 2 2 2 0 2 2 2 4 6 6 6 9
41 41 41 38 38 38 34 34 34 29 29 29 29 29 26 26 26 26 24 22 22 22 19 19 14 17 17 17 14 10 10 10 10 9 9 6 6 6 4 2 2 2 0 2 2 2 4 6 6 6
41 41 41 41 38 38 38 34 34 34 29 29 29 29 29 26 26 26 26 24 22 22 22 19 19 14 17 17 17 14 10 10 10 10 9 9 6 6 6 4 2 2 2 0 2 2 2 4 6 6
47 41 41 41 41 38 38 38 34 34 34 29 29 29 29 29 26 26 26 26 24 22 22 22 19 19 14 17 17 17 14 10 10 10 10 9 9 6 6 6 4 2 2 2 0 2 2 2 4 6
47 47 41 41 41 41 38 38 38 34 34 34 29 29 29 29 29 26 26 26 26 24 22 22 22 19 19 14 17 17 17 14 10 10 10 10 9 9 6 6 6 4 2 2 2 0 2 2 2 4
47 47 47 41 41 41 41 38 38 38 34 34 34 29 29 29 29 29 26 26 26 26 24 22 22 22 19 19 14 17 17 17 14 10 10 10 10 9 9 6 6 6 4 2 2 2 0 2 2 2
47 47 47 47 41 41 41 41 38 38 38 34 34 34 29 29 29 29 29 26 26 26 26 24 22 22 22 19 19 14 17 17 17 14 10 10 10 10 9 9 6 6 6 4 2 2 2 0 2 2
90 47 47 47 47 41 41 41 41 38 38 38 34 34 34 29 29 29 29 29 26 26 26 26 24 22 22 22 19 19 14 17 17 17 14 10 10 10 10 9 9 6 6 6 4 2 2 2 0 2
49 90 47 47 47 47 41 41 41 41 38 38 38 34 34 34 29 29 29 29 29 26 26 26 26 24 22 22 22 19 19 14 17 17 17 14 10 10 10 10 9 9 6 6 6 4 2 2 2 0
RRRBBRBRRBRRBRBBRBRRBRRBBRRRBBRBBBRRRBBRRBRRBBBBBB