50
0 67 73 73 95 80 75 81 74 94 95 98 84 73 90 80 96 90 93 23 64 94 50 77 92 91 79 84 75 90 82 96 99 92 97 97 78 88 62 97 87 70 90 67 93 62 12 93 96 95
67 0 76 9 96 92 95 6 68 89 89 96 81 50 95 85 4 93 100 91 89 98 79 86 75 91 68 61 76 98 80 98 94 95 9 100 95 81 58 97 82 86 87 65 99 68 77 75 99 94
73 76 0 80 95 72 96 85 87 83 93 94 81 67 88 83 95 72 95 77 85 10 91 77 91 57 68 4 93 86 60 3 98 94 93 99 89 59 96 99 94 70 85 95 80 16 73 85 98 95
73 9 80 0 97 89 79 82 50 83 67 96 92 87 50 50 95 63 86 71 66 94 72 84 73 94 65 88 80 98 72 96 99 98 95 98 87 87 10 91 58 98 77 84 93 91 80 94 94 96
95 96 95 97 0 96 97 97 95 13 96 81 96 98 90 99 96 92 94 98 97 96 91 100 96 96 4 99 98 99 99 97 98 16 99 96 95 86 95 96 94 98 93 95 99 93 95 95 92 97
80 92 72 89 96 0 82 53 85 79 84 93 77 50 17 83 97 82 96 79 93 96 91 76 91 21 83 85 83 93 90 96 95 94 97 98 82 83 79 98 84 86 88 93 96 85 90 92 98 97
75 95 96 79 97 82 0 86 98 77 85 10 11 96 92 77 93 96 15 82 86 97 90 77 82 95 84 87 94 81 57 97 91 100 98 90 82 95 86 99 53 77 84 94 88 78 94 89 96 97
81 6 85 82 97 53 86 0 66 91 67 98 88 77 82 83 12 94 97 78 84 93 81 80 81 75 95 77 97 58 98 99 94 94 100 99 87 70 93 98 85 93 90 92 83 90 11 94 89 92
74 68 87 50 95 85 98 66 0 80 92 96 78 90 83 86 92 85 84 62 89 100 74 86 83 66 61 70 86 74 93 99 97 93 93 96 59 82 67 96 77 12 60 21 98 80 84 53 98 97
94 89 83 83 13 79 77 91 80 0 81 100 81 64 89 74 95 81 96 92 79 96 13 88 84 66 7 63 54 92 82 96 93 93 94 95 80 85 87 95 68 76 87 84 94 82 89 83 94 96
95 89 93 67 96 84 85 67 92 81 0 100 12 87 93 80 97 67 91 70 75 96 92 76 86 58 89 95 85 85 92 96 89 95 97 97 81 81 97 97 66 82 90 78 17 85 85 77 91 95
98 96 94 96 81 93 10 98 96 100 100 0 86 99 94 90 95 94 81 17 92 95 90 95 99 92 98 96 95 97 96 92 96 96 94 93 99 92 94 93 90 99 94 92 96 93 87 99 95 92
84 81 81 92 96 77 11 88 78 81 12 86 0 94 77 76 93 55 21 82 96 93 70 68 63 64 52 65 85 81 65 94 100 99 91 97 69 96 77 95 94 77 58 74 97 95 93 93 92 95
73 50 67 87 98 50 96 77 90 64 87 99 94 0 65 82 97 15 84 96 50 95 85 59 91 52 88 83 57 79 87 100 98 100 93 96 13 84 94 96 91 59 97 99 89 57 87 93 94 99
90 95 88 50 90 17 92 82 83 89 93 94 77 65 0 73 92 69 95 83 87 99 94 93 76 77 61 99 68 9 84 95 99 97 94 98 91 70 79 96 50 75 77 93 97 71 75 77 92 99
80 85 83 50 99 83 77 83 86 74 80 90 76 82 73 0 100 85 98 94 58 96 89 12 13 68 90 87 90 50 77 96 97 96 99 92 84 84 83 92 92 94 73 76 98 80 75 55 93 92
96 4 95 95 96 97 93 12 92 95 97 95 93 97 92 100 0 92 96 89 95 89 98 96 93 98 88 98 93 97 84 96 98 91 11 98 95 95 98 96 100 94 94 97 97 100 98 96 99 99
90 93 72 63 92 82 96 94 85 81 67 94 55 15 69 85 92 0 94 97 93 94 89 79 80 88 64 67 90 70 10 93 95 100 98 95 69 83 85 96 81 60 81 85 97 81 78 87 99 93
93 100 95 86 94 96 15 97 84 96 91 81 21 84 95 98 96 94 0 97 88 91 97 97 92 97 99 87 97 93 94 91 95 94 97 96 89 88 96 99 98 97 94 92 92 95 91 98 91 98
23 91 77 71 98 79 82 78 62 92 70 17 82 96 83 94 89 97 97 0 69 93 92 79 72 87 98 85 82 88 84 94 96 96 93 93 94 96 86 94 84 92 76 93 96 92 87 61 97 96
64 89 85 66 97 93 86 84 89 79 75 92 96 50 87 58 95 93 88 69 0 97 85 94 80 10 88 78 15 86 94 96 98 96 98 81 67 79 89 98 75 95 64 50 99 89 74 83 94 90
94 98 10 94 96 96 97 93 100 96 96 95 93 95 99 96 89 94 91 93 97 0 98 96 97 96 96 98 88 94 98 16 97 97 99 97 98 98 95 98 98 92 98 96 87 98 97 91 97 96
50 79 91 72 91 91 90 81 74 13 92 90 70 85 94 89 98 89 97 92 85 98 0 86 82 88 60 83 90 74 64 96 97 98 91 93 12 60 81 99 50 87 52 76 95 91 83 81 95 95
77 86 77 84 100 76 77 80 86 88 76 95 68 59 93 12 96 79 97 79 94 96 86 0 63 57 82 79 73 76 90 95 3 100 99 10 86 81 77 99 87 91 79 86 95 6 89 84 91 91
92 75 91 73 96 91 82 81 83 84 86 99 63 91 76 13 93 80 92 72 80 97 82 63 0 88 68 75 85 66 80 96 93 96 94 98 72 92 56 92 6 90 63 78 98 84 62 73 93 8
91 91 57 94 96 21 95 75 66 66 58 92 64 52 77 68 98 88 97 87 10 96 88 57 88 0 81 95 88 73 90 94 98 95 98 97 92 70 74 99 67 90 95 81 94 83 77 83 92 95
79 68 68 65 4 83 84 95 61 7 89 98 52 88 61 90 88 64 99 98 88 96 60 82 68 81 0 10 81 92 88 98 91 12 95 98 84 84 65 94 89 88 77 70 97 96 83 88 94 95
84 61 4 88 99 85 87 77 70 63 95 96 65 83 99 87 98 67 87 85 78 98 83 79 75 95 10 0 95 77 92 11 80 89 96 98 74 96 81 97 92 89 87 72 97 97 82 56 98 95
75 76 93 80 98 83 94 97 86 54 85 95 85 57 68 90 93 90 97 82 15 88 90 73 85 88 81 95 0 85 93 96 96 97 90 91 81 14 68 95 76 66 96 79 94 90 69 72 99 93
90 98 86 98 99 93 81 58 74 92 85 97 81 79 9 50 97 70 93 88 86 94 74 76 66 73 92 77 85 0 50 94 90 96 99 92 68 88 14 98 98 91 79 67 96 78 90 83 94 94
82 80 60 72 99 90 57 98 93 82 92 96 65 87 84 77 84 10 94 84 94 98 64 90 80 90 88 92 93 50 0 92 92 98 92 99 82 10 92 92 94 51 83 95 94 86 91 95 89 92
96 98 3 96 97 96 97 99 99 96 96 92 94 100 95 96 96 93 91 94 96 16 96 95 96 94 98 11 96 94 92 0 98 96 100 94 95 94 94 97 99 95 95 92 92 96 96 94 92 92
99 94 98 99 98 95 91 94 97 93 89 96 100 98 99 97 98 95 95 96 98 97 97 3 93 98 91 80 96 90 92 98 0 90 100 18 95 94 98 96 97 98 97 99 99 14 94 97 92 95
92 95 94 98 16 94 100 94 93 93 95 96 99 100 97 96 91 100 94 96 96 97 98 100 96 95 12 89 97 96 98 96 90 0 97 88 90 93 96 95 98 98 94 97 92 91 87 96 90 96
97 9 93 95 99 97 98 100 93 94 97 94 91 93 94 99 11 98 97 93 98 99 91 99 94 98 95 96 90 99 92 100 100 97 0 93 97 95 97 96 97 96 99 94 98 95 96 100 99 92
97 100 99 98 96 98 90 99 96 95 97 93 97 96 98 92 98 95 96 93 81 97 93 10 98 97 98 98 91 92 99 94 18 88 93 0 92 94 98 97 99 91 98 90 95 98 97 96 96 95
78 95 89 87 95 82 82 87 59 80 81 99 69 13 91 84 95 69 89 94 67 98 12 86 72 92 84 74 81 68 82 95 95 90 97 92 0 81 95 97 79 90 84 92 99 84 80 59 97 97
88 81 59 87 86 83 95 70 82 85 81 92 96 84 70 84 95 83 88 96 79 98 60 81 92 70 84 96 14 88 10 94 94 93 95 94 81 0 66 97 53 75 60 75 97 60 88 72 98 89
62 58 96 10 95 79 86 93 67 87 97 94 77 94 79 83 98 85 96 86 89 95 81 77 56 74 65 81 68 14 92 94 98 96 97 98 95 66 0 97 77 77 87 73 96 61 81 79 97 96
97 97 99 91 96 98 99 98 96 95 97 93 95 96 96 92 96 96 99 94 98 98 99 99 92 99 94 97 95 98 92 97 96 95 96 97 97 97 97 0 96 15 98 98 81 92 93 18 99 93
87 82 94 58 94 84 53 85 77 68 66 90 94 91 50 92 100 81 98 84 75 98 50 87 6 67 89 92 76 98 94 99 97 98 97 99 79 53 77 96 0 77 13 73 97 98 86 74 25 2
70 86 70 98 98 86 77 93 12 76 82 99 77 59 75 94 94 60 97 92 95 92 87 91 90 90 88 89 66 91 51 95 98 98 96 91 90 75 77 15 77 0 95 79 88 97 83 13 97 95
90 87 85 77 93 88 84 90 60 87 90 94 58 97 77 73 94 81 94 76 64 98 52 79 63 95 77 87 96 79 83 95 97 94 99 98 84 60 87 98 13 95 0 11 94 90 87 87 98 97
67 65 95 84 95 93 94 92 21 84 78 92 74 99 93 76 97 85 92 93 50 96 76 86 78 81 70 72 79 67 95 92 99 97 94 90 92 75 73 98 73 79 11 0 93 95 64 97 95 96
93 99 80 93 99 96 88 83 98 94 17 96 97 89 97 98 97 97 92 96 99 87 95 95 98 94 97 97 94 96 94 92 99 92 98 95 99 97 96 81 97 88 94 93 0 91 90 11 95 99
62 68 16 91 93 85 78 90 80 82 85 93 95 57 71 80 100 81 95 92 89 98 91 6 84 83 96 97 90 78 86 96 14 91 95 98 84 60 61 92 98 97 90 95 91 0 80 81 95 98
12 77 73 80 95 90 94 11 84 89 85 87 93 87 75 75 98 78 91 87 74 97 83 89 62 77 83 82 69 90 91 96 94 87 96 97 80 88 81 93 86 83 87 64 90 80 0 85 98 98
93 75 85 94 95 92 89 94 53 83 77 99 93 93 77 55 96 87 98 61 83 91 81 84 73 83 88 56 72 83 95 94 97 96 100 96 59 72 79 18 74 13 87 97 11 81 85 0 95 96
96 99 98 94 92 98 96 89 98 94 91 95 92 94 92 93 99 99 91 97 94 97 95 91 93 92 94 98 99 94 89 92 92 90 99 96 97 98 97 99 25 97 98 95 95 95 98 95 0 11
95 94 95 96 97 97 97 92 97 96 95 92 95 99 99 92 99 93 98 96 90 96 95 91 8 95 95 95 93 94 92 92 95 96 92 95 97 89 96 93 2 95 97 96 99 98 98 96 11 0
RBRBRBBBBRRRBRRRRRRRBBBRBBBRBBBBBRBBBBRBBRRRRBRRRR