50
0 37 24 28 5 77 0 91 34 5 7 69 88 31 26 11 87 98 6 67 79 51 19 49 28 91 40 96 83 0 81 85 71 18 48 55 74 5 9 94 41 26 80 25 71 55 13 91 24 16 
37 0 27 31 46 50 28 65 21 38 66 59 88 59 31 34 62 96 41 18 87 28 88 92 47 64 100 16 8 25 58 87 52 39 80 65 19 15 1 98 87 49 38 37 34 44 82 61 58 89 
24 27 0 26 41 79 3 97 81 94 28 76 41 2 79 24 0 68 37 22 78 90 40 72 50 19 83 19 6 15 33 63 35 17 0 93 79 62 21 46 12 73 58 44 45 16 21 0 71 36 
28 31 26 0 75 6 73 49 64 28 99 31 62 100 48 86 63 69 13 73 53 22 60 91 16 77 55 70 4 37 98 60 67 5 19 35 100 70 96 99 70 23 67 59 89 20 33 73 17 60 
5 46 41 75 0 35 26 4 19 30 72 9 47 17 25 60 12 26 52 69 97 87 85 88 57 78 11 35 80 72 15 59 73 71 24 35 49 16 36 34 2 76 31 93 36 82 58 21 60 79 
77 50 79 6 35 0 33 23 31 79 26 88 22 79 28 55 94 95 79 56 79 69 13 47 77 70 8 53 92 67 25 3 63 89 80 99 85 24 72 73 44 86 69 76 23 99 6 88 40 64 
0 28 3 73 26 33 0 2 87 27 36 99 13 33 73 37 93 84 99 9 46 11 95 94 36 84 72 56 89 63 19 64 95 6 49 86 92 47 67 26 1 30 89 44 31 2 46 53 80 12 
91 65 97 49 4 23 2 0 77 41 83 99 57 62 80 87 83 7 52 47 76 11 92 78 36 5 6 35 36 22 69 83 12 69 43 43 0 71 11 29 72 9 34 3 6 35 68 14 61 27 
34 21 81 64 19 31 87 77 0 2 95 41 91 15 69 39 4 15 33 54 31 61 23 72 2 53 97 63 67 73 57 85 7 0 81 33 58 58 74 8 82 27 89 30 8 87 51 61 81 65 
5 38 94 28 30 79 27 41 2 0 71 51 87 63 69 48 53 46 3 76 92 28 68 76 79 27 56 92 43 8 53 28 88 88 38 84 55 91 16 57 86 78 95 58 75 52 78 8 5 61 
7 66 28 99 72 26 36 83 95 71 0 66 3 40 37 69 31 100 1 26 3 82 8 80 33 96 96 76 95 86 23 31 86 66 37 70 52 53 4 43 51 22 92 55 24 30 96 30 79 100 
69 59 76 31 9 88 99 99 41 51 66 0 55 21 26 10 5 47 88 12 50 0 46 68 72 14 16 79 92 83 15 58 90 34 16 60 55 95 97 59 40 22 83 8 96 43 62 46 72 80 
88 88 41 62 47 22 13 57 91 87 3 55 0 79 84 93 7 91 49 81 57 86 46 23 38 15 91 99 8 55 88 41 44 18 12 58 44 50 80 51 57 14 4 89 75 7 33 16 12 17 
31 59 2 100 17 79 33 62 15 63 40 21 79 0 29 14 76 81 78 55 8 63 77 27 51 18 7 0 96 7 58 35 53 21 73 48 92 86 21 66 2 48 54 58 12 88 92 3 70 86 
26 31 79 48 25 28 73 80 69 69 37 26 84 29 0 83 41 12 39 5 72 96 56 45 40 92 92 82 90 87 66 17 7 24 7 76 94 19 16 22 40 93 60 46 92 85 47 100 89 33 
11 34 24 86 60 55 37 87 39 48 69 10 93 14 83 0 43 68 87 80 89 21 17 53 72 20 14 91 57 14 90 89 30 50 93 37 15 98 66 54 45 22 47 64 10 73 13 85 13 87 
87 62 0 63 12 94 93 83 4 53 31 5 7 76 41 43 0 61 42 38 88 4 89 1 48 22 72 89 86 52 18 64 8 8 10 50 20 9 70 16 58 44 35 49 32 61 10 65 97 45 
98 96 68 69 26 95 84 7 15 46 100 47 91 81 12 68 61 0 28 61 89 64 20 37 10 93 5 90 47 15 87 22 69 25 41 59 29 35 70 81 62 88 13 1 69 78 56 67 99 48 
6 41 37 13 52 79 99 52 33 3 1 88 49 78 39 87 42 28 0 97 50 18 68 100 39 48 26 71 13 74 21 94 73 42 10 81 27 100 44 42 88 89 5 61 13 57 4 62 68 64 
67 18 22 73 69 56 9 47 54 76 26 12 81 55 5 80 38 61 97 0 9 37 32 14 23 69 18 75 75 6 32 93 65 37 78 90 8 32 87 81 82 36 93 82 93 55 69 92 70 3 
79 87 78 53 97 79 46 76 31 92 3 50 57 8 72 89 88 89 50 9 0 67 79 45 79 22 78 79 44 75 91 41 14 86 11 5 59 90 73 78 96 48 94 85 54 42 30 62 5 75 
51 28 90 22 87 69 11 11 61 28 82 0 86 63 96 21 4 64 18 37 67 0 95 77 51 87 43 96 87 48 34 56 49 21 67 73 81 44 91 86 73 47 5 99 61 67 19 85 8 28 
19 88 40 60 85 13 95 92 23 68 8 46 46 77 56 17 89 20 68 32 79 95 0 61 97 33 48 62 37 54 78 11 33 12 37 77 38 58 66 93 88 48 93 47 89 94 25 42 2 19 
49 92 72 91 88 47 94 78 72 76 80 68 23 27 45 53 1 37 100 14 45 77 61 0 84 14 23 55 26 27 13 93 61 29 23 56 9 85 84 40 41 82 87 44 80 31 92 14 50 96 
28 47 50 16 57 77 36 36 2 79 33 72 38 51 40 72 48 10 39 23 79 51 97 84 0 10 59 63 79 81 41 4 5 36 48 65 68 38 35 49 41 16 60 82 5 20 74 62 28 35 
91 64 19 77 78 70 84 5 53 27 96 14 15 18 92 20 22 93 48 69 22 87 33 14 10 0 93 41 50 66 52 29 17 22 76 68 28 78 8 21 21 67 10 82 97 79 21 90 12 39 
40 100 83 55 11 8 72 6 97 56 96 16 91 7 92 14 72 5 26 18 78 43 48 23 59 93 0 19 21 15 5 11 32 32 0 11 49 22 46 23 32 97 63 24 18 6 84 61 70 29 
96 16 19 70 35 53 56 35 63 92 76 79 99 0 82 91 89 90 71 75 79 96 62 55 63 41 19 0 75 52 23 15 60 12 100 50 91 11 93 66 59 18 78 1 1 33 66 25 59 82 
83 8 6 4 80 92 89 36 67 43 95 92 8 96 90 57 86 47 13 75 44 87 37 26 79 50 21 75 0 54 72 5 65 19 88 6 1 42 74 32 33 59 82 55 61 12 30 52 47 40 
0 25 15 37 72 67 63 22 73 8 86 83 55 7 87 14 52 15 74 6 75 48 54 27 81 66 15 52 54 0 36 5 89 38 29 74 4 83 41 23 97 79 90 56 59 6 38 79 13 82 
81 58 33 98 15 25 19 69 57 53 23 15 88 58 66 90 18 87 21 32 91 34 78 13 41 52 5 23 72 36 0 29 75 39 5 15 33 41 70 4 46 100 68 24 25 64 59 92 57 95 
85 87 63 60 59 3 64 83 85 28 31 58 41 35 17 89 64 22 94 93 41 56 11 93 4 29 11 15 5 5 29 0 39 57 61 96 79 70 56 68 53 24 29 9 23 70 24 32 88 30 
71 52 35 67 73 63 95 12 7 88 86 90 44 53 7 30 8 69 73 65 14 49 33 61 5 17 32 60 65 89 75 39 0 75 82 47 56 57 47 74 55 78 15 45 76 35 82 22 20 38 
18 39 17 5 71 89 6 69 0 88 66 34 18 21 24 50 8 25 42 37 86 21 12 29 36 22 32 12 19 38 39 57 75 0 77 6 15 31 100 99 55 58 85 81 27 38 65 88 71 40 
48 80 0 19 24 80 49 43 81 38 37 16 12 73 7 93 10 41 10 78 11 67 37 23 48 76 0 100 88 29 5 61 82 77 0 8 12 43 76 42 61 38 25 51 18 12 0 98 47 75 
55 65 93 35 35 99 86 43 33 84 70 60 58 48 76 37 50 59 81 90 5 73 77 56 65 68 11 50 6 74 15 96 47 6 8 0 65 60 70 59 80 57 73 52 62 35 66 92 87 60 
74 19 79 100 49 85 92 0 58 55 52 55 44 92 94 15 20 29 27 8 59 81 38 9 68 28 49 91 1 4 33 79 56 15 12 65 0 53 85 46 85 75 63 3 8 61 58 51 75 65 
5 15 62 70 16 24 47 71 58 91 53 95 50 86 19 98 9 35 100 32 90 44 58 85 38 78 22 11 42 83 41 70 57 31 43 60 53 0 82 27 20 60 17 12 22 59 95 51 76 30 
9 1 21 96 36 72 67 11 74 16 4 97 80 21 16 66 70 70 44 87 73 91 66 84 35 8 46 93 74 41 70 56 47 100 76 70 85 82 0 36 90 33 1 58 5 8 35 69 90 34 
94 98 46 99 34 73 26 29 8 57 43 59 51 66 22 54 16 81 42 81 78 86 93 40 49 21 23 66 32 23 4 68 74 99 42 59 46 27 36 0 85 100 88 33 57 19 34 15 82 29 
41 87 12 70 2 44 1 72 82 86 51 40 57 2 40 45 58 62 88 82 96 73 88 41 41 21 32 59 33 97 46 53 55 55 61 80 85 20 90 85 0 16 77 54 9 79 37 36 39 99 
26 49 73 23 76 86 30 9 27 78 22 22 14 48 93 22 44 88 89 36 48 47 48 82 16 67 97 18 59 79 100 24 78 58 38 57 75 60 33 100 16 0 66 4 30 68 80 20 14 19 
80 38 58 67 31 69 89 34 89 95 92 83 4 54 60 47 35 13 5 93 94 5 93 87 60 10 63 78 82 90 68 29 15 85 25 73 63 17 1 88 77 66 0 73 34 96 38 12 23 98 
25 37 44 59 93 76 44 3 30 58 55 8 89 58 46 64 49 1 61 82 85 99 47 44 82 82 24 1 55 56 24 9 45 81 51 52 3 12 58 33 54 4 73 0 98 15 28 81 79 27 
71 34 45 89 36 23 31 6 8 75 24 96 75 12 92 10 32 69 13 93 54 61 89 80 5 97 18 1 61 59 25 23 76 27 18 62 8 22 5 57 9 30 34 98 0 48 97 86 27 61 
55 44 16 20 82 99 2 35 87 52 30 43 7 88 85 73 61 78 57 55 42 67 94 31 20 79 6 33 12 6 64 70 35 38 12 35 61 59 8 19 79 68 96 15 48 0 2 62 48 81 
13 82 21 33 58 6 46 68 51 78 96 62 33 92 47 13 10 56 4 69 30 19 25 92 74 21 84 66 30 38 59 24 82 65 0 66 58 95 35 34 37 80 38 28 97 2 0 89 55 35 
91 61 0 73 21 88 53 14 61 8 30 46 16 3 100 85 65 67 62 92 62 85 42 14 62 90 61 25 52 79 92 32 22 88 98 92 51 51 69 15 36 20 12 81 86 62 89 0 85 76 
24 58 71 17 60 40 80 61 81 5 79 72 12 70 89 13 97 99 68 70 5 8 2 50 28 12 70 59 47 13 57 88 20 71 47 87 75 76 90 82 39 14 23 79 27 48 55 85 0 41 
16 89 36 60 79 64 12 27 65 61 100 80 17 86 33 87 45 48 64 3 75 28 19 96 35 39 29 82 40 82 95 30 38 40 75 60 65 30 34 29 99 19 98 27 61 81 35 76 41 0 
RBRBRBRBRBRBRBRBRBRBRBRBRBRBRBRBRBRBRBRBRBRBRBRBRB