50
0 12 24 82 97 25 31 98 73 24 59 85 30 95 97 96 78 26 78 85 98 80 71 61 25 52 11 79 60 42 10 79 46 97 66 3 33 26 74 89 13 32 8 70 94 68 35 76 97 92
12 0 36 73 71 79 39 68 32 77 52 79 81 71 99 82 92 18 23 20 59 73 72 78 62 44 25 39 68 40 89 40 5 21 85 30 37 72 67 20 27 50 9 76 43 35 78 30 51 60
24 36 0 90 37 23 46 46 92 10 15 87 69 37 96 3 57 20 26 76 56 57 19 33 62 78 24 29 51 59 16 65 76 2 83 30 83 88 84 78 39 63 34 61 69 81 71 93 41 41
82 73 90 0 71 12 21 54 6 71 92 63 88 35 34 36 21 79 51 79 15 17 18 13 17 43 85 41 62 77 29 12 44 55 1 93 3 39 71 74 97 66 18 88 15 70 77 55 79 55
97 71 37 71 0 19 87 61 41 82 62 27 66 55 94 100 6 100 37 58 5 33 81 24 29 48 68 29 81 9 45 56 81 4 42 75 71 30 7 15 54 68 88 76 81 33 24 15 70 74
25 79 23 12 19 0 17 16 75 89 89 44 98 24 73 80 67 20 48 2 15 26 9 21 16 73 73 15 32 77 91 65 37 25 46 19 83 47 86 45 100 14 2 86 52 21 90 1 23 88
31 39 46 21 87 17 0 37 27 47 90 52 13 89 63 55 72 14 71 97 25 7 53 49 83 66 60 91 100 48 44 2 77 86 64 46 51 51 87 35 53 2 37 69 5 95 49 80 87 81
98 68 46 54 61 16 37 0 6 62 90 83 91 67 27 77 35 66 83 46 3 34 50 91 6 56 78 86 41 83 3 13 37 55 16 39 77 2 92 93 64 3 46 96 36 47 13 22 33 13
73 32 92 6 41 75 27 6 0 76 65 60 47 61 62 74 57 81 81 13 42 82 18 45 11 95 48 43 91 33 1 7 11 90 38 37 48 7 59 32 75 43 24 28 73 54 71 18 77 82
24 77 10 71 82 89 47 62 76 0 71 26 1 49 3 93 97 73 57 95 83 70 95 15 61 90 10 57 30 70 30 49 14 28 81 3 97 1 79 57 66 96 97 83 40 12 92 62 5 11
59 52 15 92 62 89 90 90 65 71 0 14 94 7 99 24 60 8 64 51 56 55 61 35 73 38 17 57 22 28 39 36 46 7 50 54 75 20 39 63 28 98 86 97 96 69 20 52 79 100
85 79 87 63 27 44 52 83 60 26 14 0 85 15 83 7 83 78 29 80 45 78 30 29 14 48 60 2 99 7 48 93 79 88 1 21 36 49 47 16 61 11 69 32 43 51 34 40 83 37
30 81 69 88 66 98 13 91 47 1 94 85 0 50 44 68 58 35 41 93 85 69 29 18 100 14 92 88 1 90 71 35 98 18 42 3 15 98 59 31 54 35 91 75 66 88 12 1 29 7
95 71 37 35 55 24 89 67 61 49 7 15 50 0 46 86 53 41 50 32 9 2 13 66 16 48 87 80 36 94 100 75 24 18 56 72 65 25 44 56 91 49 98 79 56 67 69 50 32 42
97 99 96 34 94 73 63 27 62 3 99 83 44 46 0 37 75 45 86 24 95 17 67 26 3 26 27 38 78 87 49 14 25 62 39 58 65 21 69 75 55 61 61 51 68 59 85 22 27 57
96 82 3 36 100 80 55 77 74 93 24 7 68 86 37 0 70 67 59 81 14 30 5 5 45 76 49 84 25 52 15 12 17 30 82 1 31 23 28 44 43 24 69 48 55 16 85 66 79 82
78 92 57 21 6 67 72 35 57 97 60 83 58 53 75 70 0 83 15 23 85 4 41 48 58 32 93 64 4 54 59 99 77 26 29 98 42 10 68 55 23 13 43 54 71 16 17 72 3 1
26 18 20 79 100 20 14 66 81 73 8 78 35 41 45 67 83 0 47 83 90 31 9 11 10 41 27 28 10 47 38 96 100 70 28 89 76 89 22 35 35 12 14 80 52 38 30 8 66 73
78 23 26 51 37 48 71 83 81 57 64 29 41 50 86 59 15 47 0 2 99 37 88 80 75 33 27 92 24 90 75 78 16 85 30 63 28 86 56 30 3 26 91 39 42 45 66 93 54 69
85 20 76 79 58 2 97 46 13 95 51 80 93 32 24 81 23 83 2 0 27 47 54 83 99 22 43 16 53 66 91 48 26 76 56 34 52 62 39 55 51 59 46 43 72 88 55 10 27 97
98 59 56 15 5 15 25 3 42 83 56 45 85 9 95 14 85 90 99 27 0 7 89 57 20 80 2 17 12 33 27 57 61 89 36 64 65 47 52 98 45 82 30 25 76 98 85 88 86 1
80 73 57 17 33 26 7 34 82 70 55 78 69 2 17 30 4 31 37 47 7 0 99 23 56 54 14 67 12 10 52 9 19 37 66 47 97 20 65 69 9 1 6 45 4 71 37 67 19 60
71 72 19 18 81 9 53 50 18 95 61 30 29 13 67 5 41 9 88 54 89 99 0 50 27 33 79 45 82 79 76 28 25 62 44 58 52 9 83 53 50 9 55 89 52 27 92 4 27 97
61 78 33 13 24 21 49 91 45 15 35 29 18 66 26 5 48 11 80 83 57 23 50 0 59 11 54 41 5 53 80 80 44 43 16 49 88 47 9 49 45 80 2 22 29 53 74 91 7 50
25 62 62 17 29 16 83 6 11 61 73 14 100 16 3 45 58 10 75 99 20 56 27 59 0 68 21 83 58 64 46 85 69 5 95 27 77 22 97 7 23 45 67 88 43 78 52 3 26 42
52 44 78 43 48 73 66 56 95 90 38 48 14 48 26 76 32 41 33 22 80 54 33 11 68 0 77 15 41 9 58 78 96 43 66 4 37 50 51 10 95 13 9 77 23 69 34 78 24 2
11 25 24 85 68 73 60 78 48 10 17 60 92 87 27 49 93 27 27 43 2 14 79 54 21 77 0 38 47 48 75 22 38 88 55 39 86 85 29 75 52 53 1 28 51 64 36 56 87 14
79 39 29 41 29 15 91 86 43 57 57 2 88 80 38 84 64 28 92 16 17 67 45 41 83 15 38 0 63 36 67 71 23 48 34 79 44 24 10 22 89 72 49 55 37 25 17 56 89 78
60 68 51 62 81 32 100 41 91 30 22 99 1 36 78 25 4 10 24 53 12 12 82 5 58 41 47 63 0 70 54 47 56 79 46 37 63 33 17 18 48 62 24 3 62 87 48 7 10 100
42 40 59 77 9 77 48 83 33 70 28 7 90 94 87 52 54 47 90 66 33 10 79 53 64 9 48 36 70 0 47 71 24 89 4 18 66 64 70 95 82 49 50 29 64 80 43 60 34 31
10 89 16 29 45 91 44 3 1 30 39 48 71 100 49 15 59 38 75 91 27 52 76 80 46 58 75 67 54 47 0 75 2 39 57 78 90 5 13 99 58 79 83 91 41 40 44 16 51 14
79 40 65 12 56 65 2 13 7 49 36 93 35 75 14 12 99 96 78 48 57 9 28 80 85 78 22 71 47 71 75 0 46 13 9 45 45 97 50 62 57 1 21 79 74 1 64 1 3 67
46 5 76 44 81 37 77 37 11 14 46 79 98 24 25 17 77 100 16 26 61 19 25 44 69 96 38 23 56 24 2 46 0 64 93 83 37 50 93 30 22 78 55 44 7 5 83 90 39 56
97 21 2 55 4 25 86 55 90 28 7 88 18 18 62 30 26 70 85 76 89 37 62 43 5 43 88 48 79 89 39 13 64 0 87 59 8 18 88 13 79 53 76 86 37 45 63 76 43 92
66 85 83 1 42 46 64 16 38 81 50 1 42 56 39 82 29 28 30 56 36 66 44 16 95 66 55 34 46 4 57 9 93 87 0 97 62 59 4 22 78 66 1 83 44 71 13 32 66 96
3 30 30 93 75 19 46 39 37 3 54 21 3 72 58 1 98 89 63 34 64 47 58 49 27 4 39 79 37 18 78 45 83 59 97 0 4 71 31 58 91 50 36 90 32 54 16 77 63 56
33 37 83 3 71 83 51 77 48 97 75 36 15 65 65 31 42 76 28 52 65 97 52 88 77 37 86 44 63 66 90 45 37 8 62 4 0 81 84 27 16 32 25 13 55 62 10 73 71 36
26 72 88 39 30 47 51 2 7 1 20 49 98 25 21 23 10 89 86 62 47 20 9 47 22 50 85 24 33 64 5 97 50 18 59 71 81 0 16 8 7 10 46 20 89 70 38 61 97 97
74 67 84 71 7 86 87 92 59 79 39 47 59 44 69 28 68 22 56 39 52 65 83 9 97 51 29 10 17 70 13 50 93 88 4 31 84 16 0 14 50 32 75 18 69 83 77 61 59 11
89 20 78 74 15 45 35 93 32 57 63 16 31 56 75 44 55 35 30 55 98 69 53 49 7 10 75 22 18 95 99 62 30 13 22 58 27 8 14 0 86 77 44 60 51 52 96 98 10 11
13 27 39 97 54 100 53 64 75 66 28 61 54 91 55 43 23 35 3 51 45 9 50 45 23 95 52 89 48 82 58 57 22 79 78 91 16 7 50 86 0 75 100 41 89 34 67 25 18 92
32 50 63 66 68 14 2 3 43 96 98 11 35 49 61 24 13 12 26 59 82 1 9 80 45 13 53 72 62 49 79 1 78 53 66 50 32 10 32 77 75 0 32 28 88 59 87 33 96 89
8 9 34 18 88 2 37 46 24 97 86 69 91 98 61 69 43 14 91 46 30 6 55 2 67 9 1 49 24 50 83 21 55 76 1 36 25 46 75 44 100 32 0 11 90 68 68 71 87 33
70 76 61 88 76 86 69 96 28 83 97 32 75 79 51 48 54 80 39 43 25 45 89 22 88 77 28 55 3 29 91 79 44 86 83 90 13 20 18 60 41 28 11 0 100 89 27 43 30 94
94 43 69 15 81 52 5 36 73 40 96 43 66 56 68 55 71 52 42 72 76 4 52 29 43 23 51 37 62 64 41 74 7 37 44 32 55 89 69 51 89 88 90 100 0 9 64 6 70 100
68 35 81 70 33 21 95 47 54 12 69 51 88 67 59 16 16 38 45 88 98 71 27 53 78 69 64 25 87 80 40 1 5 45 71 54 62 70 83 52 34 59 68 89 9 0 81 85 40 92
35 78 71 77 24 90 49 13 71 92 20 34 12 69 85 85 17 30 66 55 85 37 92 74 52 34 36 17 48 43 44 64 83 63 13 16 10 38 77 96 67 87 68 27 64 81 0 97 97 8
76 30 93 55 15 1 80 22 18 62 52 40 1 50 22 66 72 8 93 10 88 67 4 91 3 78 56 56 7 60 16 1 90 76 32 77 73 61 61 98 25 33 71 43 6 85 97 0 60 60
97 51 41 79 70 23 87 33 77 5 79 83 29 32 27 79 3 66 54 27 86 19 27 7 26 24 87 89 10 34 51 3 39 43 66 63 71 97 59 10 18 96 87 30 70 40 97 60 0 89
92 60 41 55 74 88 81 13 82 11 100 37 7 42 57 82 1 73 69 97 1 60 97 50 42 2 14 78 100 31 14 67 56 92 96 56 36 97 11 11 92 89 33 94 100 92 8 60 89 0
RRBBBRBBBBBBRRRBRRBRRRBRBRRRBRRRRBBRBRRBBBBRBBBBRR
