50
0 41 41 49 29 31 26 15 52 47 98 89 82 84 88 95 85 79 76 70 55 80 85 98 97 99 81 77 88 79 87 93 89 95 96 95 90 82 72 89 86 88 70 91 96 84 75 78 89 92
41 0 17 37 30 35 27 21 20 37 84 81 95 91 92 76 79 96 76 90 87 87 82 91 97 80 99 86 76 89 94 71 96 92 95 97 73 94 92 93 89 93 70 75 88 75 98 98 88 70
41 17 0 37 27 39 13 22 42 55 84 78 89 91 98 76 91 80 100 75 76 91 88 82 91 87 100 81 76 96 100 100 97 89 82 89 90 70 97 73 87 75 74 74 74 71 96 71 90 93
49 37 37 0 13 10 40 54 52 23 75 97 81 90 84 99 83 84 70 92 89 96 89 94 74 96 76 73 79 99 73 76 90 98 80 99 80 81 70 75 86 99 82 92 77 73 99 94 95 83
29 30 27 13 0 54 7 44 19 58 75 92 80 92 75 71 100 99 82 82 95 73 84 94 100 83 100 96 92 75 72 93 83 92 91 77 96 73 94 79 86 73 70 88 96 97 89 95 96 95
31 35 39 10 54 0 57 27 47 45 95 76 76 75 80 95 76 71 77 78 100 74 84 96 72 88 99 83 84 95 87 100 83 91 77 83 87 99 78 95 80 75 70 74 92 100 77 80 75 94
26 27 13 40 7 57 0 42 22 41 74 76 92 79 95 70 81 89 71 74 82 72 98 93 77 91 78 74 78 91 97 74 84 83 74 95 96 92 100 82 97 96 79 87 100 97 70 74 92 84
15 21 22 54 44 27 42 0 8 6 95 74 70 79 74 72 99 95 78 81 77 86 87 96 100 71 73 82 81 85 83 74 82 93 78 77 97 71 94 85 93 80 77 78 90 88 81 72 93 82
52 20 42 52 19 47 22 8 0 39 90 82 73 96 93 92 89 85 72 72 90 76 87 80 88 72 82 83 78 76 88 79 79 81 79 95 75 88 91 99 92 76 81 91 74 97 92 94 97 98
47 37 55 23 58 45 41 6 39 0 78 72 78 96 93 100 90 100 70 74 88 77 79 82 79 93 90 76 78 55 98 74 95 75 96 78 83 94 98 70 83 82 93 90 94 98 92 100 97 86
98 84 84 75 75 95 74 95 90 78 0 13 15 51 30 33 57 43 36 60 99 87 74 77 72 90 81 72 71 55 75 94 70 83 76 81 94 73 78 70 96 99 98 73 82 93 75 77 99 72
89 81 78 97 92 76 76 74 82 72 13 0 52 37 42 51 9 15 14 51 99 94 79 84 70 75 93 100 89 100 98 86 96 92 70 83 79 74 93 76 71 76 77 80 82 92 73 92 77 92
82 95 89 81 80 76 92 70 73 78 15 52 0 55 9 54 41 37 40 52 76 73 88 94 88 99 83 93 97 82 87 81 83 100 73 74 100 78 72 86 86 83 86 82 77 86 75 91 93 80
84 91 91 90 92 75 79 79 96 96 51 37 55 0 34 57 43 6 21 52 85 76 92 74 71 80 87 87 93 83 88 78 76 77 77 79 73 93 79 96 84 70 81 97 83 91 85 80 95 95
88 92 98 84 75 80 95 74 93 93 30 42 9 34 0 8 37 29 30 32 99 95 97 94 100 100 79 98 97 89 92 88 86 95 98 93 87 93 86 70 96 100 97 79 80 79 85 96 83 82
95 76 76 99 71 95 70 72 92 100 33 51 54 57 8 0 29 40 51 32 100 80 79 97 91 71 86 75 99 83 98 88 75 89 81 71 84 91 98 96 97 85 96 86 91 90 88 70 88 97
85 79 91 83 100 76 81 99 89 90 57 9 41 43 37 29 0 37 47 45 95 78 98 72 78 75 95 82 79 93 97 75 89 71 96 80 95 87 84 75 98 83 82 82 74 80 83 87 84 85
79 96 80 84 99 71 89 95 85 100 43 15 37 6 29 40 37 0 35 18 84 97 87 72 85 70 74 76 74 82 74 95 79 96 70 92 88 87 75 72 84 77 90 92 82 90 95 72 91 78
76 76 100 70 82 77 71 78 72 70 36 14 40 21 30 51 47 35 0 49 90 97 73 84 94 91 90 95 72 77 77 78 97 89 78 82 79 77 89 95 93 71 90 93 70 76 100 76 93 90
70 90 75 92 82 78 74 81 72 74 60 51 52 52 32 32 45 18 49 0 85 96 71 85 96 86 93 81 85 96 81 80 81 79 81 95 85 87 86 79 75 98 92 71 55 88 84 98 93 89
55 87 76 89 95 100 82 77 90 88 99 99 76 85 99 100 95 84 90 85 0 82 79 86 83 94 55 96 77 93 94 83 92 80 82 79 86 92 75 97 77 85 92 78 95 78 82 91 99 92
80 87 91 96 73 74 72 86 76 77 87 94 73 76 95 80 78 97 97 96 82 0 43 39 11 45 44 47 42 82 96 77 87 90 73 93 75 86 80 82 92 90 87 100 82 79 70 71 91 90
85 82 88 89 84 84 98 87 87 79 74 79 88 92 97 79 98 87 73 71 79 43 0 28 46 49 60 27 32 99 91 73 91 85 90 93 91 77 75 88 95 94 81 100 80 91 93 78 93 76
98 91 82 94 94 96 93 96 80 82 77 84 94 74 94 97 72 72 84 85 86 39 28 0 52 5 9 43 46 90 90 92 78 100 89 80 97 76 70 98 100 75 92 82 82 75 71 81 88 75
97 97 91 74 100 72 77 100 88 79 72 70 88 71 100 91 78 85 94 96 83 11 46 52 0 27 26 13 27 92 86 86 82 92 87 80 100 97 91 95 78 91 81 71 82 91 74 100 83 89
99 80 87 96 83 88 91 71 72 93 90 75 99 80 100 71 75 70 91 86 94 45 49 5 27 0 57 41 12 96 96 72 87 73 90 87 80 99 83 86 82 77 92 79 100 98 70 94 100 70
81 99 100 76 100 99 78 73 82 90 81 93 83 87 79 86 95 74 90 93 55 44 60 9 26 57 0 41 53 77 74 87 95 97 78 89 87 81 99 72 100 82 78 91 84 84 79 82 92 98
77 86 81 73 96 83 74 82 83 76 72 100 93 87 98 75 82 76 95 81 96 47 27 43 13 41 41 0 55 78 83 90 72 85 74 70 71 72 96 95 74 73 77 89 77 70 90 81 70 83
88 76 76 79 92 84 78 81 78 78 71 89 97 93 97 99 79 74 72 85 77 42 32 46 27 12 53 55 0 77 74 99 99 100 79 96 83 93 73 95 95 88 100 89 80 80 79 74 77 72
79 89 96 99 75 95 91 85 76 55 55 100 82 83 89 83 93 82 77 96 93 82 99 90 92 96 77 78 77 0 96 82 83 81 87 84 80 93 95 88 75 81 95 95 98 83 76 84 92 81
87 94 100 73 72 87 97 83 88 98 75 98 87 88 92 98 97 74 77 81 94 96 91 90 86 96 74 83 74 96 0 28 36 30 53 52 19 28 23 8 76 81 94 76 89 90 77 89 87 94
93 71 100 76 93 100 74 74 79 74 94 86 81 78 88 88 75 95 78 80 83 77 73 92 86 72 87 90 99 82 28 0 34 59 45 8 46 55 34 11 90 86 76 93 74 55 84 97 77 79
89 96 97 90 83 83 84 82 79 95 70 96 83 76 86 75 89 79 97 81 92 87 91 78 82 87 95 72 99 83 36 34 0 55 39 23 6 30 28 9 94 85 92 85 70 78 89 77 97 86
95 92 89 98 92 91 83 93 81 75 83 92 100 77 95 89 71 96 89 79 80 90 85 100 92 73 97 85 100 81 30 59 55 0 33 16 6 58 43 41 88 99 89 79 78 91 91 79 90 79
96 95 82 80 91 77 74 78 79 96 76 70 73 77 98 81 96 70 78 81 82 73 90 89 87 90 78 74 79 87 53 45 39 33 0 37 26 53 30 24 92 79 99 91 85 86 98 84 95 84
95 97 89 99 77 83 95 77 95 78 81 83 74 79 93 71 80 92 82 95 79 93 93 80 80 87 89 70 96 84 52 8 23 16 37 0 60 31 10 32 96 72 86 95 93 71 81 71 81 84
90 73 90 80 96 87 96 97 75 83 94 79 100 73 87 84 95 88 79 85 86 75 91 97 100 80 87 71 83 80 19 46 6 6 26 60 0 8 55 18 78 97 76 79 79 79 74 96 76 79
82 94 70 81 73 99 92 71 88 94 73 74 78 93 93 91 87 87 77 87 92 86 77 76 97 99 81 72 93 93 28 55 30 58 53 31 8 0 33 7 89 89 93 94 82 80 79 83 82 92
72 92 97 70 94 78 100 94 91 98 78 93 72 79 86 98 84 75 89 86 75 80 75 70 91 83 99 96 73 95 23 34 28 43 30 10 55 33 0 25 86 100 93 71 77 99 99 70 90 89
89 93 73 75 79 95 82 85 99 70 70 76 86 96 70 96 75 72 95 79 97 82 88 98 95 86 72 95 95 88 8 11 9 41 24 32 18 7 25 0 98 89 71 90 92 86 100 73 74 93
86 89 87 86 86 80 97 93 92 83 96 71 86 84 96 97 98 84 93 75 77 92 95 100 78 82 100 74 95 75 76 90 94 88 92 96 78 89 86 98 0 23 21 58 6 28 8 39 11 15
88 93 75 99 73 75 96 80 76 82 99 76 83 70 100 85 83 77 71 98 85 90 94 75 91 77 82 73 88 81 81 86 85 99 79 72 97 89 100 89 23 0 52 12 45 56 19 47 40 54
70 70 74 82 70 70 79 77 81 93 98 77 86 81 97 96 82 90 90 92 92 87 81 92 81 92 78 77 100 95 94 76 92 89 99 86 76 93 93 71 21 52 0 50 27 28 52 17 21 4
91 75 74 92 88 74 87 78 91 90 73 80 82 97 79 86 82 92 93 71 78 100 100 82 71 79 91 89 89 95 76 93 85 79 91 95 79 94 71 90 58 12 50 0 17 60 53 15 10 54
96 88 74 77 96 92 100 90 74 94 82 82 77 83 80 91 74 82 70 55 95 82 80 82 82 100 84 77 80 98 89 74 70 78 85 93 79 82 77 92 6 45 27 17 0 41 36 54 51 17
84 75 71 73 97 100 97 88 97 98 93 92 86 91 79 90 80 90 76 88 78 79 91 75 91 98 84 70 80 83 90 55 78 91 86 71 79 80 99 86 28 56 28 60 41 0 32 54 5 20
75 98 96 99 89 77 70 81 92 92 75 73 75 85 85 88 83 95 100 84 82 70 93 71 74 70 79 90 79 76 77 84 89 91 98 81 74 79 99 100 8 19 52 53 36 32 0 41 44 39
78 98 71 94 95 80 74 72 94 100 77 92 91 80 96 70 87 72 76 98 91 71 78 81 100 94 82 81 74 84 89 97 77 79 84 71 96 83 70 73 39 47 17 15 54 54 41 0 12 11
89 88 90 95 96 75 92 93 97 97 99 77 93 95 83 88 84 91 93 93 99 91 93 88 83 100 92 70 77 92 87 77 97 90 95 81 76 82 90 74 11 40 21 10 51 5 44 12 0 9
92 70 93 83 95 94 84 82 98 86 72 92 80 95 82 97 85 78 90 89 92 90 76 75 89 70 98 83 72 81 94 79 86 79 84 84 79 92 89 93 15 54 4 54 17 20 39 11 9 0
RBRBRBRBRBRBRBRBRBRBRRBRBRBRBBRBRBRBRBRBRBRBRBRBRB
