24
0 1 100 0 100 100 100 100 100 100 100 100 100 100 100 100 100 100 100 100 100 100 100 3
1 0 1 100 100 100 100 100 100 100 100 100 100 100 100 100 100 100 100 100 100 100 100 100
100 1 0 100 1 50 100 100 100 100 50 100 100 50 100 100 100 100 50 100 100 50 100 100
0 100 100 0 1 1 100 100 100 100 100 100 100 100 100 100 100 100 100 100 100 100 100 100
100 100 1 1 0 100 100 0 100 100 100 100 100 100 100 100 100 100 100 100 100 100 100 100
100 100 50 1 100 0 1 100 100 100 0 100 100 0 100 100 100 100 0 100 100 0 100 100
100 100 100 100 100 1 0 1 100 100 100 100 100 100 100 100 100 100 100 100 100 100 100 100
100 100 100 100 0 100 1 0 1 100 100 100 100 100 100 100 100 100 100 100 100 100 100 100
100 100 100 100 100 100 100 1 0 1 100 0 100 100 100 100 100 100 100 100 100 100 100 100
100 100 100 100 100 100 100 100 1 0 1 100 100 100 100 100 100 100 100 100 100 100 100 100
100 100 50 100 100 0 100 100 100 1 0 100 1 100 100 100 100 100 0 100 100 0 100 100
100 100 100 100 100 100 100 100 0 100 100 0 1 1 100 100 100 100 100 100 100 100 100 100
100 100 100 100 100 100 100 100 100 100 1 1 0 100 100 0 100 100 100 100 100 100 100 100
100 100 50 100 100 0 100 100 100 100 100 1 100 0 1 100 100 100 0 100 100 0 100 100
100 100 100 100 100 100 100 100 100 100 100 100 100 1 0 1 100 100 100 100 100 100 100 100
100 100 100 100 100 100 100 100 100 100 100 100 0 100 1 0 2 100 100 100 100 100 100 100
100 100 100 100 100 100 100 100 100 100 100 100 100 100 100 2 0 1 100 0 100 100 100 100
100 100 100 100 100 100 100 100 100 100 100 100 100 100 100 100 1 0 1 100 100 100 100 100
100 100 50 100 100 0 100 100 100 100 0 100 100 0 100 100 100 1 0 100 100 100 100 100
100 100 100 100 100 100 100 100 100 100 100 100 100 100 100 100 0 100 100 0 1 1 100 100
100 100 100 100 100 100 100 100 100 100 100 100 100 100 100 100 100 100 100 1 0 100 100 0
100 100 50 100 100 0 100 100 100 100 0 100 100 0 100 100 100 100 100 1 100 0 1 100
100 100 100 100 100 100 100 100 100 100 100 100 100 100 100 100 100 100 100 100 100 1 0 1
3 100 100 100 100 100 100 100 100 100 100 100 100 100 100 100 100 100 100 100 0 100 1 0
BRBRBRBRBRBRBRBRBRBRBRBR