50
0 11 11 9 10 9 11 11 11 11 11 0 11 11 11 11 5 11 11 11 11 11 11 11 11 11 11 8 11 11 4 11 11 11 11 11 11 11 11 11 1 11 11 11 11 11 3 11 11 11
11 0 14 8 9 8 33 33 11 33 33 0 33 33 33 33 5 33 33 33 33 21 33 17 14 33 19 8 23 33 4 33 22 33 12 29 33 33 33 33 1 33 24 32 33 33 3 33 33 27
11 14 0 6 7 6 11 11 8 11 11 0 11 11 11 11 4 11 11 11 11 11 11 11 10 11 11 6 11 11 3 11 11 11 9 11 11 11 11 11 1 11 11 11 11 11 2 11 11 11
9 8 6 0 10 10 10 10 10 10 10 0 10 10 10 10 6 10 10 10 10 10 10 10 10 10 10 9 10 10 5 10 10 10 10 10 10 10 10 10 1 10 10 10 10 10 3 10 10 10
10 9 7 10 0 4 4 4 4 4 4 0 4 4 4 4 2 4 4 4 4 4 4 4 4 4 4 3 4 4 2 4 4 4 4 4 4 4 4 4 0 4 4 4 4 4 1 4 4 4
9 8 6 10 4 0 1 1 1 1 1 0 1 1 1 1 0 1 1 1 1 1 1 1 1 1 1 1 1 1 0 1 1 1 1 1 1 1 1 1 0 1 1 1 1 1 0 1 1 1
11 33 11 10 4 1 0 49 12 49 49 0 49 49 49 43 5 40 49 47 49 23 49 18 14 49 20 8 24 44 4 49 24 49 13 31 37 49 36 38 1 49 25 34 49 37 3 49 49 29
11 33 11 10 4 1 49 0 8 34 34 0 34 34 34 29 3 27 34 32 34 15 34 12 10 34 13 5 16 30 3 34 16 34 8 21 25 34 24 25 1 34 17 22 33 25 2 34 34 19
11 11 8 10 4 1 12 8 0 16 16 0 16 16 16 16 7 16 16 16 16 16 16 16 16 16 16 11 16 16 6 16 16 16 16 16 16 16 16 16 1 16 16 16 16 16 4 16 16 16
11 33 11 10 4 1 49 34 16 0 71 0 64 63 65 44 5 41 66 49 62 23 64 19 15 72 20 8 25 45 4 67 24 72 13 32 39 64 37 39 1 62 26 35 51 38 3 56 57 30
11 33 11 10 4 1 49 34 16 71 0 0 79 77 79 54 7 50 80 60 76 29 79 23 18 87 25 10 30 56 5 83 30 87 16 39 48 78 46 48 1 76 32 43 63 47 4 68 70 37
0 0 0 0 0 0 0 0 0 0 0 0 0 0 0 0 0 0 0 0 0 0 0 0 0 0 0 0 0 0 0 0 0 0 0 0 0 0 0 0 0 0 0 0 0 0 0 0 0 0
11 33 11 10 4 1 49 34 16 64 79 0 0 30 31 21 2 19 31 23 29 11 31 9 7 31 10 4 12 22 2 31 11 31 6 15 18 30 18 19 0 29 12 16 24 18 1 26 27 14
11 33 11 10 4 1 49 34 16 63 77 0 30 0 42 29 3 27 42 32 41 15 42 12 10 42 13 5 16 30 3 42 16 42 8 21 25 42 24 26 1 41 17 23 34 25 2 37 38 20
11 33 11 10 4 1 49 34 16 65 79 0 31 42 0 41 5 38 60 46 58 22 60 17 14 60 19 8 23 43 4 60 23 60 12 30 36 60 35 37 1 58 24 32 48 35 3 52 53 28
11 33 11 10 4 1 43 29 16 44 54 0 21 29 41 0 3 22 24 24 24 12 24 10 8 24 11 4 13 24 2 24 13 24 7 17 21 24 20 21 0 24 14 19 24 20 1 24 24 16
5 5 4 6 2 0 5 3 7 5 7 0 2 3 5 3 0 2 2 2 2 2 2 2 2 2 2 2 2 2 1 2 2 2 2 2 2 2 2 2 0 2 2 2 2 2 1 2 2 2
11 33 11 10 4 1 40 27 16 41 50 0 19 27 38 22 2 0 52 52 52 30 52 24 19 52 26 11 31 52 6 52 31 52 17 41 49 52 47 50 1 52 33 44 52 48 4 52 52 38
11 33 11 10 4 1 49 34 16 66 80 0 31 42 60 24 2 52 0 11 14 5 15 4 3 15 4 2 5 10 1 15 5 15 3 7 9 14 8 9 0 14 6 8 11 8 0 13 13 7
11 33 11 10 4 1 47 32 16 49 60 0 23 32 46 24 2 52 11 0 60 29 60 23 18 60 25 10 30 56 5 60 30 60 16 39 47 60 45 48 1 60 32 42 60 46 4 60 60 37
11 33 11 10 4 1 49 34 16 62 76 0 29 41 58 24 2 52 14 60 0 11 29 8 7 29 9 4 11 21 2 29 11 29 6 15 18 29 17 18 0 29 12 16 24 18 1 26 26 14
11 21 11 10 4 1 23 15 16 23 29 0 11 15 22 12 2 30 5 29 11 0 12 9 7 12 10 4 12 12 2 12 12 12 6 12 12 12 12 12 0 12 12 12 12 12 1 12 12 12
11 33 11 10 4 1 49 34 16 64 79 0 31 42 60 24 2 52 15 60 29 12 0 6 5 22 7 3 8 15 1 22 8 22 4 11 13 21 12 13 0 21 9 12 17 13 1 19 19 10
11 17 11 10 4 1 18 12 16 19 23 0 9 12 17 10 2 24 4 23 8 9 6 0 11 14 14 6 14 14 3 14 14 14 10 14 14 14 14 14 1 14 14 14 14 14 2 14 14 14
11 14 10 10 4 1 14 10 16 15 18 0 7 10 14 8 2 19 3 18 7 7 5 11 0 0 0 0 0 0 0 0 0 0 0 0 0 0 0 0 0 0 0 0 0 0 0 0 0 0
11 33 11 10 4 1 49 34 16 72 87 0 31 42 60 24 2 52 15 60 29 12 22 14 0 0 21 8 25 46 4 69 25 74 13 33 39 65 38 40 1 63 26 35 52 39 3 57 58 31
11 19 11 10 4 1 20 13 16 20 25 0 10 13 19 11 2 26 4 25 9 10 7 14 0 21 0 2 5 5 1 5 5 5 3 5 5 5 5 5 0 5 5 5 5 5 0 5 5 5
8 8 6 9 3 1 8 5 11 8 10 0 4 5 8 4 2 11 2 10 4 4 3 6 0 8 2 0 7 7 3 7 7 7 7 7 7 7 7 7 1 7 7 7 7 7 2 7 7 7
11 23 11 10 4 1 24 16 16 25 30 0 12 16 23 13 2 31 5 30 11 12 8 14 0 25 5 7 0 11 2 11 11 11 6 11 11 11 11 11 0 11 11 11 11 11 1 11 11 11
11 33 11 10 4 1 44 30 16 45 56 0 22 30 43 24 2 52 10 56 21 12 15 14 0 46 5 7 11 0 1 13 7 13 3 9 11 13 10 11 0 13 7 10 13 11 1 13 13 8
4 4 3 5 2 0 4 3 6 4 5 0 2 3 4 2 1 6 1 5 2 2 1 3 0 4 1 3 2 1 0 1 1 1 1 1 1 1 1 1 0 1 1 1 1 1 1 1 1 1
11 33 11 10 4 1 49 34 16 67 83 0 31 42 60 24 2 52 15 60 29 12 22 14 0 69 5 7 11 13 1 0 14 38 7 18 22 36 21 22 0 35 15 20 29 21 2 31 32 17
11 22 11 10 4 1 24 16 16 24 30 0 11 16 23 13 2 31 5 30 11 12 8 14 0 25 5 7 11 7 1 14 0 29 16 29 29 29 29 29 1 29 29 29 29 29 4 29 29 29
11 33 11 10 4 1 49 34 16 72 87 0 31 42 60 24 2 52 15 60 29 12 22 14 0 74 5 7 11 13 1 38 29 0 5 14 16 27 16 17 0 26 11 15 22 16 1 24 24 13
11 12 9 10 4 1 13 8 16 13 16 0 6 8 12 7 2 17 3 16 6 6 4 10 0 13 3 7 6 3 1 7 16 5 0 7 7 7 7 7 0 7 7 7 7 7 2 7 7 7
11 29 11 10 4 1 31 21 16 32 39 0 15 21 30 17 2 41 7 39 15 12 11 14 0 33 5 7 11 9 1 18 29 14 7 0 27 27 27 27 1 27 22 27 27 27 2 27 27 25
11 33 11 10 4 1 37 25 16 39 48 0 18 25 36 21 2 49 9 47 18 12 13 14 0 39 5 7 11 11 1 22 29 16 7 27 0 15 14 15 0 15 10 13 15 14 1 15 15 11
11 33 11 10 4 1 49 34 16 64 78 0 30 42 60 24 2 52 14 60 29 12 21 14 0 65 5 7 11 13 1 36 29 27 7 27 15 0 7 7 0 12 5 6 9 7 0 10 11 5
11 33 11 10 4 1 36 24 16 37 46 0 18 24 35 20 2 47 8 45 17 12 12 14 0 38 5 7 11 10 1 21 29 16 7 27 14 7 0 16 0 16 11 15 16 16 1 16 16 13
11 33 11 10 4 1 38 25 16 39 48 0 19 26 37 21 2 50 9 48 18 12 13 14 0 40 5 7 11 11 1 22 29 17 7 27 15 7 16 0 0 18 12 16 18 17 1 18 18 13
1 1 1 1 0 0 1 1 1 1 1 0 0 1 1 0 0 1 0 1 0 0 0 1 0 1 0 1 0 0 0 0 1 0 0 1 0 0 0 0 0 0 0 0 0 0 0 0 0 0
11 33 11 10 4 1 49 34 16 62 76 0 29 41 58 24 2 52 14 60 29 12 21 14 0 63 5 7 11 13 1 35 29 26 7 27 15 12 16 18 0 0 17 23 34 25 2 37 38 20
11 24 11 10 4 1 25 17 16 26 32 0 12 17 24 14 2 33 6 32 12 12 9 14 0 26 5 7 11 7 1 15 29 11 7 22 10 5 11 12 0 17 0 3 3 3 0 3 3 3
11 32 11 10 4 1 34 22 16 35 43 0 16 23 32 19 2 44 8 42 16 12 12 14 0 35 5 7 11 10 1 20 29 15 7 27 13 6 15 16 0 23 3 0 9 9 0 9 9 8
11 33 11 10 4 1 49 33 16 51 63 0 24 34 48 24 2 52 11 60 24 12 17 14 0 52 5 7 11 13 1 29 29 22 7 27 15 9 16 18 0 34 3 9 0 41 3 54 54 32
11 33 11 10 4 1 37 25 16 38 47 0 18 25 35 20 2 48 8 46 18 12 13 14 0 39 5 7 11 11 1 21 29 16 7 27 14 7 16 17 0 25 3 9 41 0 4 49 49 39
3 3 2 3 1 0 3 2 4 3 4 0 1 2 3 1 1 4 0 4 1 1 1 2 0 3 0 2 1 1 1 2 4 1 2 2 1 0 1 1 0 2 0 0 3 4 0 1 1 1
11 33 11 10 4 1 49 34 16 56 68 0 26 37 52 24 2 52 13 60 26 12 19 14 0 57 5 7 11 13 1 31 29 24 7 27 15 10 16 18 0 37 3 9 54 49 1 0 54 29
11 33 11 10 4 1 49 34 16 57 70 0 27 38 53 24 2 52 13 60 26 12 19 14 0 58 5 7 11 13 1 32 29 24 7 27 15 11 16 18 0 38 3 9 54 49 1 54 0 1
11 27 11 10 4 1 29 19 16 30 37 0 14 20 28 16 2 38 7 37 14 12 10 14 0 31 5 7 11 8 1 17 29 13 7 25 11 5 13 13 0 20 3 8 32 39 1 29 1 0
RBRBBRBBRBRBBRRBRRBRRBRRBBBRBBRBRBBRRBBRRBRRBRBRRB