50
0 10 100 100 1 100 100 100 1 100 100 100 1 100 100 100 1 100 100 100 1 100 100 10 1 100 10 100 100 100 100 100 100 100 100 100 100 100 100 100 100 100 100 100 100 100 100 100 10 100
10 0 2 2 5 2 2 2 5 2 2 2 5 2 2 2 5 2 2 2 5 2 2 2 100 100 100 100 100 100 100 100 100 100 100 100 100 100 100 100 100 100 100 100 100 100 100 100 100 100
100 2 0 2 7 2 2 2 7 2 2 2 7 2 2 2 7 2 2 2 7 2 2 2 100 100 100 100 100 100 100 100 100 100 100 100 100 100 100 100 100 100 100 100 100 100 100 100 100 100
100 2 2 0 7 2 2 2 7 2 2 2 7 2 2 2 7 2 2 2 7 2 2 2 100 100 100 100 100 100 100 100 100 100 100 100 100 100 100 100 100 100 100 100 100 100 100 100 100 100
1 5 7 7 0 7 7 7 1 7 7 7 1 7 7 7 1 7 7 7 1 7 7 5 1 100 100 100 100 100 100 100 100 100 100 100 100 100 100 100 100 100 100 100 100 100 100 100 100 100
100 2 2 2 7 0 2 2 7 2 2 2 7 2 2 2 7 2 2 2 7 2 2 2 100 100 100 100 100 100 100 100 100 100 100 100 100 100 100 100 100 100 100 100 100 100 100 100 100 100
100 2 2 2 7 2 0 2 7 2 2 2 7 2 2 2 7 2 2 2 7 2 2 2 100 100 100 100 100 100 100 100 100 100 100 100 100 100 100 100 100 100 100 100 100 100 100 100 100 100
100 2 2 2 7 2 2 0 7 2 2 2 7 2 2 2 7 2 2 2 7 2 2 2 100 100 100 100 100 100 100 100 100 100 100 100 100 100 100 100 100 100 100 100 100 100 100 100 100 100
1 5 7 7 1 7 7 7 0 7 7 7 1 7 7 7 1 7 7 7 1 7 7 5 1 100 100 100 100 100 100 100 100 100 100 100 100 100 100 100 100 100 100 100 100 100 100 100 100 100
100 2 2 2 7 2 2 2 7 0 2 2 7 2 2 2 7 2 2 2 7 2 2 2 100 100 100 100 100 100 100 100 100 100 100 100 100 100 100 100 100 100 100 100 100 100 100 100 100 100
100 2 2 2 7 2 2 2 7 2 0 2 7 2 2 2 7 2 2 2 7 2 2 2 100 100 100 100 100 100 100 100 100 100 100 100 100 100 100 100 100 100 100 100 100 100 100 100 100 100
100 2 2 2 7 2 2 2 7 2 2 0 7 2 2 2 7 2 2 2 7 2 2 2 100 100 100 100 100 100 100 100 100 100 100 100 100 100 100 100 100 100 100 100 100 100 100 100 100 100
1 5 7 7 1 7 7 7 1 7 7 7 0 7 7 7 1 7 7 7 1 7 7 5 1 100 100 100 100 100 100 100 100 100 100 100 100 100 100 100 100 100 100 100 100 100 100 100 100 100
100 2 2 2 7 2 2 2 7 2 2 2 7 0 2 2 7 2 2 2 7 2 2 2 100 100 100 100 100 100 100 100 100 100 100 100 100 100 100 100 100 100 100 100 100 100 100 100 100 100
100 2 2 2 7 2 2 2 7 2 2 2 7 2 0 2 7 2 2 2 7 2 2 2 100 100 100 100 100 100 100 100 100 100 100 100 100 100 100 100 100 100 100 100 100 100 100 100 100 100
100 2 2 2 7 2 2 2 7 2 2 2 7 2 2 0 7 2 2 2 7 2 2 2 100 100 100 100 100 100 100 100 100 100 100 100 100 100 100 100 100 100 100 100 100 100 100 100 100 100
1 5 7 7 1 7 7 7 1 7 7 7 1 7 7 7 0 7 7 7 1 7 7 5 1 100 100 100 100 100 100 100 100 100 100 100 100 100 100 100 100 100 100 100 100 100 100 100 100 100
100 2 2 2 7 2 2 2 7 2 2 2 7 2 2 2 7 0 2 2 7 2 2 2 100 100 100 100 100 100 100 100 100 100 100 100 100 100 100 100 100 100 100 100 100 100 100 100 100 100
100 2 2 2 7 2 2 2 7 2 2 2 7 2 2 2 7 2 0 2 7 2 2 2 100 100 100 100 100 100 100 100 100 100 100 100 100 100 100 100 100 100 100 100 100 100 100 100 100 100
100 2 2 2 7 2 2 2 7 2 2 2 7 2 2 2 7 2 2 0 7 2 2 2 100 100 100 100 100 100 100 100 100 100 100 100 100 100 100 100 100 100 100 100 100 100 100 100 100 100
1 5 7 7 1 7 7 7 1 7 7 7 1 7 7 7 1 7 7 7 0 7 7 5 1 100 100 100 100 100 100 100 100 100 100 100 100 100 100 100 100 100 100 100 100 100 100 100 100 100
100 2 2 2 7 2 2 2 7 2 2 2 7 2 2 2 7 2 2 2 7 0 2 2 100 100 100 100 100 100 100 100 100 100 100 100 100 100 100 100 100 100 100 100 100 100 100 100 100 100
100 2 2 2 7 2 2 2 7 2 2 2 7 2 2 2 7 2 2 2 7 2 0 2 100 100 100 100 100 100 100 100 100 100 100 100 100 100 100 100 100 100 100 100 100 100 100 100 100 100
10 2 2 2 5 2 2 2 5 2 2 2 5 2 2 2 5 2 2 2 5 2 2 0 100 100 100 100 100 100 100 100 100 100 100 100 100 100 100 100 100 100 100 100 100 100 100 100 100 100
1 100 100 100 1 100 100 100 1 100 100 100 1 100 100 100 1 100 100 100 1 100 100 100 0 15 100 100 100 100 100 100 100 100 100 100 100 100 100 100 100 100 100 100 100 100 100 100 100 100
100 100 100 100 100 100 100 100 100 100 100 100 100 100 100 100 100 100 100 100 100 100 100 100 15 0 100 100 100 1 100 100 100 1 100 100 100 1 100 100 100 1 100 100 100 1 100 100 100 1
10 100 100 100 100 100 100 100 100 100 100 100 100 100 100 100 100 100 100 100 100 100 100 100 100 100 0 2 2 5 2 2 2 5 2 2 2 5 2 2 2 5 2 2 2 5 2 2 2 100
100 100 100 100 100 100 100 100 100 100 100 100 100 100 100 100 100 100 100 100 100 100 100 100 100 100 2 0 2 7 2 2 2 7 2 2 2 7 2 2 2 7 2 2 2 7 2 2 2 100
100 100 100 100 100 100 100 100 100 100 100 100 100 100 100 100 100 100 100 100 100 100 100 100 100 100 2 2 0 7 2 2 2 7 2 2 2 7 2 2 2 7 2 2 2 7 2 2 2 100
100 100 100 100 100 100 100 100 100 100 100 100 100 100 100 100 100 100 100 100 100 100 100 100 100 1 5 7 7 0 7 7 7 1 7 7 7 1 7 7 7 1 7 7 7 1 7 7 5 1
100 100 100 100 100 100 100 100 100 100 100 100 100 100 100 100 100 100 100 100 100 100 100 100 100 100 2 2 2 7 0 2 2 7 2 2 2 7 2 2 2 7 2 2 2 7 2 2 2 100
100 100 100 100 100 100 100 100 100 100 100 100 100 100 100 100 100 100 100 100 100 100 100 100 100 100 2 2 2 7 2 0 2 7 2 2 2 7 2 2 2 7 2 2 2 7 2 2 2 100
100 100 100 100 100 100 100 100 100 100 100 100 100 100 100 100 100 100 100 100 100 100 100 100 100 100 2 2 2 7 2 2 0 7 2 2 2 7 2 2 2 7 2 2 2 7 2 2 2 100
100 100 100 100 100 100 100 100 100 100 100 100 100 100 100 100 100 100 100 100 100 100 100 100 100 1 5 7 7 1 7 7 7 0 7 7 7 1 7 7 7 1 7 7 7 1 7 7 5 1
100 100 100 100 100 100 100 100 100 100 100 100 100 100 100 100 100 100 100 100 100 100 100 100 100 100 2 2 2 7 2 2 2 7 0 2 2 7 2 2 2 7 2 2 2 7 2 2 2 100
100 100 100 100 100 100 100 100 100 100 100 100 100 100 100 100 100 100 100 100 100 100 100 100 100 100 2 2 2 7 2 2 2 7 2 0 2 7 2 2 2 7 2 2 2 7 2 2 2 100
100 100 100 100 100 100 100 100 100 100 100 100 100 100 100 100 100 100 100 100 100 100 100 100 100 100 2 2 2 7 2 2 2 7 2 2 0 7 2 2 2 7 2 2 2 7 2 2 2 100
100 100 100 100 100 100 100 100 100 100 100 100 100 100 100 100 100 100 100 100 100 100 100 100 100 1 5 7 7 1 7 7 7 1 7 7 7 0 7 7 7 1 7 7 7 1 7 7 5 1
100 100 100 100 100 100 100 100 100 100 100 100 100 100 100 100 100 100 100 100 100 100 100 100 100 100 2 2 2 7 2 2 2 7 2 2 2 7 0 2 2 7 2 2 2 7 2 2 2 100
100 100 100 100 100 100 100 100 100 100 100 100 100 100 100 100 100 100 100 100 100 100 100 100 100 100 2 2 2 7 2 2 2 7 2 2 2 7 2 0 2 7 2 2 2 7 2 2 2 100
100 100 100 100 100 100 100 100 100 100 100 100 100 100 100 100 100 100 100 100 100 100 100 100 100 100 2 2 2 7 2 2 2 7 2 2 2 7 2 2 0 7 2 2 2 7 2 2 2 100
100 100 100 100 100 100 100 100 100 100 100 100 100 100 100 100 100 100 100 100 100 100 100 100 100 1 5 7 7 1 7 7 7 1 7 7 7 1 7 7 7 0 7 7 7 1 7 7 5 1
100 100 100 100 100 100 100 100 100 100 100 100 100 100 100 100 100 100 100 100 100 100 100 100 100 100 2 2 2 7 2 2 2 7 2 2 2 7 2 2 2 7 0 2 2 7 2 2 2 100
100 100 100 100 100 100 100 100 100 100 100 100 100 100 100 100 100 100 100 100 100 100 100 100 100 100 2 2 2 7 2 2 2 7 2 2 2 7 2 2 2 7 2 0 2 7 2 2 2 100
100 100 100 100 100 100 100 100 100 100 100 100 100 100 100 100 100 100 100 100 100 100 100 100 100 100 2 2 2 7 2 2 2 7 2 2 2 7 2 2 2 7 2 2 0 7 2 2 2 100
100 100 100 100 100 100 100 100 100 100 100 100 100 100 100 100 100 100 100 100 100 100 100 100 100 1 5 7 7 1 7 7 7 1 7 7 7 1 7 7 7 1 7 7 7 0 7 7 5 1
100 100 100 100 100 100 100 100 100 100 100 100 100 100 100 100 100 100 100 100 100 100 100 100 100 100 2 2 2 7 2 2 2 7 2 2 2 7 2 2 2 7 2 2 2 7 0 2 2 100
100 100 100 100 100 100 100 100 100 100 100 100 100 100 100 100 100 100 100 100 100 100 100 100 100 100 2 2 2 7 2 2 2 7 2 2 2 7 2 2 2 7 2 2 2 7 2 0 2 100
10 100 100 100 100 100 100 100 100 100 100 100 100 100 100 100 100 100 100 100 100 100 100 100 100 100 2 2 2 5 2 2 2 5 2 2 2 5 2 2 2 5 2 2 2 5 2 2 0 100
100 100 100 100 100 100 100 100 100 100 100 100 100 100 100 100 100 100 100 100 100 100 100 100 100 1 100 100 100 1 100 100 100 1 100 100 100 1 100 100 100 1 100 100 100 1 100 100 100 0
RBBBRBBBRBBBRBBBRBBBRBBBRBRRRBRRRBRRRBRRRBRRRBRRRB