50
0 51 26 63 0 63 93 3 62 48 20 49 32 88 28 8 61 67 6 52 8 37 10 69 76 13 13 72 6 20 7 91 95 58 78 79 22 38 71 28 11 32 61 98 85 45 99 5 15 41
51 0 69 83 100 14 92 21 7 12 94 40 11 85 89 60 68 40 88 32 70 26 69 68 13 13 13 36 58 3 11 72 61 15 17 67 40 82 96 45 32 29 25 47 66 87 81 2 74 41
26 69 0 4 2 29 10 42 7 4 57 51 3 33 22 91 29 63 34 51 28 7 45 48 55 4 37 5 43 0 11 56 4 61 8 80 47 95 65 37 76 73 77 39 74 4 24 18 0 56
63 83 4 0 37 60 7 87 6 94 85 42 50 53 86 99 18 54 31 46 46 95 91 78 18 52 52 64 44 44 58 39 33 1 21 61 65 61 42 50 7 64 50 96 73 51 43 79 3 4
0 100 2 37 0 19 11 16 74 91 25 29 25 33 33 46 93 64 26 19 29 54 72 59 17 90 94 17 33 61 74 69 59 8 19 20 22 57 58 29 24 87 100 19 73 74 41 78 27 71
63 14 29 60 19 0 18 40 55 47 9 72 55 66 80 75 63 18 7 10 19 96 21 28 54 29 0 43 76 17 16 68 10 20 71 9 52 18 89 37 55 41 11 44 40 1 45 68 70 75
93 92 10 7 11 18 0 11 86 86 34 22 95 83 9 22 11 12 26 47 77 99 47 32 43 95 96 66 58 19 54 77 2 76 52 70 39 52 65 34 7 99 52 3 98 55 70 85 58 31
3 21 42 87 16 40 11 0 44 5 85 80 74 70 59 61 21 30 97 72 70 23 99 24 93 43 70 89 61 67 70 84 0 79 27 59 9 76 31 74 78 57 94 57 19 2 52 91 94 91
62 7 7 6 74 55 86 44 0 13 4 60 84 98 54 80 65 45 16 30 25 23 55 33 97 99 73 26 21 81 37 33 89 58 31 64 24 72 23 57 74 3 99 12 9 69 7 80 41 3
48 12 4 94 91 47 86 5 13 0 35 67 67 69 100 89 70 75 38 32 88 14 16 34 10 20 20 41 4 56 83 5 27 42 27 70 95 43 64 43 68 77 34 26 99 6 97 6 97 27
20 94 57 85 25 9 34 85 4 35 0 100 78 81 59 1 53 71 34 63 26 4 19 44 16 31 73 19 53 21 13 3 3 31 16 60 48 77 64 57 71 42 39 60 75 64 74 20 99 56
49 40 51 42 29 72 22 80 60 67 100 0 2 92 25 27 56 63 34 66 71 43 33 2 67 93 42 2 84 39 95 82 33 90 86 100 79 11 54 31 74 21 82 63 25 39 98 99 1 6
32 11 3 50 25 55 95 74 84 67 78 2 0 46 21 79 40 65 32 71 0 62 59 11 34 35 90 35 48 5 50 26 33 67 89 20 40 84 85 37 41 4 88 53 21 27 5 59 56 75
88 85 33 53 33 66 83 70 98 69 81 92 46 0 93 62 76 76 37 58 25 0 31 97 5 56 3 90 91 29 0 92 18 80 87 17 4 68 90 58 52 46 82 10 19 93 97 31 70 73
28 89 22 86 33 80 9 59 54 100 59 25 21 93 0 90 91 59 49 79 75 7 63 38 56 64 21 9 60 45 58 30 75 71 66 95 18 21 92 9 84 56 35 67 35 30 14 74 81 73
8 60 91 99 46 75 22 61 80 89 1 27 79 62 90 0 15 3 94 49 24 40 48 39 68 99 13 67 35 59 38 83 8 28 0 37 19 65 32 29 86 46 30 96 5 89 47 53 68 78
61 68 29 18 93 63 11 21 65 70 53 56 40 76 91 15 0 35 98 87 43 59 62 89 68 88 86 93 98 82 11 36 93 46 70 11 81 100 10 8 95 29 58 29 10 5 85 87 27 69
67 40 63 54 64 18 12 30 45 75 71 63 65 76 59 3 35 0 80 84 8 100 84 15 88 41 2 72 4 67 74 84 62 34 100 16 73 75 37 45 85 35 50 86 71 33 6 66 24 62
6 88 34 31 26 7 26 97 16 38 34 34 32 37 49 94 98 80 0 91 77 85 57 32 81 0 7 63 36 76 15 84 83 66 59 29 27 63 25 40 80 54 14 4 3 12 86 0 8 45
52 32 51 46 19 10 47 72 30 32 63 66 71 58 79 49 87 84 91 0 100 76 59 100 17 39 18 0 56 16 67 67 3 43 54 94 51 57 44 75 51 66 96 96 94 48 3 14 95 91
8 70 28 46 29 19 77 70 25 88 26 71 0 25 75 24 43 8 77 100 0 96 72 31 68 82 44 58 100 6 55 82 12 46 41 89 32 14 94 17 12 50 6 8 91 69 94 84 56 37
37 26 7 95 54 96 99 23 23 14 4 43 62 0 7 40 59 100 85 76 96 0 24 32 5 90 16 77 41 83 93 38 66 19 47 39 52 36 24 5 72 22 40 15 89 94 37 90 84 19
10 69 45 91 72 21 47 99 55 16 19 33 59 31 63 48 62 84 57 59 72 24 0 85 68 77 93 78 48 13 28 45 17 94 44 70 94 90 84 17 22 100 74 25 6 25 18 91 53 80
69 68 48 78 59 28 32 24 33 34 44 2 11 97 38 39 89 15 32 100 31 32 85 0 51 31 34 50 83 25 37 16 47 58 24 42 55 23 8 42 43 22 43 46 66 72 31 50 75 96
76 13 55 18 17 54 43 93 97 10 16 67 34 5 56 68 68 88 81 17 68 5 68 51 0 57 74 23 88 25 82 83 82 55 0 52 72 14 47 69 84 33 87 65 16 67 53 24 63 55
13 13 4 52 90 29 95 43 99 20 31 93 35 56 64 99 88 41 0 39 82 90 77 31 57 0 23 3 89 39 42 68 69 37 99 77 14 49 52 63 44 0 43 8 82 26 46 24 75 10
13 13 37 52 94 0 96 70 73 20 73 42 90 3 21 13 86 2 7 18 44 16 93 34 74 23 0 37 35 5 24 100 37 4 57 68 22 60 3 18 22 66 55 88 6 78 56 56 35 77
72 36 5 64 17 43 66 89 26 41 19 2 35 90 9 67 93 72 63 0 58 77 78 50 23 3 37 0 53 55 24 69 43 93 6 35 94 26 5 78 44 83 38 93 57 43 41 85 80 10
6 58 43 44 33 76 58 61 21 4 53 84 48 91 60 35 98 4 36 56 100 41 48 83 88 89 35 53 0 86 59 20 75 93 31 29 72 74 63 70 84 40 72 47 49 15 82 35 55 60
20 3 0 44 61 17 19 67 81 56 21 39 5 29 45 59 82 67 76 16 6 83 13 25 25 39 5 55 86 0 19 49 28 41 20 48 25 68 49 29 31 26 99 75 50 25 20 42 14 27
7 11 11 58 74 16 54 70 37 83 13 95 50 0 58 38 11 74 15 67 55 93 28 37 82 42 24 24 59 19 0 73 40 75 100 51 22 6 81 33 61 24 36 68 30 4 60 91 83 36
91 72 56 39 69 68 77 84 33 5 3 82 26 92 30 83 36 84 84 67 82 38 45 16 83 68 100 69 20 49 73 0 24 64 75 43 74 38 8 20 70 86 98 48 14 85 23 16 20 80
95 61 4 33 59 10 2 0 89 27 3 33 33 18 75 8 93 62 83 3 12 66 17 47 82 69 37 43 75 28 40 24 0 99 80 7 79 71 82 94 41 97 66 59 15 86 21 3 16 76
58 15 61 1 8 20 76 79 58 42 31 90 67 80 71 28 46 34 66 43 46 19 94 58 55 37 4 93 93 41 75 64 99 0 80 93 8 91 75 35 14 47 52 89 60 31 52 22 19 75
78 17 8 21 19 71 52 27 31 27 16 86 89 87 66 0 70 100 59 54 41 47 44 24 0 99 57 6 31 20 100 75 80 80 0 39 52 42 46 57 65 39 22 3 93 12 53 69 45 27
79 67 80 61 20 9 70 59 64 70 60 100 20 17 95 37 11 16 29 94 89 39 70 42 52 77 68 35 29 48 51 43 7 93 39 0 66 70 55 82 3 19 8 74 73 14 60 98 3 2
22 40 47 65 22 52 39 9 24 95 48 79 40 4 18 19 81 73 27 51 32 52 94 55 72 14 22 94 72 25 22 74 79 8 52 66 0 66 88 5 27 5 28 31 69 95 57 19 43 70
38 82 95 61 57 18 52 76 72 43 77 11 84 68 21 65 100 75 63 57 14 36 90 23 14 49 60 26 74 68 6 38 71 91 42 70 66 0 37 91 42 81 19 36 51 61 48 91 90 50
71 96 65 42 58 89 65 31 23 64 64 54 85 90 92 32 10 37 25 44 94 24 84 8 47 52 3 5 63 49 81 8 82 75 46 55 88 37 0 35 48 65 31 81 35 44 17 36 44 38
28 45 37 50 29 37 34 74 57 43 57 31 37 58 9 29 8 45 40 75 17 5 17 42 69 63 18 78 70 29 33 20 94 35 57 82 5 91 35 0 20 27 48 77 44 42 66 44 88 53
11 32 76 7 24 55 7 78 74 68 71 74 41 52 84 86 95 85 80 51 12 72 22 43 84 44 22 44 84 31 61 70 41 14 65 3 27 42 48 20 0 15 41 97 18 10 18 79 72 65
32 29 73 64 87 41 99 57 3 77 42 21 4 46 56 46 29 35 54 66 50 22 100 22 33 0 66 83 40 26 24 86 97 47 39 19 5 81 65 27 15 0 37 93 69 43 46 100 79 16
61 25 77 50 100 11 52 94 99 34 39 82 88 82 35 30 58 50 14 96 6 40 74 43 87 43 55 38 72 99 36 98 66 52 22 8 28 19 31 48 41 37 0 30 52 42 46 39 89 44
98 47 39 96 19 44 3 57 12 26 60 63 53 10 67 96 29 86 4 96 8 15 25 46 65 8 88 93 47 75 68 48 59 89 3 74 31 36 81 77 97 93 30 0 22 87 63 50 83 44
85 66 74 73 73 40 98 19 9 99 75 25 21 19 35 5 10 71 3 94 91 89 6 66 16 82 6 57 49 50 30 14 15 60 93 73 69 51 35 44 18 69 52 22 0 74 5 10 80 2
45 87 4 51 74 1 55 2 69 6 64 39 27 93 30 89 5 33 12 48 69 94 25 72 67 26 78 43 15 25 4 85 86 31 12 14 95 61 44 42 10 43 42 87 74 0 98 64 40 91
99 81 24 43 41 45 70 52 7 97 74 98 5 97 14 47 85 6 86 3 94 37 18 31 53 46 56 41 82 20 60 23 21 52 53 60 57 48 17 66 18 46 46 63 5 98 0 11 43 67
5 2 18 79 78 68 85 91 80 6 20 99 59 31 74 53 87 66 0 14 84 90 91 50 24 24 56 85 35 42 91 16 3 22 69 98 19 91 36 44 79 100 39 50 10 64 11 0 50 43
15 74 0 3 27 70 58 94 41 97 99 1 56 70 81 68 27 24 8 95 56 84 53 75 63 75 35 80 55 14 83 20 16 19 45 3 43 90 44 88 72 79 89 83 80 40 43 50 0 40
41 41 56 4 71 75 31 91 3 27 56 6 75 73 73 78 69 62 45 91 37 19 80 96 55 10 77 10 60 27 36 80 76 75 27 2 70 50 38 53 65 16 44 44 2 91 67 43 40 0
RBRRBBBBRBBRRRRBRBBBRRBRBBBBBRBRBBBRRBBBRRRRBRRRRR