50 
0 97 24 31 43 10 38 45 67 55 25 60 95 47 98 71 51 20 86 16 41 55 33 27 4 61 99 4 75 13 90 72 64 40 72 100 44 63 96 71 36 59 67 42 37 75 63 27 91 92 
97 0 35 83 65 17 8 47 53 54 93 29 22 24 80 99 90 59 12 52 86 70 99 32 25 54 98 10 36 41 80 19 66 5 57 12 47 74 35 11 39 75 18 17 49 46 51 82 32 20 
24 35 0 13 93 12 82 2 69 88 73 12 57 51 97 100 45 7 2 14 73 64 69 34 86 30 5 16 65 72 83 2 31 88 35 44 2 69 4 27 34 35 33 25 30 8 6 7 96 53 
31 83 13 0 92 65 87 26 99 96 63 45 43 27 63 89 53 50 90 69 62 41 71 34 41 13 60 83 93 64 33 44 50 5 94 27 10 12 47 92 50 26 4 92 31 1 23 34 39 98 
43 65 93 92 0 28 15 35 15 42 35 90 89 22 67 100 18 91 56 48 62 49 43 7 55 69 36 75 5 14 40 58 75 55 47 64 39 82 49 57 69 78 5 93 29 81 87 86 91 4 
10 17 12 65 28 0 76 77 57 50 56 79 20 86 14 90 32 49 65 63 55 53 21 26 11 50 42 19 8 98 71 26 50 100 38 10 43 63 26 85 73 90 95 77 17 64 44 72 52 95 
38 8 82 87 15 76 0 28 54 96 41 67 46 8 36 34 42 5 79 31 96 45 88 29 85 90 85 99 41 39 7 84 38 77 99 10 5 12 97 45 69 54 71 38 52 82 27 90 17 28 
45 47 2 26 35 77 28 0 96 27 61 100 60 82 95 46 40 84 68 45 73 18 49 78 51 75 99 33 96 13 63 83 100 18 42 17 21 98 5 87 3 73 3 8 89 37 9 74 84 95 
67 53 69 99 15 57 54 96 0 74 8 29 37 61 84 86 84 57 39 42 48 96 41 58 96 92 61 21 83 46 45 67 11 8 26 30 85 40 15 26 70 16 45 81 7 42 19 27 75 88 
55 54 88 96 42 50 96 27 74 0 53 27 75 80 5 86 21 35 16 82 89 33 36 44 59 75 63 51 7 43 44 96 88 65 6 61 8 39 1 70 3 67 4 63 54 15 79 96 46 17 
25 93 73 63 35 56 41 61 8 53 0 13 36 28 43 75 34 60 39 79 75 74 97 26 90 86 39 19 93 89 41 68 11 85 22 68 10 14 60 4 31 52 65 49 56 65 67 61 44 1 
60 29 12 45 90 79 67 100 29 27 13 0 43 46 58 26 55 96 69 82 82 80 38 90 1 89 36 59 35 39 79 48 83 42 100 56 14 58 42 86 5 9 82 54 4 91 63 56 52 69 
95 22 57 43 89 20 46 60 37 75 36 43 0 30 51 4 12 21 91 30 35 64 92 39 89 87 47 61 99 78 33 63 32 95 99 81 78 95 81 97 35 55 25 55 4 27 97 57 48 80 
47 24 51 27 22 86 8 82 61 80 28 46 30 0 35 66 98 30 25 57 41 81 8 55 38 65 60 34 56 18 23 23 9 48 34 22 25 19 76 11 12 55 70 99 17 47 85 28 48 60 
98 80 97 63 67 14 36 95 84 5 43 58 51 35 0 9 69 40 38 74 14 42 83 30 56 36 72 7 82 36 32 3 11 31 80 68 58 31 11 70 57 76 96 84 85 59 42 62 19 50 
71 99 100 89 100 90 34 46 86 86 75 26 4 66 9 0 15 19 12 2 28 96 90 20 16 13 79 33 41 36 64 44 23 91 18 1 31 97 62 5 35 7 94 20 95 55 26 7 2 54 
51 90 45 53 18 32 42 40 84 21 34 55 12 98 69 15 0 36 46 83 79 42 31 97 56 58 68 26 29 91 66 71 92 69 76 12 39 45 8 43 9 96 98 84 73 58 16 40 98 72 
20 59 7 50 91 49 5 84 57 35 60 96 21 30 40 19 36 0 74 82 14 70 34 4 69 67 54 99 54 60 95 13 14 90 74 29 40 30 21 84 39 58 4 79 100 91 21 94 81 31 
86 12 2 90 56 65 79 68 39 16 39 69 91 25 38 12 46 74 0 29 56 61 82 86 97 26 13 93 20 85 56 22 46 6 84 76 13 82 75 49 77 96 57 14 80 99 98 4 50 55 
16 52 14 69 48 63 31 45 42 82 79 82 30 57 74 2 83 82 29 0 56 44 16 30 97 35 26 72 78 82 84 47 72 63 53 73 91 49 8 61 85 77 42 68 89 95 71 1 91 24 
41 86 73 62 62 55 96 73 48 89 75 82 35 41 14 28 79 14 56 56 0 17 23 88 7 30 87 12 5 59 23 52 90 14 17 62 55 46 43 39 69 82 81 87 22 2 49 25 82 30 
55 70 64 41 49 53 45 18 96 33 74 80 64 81 42 96 42 70 61 44 17 0 93 41 50 11 43 94 93 81 90 30 48 85 86 1 91 76 69 17 38 17 29 79 76 47 86 16 85 65 
33 99 69 71 43 21 88 49 41 36 97 38 92 8 83 90 31 34 82 16 23 93 0 55 81 80 38 97 76 76 71 23 8 57 83 35 29 51 38 24 54 37 23 17 37 69 15 32 12 45 
27 32 34 34 7 26 29 78 58 44 26 90 39 55 30 20 97 4 86 30 88 41 55 0 80 65 5 6 73 22 12 44 86 1 38 77 1 100 48 12 76 36 68 22 7 32 76 1 60 41 
4 25 86 41 55 11 85 51 96 59 90 1 89 38 56 16 56 69 97 97 7 50 81 80 0 53 43 33 91 66 85 92 42 38 96 39 68 27 40 91 29 11 54 3 39 56 67 3 62 27 
61 54 30 13 69 50 90 75 92 75 86 89 87 65 36 13 58 67 26 35 30 11 80 65 53 0 55 14 31 80 61 83 71 43 9 33 52 31 55 39 45 52 59 54 80 68 68 15 81 10 
99 98 5 60 36 42 85 99 61 63 39 36 47 60 72 79 68 54 13 26 87 43 38 5 43 55 0 51 82 30 6 97 99 22 45 94 23 52 68 74 26 67 36 26 7 49 64 88 20 27 
4 10 16 83 75 19 99 33 21 51 19 59 61 34 7 33 26 99 93 72 12 94 97 6 33 14 51 0 40 54 86 23 58 19 57 14 86 87 72 33 68 45 29 64 44 21 56 28 98 75 
75 36 65 93 5 8 41 96 83 7 93 35 99 56 82 41 29 54 20 78 5 93 76 73 91 31 82 40 0 19 53 27 8 77 81 44 70 8 12 84 16 56 19 76 97 21 75 57 83 60 
13 41 72 64 14 98 39 13 46 43 89 39 78 18 36 36 91 60 85 82 59 81 76 22 66 80 30 54 19 0 10 3 48 2 82 92 57 46 51 58 23 76 91 4 86 98 2 21 82 17 
90 80 83 33 40 71 7 63 45 44 41 79 33 23 32 64 66 95 56 84 23 90 71 12 85 61 6 86 53 10 0 87 69 95 54 88 36 36 71 34 72 64 20 41 12 10 87 73 26 11 
72 19 2 44 58 26 84 83 67 96 68 48 63 23 3 44 71 13 22 47 52 30 23 44 92 83 97 23 27 3 87 0 91 93 36 50 59 45 22 95 19 91 94 96 63 48 87 90 79 41 
64 66 31 50 75 50 38 100 11 88 11 83 32 9 11 23 92 14 46 72 90 48 8 86 42 71 99 58 8 48 69 91 0 26 18 44 74 33 51 5 79 46 81 31 9 18 59 13 62 17 
40 5 88 5 55 100 77 18 8 65 85 42 95 48 31 91 69 90 6 63 14 85 57 1 38 43 22 19 77 2 95 93 26 0 1 30 32 95 31 91 3 61 84 45 1 98 90 58 71 47 
72 57 35 94 47 38 99 42 26 6 22 100 99 34 80 18 76 74 84 53 17 86 83 38 96 9 45 57 81 82 54 36 18 1 0 93 81 42 53 48 95 67 19 63 19 12 34 4 67 37 
100 12 44 27 64 10 10 17 30 61 68 56 81 22 68 1 12 29 76 73 62 1 35 77 39 33 94 14 44 92 88 50 44 30 93 0 6 76 26 100 40 55 3 57 49 78 73 77 45 86 
44 47 2 10 39 43 5 21 85 8 10 14 78 25 58 31 39 40 13 91 55 91 29 1 68 52 23 86 70 57 36 59 74 32 81 6 0 5 66 58 98 5 53 14 63 69 97 46 27 28 
63 74 69 12 82 63 12 98 40 39 14 58 95 19 31 97 45 30 82 49 46 76 51 100 27 31 52 87 8 46 36 45 33 95 42 76 5 0 9 100 16 68 34 81 16 57 58 75 63 7 
96 35 4 47 49 26 97 5 15 1 60 42 81 76 11 62 8 21 75 8 43 69 38 48 40 55 68 72 12 51 71 22 51 31 53 26 66 9 0 40 67 82 35 13 100 68 21 43 95 39 
71 11 27 92 57 85 45 87 26 70 4 86 97 11 70 5 43 84 49 61 39 17 24 12 91 39 74 33 84 58 34 95 5 91 48 100 58 100 40 0 89 37 33 70 53 40 83 44 65 58 
36 39 34 50 69 73 69 3 70 3 31 5 35 12 57 35 9 39 77 85 69 38 54 76 29 45 26 68 16 23 72 19 79 3 95 40 98 16 67 89 0 27 51 32 79 30 62 23 63 22 
59 75 35 26 78 90 54 73 16 67 52 9 55 55 76 7 96 58 96 77 82 17 37 36 11 52 67 45 56 76 64 91 46 61 67 55 5 68 82 37 27 0 88 64 4 50 93 51 73 1 
67 18 33 4 5 95 71 3 45 4 65 82 25 70 96 94 98 4 57 42 81 29 23 68 54 59 36 29 19 91 20 94 81 84 19 3 53 34 35 33 51 88 0 45 62 46 8 4 98 93 
42 17 25 92 93 77 38 8 81 63 49 54 55 99 84 20 84 79 14 68 87 79 17 22 3 54 26 64 76 4 41 96 31 45 63 57 14 81 13 70 32 64 45 0 45 6 51 66 37 6 
37 49 30 31 29 17 52 89 7 54 56 4 4 17 85 95 73 100 80 89 22 76 37 7 39 80 7 44 97 86 12 63 9 1 19 49 63 16 100 53 79 4 62 45 0 91 41 87 73 76 
75 46 8 1 81 64 82 37 42 15 65 91 27 47 59 55 58 91 99 95 2 47 69 32 56 68 49 21 21 98 10 48 18 98 12 78 69 57 68 40 30 50 46 6 91 0 10 1 3 19 
63 51 6 23 87 44 27 9 19 79 67 63 97 85 42 26 16 21 98 71 49 86 15 76 67 68 64 56 75 2 87 87 59 90 34 73 97 58 21 83 62 93 8 51 41 10 0 34 74 27 
27 82 7 34 86 72 90 74 27 96 61 56 57 28 62 7 40 94 4 1 25 16 32 1 3 15 88 28 57 21 73 90 13 58 4 77 46 75 43 44 23 51 4 66 87 1 34 0 54 52 
91 32 96 39 91 52 17 84 75 46 44 52 48 48 19 2 98 81 50 91 82 85 12 60 62 81 20 98 83 82 26 79 62 71 67 45 27 63 95 65 63 73 98 37 73 3 74 54 0 9 
92 20 53 98 4 95 28 95 88 17 1 69 80 60 50 54 72 31 55 24 30 65 45 41 27 10 27 75 60 17 11 41 17 47 37 86 28 7 39 58 22 1 93 6 76 19 27 52 9 0 
RRRBBRBBBRBRBRRBBRBBBBRRBRRRRBRBRBBRRBBRBRBBRRRBRB