20
 0  67  32  39  26  71  94  11   3  86   7  43  74  47  22  81  18   8  82  60
 67   0  63   4  89  65  55  14  93  24  27  87  99  44  51  11  20  69   6  49
 32  63   0   0  30  15  21  70  62   7   5   6  12  88  78  15  71  84   9  48
 39   4   0   0   3  98  14  82  95  93  93  75  30  10  15  17  73  99  85  72
 26  89  30   3   0  61  53   5  30  19  23  37  65  99  95  76  95   2  31  43
 71  65  15  98  61   0  12  29  37  31  18  81  94  20  60  75  96  32  93  67
 94  55  21  14  53  12   0  33  69  97  43  44   3  82  76   7  12  33  66  58
 11  14  70  82   5  29  33   0  13  88  49  84  77  58  86 100  52  98  22  48
 3  93  62  95  30  37  69  13   0  23  76  85  53  26  70  89  40  62  19  57
 86  24   7  93  19  31  97  88  23   0  70  20  22  82  39  54  10  12  27  93
 7  27   5  93  23  18  43  49  76  70   0  72  34  42  86  36   3  35  13  24
 43  87   6  75  37  81  44  84  85  20  72   0  67  77  20  32  63  84  26   7
 74  99  12  30  65  94   3  77  53  22  34  67   0  48  11  10  36   4   4  48
 47  44  88  10  99  20  82  58  26  82  42  77  48   0   0  26  54   7  70  22
 22  51  78  15  95  60  76  86  70  39  86  20  11   0   0  86  47  73  92  56
 81  11  15  17  76  75   7 100  89  54  36  32  10  26  86   0  35  75  37  97
 18  20  71  73  95  96  12  52  40  10   3  63  36  54  47  35   0  48  75  71
 8  69  84  99   2  32  33  98  62  12  35  84   4   7  73  75  48   0  65  93
 82   6   9  85  31  93  66  22  19  27  13  26   4  70  92  37  75  65   0   9
 60  49  48  72  43  67  58  48  57  93  24   7  48  22  56  97  71  93   9   0
BRRBRBRBBRRBBBRRBRBR
