48
0 1 94 94 94 94 94 94 94 94 94 94 94 94 94 94 94 94 94 94 94 1 94 0 94 94 94 94 94 94 94 94 94 94 94 94 94 94 94 94 94 94 94 94 94 94 94 94
1 0 94 94 94 1 94 94 94 94 94 94 94 94 94 94 94 94 94 94 94 94 94 94 94 94 94 94 94 94 94 94 94 94 94 94 94 94 94 94 94 94 94 94 94 94 94 94
94 94 0 94 94 94 94 94 94 94 94 94 94 94 94 94 94 94 94 94 94 94 94 94 94 94 94 94 94 94 94 94 94 94 94 94 94 94 94 1 94 1 94 94 0 94 94 94
94 94 94 0 94 94 94 94 0 94 94 1 94 1 94 94 94 94 94 94 94 94 94 94 94 94 94 94 94 94 94 94 94 94 94 94 94 94 94 94 94 94 94 94 94 94 94 94
94 94 94 94 0 94 94 94 94 94 94 94 94 94 94 94 94 94 94 94 94 94 94 94 1 1 94 94 0 94 94 94 94 94 94 94 94 94 94 94 94 94 94 94 94 94 94 94
94 1 94 94 94 0 94 94 94 94 0 94 94 0 94 94 94 47 0 94 94 94 94 94 94 94 0 94 94 94 0 0 1 94 0 94 0 94 94 94 94 94 47 0 94 94 94 94
94 94 94 94 94 94 0 1 94 94 94 94 94 94 94 94 94 94 94 94 94 94 94 94 94 94 94 94 94 94 94 94 94 94 94 94 1 94 94 94 94 94 94 94 94 94 94 94
94 94 94 94 94 94 1 0 1 94 94 94 94 94 94 94 94 94 94 94 94 94 94 94 94 94 94 94 94 94 94 94 0 94 94 94 94 94 94 94 94 94 94 94 94 94 94 94
94 94 94 0 94 94 94 1 0 94 94 94 94 94 94 94 94 94 94 1 94 94 94 94 94 94 94 94 94 94 94 94 94 94 94 94 94 94 94 94 94 94 94 94 94 94 94 94
94 94 94 94 94 94 94 94 94 0 94 94 94 94 94 94 94 94 1 94 94 94 94 94 0 94 94 94 94 1 94 94 94 94 94 94 94 94 94 94 94 94 94 94 94 94 94 94
94 94 94 94 94 0 94 94 94 94 0 1 94 0 94 94 94 0 0 1 94 94 94 94 94 94 0 94 94 94 0 0 94 94 0 94 0 94 94 94 94 94 0 0 94 94 94 94
94 94 94 1 94 94 94 94 94 94 1 0 94 94 94 0 94 94 94 94 94 94 94 94 94 94 94 94 94 94 94 94 94 94 94 94 94 94 94 94 94 94 94 94 94 94 94 94
94 94 94 94 94 94 94 94 94 94 94 94 0 94 94 94 94 94 94 94 94 94 94 94 94 94 94 94 94 94 94 94 94 1 94 94 94 94 94 94 0 94 94 94 94 94 94 1
94 94 94 1 94 0 94 94 94 94 0 94 94 0 1 94 94 0 0 94 94 94 94 94 94 94 0 94 94 94 0 0 94 94 0 94 0 94 94 94 94 94 0 0 94 94 94 94
94 94 94 94 94 94 94 94 94 94 94 94 94 1 0 1 94 94 94 94 94 94 94 94 94 94 94 94 94 94 94 94 94 94 94 94 94 94 94 94 94 94 94 94 94 94 94 94
94 94 94 94 94 94 94 94 94 94 94 0 94 94 1 0 94 94 94 94 94 94 94 94 94 94 94 94 94 94 94 94 94 94 94 1 94 94 94 94 94 94 94 94 94 94 94 94
94 94 94 94 94 94 94 94 94 94 94 94 94 94 94 94 0 94 94 94 94 0 94 94 94 94 94 94 94 94 94 94 94 94 94 94 94 94 94 94 94 94 1 94 1 94 94 94
94 94 94 94 94 47 94 94 94 94 0 94 94 0 94 94 94 0 0 94 94 94 94 94 94 94 0 94 94 94 0 0 94 94 0 94 0 94 94 94 94 94 0 0 1 94 1 94
94 94 94 94 94 0 94 94 94 1 0 94 94 0 94 94 94 0 0 94 94 94 94 94 94 94 0 94 94 94 0 0 94 94 0 94 0 94 94 94 94 94 0 0 94 1 94 94
94 94 94 94 94 94 94 94 1 94 1 94 94 94 94 94 94 94 94 0 94 94 94 94 94 94 94 94 94 94 94 94 94 94 94 94 94 94 94 94 94 94 94 94 94 94 94 94
94 94 94 94 94 94 94 94 94 94 94 94 94 94 94 94 94 94 94 94 0 94 94 94 94 94 94 94 94 94 1 94 94 94 94 94 94 94 94 94 94 94 94 94 94 94 94 1
1 94 94 94 94 94 94 94 94 94 94 94 94 94 94 94 0 94 94 94 94 0 94 94 94 94 94 94 94 94 94 94 94 94 94 94 94 94 94 94 94 94 94 94 94 94 1 94
94 94 94 94 94 94 94 94 94 94 94 94 94 94 94 94 94 94 94 94 94 94 0 94 94 94 94 94 94 94 94 94 94 94 94 94 94 94 94 1 94 94 94 1 94 94 94 94
0 94 94 94 94 94 94 94 94 94 94 94 94 94 94 94 94 94 94 94 94 94 94 0 94 94 94 94 94 94 94 94 1 94 94 94 1 94 94 94 94 94 94 94 94 94 94 94
94 94 94 94 1 94 94 94 94 0 94 94 94 94 94 94 94 94 94 94 94 94 94 94 0 94 94 94 94 94 94 94 94 94 94 94 94 94 1 94 94 94 94 94 94 94 94 94
94 94 94 94 1 94 94 94 94 94 94 94 94 94 94 94 94 94 94 94 94 94 94 94 94 0 1 94 94 94 94 94 94 94 94 94 94 94 94 94 94 94 94 94 94 94 94 94
94 94 94 94 94 0 94 94 94 94 0 94 94 0 94 94 94 0 0 94 94 94 94 94 94 1 0 1 94 94 0 0 94 94 0 94 0 94 94 94 94 94 0 0 94 94 94 94
94 94 94 94 94 94 94 94 94 94 94 94 94 94 94 94 94 94 94 94 94 94 94 94 94 94 1 0 1 94 94 94 94 94 94 94 94 94 94 94 94 94 94 94 94 94 94 0
94 94 94 94 0 94 94 94 94 94 94 94 94 94 94 94 94 94 94 94 94 94 94 94 94 94 94 1 0 94 1 94 94 94 94 94 94 94 94 94 94 94 94 94 94 94 94 94
94 94 94 94 94 94 94 94 94 1 94 94 94 94 94 94 94 94 94 94 94 94 94 94 94 94 94 94 94 0 94 1 94 94 94 0 94 94 94 94 94 94 94 94 94 94 94 94
94 94 94 94 94 0 94 94 94 94 0 94 94 0 94 94 94 0 0 94 1 94 94 94 94 94 0 94 1 94 0 0 94 94 0 94 0 94 94 94 94 94 0 0 94 94 94 94
94 94 94 94 94 0 94 94 94 94 0 94 94 0 94 94 94 0 0 94 94 94 94 94 94 94 0 94 94 1 0 0 94 94 0 94 0 94 1 94 94 94 0 0 94 94 94 94
94 94 94 94 94 1 94 0 94 94 94 94 94 94 94 94 94 94 94 94 94 94 94 1 94 94 94 94 94 94 94 94 0 94 94 94 94 94 94 94 94 94 94 94 94 94 94 94
94 94 94 94 94 94 94 94 94 94 94 94 1 94 94 94 94 94 94 94 94 94 94 94 94 94 94 94 94 94 94 94 94 0 1 94 94 94 94 94 94 94 94 94 94 94 94 94
94 94 94 94 94 0 94 94 94 94 0 94 94 0 94 94 94 0 0 94 94 94 94 94 94 94 0 94 94 94 0 0 94 1 0 94 0 1 94 94 94 94 0 0 94 94 94 94
94 94 94 94 94 94 94 94 94 94 94 94 94 94 94 1 94 94 94 94 94 94 94 94 94 94 94 94 94 0 94 94 94 94 94 0 94 94 94 94 94 94 94 94 94 1 94 94
94 94 94 94 94 0 1 94 94 94 0 94 94 0 94 94 94 0 0 94 94 94 94 1 94 94 0 94 94 94 0 0 94 94 0 94 0 94 94 94 94 94 0 0 94 94 94 94
94 94 94 94 94 94 94 94 94 94 94 94 94 94 94 94 94 94 94 94 94 94 94 94 94 94 94 94 94 94 94 94 94 94 1 94 94 0 94 0 1 94 94 94 94 94 94 94
94 94 94 94 94 94 94 94 94 94 94 94 94 94 94 94 94 94 94 94 94 94 94 94 1 94 94 94 94 94 94 1 94 94 94 94 94 94 0 94 94 94 94 94 94 94 94 94
94 94 1 94 94 94 94 94 94 94 94 94 94 94 94 94 94 94 94 94 94 94 1 94 94 94 94 94 94 94 94 94 94 94 94 94 94 0 94 0 94 94 94 94 94 94 94 94
94 94 94 94 94 94 94 94 94 94 94 94 0 94 94 94 94 94 94 94 94 94 94 94 94 94 94 94 94 94 94 94 94 94 94 94 94 1 94 94 0 94 94 1 94 94 94 94
94 94 1 94 94 94 94 94 94 94 94 94 94 94 94 94 94 94 94 94 94 94 94 94 94 94 94 94 94 94 94 94 94 94 94 94 94 94 94 94 94 0 1 94 94 94 94 94
94 94 94 94 94 47 94 94 94 94 0 94 94 0 94 94 1 0 0 94 94 94 94 94 94 94 0 94 94 94 0 0 94 94 0 94 0 94 94 94 94 1 0 0 94 94 94 94
94 94 94 94 94 0 94 94 94 94 0 94 94 0 94 94 94 0 0 94 94 94 1 94 94 94 0 94 94 94 0 0 94 94 0 94 0 94 94 94 1 94 0 0 94 94 94 94
94 94 0 94 94 94 94 94 94 94 94 94 94 94 94 94 1 1 94 94 94 94 94 94 94 94 94 94 94 94 94 94 94 94 94 94 94 94 94 94 94 94 94 94 0 94 94 94
94 94 94 94 94 94 94 94 94 94 94 94 94 94 94 94 94 94 1 94 94 94 94 94 94 94 94 94 94 94 94 94 94 94 94 1 94 94 94 94 94 94 94 94 94 0 94 94
94 94 94 94 94 94 94 94 94 94 94 94 94 94 94 94 94 1 94 94 94 1 94 94 94 94 94 94 94 94 94 94 94 94 94 94 94 94 94 94 94 94 94 94 94 94 0 94
94 94 94 94 94 94 94 94 94 94 94 94 1 94 94 94 94 94 94 94 1 94 94 94 94 94 94 0 94 94 94 94 94 94 94 94 94 94 94 94 94 94 94 94 94 94 94 0
RBBRRRRBRBRBRRBBRBBBRBRRBRRBBRBRBBBRBBBBRBRRRRBR