50
0 3 71 4 69 79 84 16 85 25 90 4 86 14 85 3 37 57 51 54 21 58 77 85 94 92 40 84 81 6 19 62 46 92 38 65 48 63 2 72 96 59 68 39 14 27 22 98 5 87
3 0 32 54 70 93 26 67 38 22 71 97 88 42 93 38 11 84 18 38 39 64 68 10 34 35 7 79 33 29 80 1 47 17 55 4 99 91 8 57 99 97 51 24 60 52 69 95 64 65
71 32 0 46 55 78 59 58 84 58 48 79 90 6 21 76 67 65 64 19 32 40 9 92 46 75 48 71 73 2 100 72 1 26 83 65 72 82 1 85 46 20 53 12 47 31 95 86 9 62
4 54 46 0 52 17 13 81 59 66 80 61 9 89 63 63 2 53 39 44 45 87 83 5 6 80 67 29 43 47 96 30 29 61 97 77 74 29 25 79 89 83 5 51 6 80 21 42 68 88
69 70 55 52 0 6 50 33 98 88 71 87 36 37 76 82 48 59 51 42 78 28 5 25 24 13 62 57 43 44 9 72 45 5 10 71 47 14 91 69 7 26 89 85 75 45 80 88 100 60
79 93 78 17 6 0 9 45 74 42 53 13 77 84 54 21 63 84 20 24 18 63 28 58 63 40 44 11 96 15 77 58 74 56 61 7 11 36 81 70 5 24 64 7 26 11 67 31 44 24
84 26 59 13 50 9 0 68 63 85 66 8 66 96 21 36 27 32 19 51 62 28 33 62 78 38 0 1 33 4 63 33 89 49 48 82 46 5 80 64 38 84 87 10 5 15 32 59 90 25
16 67 58 81 33 45 68 0 4 42 83 8 52 74 87 46 30 24 7 34 79 53 54 69 64 28 48 52 68 32 81 91 43 48 3 77 3 20 30 80 47 91 53 81 55 84 70 90 84 82
85 38 84 59 98 74 63 4 0 24 35 1 23 90 79 30 19 3 64 89 22 21 23 18 84 60 100 60 5 39 0 10 88 6 26 84 99 86 72 32 86 29 35 80 71 64 26 40 93 70
25 22 58 66 88 42 85 42 24 0 28 36 96 74 30 80 61 70 13 70 95 63 59 37 14 21 82 51 62 42 42 47 63 29 67 75 61 77 64 57 11 69 2 49 28 63 90 85 45 11
90 71 48 80 71 53 66 83 35 28 0 90 78 51 8 45 63 8 48 20 95 74 66 84 34 49 8 72 92 66 92 44 16 12 50 55 55 62 9 60 65 71 32 54 64 13 14 63 81 22
4 97 79 61 87 13 8 8 1 36 90 0 61 71 72 50 40 41 11 13 63 53 57 63 33 68 49 65 98 25 80 38 0 52 30 91 62 54 67 4 46 56 2 7 29 65 71 25 14 5
86 88 90 9 36 77 66 52 23 96 78 61 0 6 86 97 56 81 44 76 71 10 9 70 78 67 68 87 81 52 52 24 6 95 45 66 61 94 1 100 78 63 32 100 4 0 8 46 0 64
14 42 6 89 37 84 96 74 90 74 51 71 6 0 3 23 82 44 54 53 78 78 49 46 76 8 96 67 15 89 41 64 99 63 81 14 51 31 74 72 19 13 82 12 43 2 83 39 100 89
85 93 21 63 76 54 21 87 79 30 8 72 86 3 0 13 88 28 54 45 67 0 51 35 62 22 54 14 7 11 67 60 70 47 15 3 29 6 20 34 17 77 77 19 53 12 89 89 86 1
3 38 76 63 82 21 36 46 30 80 45 50 97 23 13 0 86 39 61 89 52 63 22 12 72 34 64 5 77 86 33 12 90 35 75 45 23 81 15 58 25 12 9 73 15 26 13 85 53 19
37 11 67 2 48 63 27 30 19 61 63 40 56 82 88 86 0 45 74 46 11 52 7 66 47 25 2 56 100 61 57 18 88 99 80 4 20 43 65 83 49 82 1 13 5 12 2 74 84 92
57 84 65 53 59 84 32 24 3 70 8 41 81 44 28 39 45 0 67 32 87 89 59 85 10 7 23 26 76 93 91 88 44 60 45 36 36 89 49 91 25 6 0 43 89 65 96 89 2 97
51 18 64 39 51 20 19 7 64 13 48 11 44 54 54 61 74 67 0 53 0 2 21 7 69 31 2 90 8 40 97 4 42 52 9 60 20 69 9 50 22 28 19 15 55 76 14 87 99 92
54 38 19 44 42 24 51 34 89 70 20 13 76 53 45 89 46 32 53 0 63 68 50 98 19 67 20 54 49 3 95 25 80 52 25 48 67 98 21 19 47 31 62 63 46 0 80 50 11 49
21 39 32 45 78 18 62 79 22 95 95 63 71 78 67 52 11 87 0 63 0 79 41 20 50 19 99 3 19 85 88 41 23 54 29 97 80 35 50 27 27 87 52 72 58 12 31 71 67 33
58 64 40 87 28 63 28 53 21 63 74 53 10 78 0 63 52 89 2 68 79 0 26 67 32 54 18 46 98 97 55 10 63 30 45 98 89 85 52 21 41 55 81 26 79 22 9 40 80 10
77 68 9 83 5 28 33 54 23 59 66 57 9 49 51 22 7 59 21 50 41 26 0 88 98 60 65 49 85 48 72 86 92 66 79 33 41 82 52 32 89 21 55 35 100 18 98 19 34 5
85 10 92 5 25 58 62 69 18 37 84 63 70 46 35 12 66 85 7 98 20 67 88 0 31 6 5 97 37 92 81 19 82 66 92 85 82 13 34 3 55 55 41 3 85 6 48 67 30 80
94 34 46 6 24 63 78 64 84 14 34 33 78 76 62 72 47 10 69 19 50 32 98 31 0 35 43 21 46 51 25 28 42 96 67 64 34 95 0 11 8 54 40 79 73 88 79 96 80 87
92 35 75 80 13 40 38 28 60 21 49 68 67 8 22 34 25 7 31 67 19 54 60 6 35 0 87 5 82 97 11 71 88 43 11 68 37 18 49 84 74 18 11 26 90 75 42 90 16 30
40 7 48 67 62 44 0 48 100 82 8 49 68 96 54 64 2 23 2 20 99 18 65 5 43 87 0 66 90 36 77 4 40 21 70 20 20 51 22 18 83 59 38 69 25 76 33 29 100 90
84 79 71 29 57 11 1 52 60 51 72 65 87 67 14 5 56 26 90 54 3 46 49 97 21 5 66 0 43 55 100 64 37 89 3 30 75 65 15 61 66 24 91 47 44 32 82 47 90 71
81 33 73 43 43 96 33 68 5 62 92 98 81 15 7 77 100 76 8 49 19 98 85 37 46 82 90 43 0 68 47 20 95 40 37 72 9 79 99 50 18 46 14 84 70 59 70 44 26 7
6 29 2 47 44 15 4 32 39 42 66 25 52 89 11 86 61 93 40 3 85 97 48 92 51 97 36 55 68 0 24 26 71 58 15 18 57 27 73 62 30 26 42 83 43 14 1 52 23 51
19 80 100 96 9 77 63 81 0 42 92 80 52 41 67 33 57 91 97 95 88 55 72 81 25 11 77 100 47 24 0 47 69 5 80 72 21 82 80 81 80 39 69 77 22 68 92 54 11 4
62 1 72 30 72 58 33 91 10 47 44 38 24 64 60 12 18 88 4 25 41 10 86 19 28 71 4 64 20 26 47 0 14 68 33 73 90 73 55 88 77 23 53 9 7 56 45 84 11 4
46 47 1 29 45 74 89 43 88 63 16 0 6 99 70 90 88 44 42 80 23 63 92 82 42 88 40 37 95 71 69 14 0 56 92 77 33 88 46 77 26 35 90 14 4 67 45 87 87 86
92 17 26 61 5 56 49 48 6 29 12 52 95 63 47 35 99 60 52 52 54 30 66 66 96 43 21 89 40 58 5 68 56 0 95 52 10 32 83 51 65 35 77 37 54 24 4 1 76 84
38 55 83 97 10 61 48 3 26 67 50 30 45 81 15 75 80 45 9 25 29 45 79 92 67 11 70 3 37 15 80 33 92 95 0 84 48 62 84 92 11 38 98 35 15 57 51 83 12 23
65 4 65 77 71 7 82 77 84 75 55 91 66 14 3 45 4 36 60 48 97 98 33 85 64 68 20 30 72 18 72 73 77 52 84 0 94 73 46 11 79 49 3 31 79 18 69 76 62 45
48 99 72 74 47 11 46 3 99 61 55 62 61 51 29 23 20 36 20 67 80 89 41 82 34 37 20 75 9 57 21 90 33 10 48 94 0 54 75 69 53 82 16 51 93 69 32 32 63 45
63 91 82 29 14 36 5 20 86 77 62 54 94 31 6 81 43 89 69 98 35 85 82 13 95 18 51 65 79 27 82 73 88 32 62 73 54 0 70 45 63 87 5 17 51 22 85 84 59 75
2 8 1 25 91 81 80 30 72 64 9 67 1 74 20 15 65 49 9 21 50 52 52 34 0 49 22 15 99 73 80 55 46 83 84 46 75 70 0 91 97 19 7 7 38 27 19 89 43 24
72 57 85 79 69 70 64 80 32 57 60 4 100 72 34 58 83 91 50 19 27 21 32 3 11 84 18 61 50 62 81 88 77 51 92 11 69 45 91 0 15 41 73 34 87 22 94 92 27 53
96 99 46 89 7 5 38 47 86 11 65 46 78 19 17 25 49 25 22 47 27 41 89 55 8 74 83 66 18 30 80 77 26 65 11 79 53 63 97 15 0 88 59 87 64 34 78 27 14 76
59 97 20 83 26 24 84 91 29 69 71 56 63 13 77 12 82 6 28 31 87 55 21 55 54 18 59 24 46 26 39 23 35 35 38 49 82 87 19 41 88 0 89 81 5 97 33 49 82 3
68 51 53 5 89 64 87 53 35 2 32 2 32 82 77 9 1 0 19 62 52 81 55 41 40 11 38 91 14 42 69 53 90 77 98 3 16 5 7 73 59 89 0 47 17 83 29 15 92 12
39 24 12 51 85 7 10 81 80 49 54 7 100 12 19 73 13 43 15 63 72 26 35 3 79 26 69 47 84 83 77 9 14 37 35 31 51 17 7 34 87 81 47 0 90 57 59 9 73 42
14 60 47 6 75 26 5 55 71 28 64 29 4 43 53 15 5 89 55 46 58 79 100 85 73 90 25 44 70 43 22 7 4 54 15 79 93 51 38 87 64 5 17 90 0 87 4 72 49 15
27 52 31 80 45 11 15 84 64 63 13 65 0 2 12 26 12 65 76 0 12 22 18 6 88 75 76 32 59 14 68 56 67 24 57 18 69 22 27 22 34 97 83 57 87 0 24 33 79 2
22 69 95 21 80 67 32 70 26 90 14 71 8 83 89 13 2 96 14 80 31 9 98 48 79 42 33 82 70 1 92 45 45 4 51 69 32 85 19 94 78 33 29 59 4 24 0 58 36 40
98 95 86 42 88 31 59 90 40 85 63 25 46 39 89 85 74 89 87 50 71 40 19 67 96 90 29 47 44 52 54 84 87 1 83 76 32 84 89 92 27 49 15 9 72 33 58 0 83 99
5 64 9 68 100 44 90 84 93 45 81 14 0 100 86 53 84 2 99 11 67 80 34 30 80 16 100 90 26 23 11 11 87 76 12 62 63 59 43 27 14 82 92 73 49 79 36 83 0 67
87 65 62 88 60 24 25 82 70 11 22 5 64 89 1 19 92 97 92 49 33 10 5 80 87 30 90 71 7 51 4 4 86 84 23 45 45 75 24 53 76 3 12 42 15 2 40 99 67 0
RBBRBRRRRBRRRRRRRBBBBBBBBRBRBRRBRBBBRRRRBBRBRBRBBB