50
0 92 98 72 72 83 88 98 95 65 74 87 94 72 79 72 91 74 76 83 77 88 75 93 85 93 64 100 92 90 68 89 75 79 92 96 93 71 95 99 26 89 92 83 99 69 99 89 84 77
92 0 48 74 97 64 68 75 57 96 45 99 50 60 49 81 73 34 72 41 73 89 45 80 81 15 65 30 67 50 44 40 82 30 88 79 94 47 59 92 36 94 69 73 58 40 75 69 43 35
98 48 0 95 98 99 96 95 95 95 93 96 97 100 96 94 95 94 94 97 94 94 92 98 99 93 94 98 94 92 98 100 98 92 96 96 93 96 95 95 93 92 94 98 92 97 100 96 99 99
72 74 95 0 100 100 100 100 100 100 100 100 100 100 80 100 100 100 100 100 100 100 100 100 100 100 100 100 100 100 100 100 100 100 100 100 100 100 100 100 100 100 100 100 100 100 100 100 100 100
72 97 98 100 0 85 92 92 86 98 93 90 97 93 92 92 90 84 85 87 96 88 97 84 89 91 87 88 96 96 89 90 96 96 97 1 93 90 96 87 99 98 100 93 96 90 98 91 89 92
83 64 99 100 85 0 100 87 86 87 95 85 99 90 88 81 86 99 88 82 98 85 91 99 99 81 100 88 82 86 91 94 93 86 86 85 100 82 98 98 81 98 98 88 92 93 99 94 95 70
88 68 96 100 92 100 0 92 93 100 90 98 93 90 99 94 91 92 89 100 100 96 93 90 94 94 92 93 100 99 94 89 99 94 89 91 97 91 89 97 91 89 31 94 98 96 91 92 91 95
98 75 95 100 92 87 92 0 71 59 49 44 51 97 96 89 75 64 69 47 72 73 43 42 85 74 77 91 3 69 49 58 39 53 41 48 93 69 41 50 53 58 38 68 40 81 71 95 99 91
95 57 95 100 86 86 93 71 0 100 92 87 93 96 98 99 89 85 100 88 95 89 82 88 92 97 93 99 88 91 92 100 92 90 99 94 98 97 99 86 90 83 100 88 92 92 54 82 92 98
65 96 95 100 98 87 100 59 100 0 66 41 60 57 71 97 41 72 51 71 92 69 66 97 82 85 66 47 96 99 96 78 54 47 85 56 13 92 58 92 81 63 87 57 80 59 94 76 58 100
74 45 93 100 93 95 90 49 92 66 0 85 25 100 94 74 73 90 84 98 96 88 79 76 93 73 78 69 73 96 88 96 70 78 93 76 100 73 77 84 95 96 74 100 79 74 90 73 97 76
87 99 96 100 90 85 98 44 87 41 85 0 39 45 64 45 68 76 53 76 44 52 77 85 53 98 62 74 67 83 66 43 97 52 84 100 94 97 84 87 99 82 73 77 54 91 78 89 75 46
94 50 97 100 97 99 93 51 93 60 25 39 0 49 69 43 93 43 41 52 99 46 97 93 66 70 68 42 97 78 79 62 94 87 61 94 47 90 39 94 70 52 79 69 74 87 56 48 73 97
72 60 100 100 93 90 90 97 96 57 100 45 49 0 98 97 97 97 97 98 97 97 98 100 98 100 100 100 100 99 97 100 97 98 100 99 100 100 98 100 100 97 100 98 100 97 99 99 99 98
79 49 96 80 92 88 99 96 98 71 94 64 69 98 0 98 97 99 100 96 96 96 98 99 96 96 96 99 99 96 100 97 98 97 99 97 98 96 98 97 96 96 100 99 99 100 96 97 100 97
72 81 94 100 92 81 94 89 99 97 74 45 43 97 98 0 87 97 96 96 88 86 96 91 90 85 82 94 93 87 82 82 82 85 84 84 90 92 100 100 92 95 98 85 87 99 92 86 92 89
91 73 95 100 90 86 91 75 89 41 73 68 93 97 97 87 0 79 85 78 94 95 98 78 90 94 83 95 92 79 92 88 83 78 80 83 90 79 86 78 83 91 88 77 99 89 90 80 46 79
74 34 94 100 84 99 92 64 85 72 90 76 43 97 99 97 79 0 95 71 93 63 65 85 82 88 48 89 85 88 74 91 86 98 79 94 87 73 93 69 68 69 87 69 62 85 88 74 100 72
76 72 94 100 85 88 89 69 100 51 84 53 41 97 100 96 85 95 0 99 62 97 100 100 100 98 100 97 97 99 100 99 97 100 100 97 98 98 98 98 99 100 98 98 98 99 98 100 99 100
83 41 97 100 87 82 100 47 88 71 98 76 52 98 96 96 78 71 99 0 85 97 91 96 91 96 94 87 90 99 89 92 92 86 88 92 89 54 85 100 87 85 96 97 89 94 94 100 92 87
77 73 94 100 96 98 100 72 95 92 96 44 99 97 96 88 94 93 62 85 0 99 92 94 93 88 95 86 88 85 94 99 94 96 89 90 99 90 88 99 86 98 85 91 90 93 93 94 97 89
88 89 94 100 88 85 96 73 89 69 88 52 46 97 96 86 95 63 97 97 99 0 89 71 53 69 67 58 80 96 90 59 55 67 97 68 43 43 25 42 51 65 47 63 85 77 55 71 95 92
75 45 92 100 97 91 93 43 82 66 79 77 97 98 98 96 98 65 100 91 92 89 0 92 98 98 97 96 97 96 97 41 93 94 94 98 95 97 96 92 93 97 94 93 93 96 96 98 93 97
93 80 98 100 84 99 90 42 88 97 76 85 93 100 99 91 78 85 100 96 94 71 92 0 87 84 93 95 87 91 95 89 91 85 85 95 85 100 95 61 88 89 100 96 98 89 84 86 93 87
85 81 99 100 89 99 94 85 92 82 93 53 66 98 96 90 90 82 100 91 93 53 98 87 0 85 97 91 69 96 86 93 84 87 84 94 99 86 100 88 89 100 86 93 88 90 89 100 88 88
93 15 93 100 91 81 94 74 97 85 73 98 70 100 96 85 94 88 98 96 88 69 98 84 85 0 90 98 98 74 75 79 86 79 76 79 91 82 77 98 75 70 82 83 97 76 80 81 84 71
64 65 94 100 87 100 92 77 93 66 78 62 68 100 96 82 83 48 100 94 95 67 97 93 97 90 0 77 90 67 94 97 66 70 79 69 88 83 90 91 73 87 92 83 97 71 79 75 69 88
100 30 98 100 88 88 93 91 99 47 69 74 42 100 99 94 95 89 97 87 86 58 96 95 91 98 77 0 84 97 92 99 80 70 70 84 85 77 93 100 98 70 70 72 92 80 86 87 85 73
92 67 94 100 96 82 100 3 88 96 73 67 97 100 99 93 92 85 97 90 88 80 97 87 69 98 90 84 0 85 94 83 83 73 69 92 97 89 100 74 88 69 87 74 77 77 84 90 94 88
90 50 92 100 96 86 99 69 91 99 96 83 78 99 96 87 79 88 99 99 85 96 96 91 96 74 67 97 85 0 95 90 82 82 80 93 90 81 90 99 87 79 94 80 90 80 78 48 74 76
68 44 98 100 89 91 94 49 92 96 88 66 79 97 100 82 92 74 100 89 94 90 97 95 86 75 94 92 94 95 0 92 98 91 92 88 87 91 97 98 92 100 96 97 99 100 91 95 99 77
89 40 100 100 90 94 89 58 100 78 96 43 62 100 97 82 88 91 99 92 99 59 41 89 93 79 97 99 83 90 92 0 24 64 69 62 98 56 99 69 87 88 82 57 85 81 96 83 60 65
75 82 98 100 96 93 99 39 92 54 70 97 94 97 98 82 83 86 97 92 94 55 93 91 84 86 66 80 83 82 98 24 0 88 85 95 92 94 85 93 84 91 85 98 95 87 97 92 82 100
79 30 92 100 96 86 94 53 90 47 78 52 87 98 97 85 78 98 100 86 96 67 94 85 87 79 70 70 73 82 91 64 88 0 73 87 87 82 60 69 71 81 89 90 67 70 65 96 75 85
92 88 96 100 97 86 89 41 99 85 93 84 61 100 99 84 80 79 100 88 89 97 94 85 84 76 79 70 69 80 92 69 85 73 0 98 98 98 98 100 98 98 100 98 100 100 99 100 98 100
96 79 96 100 1 85 91 48 94 56 76 100 94 99 97 84 83 94 97 92 90 68 98 95 94 79 69 84 92 93 88 62 95 87 98 0 99 98 100 98 100 99 99 100 98 99 100 99 99 98
93 94 93 100 93 100 97 93 98 13 100 94 47 100 98 90 90 87 98 89 99 43 95 85 99 91 88 85 97 90 87 98 92 87 98 99 0 89 88 88 87 92 94 91 91 99 93 92 95 87
71 47 96 100 90 82 91 69 97 92 73 97 90 100 96 92 79 73 98 54 90 43 97 100 86 82 83 77 89 81 91 56 94 82 98 98 89 0 63 75 91 59 89 54 16 67 72 85 62 65
95 59 95 100 96 98 89 41 99 58 77 84 39 98 98 100 86 93 98 85 88 25 96 95 100 77 90 93 100 90 97 99 85 60 98 100 88 63 0 74 87 64 85 73 69 79 61 65 97 60
99 92 95 100 87 98 97 50 86 92 84 87 94 100 97 100 78 69 98 100 99 42 92 61 88 98 91 100 74 99 98 69 93 69 100 98 88 75 74 0 61 87 86 66 95 96 64 69 63 83
26 36 93 100 99 81 91 53 90 81 95 99 70 100 96 92 83 68 99 87 86 51 93 88 89 75 73 98 88 87 92 87 84 71 98 100 87 91 87 61 0 97 100 99 96 100 98 98 97 100
89 94 92 100 98 98 89 58 83 63 96 82 52 97 96 95 91 69 100 85 98 65 97 89 100 70 87 70 69 79 100 88 91 81 98 99 92 59 64 87 97 0 94 94 99 99 93 99 95 95
92 69 94 100 100 98 31 38 100 87 74 73 79 100 100 98 88 87 98 96 85 47 94 100 86 82 92 70 87 94 96 82 85 89 100 99 94 89 85 86 100 94 0 74 74 91 92 87 87 56
83 73 98 100 93 88 94 68 88 57 100 77 69 98 99 85 77 69 98 97 91 63 93 96 93 83 83 72 74 80 97 57 98 90 98 100 91 54 73 66 99 94 74 0 97 83 93 88 90 96
99 58 92 100 96 92 98 40 92 80 79 54 74 100 99 87 99 62 98 89 90 85 93 98 88 97 97 92 77 90 99 85 95 67 100 98 91 16 69 95 96 99 74 97 0 70 80 74 65 69
69 40 97 100 90 93 96 81 92 59 74 91 87 97 100 99 89 85 99 94 93 77 96 89 90 76 71 80 77 80 100 81 87 70 100 99 99 67 79 96 100 99 91 83 70 0 100 100 100 100
99 75 100 100 98 99 91 71 54 94 90 78 56 99 96 92 90 88 98 94 93 55 96 84 89 80 79 86 84 78 91 96 97 65 99 100 93 72 61 64 98 93 92 93 80 100 0 88 87 99
89 69 96 100 91 94 92 95 82 76 73 89 48 99 97 86 80 74 100 100 94 71 98 86 100 81 75 87 90 48 95 83 92 96 100 99 92 85 65 69 98 99 87 88 74 100 88 0 89 96
84 43 99 100 89 95 91 99 92 58 97 75 73 99 100 92 46 100 99 92 97 95 93 93 88 84 69 85 94 74 99 60 82 75 98 99 95 62 97 63 97 95 87 90 65 100 87 89 0 100
77 35 99 100 92 70 95 91 98 100 76 46 97 98 97 89 79 72 100 87 89 92 97 87 88 71 88 73 88 76 77 65 100 85 100 98 87 65 60 83 100 95 56 96 69 100 99 96 100 0
RRRRBRRRBRRBBBBRBBRBRRBRBBRBBRBRBBBRBRBBRBBRRRRRBB