50
0 29 59 71 96 85 73 25 24 99 22 49 43 57 38 31 26 57 11 94 25 94 36 93 61 59 12 9 17 89 54 16 66 90 15 82 83 14 98 16 90 86 99 20 14 41 96 28 12 64
29 0 21 80 93 60 24 96 21 65 11 38 84 14 72 76 57 10 8 95 100 80 21 75 96 44 10 95 20 54 86 22 46 13 12 4 44 31 32 19 70 97 63 5 9 82 95 37 54 95
59 21 0 57 68 6 73 52 46 90 31 47 21 77 77 7 6 55 50 46 35 67 61 20 37 82 82 43 87 78 74 71 61 60 22 67 67 34 52 33 87 30 59 59 48 68 10 24 65 41
71 80 57 0 27 51 34 82 8 28 45 82 82 44 50 30 85 29 12 26 15 47 42 60 21 90 87 28 66 28 1 75 67 64 98 82 89 53 33 19 27 33 86 12 92 58 26 99 21 2
96 93 68 27 0 90 64 46 54 8 97 41 99 10 23 31 60 73 23 78 48 70 61 88 28 33 28 87 33 12 10 58 90 24 74 22 62 91 94 56 54 63 14 50 82 63 79 6 18 49
85 60 6 51 90 0 59 29 38 85 22 22 84 41 10 13 56 61 19 23 96 65 83 11 81 100 100 14 22 29 80 23 28 90 5 68 64 48 51 21 19 85 43 97 65 11 69 48 91 61
73 24 73 34 64 59 0 27 96 39 38 15 62 27 98 32 86 54 16 33 49 42 89 5 3 36 1 13 55 93 73 43 16 81 29 99 50 45 63 21 46 80 87 47 6 75 100 11 40 11
25 96 52 82 46 29 27 0 13 74 33 6 54 45 19 44 42 55 42 15 67 10 92 60 15 87 8 29 100 74 21 84 16 16 44 43 18 79 70 86 100 83 29 86 45 57 68 95 29 58
24 21 46 8 54 38 96 13 0 40 35 69 54 87 33 47 45 80 66 57 53 96 62 26 98 4 61 45 57 46 97 90 69 93 43 82 55 13 41 95 76 12 85 67 82 76 35 15 68 60
99 65 90 28 8 85 39 74 40 0 19 90 56 39 27 72 28 7 58 69 41 94 4 95 33 59 84 59 83 1 54 12 57 13 69 59 6 34 37 98 12 75 54 45 68 7 82 45 33 67
22 11 31 45 97 22 38 33 35 19 0 77 11 15 92 50 15 62 45 29 91 90 78 21 95 98 97 2 3 70 49 96 70 4 93 22 22 50 66 32 86 97 15 11 83 95 98 32 52 54
49 38 47 82 41 22 15 6 69 90 77 0 84 11 80 23 18 72 16 15 58 51 88 99 61 43 23 69 72 64 48 42 35 18 14 45 45 73 79 89 2 87 50 55 74 89 9 54 77 26
43 84 21 82 99 84 62 54 54 56 11 84 0 57 49 85 17 39 85 28 81 19 92 23 48 91 6 57 79 87 62 89 80 84 93 99 15 62 30 60 2 58 20 82 64 74 85 50 38 36
57 14 77 44 10 41 27 45 87 39 15 11 57 0 81 10 16 72 94 1 24 82 78 90 39 86 23 12 68 11 5 93 20 37 59 38 33 52 2 29 30 1 6 16 11 67 39 85 14 48
38 72 77 50 23 10 98 19 33 27 92 80 49 81 0 42 22 6 78 54 31 16 25 62 36 35 65 64 21 75 38 54 80 6 24 17 27 50 62 68 77 47 99 55 87 79 91 78 7 85
31 76 7 30 31 13 32 44 47 72 50 23 85 10 42 0 37 4 60 60 80 56 87 100 27 20 4 15 79 2 96 9 9 44 42 88 28 98 12 48 80 50 69 60 76 77 45 56 28 100
26 57 6 85 60 56 86 42 45 28 15 18 17 16 22 37 0 5 13 54 39 70 96 68 18 24 59 92 36 3 36 65 65 90 10 78 20 74 4 62 77 90 76 89 28 87 81 56 82 42
57 10 55 29 73 61 54 55 80 7 62 72 39 72 6 4 5 0 94 55 38 65 81 83 22 23 43 17 26 38 60 12 46 38 93 2 6 100 28 53 43 33 77 28 40 59 67 25 36 14
11 8 50 12 23 19 16 42 66 58 45 16 85 94 78 60 13 94 0 13 9 39 49 81 58 47 31 98 16 2 80 26 5 23 38 38 19 50 46 98 85 67 38 18 28 71 8 77 11 8
94 95 46 26 78 23 33 15 57 69 29 15 28 1 54 60 54 55 13 0 73 5 90 71 46 49 52 34 15 32 11 94 9 73 20 35 84 27 24 70 45 43 20 54 67 69 17 90 68 63
25 100 35 15 48 96 49 67 53 41 91 58 81 24 31 80 39 38 9 73 0 74 38 48 90 82 18 97 61 8 31 57 56 54 1 83 80 80 62 95 91 60 30 96 35 72 3 97 40 92
94 80 67 47 70 65 42 10 96 94 90 51 19 82 16 56 70 65 39 5 74 0 54 46 22 84 17 49 61 60 63 60 22 96 18 53 20 13 90 42 35 92 3 18 14 13 93 73 25 54
36 21 61 42 61 83 89 92 62 4 78 88 92 78 25 87 96 81 49 90 38 54 0 31 25 39 20 14 46 82 77 73 73 95 2 42 33 13 70 40 38 84 87 7 36 29 20 68 68 50
93 75 20 60 88 11 5 60 26 95 21 99 23 90 62 100 68 83 81 71 48 46 31 0 34 92 59 88 56 31 12 51 69 50 4 5 40 82 62 88 18 38 100 50 54 77 41 10 49 26
61 96 37 21 28 81 3 15 98 33 95 61 48 39 36 27 18 22 58 46 90 22 25 34 0 82 82 71 6 78 76 85 37 6 4 42 43 47 43 55 24 61 27 12 1 63 16 13 92 3
59 44 82 90 33 100 36 87 4 59 98 43 91 86 35 20 24 23 47 49 82 84 39 92 82 0 74 57 35 56 77 7 18 40 81 23 46 83 64 8 33 24 56 75 65 33 92 28 61 49
12 10 82 87 28 100 1 8 61 84 97 23 6 23 65 4 59 43 31 52 18 17 20 59 82 74 0 7 13 24 26 23 69 37 45 69 9 59 46 24 96 42 17 58 58 73 30 80 25 35
9 95 43 28 87 14 13 29 45 59 2 69 57 12 64 15 92 17 98 34 97 49 14 88 71 57 7 0 85 58 66 76 98 42 63 60 8 19 8 75 25 28 53 66 4 94 21 75 69 20
17 20 87 66 33 22 55 100 57 83 3 72 79 68 21 79 36 26 16 15 61 61 46 56 6 35 13 85 0 95 66 99 77 37 23 5 9 58 19 64 10 49 91 40 83 98 20 32 53 77
89 54 78 28 12 29 93 74 46 1 70 64 87 11 75 2 3 38 2 32 8 60 82 31 78 56 24 58 95 0 9 1 65 51 17 91 54 75 58 26 52 62 11 3 63 90 4 95 100 74
54 86 74 1 10 80 73 21 97 54 49 48 62 5 38 96 36 60 80 11 31 63 77 12 76 77 26 66 66 9 0 88 97 69 80 41 85 55 81 98 30 51 29 51 32 43 28 85 13 85
16 22 71 75 58 23 43 84 90 12 96 42 89 93 54 9 65 12 26 94 57 60 73 51 85 7 23 76 99 1 88 0 31 18 40 46 3 16 55 41 35 47 68 41 55 89 66 53 60 71
66 46 61 67 90 28 16 16 69 57 70 35 80 20 80 9 65 46 5 9 56 22 73 69 37 18 69 98 77 65 97 31 0 77 81 48 93 22 65 27 53 26 32 11 60 79 72 69 20 55
90 13 60 64 24 90 81 16 93 13 4 18 84 37 6 44 90 38 23 73 54 96 95 50 6 40 37 42 37 51 69 18 77 0 8 60 39 96 10 21 75 80 60 99 71 10 71 87 74 92
15 12 22 98 74 5 29 44 43 69 93 14 93 59 24 42 10 93 38 20 1 18 2 4 4 81 45 63 23 17 80 40 81 8 0 15 26 49 52 39 47 82 46 72 97 91 16 83 49 23
82 4 67 82 22 68 99 43 82 59 22 45 99 38 17 88 78 2 38 35 83 53 42 5 42 23 69 60 5 91 41 46 48 60 15 0 64 89 27 69 9 36 95 99 7 45 36 55 58 68
83 44 67 89 62 64 50 18 55 6 22 45 15 33 27 28 20 6 19 84 80 20 33 40 43 46 9 8 9 54 85 3 93 39 26 64 0 28 43 76 31 60 86 32 18 57 26 46 11 86
14 31 34 53 91 48 45 79 13 34 50 73 62 52 50 98 74 100 50 27 80 13 13 82 47 83 59 19 58 75 55 16 22 96 49 89 28 0 72 22 36 94 46 56 83 89 74 77 75 98
98 32 52 33 94 51 63 70 41 37 66 79 30 2 62 12 4 28 46 24 62 90 70 62 43 64 46 8 19 58 81 55 65 10 52 27 43 72 0 42 4 96 78 35 92 9 20 44 8 18
16 19 33 19 56 21 21 86 95 98 32 89 60 29 68 48 62 53 98 70 95 42 40 88 55 8 24 75 64 26 98 41 27 21 39 69 76 22 42 0 67 61 8 79 23 31 49 67 42 56
90 70 87 27 54 19 46 100 76 12 86 2 2 30 77 80 77 43 85 45 91 35 38 18 24 33 96 25 10 52 30 35 53 75 47 9 31 36 4 67 0 35 90 10 57 96 36 88 67 55
86 97 30 33 63 85 80 83 12 75 97 87 58 1 47 50 90 33 67 43 60 92 84 38 61 24 42 28 49 62 51 47 26 80 82 36 60 94 96 61 35 0 16 78 87 82 94 86 6 34
99 63 59 86 14 43 87 29 85 54 15 50 20 6 99 69 76 77 38 20 30 3 87 100 27 56 17 53 91 11 29 68 32 60 46 95 86 46 78 8 90 16 0 74 92 27 88 19 11 45
20 5 59 12 50 97 47 86 67 45 11 55 82 16 55 60 89 28 18 54 96 18 7 50 12 75 58 66 40 3 51 41 11 99 72 99 32 56 35 79 10 78 74 0 48 90 39 56 37 11
14 9 48 92 82 65 6 45 82 68 83 74 64 11 87 76 28 40 28 67 35 14 36 54 1 65 58 4 83 63 32 55 60 71 97 7 18 83 92 23 57 87 92 48 0 76 90 34 56 14
41 82 68 58 63 11 75 57 76 7 95 89 74 67 79 77 87 59 71 69 72 13 29 77 63 33 73 94 98 90 43 89 79 10 91 45 57 89 9 31 96 82 27 90 76 0 91 24 97 12
96 95 10 26 79 69 100 68 35 82 98 9 85 39 91 45 81 67 8 17 3 93 20 41 16 92 30 21 20 4 28 66 72 71 16 36 26 74 20 49 36 94 88 39 90 91 0 2 82 52
28 37 24 99 6 48 11 95 15 45 32 54 50 85 78 56 56 25 77 90 97 73 68 10 13 28 80 75 32 95 85 53 69 87 83 55 46 77 44 67 88 86 19 56 34 24 2 0 38 44
12 54 65 21 18 91 40 29 68 33 52 77 38 14 7 28 82 36 11 68 40 25 68 49 92 61 25 69 53 100 13 60 20 74 49 58 11 75 8 42 67 6 11 37 56 97 82 38 0 24
64 95 41 2 49 61 11 58 60 67 54 26 36 48 85 100 42 14 8 63 92 54 50 26 3 49 35 20 77 74 85 71 55 92 23 68 86 98 18 56 55 34 45 11 14 12 52 44 24 0
BBRBBBBBRRRRRRBRRRBRRRRBBBBRRBRBBRRBRRBBBBRRBBBBRR
