50
0 36 18 70 13 22 65 54 20 64 25 46 81 69 16 56 54 87 91 12 8 37 67 79 100 18 40 1 13 98 64 67 17 81 64 20 91 47 72 87 58 10 25 24 83 7 7 68 63 20
36 0 36 62 30 17 53 99 30 58 15 28 71 84 21 75 99 75 82 45 37 36 88 96 55 29 25 1 19 54 70 97 20 92 95 7 85 3 60 52 82 27 21 7 96 21 9 63 52 34
18 36 0 97 18 43 83 58 43 94 49 24 54 58 13 97 93 58 99 43 9 49 96 53 66 35 47 0 45 99 64 97 39 72 82 35 52 18 56 62 70 11 31 5 79 31 29 97 99 21
70 62 97 0 92 70 49 44 60 3 94 80 32 20 53 13 34 24 0 57 73 75 20 48 6 57 76 86 96 31 40 43 87 8 33 100 22 72 33 2 43 92 100 53 3 75 64 47 23 85
13 30 18 92 0 40 66 65 35 76 21 3 73 66 47 66 90 72 63 33 21 46 85 53 96 24 16 0 0 92 73 89 17 86 53 18 52 32 54 71 57 19 34 9 58 25 22 72 54 43
22 17 43 70 40 0 63 60 27 61 12 1 64 52 33 72 84 70 68 8 30 11 63 77 51 36 0 3 48 71 67 68 43 89 70 45 58 23 63 59 54 10 12 27 81 11 8 97 64 40
65 53 83 49 66 63 0 33 75 23 92 83 12 16 98 45 33 20 12 50 93 96 12 46 13 97 52 61 88 35 32 0 58 18 30 83 14 66 7 10 10 95 68 50 29 69 81 38 45 94
54 99 58 44 65 60 33 0 68 7 51 55 8 30 76 46 6 38 24 80 56 96 7 3 49 93 64 86 61 18 3 48 67 20 49 53 35 72 21 29 23 91 82 81 7 73 53 41 13 56
20 30 43 60 35 27 75 68 0 74 46 36 57 54 41 81 51 51 51 3 50 0 55 62 72 13 0 49 38 85 70 86 14 81 100 28 63 25 100 69 51 44 19 39 84 18 35 91 98 6
64 58 94 3 76 61 23 7 74 0 90 93 4 24 86 30 23 33 46 66 65 88 13 9 12 83 61 77 62 24 49 7 80 19 20 72 28 59 47 37 31 59 61 52 41 55 73 42 44 56
25 15 49 94 21 12 92 51 46 90 0 29 98 84 47 51 62 82 61 50 39 35 65 72 65 6 26 0 11 61 81 51 12 77 82 6 88 47 55 62 67 37 12 23 57 35 44 85 74 11
46 28 24 80 3 1 83 55 36 93 29 0 70 88 8 79 87 80 88 6 32 34 90 58 60 45 36 2 35 74 97 60 15 62 67 8 65 40 90 60 87 29 49 15 66 14 35 55 99 14
81 71 54 32 73 64 12 8 57 4 98 70 0 29 56 1 38 16 4 67 64 90 3 50 26 53 58 58 96 17 17 15 85 9 13 66 18 74 8 49 20 81 77 73 8 67 87 4 47 82
69 84 58 20 66 52 16 30 54 24 84 88 29 0 82 31 36 6 2 73 79 76 50 18 4 68 51 57 56 43 23 28 70 7 36 58 13 59 34 11 3 53 88 63 10 72 76 5 38 53
16 21 13 53 47 33 98 76 41 86 47 8 56 82 0 88 56 94 53 45 17 32 81 58 70 24 12 16 5 63 73 92 19 67 68 37 67 27 61 62 89 4 17 35 91 23 33 90 73 0
56 75 97 13 66 72 45 46 81 30 51 79 1 31 88 0 6 30 32 77 67 56 50 24 28 98 95 84 99 28 45 40 89 0 6 59 39 91 20 11 31 69 93 81 5 90 93 30 22 80
54 99 93 34 90 84 33 6 51 23 62 87 38 36 56 6 0 18 4 72 65 56 12 35 28 83 84 82 73 39 7 6 62 16 40 90 23 68 46 47 46 53 72 96 17 63 72 2 39 83
87 75 58 24 72 70 20 38 51 33 82 80 16 6 94 30 18 0 5 52 57 98 49 10 44 58 72 66 53 15 25 25 94 26 33 66 20 85 23 11 27 92 65 68 1 79 99 23 46 61
91 82 99 0 63 68 12 24 51 46 61 88 4 2 53 32 4 5 0 73 99 67 39 50 20 66 51 86 92 21 39 34 85 8 39 85 10 87 41 37 28 91 62 88 23 96 92 35 30 56
12 45 43 57 33 8 50 80 3 66 50 6 67 73 45 77 72 52 73 0 11 3 60 93 79 47 21 17 24 59 73 76 8 63 93 2 62 4 54 100 51 48 33 23 50 50 12 73 86 6
8 37 9 73 21 30 93 56 50 65 39 32 64 79 17 67 65 57 99 11 0 13 81 50 51 17 39 8 19 63 54 61 39 84 73 50 99 49 96 54 79 3 12 20 67 2 35 82 60 6
37 36 49 75 46 11 96 96 0 88 35 34 90 76 32 56 56 98 67 3 13 0 50 53 61 10 30 13 5 83 52 72 8 54 86 45 96 31 70 59 91 47 29 25 82 8 1 83 92 13
67 88 96 20 85 63 12 7 55 13 65 90 3 50 81 50 12 49 39 60 81 50 0 40 43 73 59 57 57 0 38 15 77 1 34 94 29 57 15 43 48 72 78 56 13 88 79 39 13 63
79 96 53 48 53 77 46 3 62 9 72 58 50 18 58 24 35 10 50 93 50 53 40 0 21 53 74 69 69 11 43 26 94 18 18 76 48 50 28 16 34 91 68 84 17 63 62 39 15 70
100 55 66 6 96 51 13 49 72 12 65 60 26 4 70 28 28 44 20 79 51 61 43 21 0 73 99 96 93 1 18 45 52 18 15 88 16 95 24 43 45 60 51 84 2 59 93 7 11 51
18 29 35 57 24 36 97 93 13 83 6 45 53 68 24 98 83 58 66 47 17 10 73 53 73 0 23 2 29 90 91 97 25 78 60 38 79 46 84 57 93 3 43 13 85 27 49 93 62 7
40 25 47 76 16 0 52 64 0 61 26 36 58 51 12 95 84 72 51 21 39 30 59 74 99 23 0 2 23 87 73 83 24 81 54 4 52 17 58 61 62 29 25 6 53 6 28 97 58 1
1 1 0 86 0 3 61 86 49 77 0 2 58 57 16 84 82 66 86 17 8 13 57 69 96 2 2 0 8 86 63 96 40 92 72 37 55 23 63 61 92 10 29 23 91 33 32 83 53 22
13 19 45 96 0 48 88 61 38 62 11 35 96 56 5 99 73 53 92 24 19 5 57 69 93 29 23 8 0 97 66 57 28 97 77 29 67 35 60 98 69 31 8 9 59 36 35 52 70 47
98 54 99 31 92 71 35 18 85 24 61 74 17 43 63 28 39 15 21 59 63 83 0 11 1 90 87 86 97 0 2 0 50 21 46 84 21 72 4 5 0 90 84 99 24 55 88 14 28 78
64 70 64 40 73 67 32 3 70 49 81 97 17 23 73 45 7 25 39 73 54 52 38 43 18 91 73 63 66 2 0 10 78 31 4 96 39 69 25 38 3 54 89 78 12 57 88 22 30 58
67 97 97 43 89 68 0 48 86 7 51 60 15 28 92 40 6 25 34 76 61 72 15 26 45 97 83 96 57 0 10 0 75 28 8 70 10 99 35 28 19 53 83 69 20 94 56 3 1 74
17 20 39 87 17 43 58 67 14 80 12 15 85 70 19 89 62 94 85 8 39 8 77 94 52 25 24 40 28 50 78 75 0 59 87 1 92 12 52 74 81 15 14 14 100 23 32 59 91 12
81 92 72 8 86 89 18 20 81 19 77 62 9 7 67 0 16 26 8 63 84 54 1 18 18 78 81 92 97 21 31 28 59 0 7 86 48 77 5 16 11 71 94 82 17 50 58 39 27 79
64 95 82 33 53 70 30 49 100 20 82 67 13 36 68 6 40 33 39 93 73 86 34 18 15 60 54 72 77 46 4 8 87 7 0 67 17 64 47 50 50 77 97 63 10 99 94 5 3 69
20 7 35 100 18 45 83 53 28 72 6 8 66 58 37 59 90 66 85 2 50 45 94 76 88 38 4 37 29 84 96 70 1 86 67 0 74 18 83 55 53 10 19 15 69 4 36 83 93 50
91 85 52 22 52 58 14 35 63 28 88 65 18 13 67 39 23 20 10 62 99 96 29 48 16 79 52 55 67 21 39 10 92 48 17 74 0 51 20 39 46 62 97 60 27 58 53 47 18 88
47 3 18 72 32 23 66 72 25 59 47 40 74 59 27 91 68 85 87 4 49 31 57 50 95 46 17 23 35 72 69 99 12 77 64 18 51 0 79 100 94 39 37 1 91 5 8 92 83 48
72 60 56 33 54 63 7 21 100 47 55 90 8 34 61 20 46 23 41 54 96 70 15 28 24 84 58 63 60 4 25 35 52 5 47 83 20 79 0 47 7 63 70 59 25 51 82 5 38 97
87 52 62 2 71 59 10 29 69 37 62 60 49 11 62 11 47 11 37 100 54 59 43 16 43 57 61 61 98 5 38 28 74 16 50 55 39 100 47 0 38 95 64 88 6 75 93 0 23 80
58 82 70 43 57 54 10 23 51 31 67 87 20 3 89 31 46 27 28 51 79 91 48 34 45 93 62 92 69 0 3 19 81 11 50 53 46 94 7 38 0 60 87 62 38 94 81 41 49 87
10 27 11 92 19 10 95 91 44 59 37 29 81 53 4 69 53 92 91 48 3 47 72 91 60 3 29 10 31 90 54 53 15 71 77 10 62 39 63 95 60 0 27 15 69 27 0 66 83 21
25 21 31 100 34 12 68 82 19 61 12 49 77 88 17 93 72 65 62 33 12 29 78 68 51 43 25 29 8 84 89 83 14 94 97 19 97 37 70 64 87 27 0 11 61 19 10 59 66 40
24 7 5 53 9 27 50 81 39 52 23 15 73 63 35 81 96 68 88 23 20 25 56 84 84 13 6 23 9 99 78 69 14 82 63 15 60 1 59 88 62 15 11 0 89 15 22 89 77 43
83 96 79 3 58 81 29 7 84 41 57 66 8 10 91 5 17 1 23 50 67 82 13 17 2 85 53 91 59 24 12 20 100 17 10 69 27 91 25 6 38 69 61 89 0 90 54 13 42 94
7 21 31 75 25 11 69 73 18 55 35 14 67 72 23 90 63 79 96 50 2 8 88 63 59 27 6 33 36 55 57 94 23 50 99 4 58 5 51 75 94 27 19 15 90 0 46 60 75 45
7 9 29 64 22 8 81 53 35 73 44 35 87 76 33 93 72 99 92 12 35 1 79 62 93 49 28 32 35 88 88 56 32 58 94 36 53 8 82 93 81 0 10 22 54 46 0 52 67 43
68 63 97 47 72 97 38 41 91 42 85 55 4 5 90 30 2 23 35 73 82 83 39 39 7 93 97 83 52 14 22 3 59 39 5 83 47 92 5 0 41 66 59 89 13 60 52 0 16 84
63 52 99 23 54 64 45 13 98 44 74 99 47 38 73 22 39 46 30 86 60 92 13 15 11 62 58 53 70 28 30 1 91 27 3 93 18 83 38 23 49 83 66 77 42 75 67 16 0 79
20 34 21 85 43 40 94 56 6 56 11 14 82 53 0 80 83 61 56 6 6 13 63 70 51 7 1 22 47 78 58 74 12 79 69 50 88 48 97 80 87 21 40 43 94 45 43 84 79 0
BBBRBBRRBRBBRRBRRRRBBBRRRBBBBRRRBRRBRBRRRBBBRBBRRB
