50
0 90 89 79 27 97 58 3 19 95 86 38 17 12 67 77 60 64 87 49 1 13 31 83 13 70 61 3 20 80 0 49 62 39 17 91 36 37 64 73 76 26 45 64 37 69 29 66 51 3
90 0 94 91 17 74 15 23 5 41 63 10 98 56 55 54 3 88 21 87 94 48 78 70 60 11 76 56 74 61 62 16 47 60 99 70 66 92 33 49 45 74 32 70 79 67 77 17 2 49
89 94 0 52 4 69 46 10 42 64 85 25 98 76 36 92 90 88 83 30 98 10 32 19 65 24 53 5 80 90 82 23 73 89 43 89 94 67 21 0 77 36 51 15 76 13 18 34 87 55
79 91 52 0 86 6 39 17 3 64 79 94 3 48 57 52 67 93 70 77 93 99 83 40 7 64 90 14 54 46 13 42 49 94 67 20 67 74 9 4 77 48 37 98 72 93 78 71 13 4
27 17 4 86 0 19 14 88 45 0 6 13 71 78 25 47 80 72 12 9 60 11 72 55 28 31 56 30 24 45 51 27 83 69 97 90 97 60 83 20 80 29 70 6 41 52 6 76 22 98
97 74 69 6 19 0 86 69 93 64 96 90 10 27 85 12 14 45 13 25 39 89 94 57 71 20 21 47 78 37 56 97 20 93 30 30 73 47 96 93 29 99 74 33 95 56 15 52 0 69
58 15 46 39 14 86 0 19 56 77 91 90 81 80 66 21 77 20 1 47 44 30 19 97 81 16 99 8 94 63 97 90 7 59 10 43 87 88 56 96 96 72 19 12 41 81 92 27 69 14
3 23 10 17 88 69 19 0 23 62 26 55 21 53 94 47 39 74 39 90 78 5 29 83 49 11 86 49 98 41 71 7 17 50 55 59 1 39 19 76 72 92 8 95 5 12 74 4 17 57
19 5 42 3 45 93 56 23 0 9 81 5 18 98 15 58 83 37 92 93 30 24 73 28 1 59 40 59 75 4 48 82 85 84 93 71 47 93 28 31 37 26 7 81 81 40 6 80 91 62
95 41 64 64 0 64 77 62 9 0 46 47 8 19 70 59 6 85 66 60 9 61 35 73 64 73 92 18 0 62 92 13 58 8 77 81 90 79 1 10 75 59 44 24 32 9 18 73 34 22
86 63 85 79 6 96 91 26 81 46 0 40 70 12 94 4 86 13 0 62 97 74 42 28 37 51 92 57 35 50 2 9 7 58 87 34 11 4 10 80 47 78 21 98 69 63 45 40 73 64
38 10 25 94 13 90 90 55 5 47 40 0 49 71 93 94 32 60 10 36 97 28 88 25 12 6 56 36 76 33 43 98 1 67 75 97 43 84 21 92 52 44 59 54 42 3 21 95 82 83
17 98 98 3 71 10 81 21 18 8 70 49 0 11 62 57 13 53 25 86 24 87 63 3 26 97 87 39 62 33 81 40 57 26 12 43 67 73 49 95 86 64 91 16 7 18 4 0 7 34
12 56 76 48 78 27 80 53 98 19 12 71 11 0 26 72 6 92 98 61 52 26 15 36 78 79 89 87 92 81 8 18 58 66 91 22 72 64 88 56 89 77 9 99 99 38 18 63 27 49
67 55 36 57 25 85 66 94 15 70 94 93 62 26 0 88 71 82 18 56 73 49 32 51 17 73 84 41 71 45 99 90 72 45 94 32 6 19 25 97 19 45 53 38 9 41 41 46 90 49
77 54 92 52 47 12 21 47 58 59 4 94 57 72 88 0 53 58 86 62 53 55 42 85 19 8 42 67 31 90 66 44 25 11 43 64 36 79 63 23 19 51 28 31 39 35 11 81 85 34
60 3 90 67 80 14 77 39 83 6 86 32 13 6 71 53 0 80 80 90 20 88 95 88 20 48 63 9 98 38 67 40 39 71 91 57 42 98 55 56 50 84 36 52 75 5 62 33 55 26
64 88 88 93 72 45 20 74 37 85 13 60 53 92 82 58 80 0 26 2 0 1 13 73 8 3 95 85 44 35 33 72 60 3 87 94 46 83 41 26 75 75 92 54 77 79 2 37 62 51
87 21 83 70 12 13 1 39 92 66 0 10 25 98 18 86 80 26 0 42 1 73 95 0 11 23 90 92 94 25 18 8 54 20 90 57 82 1 30 47 17 81 64 76 56 87 31 26 63 83
49 87 30 77 9 25 47 90 93 60 62 36 86 61 56 62 90 2 42 0 40 22 82 9 27 96 96 71 27 52 51 94 82 53 84 47 36 94 60 92 0 24 61 38 11 8 46 12 8 18
1 94 98 93 60 39 44 78 30 9 97 97 24 52 73 53 20 0 1 40 0 23 77 48 68 66 77 20 20 26 53 81 98 40 41 47 38 33 17 99 78 0 59 45 62 32 76 20 43 7
13 48 10 99 11 89 30 5 24 61 74 28 87 26 49 55 88 1 73 22 23 0 58 45 29 20 90 35 65 9 12 46 79 9 13 76 85 59 35 43 23 50 97 11 17 94 99 7 81 13
31 78 32 83 72 94 19 29 73 35 42 88 63 15 32 42 95 13 95 82 77 58 0 31 21 15 4 25 45 64 8 62 39 52 93 99 64 74 51 28 35 80 40 3 50 11 52 9 69 26
83 70 19 40 55 57 97 83 28 73 28 25 3 36 51 85 88 73 0 9 48 45 31 0 4 47 14 16 70 74 6 15 8 46 63 42 71 28 25 37 64 97 8 72 44 70 81 34 11 3
13 60 65 7 28 71 81 49 1 64 37 12 26 78 17 19 20 8 11 27 68 29 21 4 0 15 92 31 86 0 55 2 60 89 4 4 61 82 47 73 96 84 92 92 94 16 11 87 2 61
70 11 24 64 31 20 16 11 59 73 51 6 97 79 73 8 48 3 23 96 66 20 15 47 15 0 22 9 88 5 7 16 43 3 5 43 87 69 26 26 65 16 76 91 66 27 45 23 0 27
61 76 53 90 56 21 99 86 40 92 92 56 87 89 84 42 63 95 90 96 77 90 4 14 92 22 0 75 60 81 21 88 77 44 88 55 8 58 8 95 60 55 59 48 84 99 87 32 1 6
3 56 5 14 30 47 8 49 59 18 57 36 39 87 41 67 9 85 92 71 20 35 25 16 31 9 75 0 17 16 6 79 56 99 70 4 51 47 5 56 21 16 21 82 21 77 42 41 54 3
20 74 80 54 24 78 94 98 75 0 35 76 62 92 71 31 98 44 94 27 20 65 45 70 86 88 60 17 0 83 12 51 95 85 58 35 29 96 73 85 98 56 34 31 48 69 17 30 21 77
80 61 90 46 45 37 63 41 4 62 50 33 33 81 45 90 38 35 25 52 26 9 64 74 0 5 81 16 83 0 90 60 44 51 73 4 63 94 53 47 74 99 18 91 6 79 86 94 35 98
0 62 82 13 51 56 97 71 48 92 2 43 81 8 99 66 67 33 18 51 53 12 8 6 55 7 21 6 12 90 0 86 71 51 14 4 32 90 51 25 26 96 12 23 72 69 44 18 34 14
49 16 23 42 27 97 90 7 82 13 9 98 40 18 90 44 40 72 8 94 81 46 62 15 2 16 88 79 51 60 86 0 85 21 23 50 82 23 89 80 58 74 11 69 27 11 20 65 81 80
62 47 73 49 83 20 7 17 85 58 7 1 57 58 72 25 39 60 54 82 98 79 39 8 60 43 77 56 95 44 71 85 0 23 25 61 86 13 40 40 74 82 61 53 64 12 24 7 70 99
39 60 89 94 69 93 59 50 84 8 58 67 26 66 45 11 71 3 20 53 40 9 52 46 89 3 44 99 85 51 51 21 23 0 64 27 1 51 53 36 41 28 15 49 53 48 23 30 81 16
17 99 43 67 97 30 10 55 93 77 87 75 12 91 94 43 91 87 90 84 41 13 93 63 4 5 88 70 58 73 14 23 25 64 0 71 78 5 8 43 65 92 38 23 41 82 11 19 0 93
91 70 89 20 90 30 43 59 71 81 34 97 43 22 32 64 57 94 57 47 47 76 99 42 4 43 55 4 35 4 4 50 61 27 71 0 2 70 89 76 81 79 71 62 24 30 22 58 54 82
36 66 94 67 97 73 87 1 47 90 11 43 67 72 6 36 42 46 82 36 38 85 64 71 61 87 8 51 29 63 32 82 86 1 78 2 0 79 50 85 60 21 51 42 92 85 35 39 74 70
37 92 67 74 60 47 88 39 93 79 4 84 73 64 19 79 98 83 1 94 33 59 74 28 82 69 58 47 96 94 90 23 13 51 5 70 79 0 71 16 39 40 10 7 19 55 44 16 96 57
64 33 21 9 83 96 56 19 28 1 10 21 49 88 25 63 55 41 30 60 17 35 51 25 47 26 8 5 73 53 51 89 40 53 8 89 50 71 0 49 55 51 65 78 11 12 80 36 94 43
73 49 0 4 20 93 96 76 31 10 80 92 95 56 97 23 56 26 47 92 99 43 28 37 73 26 95 56 85 47 25 80 40 36 43 76 85 16 49 0 12 78 64 51 44 60 36 10 87 88
76 45 77 77 80 29 96 72 37 75 47 52 86 89 19 19 50 75 17 0 78 23 35 64 96 65 60 21 98 74 26 58 74 41 65 81 60 39 55 12 0 18 46 47 57 84 26 39 81 67
26 74 36 48 29 99 72 92 26 59 78 44 64 77 45 51 84 75 81 24 0 50 80 97 84 16 55 16 56 99 96 74 82 28 92 79 21 40 51 78 18 0 97 0 34 72 58 31 20 11
45 32 51 37 70 74 19 8 7 44 21 59 91 9 53 28 36 92 64 61 59 97 40 8 92 76 59 21 34 18 12 11 61 15 38 71 51 10 65 64 46 97 0 9 69 92 51 53 13 52
64 70 15 98 6 33 12 95 81 24 98 54 16 99 38 31 52 54 76 38 45 11 3 72 92 91 48 82 31 91 23 69 53 49 23 62 42 7 78 51 47 0 9 0 14 70 28 33 80 95
37 79 76 72 41 95 41 5 81 32 69 42 7 99 9 39 75 77 56 11 62 17 50 44 94 66 84 21 48 6 72 27 64 53 41 24 92 19 11 44 57 34 69 14 0 39 52 71 92 52
69 67 13 93 52 56 81 12 40 9 63 3 18 38 41 35 5 79 87 8 32 94 11 70 16 27 99 77 69 79 69 11 12 48 82 30 85 55 12 60 84 72 92 70 39 0 4 89 97 60
29 77 18 78 6 15 92 74 6 18 45 21 4 18 41 11 62 2 31 46 76 99 52 81 11 45 87 42 17 86 44 20 24 23 11 22 35 44 80 36 26 58 51 28 52 4 0 48 87 33
66 17 34 71 76 52 27 4 80 73 40 95 0 63 46 81 33 37 26 12 20 7 9 34 87 23 32 41 30 94 18 65 7 30 19 58 39 16 36 10 39 31 53 33 71 89 48 0 38 51
51 2 87 13 22 0 69 17 91 34 73 82 7 27 90 85 55 62 63 8 43 81 69 11 2 0 1 54 21 35 34 81 70 81 0 54 74 96 94 87 81 20 13 80 92 97 87 38 0 59
3 49 55 4 98 69 14 57 62 22 64 83 34 49 49 34 26 51 83 18 7 13 26 3 61 27 6 3 77 98 14 80 99 16 93 82 70 57 43 88 67 11 52 95 52 60 33 51 59 0
RRRBRRRBBBBRBBRBBBRRBRRRBRBRBRRBRBBBBBRRRRBBBBRRBR
