50
0 56 40 51 49 44 47 43 58 57 49 54 49 55 48 50 49 59 57 56 57 46 51 53 53 55 57 59 41 52 58 58 49 43 50 40 54 99 59 54 44 51 55 56 93 45 46 59 58 40
56 0 59 50 55 56 56 40 58 59 59 56 40 51 53 59 43 51 53 60 41 53 52 58 52 47 56 58 41 56 55 43 55 50 49 44 55 91 40 48 46 54 45 50 94 46 55 58 55 60
40 59 0 44 49 52 50 49 40 46 52 53 49 46 51 59 54 53 53 40 57 43 44 48 55 40 46 59 45 57 48 58 52 55 42 42 50 98 42 49 52 43 55 45 91 51 41 57 47 42
51 50 44 0 44 55 60 60 52 52 42 43 46 53 50 52 55 51 40 57 56 52 40 51 58 59 46 46 45 47 59 52 42 42 48 43 42 91 57 49 50 48 55 58 95 48 41 56 44 43
49 55 49 44 0 53 49 48 60 52 40 47 56 44 45 44 48 59 49 51 53 42 49 57 51 56 47 52 57 60 47 52 46 55 43 50 54 94 41 46 57 52 47 40 97 50 49 56 40 46
44 56 52 55 53 0 59 58 47 44 49 53 57 55 57 54 49 49 45 51 44 48 59 52 52 42 56 60 51 44 42 51 47 43 50 55 50 98 52 47 56 53 48 47 97 46 46 58 42 60
47 56 50 60 49 59 0 55 43 54 41 50 55 47 48 47 53 54 57 53 56 44 59 42 50 53 53 44 45 57 45 41 57 55 54 49 49 91 57 47 52 53 53 43 93 42 53 59 41 50
43 40 49 60 48 58 55 0 44 41 40 57 59 49 48 60 43 45 55 41 52 53 42 49 54 57 48 48 48 59 51 45 48 54 46 41 40 90 51 55 44 41 57 56 96 55 53 49 42 53
58 58 40 52 60 47 43 44 0 51 54 54 49 56 57 56 56 59 51 42 53 57 42 57 54 58 51 51 57 55 50 43 56 52 47 49 41 97 46 43 40 44 45 42 98 57 53 46 45 45
57 59 46 52 52 44 54 41 51 0 55 51 57 53 41 46 53 44 50 49 57 42 47 50 40 44 53 45 42 54 45 54 59 46 53 41 53 93 57 53 51 48 51 54 11 55 49 53 49 57
49 59 52 42 40 49 41 40 54 55 0 52 60 44 52 60 45 51 60 45 47 57 44 42 57 55 49 57 49 40 41 45 50 54 47 55 49 92 55 51 55 53 60 47 91 47 58 43 41 50
54 56 53 43 47 53 50 57 54 51 52 0 51 44 47 52 41 43 45 50 55 40 50 49 49 40 42 41 56 51 44 52 58 49 45 58 53 98 40 48 41 42 59 57 94 40 58 43 50 49
49 40 49 46 56 57 55 59 49 57 60 51 0 55 50 60 54 60 45 60 60 48 55 50 45 45 48 42 49 48 59 46 57 59 41 59 51 96 42 40 56 42 49 54 99 58 46 40 40 53
55 51 46 53 44 55 47 49 56 53 44 44 55 0 44 40 59 51 41 59 46 46 60 53 43 44 54 47 52 48 52 58 58 55 58 42 46 95 58 50 49 52 50 40 90 45 48 52 46 45
48 53 51 50 45 57 48 48 57 41 52 47 50 44 0 40 43 59 42 59 56 45 45 46 58 55 57 47 53 55 47 40 51 41 49 51 47 94 41 44 57 47 42 48 94 46 47 51 57 50
50 59 59 52 44 54 47 60 56 46 60 52 60 40 40 0 56 47 57 49 51 44 43 52 52 60 43 59 53 40 55 51 43 55 40 40 60 96 52 48 59 45 59 46 93 46 59 41 42 56
49 43 54 55 48 49 53 43 56 53 45 41 54 59 43 56 0 60 46 54 60 57 53 56 46 50 53 48 49 56 58 54 58 43 53 50 56 97 50 55 53 48 40 57 96 57 46 41 41 40
59 51 53 51 59 49 54 45 59 44 51 43 60 51 59 47 60 0 56 50 49 48 60 51 56 46 58 50 50 56 55 57 45 56 49 49 54 97 42 46 55 54 48 45 99 44 45 54 42 45
57 53 53 40 49 45 57 55 51 50 60 45 45 41 42 57 46 56 0 59 53 56 54 49 53 44 50 59 51 52 49 40 43 46 55 57 55 93 45 51 54 44 57 44 95 48 55 57 57 41
56 60 40 57 51 51 53 41 42 49 45 50 60 59 59 49 54 50 59 0 42 46 53 46 44 52 56 49 44 59 55 45 50 56 57 59 41 94 57 52 52 59 55 47 90 53 52 55 48 60
57 41 57 56 53 44 56 52 53 57 47 55 60 46 56 51 60 49 53 42 0 54 49 55 47 41 46 52 45 46 55 55 54 58 49 48 58 91 55 53 57 53 43 43 91 57 48 54 58 54
46 53 43 52 42 48 44 53 57 42 57 40 48 46 45 44 57 48 56 46 54 0 41 47 52 50 55 54 49 53 47 57 51 60 45 54 47 98 53 42 52 46 51 46 97 58 52 43 43 48
51 52 44 40 49 59 59 42 42 47 44 50 55 60 45 43 53 60 54 53 49 41 0 45 41 44 60 56 45 54 45 47 43 45 51 40 49 18 44 60 55 46 46 40 92 42 42 44 49 42
53 58 48 51 57 52 42 49 57 50 42 49 50 53 46 52 56 51 49 46 55 47 45 0 59 45 47 43 57 46 42 40 51 51 49 46 40 97 47 51 48 51 60 49 94 51 55 55 54 58
53 52 55 58 51 52 50 54 54 40 57 49 45 43 58 52 46 56 53 44 47 52 41 59 0 53 45 46 46 56 41 58 50 45 48 47 45 99 48 53 44 50 60 50 94 52 56 52 48 48
55 47 40 59 56 42 53 57 58 44 55 40 45 44 55 60 50 46 44 52 41 50 44 45 53 0 49 46 43 50 52 53 47 41 42 43 50 98 60 46 40 40 49 48 96 58 57 47 51 48
57 56 46 46 47 56 53 48 51 53 49 42 48 54 57 43 53 58 50 56 46 55 60 47 45 49 0 45 47 49 51 54 60 59 58 48 55 93 43 60 52 47 58 57 92 42 46 51 42 55
59 58 59 46 52 60 44 48 51 45 57 41 42 47 47 59 48 50 59 49 52 54 56 43 46 46 45 0 44 58 44 51 45 53 54 50 42 90 55 55 50 59 55 47 90 58 55 49 46 53
41 41 45 45 57 51 45 48 57 42 49 56 49 52 53 53 49 50 51 44 45 49 45 57 46 43 47 44 0 54 43 51 54 41 57 54 41 96 43 51 46 59 48 57 91 57 55 47 50 56
52 56 57 47 60 44 57 59 55 54 40 51 48 48 55 40 56 56 52 59 46 53 54 46 56 50 49 58 54 0 56 51 43 53 55 56 59 92 45 48 41 56 56 44 95 56 43 42 57 45
58 55 48 59 47 42 45 51 50 45 41 44 59 52 47 55 58 55 49 55 55 47 45 42 41 52 51 44 43 56 0 43 51 54 52 40 41 98 56 54 42 52 60 44 92 55 57 58 52 43
58 43 58 52 52 51 41 45 43 54 45 52 46 58 40 51 54 57 40 45 55 57 47 40 58 53 54 51 51 51 43 0 47 52 41 54 40 90 43 55 59 48 46 47 94 52 60 48 51 46
49 55 52 42 46 47 57 48 56 59 50 58 57 58 51 43 58 45 43 50 54 51 43 51 50 47 60 45 54 43 51 47 0 52 49 52 56 97 57 52 47 48 41 56 97 48 54 53 47 54
43 50 55 42 55 43 55 54 52 46 54 49 59 55 41 55 43 56 46 56 58 60 45 51 45 41 59 53 41 53 54 52 52 0 41 49 46 91 53 57 54 48 42 47 95 56 50 52 52 48
50 49 42 48 43 50 54 46 47 53 47 45 41 58 49 40 53 49 55 57 49 45 51 49 48 42 58 54 57 55 52 41 49 41 0 60 50 92 50 47 55 46 43 60 91 50 43 54 40 45
40 44 42 43 50 55 49 41 49 41 55 58 59 42 51 40 50 49 57 59 48 54 40 46 47 43 48 50 54 56 40 54 52 49 60 0 56 96 42 48 46 45 60 46 99 46 58 53 53 60
54 55 50 42 54 50 49 40 41 53 49 53 51 46 47 60 56 54 55 41 58 47 49 40 45 50 55 42 41 59 41 40 56 46 50 56 0 94 58 58 50 46 56 50 93 49 56 48 58 53
99 91 98 91 94 98 91 90 97 93 92 98 96 95 94 96 97 97 93 94 91 98 18 97 99 98 93 90 96 92 98 90 97 91 92 96 94 0 99 98 90 97 92 90 91 96 95 99 93 98
59 40 42 57 41 52 57 51 46 57 55 40 42 58 41 52 50 42 45 57 55 53 44 47 48 60 43 55 43 45 56 43 57 53 50 42 58 99 0 57 59 60 44 59 91 56 47 44 56 48
54 48 49 49 46 47 47 55 43 53 51 48 40 50 44 48 55 46 51 52 53 42 60 51 53 46 60 55 51 48 54 55 52 57 47 48 58 98 57 0 56 45 48 47 95 49 41 52 59 49
44 46 52 50 57 56 52 44 40 51 55 41 56 49 57 59 53 55 54 52 57 52 55 48 44 40 52 50 46 41 42 59 47 54 55 46 50 90 59 56 0 59 56 55 98 60 54 53 51 45
51 54 43 48 52 53 53 41 44 48 53 42 42 52 47 45 48 54 44 59 53 46 46 51 50 40 47 59 59 56 52 48 48 48 46 45 46 97 60 45 59 0 42 41 99 52 43 42 40 41
55 45 55 55 47 48 53 57 45 51 60 59 49 50 42 59 40 48 57 55 43 51 46 60 60 49 58 55 48 56 60 46 41 42 43 60 56 92 44 48 56 42 0 56 92 50 50 44 40 57
56 50 45 58 40 47 43 56 42 54 47 57 54 40 48 46 57 45 44 47 43 46 40 49 50 48 57 47 57 44 44 47 56 47 60 46 50 90 59 47 55 41 56 0 91 50 45 52 45 58
93 94 91 95 97 97 93 96 98 11 91 94 99 90 94 93 96 99 95 90 91 97 92 94 94 96 92 90 91 95 92 94 97 95 91 99 93 91 91 95 98 99 92 91 0 99 91 95 97 98
45 46 51 48 50 46 42 55 57 55 47 40 58 45 46 46 57 44 48 53 57 58 42 51 52 58 42 58 57 56 55 52 48 56 50 46 49 96 56 49 60 52 50 50 99 0 41 51 48 56
46 55 41 41 49 46 53 53 53 49 58 58 46 48 47 59 46 45 55 52 48 52 42 55 56 57 46 55 55 43 57 60 54 50 43 58 56 95 47 41 54 43 50 45 91 41 0 45 42 59
59 58 57 56 56 58 59 49 46 53 43 43 40 52 51 41 41 54 57 55 54 43 44 55 52 47 51 49 47 42 58 48 53 52 54 53 48 99 44 52 53 42 44 52 95 51 45 0 45 54
58 55 47 44 40 42 41 42 45 49 41 50 40 46 57 42 41 42 57 48 58 43 49 54 48 51 42 46 50 57 52 51 47 52 40 53 58 93 56 59 51 40 40 45 97 48 42 45 0 56
40 60 42 43 46 60 50 53 45 57 50 49 53 45 50 56 40 45 41 60 54 48 42 58 48 48 55 53 56 45 43 46 54 48 45 60 53 98 48 49 45 41 57 58 98 56 59 54 56 0
BRBRBRRRBBRRRBBRBBRRRRBRRBBBRBBBRBRRBBBBBRBRRRBRRB