50
0 87 1 86 5 52 36 70 32 45 38 60 18 75 20 52 52 74 33 73 7 45 1 55 49 91 3 78 15 97 10 92 31 93 42 93 37 76 36 56 17 75 8 71 42 91 43 91 14 71 
87 0 95 54 61 28 45 39 71 53 67 42 53 32 82 39 98 22 63 35 75 5 73 21 100 27 70 25 52 30 64 27 74 18 72 45 85 9 76 48 83 26 77 29 91 47 79 8 99 29 
1 95 0 60 20 71 46 52 54 81 21 60 41 87 29 80 32 66 5 64 22 59 12 64 41 90 37 93 36 94 27 87 12 52 26 74 6 78 7 49 4 100 43 96 46 72 47 100 29 56 
86 54 60 0 48 22 97 48 49 52 55 46 98 16 88 6 87 5 48 32 46 46 89 23 67 48 69 15 78 15 85 49 68 20 51 1 54 31 59 11 72 2 55 33 46 7 74 25 79 24 
5 61 20 48 0 63 4 88 14 92 55 81 6 82 29 52 55 53 22 53 36 56 37 59 54 84 40 88 23 78 34 62 42 80 8 87 22 100 26 91 1 80 50 76 38 74 51 81 51 96 
52 28 71 22 63 0 85 48 71 15 77 15 57 28 98 30 93 14 66 15 47 4 94 23 74 5 47 51 92 39 93 52 47 32 88 32 47 27 66 41 50 14 53 3 68 37 49 34 71 35 
36 45 46 97 4 85 0 95 47 79 10 59 55 53 39 65 12 90 40 96 1 78 19 82 10 85 46 50 7 96 39 83 25 92 52 86 10 74 47 73 28 65 8 60 13 74 40 91 4 55 
70 39 52 48 88 48 95 0 63 50 95 48 84 49 85 48 56 3 87 25 91 8 45 9 45 9 54 14 67 1 74 11 58 3 61 30 59 15 62 20 84 51 80 6 96 44 87 4 88 26 
32 71 54 49 14 71 47 63 0 49 21 47 23 53 4 96 29 63 16 92 9 68 33 86 42 51 48 62 44 60 23 81 1 100 32 71 12 93 43 46 43 49 15 55 16 86 31 72 41 53 
45 53 81 52 92 15 79 50 49 0 50 49 59 12 68 36 98 19 64 22 64 40 92 52 60 31 99 32 78 44 92 24 55 4 47 10 53 31 72 38 69 28 61 15 86 4 97 13 57 40 
38 67 21 55 55 77 10 95 21 50 0 64 1 65 34 61 24 75 1 92 20 77 19 70 22 47 52 77 3 91 12 58 43 66 28 87 15 81 34 100 41 86 38 50 50 75 15 48 20 56 
60 42 60 46 81 15 59 48 47 49 64 0 95 31 76 41 99 34 79 5 63 40 49 3 87 41 66 46 88 49 60 15 52 11 47 9 93 17 95 17 94 36 48 35 74 37 71 33 97 51 
18 53 41 98 6 57 55 84 23 59 1 95 0 46 30 65 34 61 9 73 35 85 2 75 20 75 16 73 37 90 28 86 14 72 48 49 35 100 3 57 28 93 26 100 39 62 44 52 44 89 
75 32 87 16 82 28 53 49 53 12 65 31 46 0 49 5 49 13 86 28 59 17 50 9 94 47 45 9 94 21 95 30 69 41 79 32 91 49 55 52 62 30 82 2 81 22 75 26 73 6 
20 82 29 88 29 98 39 85 4 68 34 76 30 49 0 65 49 70 51 99 44 87 41 70 48 85 43 59 50 57 38 58 18 58 53 80 52 54 26 86 5 59 52 87 4 47 10 81 20 86 
52 39 80 6 52 30 65 48 96 36 61 41 65 5 65 0 81 32 49 44 86 52 76 27 100 16 52 7 97 46 99 13 70 39 79 40 57 35 94 51 68 46 91 15 96 43 68 48 80 51 
52 98 32 87 55 93 12 56 29 98 24 99 34 49 49 81 0 74 46 79 41 63 7 48 22 55 49 74 31 55 25 49 33 95 24 82 10 48 24 98 6 45 20 64 10 92 10 89 51 61 
74 22 66 5 53 14 90 3 63 19 75 34 61 13 70 32 74 0 62 35 69 4 72 42 86 51 55 52 100 16 73 36 62 6 68 29 90 52 49 53 83 23 91 32 58 36 66 54 93 44 
33 63 5 48 22 66 40 87 16 64 1 79 9 86 51 49 46 62 0 98 42 87 53 98 43 82 11 51 51 88 9 94 35 85 48 64 43 69 23 52 53 51 23 85 36 58 23 71 35 52 
73 35 64 32 53 15 96 25 92 22 92 5 73 28 99 44 79 35 98 0 98 47 60 51 78 7 95 37 68 40 68 8 91 26 57 37 56 4 75 8 48 45 66 43 54 27 80 36 83 32 
7 75 22 46 36 47 1 91 9 64 20 63 35 59 44 86 41 69 42 98 0 54 51 59 2 67 1 52 14 50 23 46 13 99 15 77 27 70 19 72 37 72 14 94 15 49 20 63 22 84 
45 5 59 46 56 4 78 8 68 40 77 40 85 17 87 52 63 4 87 47 54 0 96 21 88 16 74 29 67 18 85 11 51 5 61 29 91 42 91 2 96 27 72 3 58 32 86 15 57 49 
1 73 12 89 37 94 19 45 33 92 19 49 2 50 41 76 7 72 53 60 51 96 0 86 31 77 53 46 17 91 39 67 3 77 34 72 6 60 16 67 1 56 15 50 21 90 33 93 1 57 
55 21 64 23 59 23 82 9 86 52 70 3 75 9 70 27 48 42 98 51 59 21 86 0 54 13 54 28 52 27 68 13 69 52 93 19 93 10 73 39 50 39 75 37 97 17 84 27 54 28 
49 100 41 67 54 74 10 45 42 60 22 87 20 94 48 100 22 86 43 78 2 88 31 54 0 73 23 62 1 98 50 76 14 51 3 78 12 64 1 85 24 100 25 61 20 62 53 58 16 94 
91 27 90 48 84 5 85 9 51 31 47 41 75 47 85 16 55 51 82 7 67 16 77 13 73 0 73 20 56 42 95 41 72 51 77 25 88 50 79 54 79 45 77 36 76 14 81 9 98 30 
3 70 37 69 40 47 46 54 48 99 52 66 16 45 43 52 49 55 11 95 1 74 53 54 23 73 0 65 50 66 40 64 29 80 39 73 18 54 23 58 1 97 16 64 38 69 34 66 40 95 
78 25 93 15 88 51 50 14 62 32 77 46 73 9 59 7 74 52 51 37 52 29 46 28 62 20 65 0 72 38 68 14 100 30 54 39 87 3 92 37 65 19 64 55 84 32 59 47 61 53 
15 52 36 78 23 92 7 67 44 78 3 88 37 94 50 97 31 100 51 68 14 67 17 52 1 56 50 72 0 52 24 51 40 71 42 71 34 80 29 75 13 73 20 92 39 81 50 82 1 53 
97 30 94 15 78 39 96 1 60 44 91 49 90 21 57 46 55 16 88 40 50 18 91 27 98 42 66 38 52 0 73 1 68 2 67 29 69 19 75 2 76 33 94 13 86 20 82 35 98 23 
10 64 27 85 34 93 39 74 23 92 12 60 28 95 38 99 25 73 9 68 23 85 39 68 50 95 40 68 24 73 0 72 16 80 28 77 32 86 51 86 14 89 24 66 50 88 20 61 36 57 
92 27 87 49 62 52 83 11 81 24 58 15 86 30 58 13 49 36 94 8 46 11 67 13 76 41 64 14 51 1 72 0 47 26 67 17 53 38 96 2 69 14 74 30 59 16 89 50 48 19 
31 74 12 68 42 47 25 58 1 55 43 52 14 69 18 70 33 62 35 91 13 51 3 69 14 72 29 100 40 68 16 47 0 79 24 98 41 87 35 100 6 67 36 58 11 87 7 80 29 51 
93 18 52 20 80 32 92 3 100 4 66 11 72 41 58 39 95 6 85 26 99 5 77 52 51 51 80 30 71 2 80 26 79 0 63 2 51 16 92 4 71 55 57 40 100 26 54 31 76 40 
42 72 26 51 8 88 52 61 32 47 28 47 48 79 53 79 24 68 48 57 15 61 34 93 3 77 39 54 42 67 28 67 24 63 0 94 19 54 27 83 21 56 9 100 54 70 15 95 37 98 
93 45 74 1 87 32 86 30 71 10 87 9 49 32 80 40 82 29 64 37 77 29 72 19 78 25 73 39 71 29 77 17 98 2 94 0 78 38 87 29 84 38 83 13 50 43 72 43 72 28 
37 85 6 54 22 47 10 59 12 53 15 93 35 91 52 57 10 90 43 56 27 91 6 93 12 88 18 87 34 69 32 53 41 51 19 78 0 73 15 51 32 90 43 79 19 62 26 93 23 66 
76 9 78 31 100 27 74 15 93 31 81 17 100 49 54 35 48 52 69 4 70 42 60 10 64 50 54 3 80 19 86 38 87 16 54 38 73 0 54 31 72 37 56 22 59 38 65 13 47 28 
36 76 7 59 26 66 47 62 43 72 34 95 3 55 26 94 24 49 23 75 19 91 16 73 1 79 23 92 29 75 51 96 35 92 27 87 15 54 0 74 52 83 24 87 50 93 1 84 50 96 
56 48 49 11 91 41 73 20 46 38 100 17 57 52 86 51 98 53 52 8 72 2 67 39 85 54 58 37 75 2 86 2 100 4 83 29 51 31 74 0 73 1 91 33 89 48 81 34 46 5 
17 83 4 72 1 50 28 84 43 69 41 94 28 62 5 68 6 83 53 48 37 96 1 50 24 79 1 65 13 76 14 69 6 71 21 84 32 72 52 73 0 99 28 95 27 58 1 56 6 78 
75 26 100 2 80 14 65 51 49 28 86 36 93 30 59 46 45 23 51 45 72 27 56 39 100 45 97 19 73 33 89 14 67 55 56 38 90 37 83 1 99 0 73 54 69 19 68 40 78 39 
8 77 43 55 50 53 8 80 15 61 38 48 26 82 52 91 20 91 23 66 14 72 15 75 25 77 16 64 20 94 24 74 36 57 9 83 43 56 24 91 28 73 0 92 12 71 24 54 8 77 
71 29 96 33 76 3 60 6 55 15 50 35 100 2 87 15 64 32 85 43 94 3 50 37 61 36 64 55 92 13 66 30 58 40 100 13 79 22 87 33 95 54 92 0 63 4 94 22 65 21 
42 91 46 46 38 68 13 96 16 86 50 74 39 81 4 96 10 58 36 54 15 58 21 97 20 76 38 84 39 86 50 59 11 100 54 50 19 59 50 89 27 69 12 63 0 100 39 84 36 51 
91 47 72 7 74 37 74 44 86 4 75 37 62 22 47 43 92 36 58 27 49 32 90 17 62 14 69 32 81 20 88 16 87 26 70 43 62 38 93 48 58 19 71 4 100 0 64 26 92 9 
43 79 47 74 51 49 40 87 31 97 15 71 44 75 10 68 10 66 23 80 20 86 33 84 53 81 34 59 50 82 20 89 7 54 15 72 26 65 1 81 1 68 24 94 39 64 0 86 39 73 
91 8 100 25 81 34 91 4 72 13 48 33 52 26 81 48 89 54 71 36 63 15 93 27 58 9 66 47 82 35 61 50 80 31 95 43 93 13 84 34 56 40 54 22 84 26 86 0 68 4 
14 99 29 79 51 71 4 88 41 57 20 97 44 73 20 80 51 93 35 83 22 57 1 54 16 98 40 61 1 98 36 48 29 76 37 72 23 47 50 46 6 78 8 65 36 92 39 68 0 68 
71 29 56 24 96 35 55 26 53 40 56 51 89 6 86 51 61 44 52 32 84 49 57 28 94 30 95 53 53 23 57 19 51 40 98 28 66 28 96 5 78 39 77 21 51 9 73 4 68 0 
RBRBRBRBRBRBRBRBRBRBRBRBRBRBRBRBRBRBRBRBRBRBRBRBRB