50
0 18 22 20 94 20 20 16 20 96 16 16 94 94 96 18 92 98 18 100 18 18 98 22 16 24 100 18 16 92 94 94 24 98 18 20 18 96 100 24 96 18 20 100 22 20 22 96 22 18
18 0 96 2 20 2 2 2 2 22 4 86 20 22 18 96 16 24 6 24 86 2 18 88 6 6 20 4 2 18 18 24 6 22 86 0 2 20 16 0 20 2 96 20 88 94 4 22 0 6
22 96 0 0 20 84 2 82 82 24 88 86 18 16 24 98 20 24 88 18 86 8 16 92 2 4 20 8 4 22 18 20 6 16 88 2 88 18 16 4 20 0 94 18 92 92 2 24 6 0
20 2 0 0 24 86 96 86 2 22 0 6 22 20 20 4 24 24 90 20 0 94 20 2 6 84 22 96 96 20 22 18 0 22 6 2 8 18 22 82 22 6 2 22 4 6 0 24 2 6
94 20 20 24 0 18 20 22 24 94 22 20 96 94 94 16 98 100 20 94 24 18 100 22 20 18 98 22 22 92 94 96 18 96 18 24 24 96 92 20 94 22 22 94 20 16 18 96 22 24
20 2 84 86 18 0 90 98 0 18 2 0 18 22 20 88 20 24 100 22 2 90 24 6 8 94 18 90 90 24 22 24 86 18 2 0 2 24 22 96 18 4 0 22 4 2 4 18 2 88
20 2 2 96 20 90 0 84 2 18 4 8 24 24 22 4 20 20 88 24 8 96 22 4 0 90 24 100 94 20 22 16 4 24 6 4 6 24 18 90 24 0 4 22 4 4 8 18 6 4
16 2 82 86 22 98 84 0 2 18 0 2 22 18 24 84 18 22 98 22 4 92 20 8 6 100 20 86 90 16 20 24 84 18 6 86 8 16 24 94 22 4 86 24 2 86 88 18 0 92
20 2 82 2 24 0 2 2 0 24 98 0 18 20 24 92 22 16 2 16 4 0 20 4 82 2 22 2 6 24 20 22 88 16 0 86 92 18 22 2 20 94 6 16 6 86 88 18 100 86
96 22 24 22 94 18 18 18 24 0 22 22 92 98 92 24 100 98 22 98 20 18 98 22 18 18 92 24 18 100 92 98 22 94 16 24 18 100 96 18 96 18 20 98 16 20 18 94 22 22
16 4 88 0 22 2 4 0 98 22 0 8 22 24 18 88 24 24 6 22 0 0 24 4 86 6 24 4 0 24 22 24 92 24 8 84 94 16 16 6 20 96 90 22 0 82 84 24 98 88
16 86 86 6 20 0 8 2 0 22 8 0 20 20 24 88 18 18 2 20 94 4 18 98 2 6 22 2 0 22 24 20 6 20 96 4 0 18 22 4 20 6 90 20 94 88 4 20 4 2
94 20 18 22 96 18 24 22 18 92 22 20 0 100 96 24 98 96 16 94 20 20 94 18 18 22 94 18 20 98 92 100 16 96 22 22 20 100 98 20 96 20 20 96 20 16 20 98 18 24
94 22 16 20 94 22 24 18 20 98 24 20 100 0 92 22 98 98 22 94 24 18 92 22 20 22 98 20 20 92 96 96 20 92 20 22 22 94 98 24 98 18 18 94 22 24 22 98 20 24
96 18 24 20 94 20 22 24 24 92 18 24 96 92 0 18 100 96 24 100 24 20 96 18 20 18 94 24 22 96 98 92 18 96 20 24 22 100 100 22 98 22 22 96 24 22 18 94 20 24
18 96 98 4 16 88 4 84 92 24 88 88 24 22 18 0 22 20 90 20 82 0 20 86 8 8 24 6 2 16 22 16 8 18 86 6 82 18 16 86 22 0 96 20 86 98 2 20 82 4
92 16 20 24 98 20 20 18 22 100 24 18 98 98 100 22 0 92 22 94 16 20 98 20 18 22 100 22 24 94 94 92 24 92 24 20 22 98 96 20 98 22 16 96 22 18 18 98 22 20
98 24 24 24 100 24 20 22 16 98 24 18 96 98 96 20 92 0 22 92 16 24 94 16 18 24 98 24 22 94 96 92 18 98 20 18 20 96 100 20 94 18 24 92 22 18 24 96 16 18
18 6 88 90 20 100 88 98 2 22 6 2 16 22 24 90 22 22 0 22 0 92 22 0 6 96 20 90 86 16 22 20 88 24 6 88 4 24 24 98 20 0 8 18 0 82 2 20 6 84
100 24 18 20 94 22 24 22 16 98 22 20 94 94 100 20 94 92 22 0 20 24 96 20 18 20 96 20 22 96 96 96 22 94 16 18 22 94 100 20 98 24 20 100 18 22 20 98 24 20
18 86 86 0 24 2 8 4 4 20 0 94 20 24 24 82 16 16 0 20 0 0 24 94 0 4 20 0 6 22 24 20 6 20 96 6 0 22 20 0 24 2 90 22 96 82 4 24 4 0
18 2 8 94 18 90 96 92 0 18 0 4 20 18 20 0 20 24 92 24 0 0 20 2 0 88 24 96 92 20 20 20 4 20 6 4 2 20 22 86 24 2 0 20 2 2 2 18 4 0
98 18 16 20 100 24 22 20 20 98 24 18 94 92 96 20 98 94 22 96 24 20 0 18 24 22 94 20 16 98 92 94 20 100 18 18 22 92 94 18 94 22 16 100 22 16 24 94 20 18
22 88 92 2 22 6 4 8 4 22 4 98 18 22 18 86 20 16 0 20 94 2 18 0 8 6 22 0 0 16 20 24 8 18 96 2 4 20 24 6 18 2 84 20 100 86 0 20 8 8
16 6 2 6 20 8 0 6 82 18 86 2 18 20 20 8 18 18 6 18 0 0 24 8 0 6 18 8 2 16 18 16 92 24 6 94 84 18 22 0 20 90 4 16 4 8 92 22 88 92
24 6 4 84 18 94 90 100 2 18 6 6 22 22 18 8 22 24 96 20 4 88 22 6 6 0 20 86 84 22 22 24 2 18 0 4 4 16 18 100 18 0 2 24 8 2 2 22 0 6
100 20 20 22 98 18 24 20 22 92 24 22 94 98 94 24 100 98 20 96 20 24 94 22 18 20 0 18 16 100 98 94 22 96 22 24 24 92 94 24 98 18 16 98 20 18 20 100 16 22
18 4 8 96 22 90 100 86 2 24 4 2 18 20 24 6 22 24 90 20 0 96 20 0 8 86 18 0 100 18 20 20 0 22 0 6 8 16 18 86 18 8 6 18 6 2 6 18 4 2
16 2 4 96 22 90 94 90 6 18 0 0 20 20 22 2 24 22 86 22 6 92 16 0 2 84 16 100 0 22 20 18 0 20 6 0 2 18 22 90 18 4 6 24 0 0 2 22 2 4
92 18 22 20 92 24 20 16 24 100 24 22 98 92 96 16 94 94 16 96 22 20 98 16 16 22 100 18 22 0 98 98 20 94 18 22 24 98 100 20 100 16 20 100 20 18 22 100 16 22
94 18 18 22 94 22 22 20 20 92 22 24 92 96 98 22 94 96 22 96 24 20 92 20 18 22 98 20 20 98 0 92 22 94 22 16 22 98 94 18 98 16 20 92 20 22 18 96 18 20
94 24 20 18 96 24 16 24 22 98 24 20 100 96 92 16 92 92 20 96 20 20 94 24 16 24 94 20 18 98 92 0 22 94 24 22 20 94 96 24 98 16 18 96 22 16 22 100 24 18
24 6 6 0 18 86 4 84 88 22 92 6 16 20 18 8 24 18 88 22 6 4 20 8 92 2 22 0 0 20 22 22 0 16 0 94 88 22 22 0 18 84 4 20 0 6 94 22 92 96
98 22 16 22 96 18 24 18 16 94 24 20 96 92 96 18 92 98 24 94 20 20 100 18 24 18 96 22 20 94 94 94 16 0 20 18 22 100 100 18 100 22 20 94 24 22 24 98 24 16
18 86 88 6 18 2 6 6 0 16 8 96 22 20 20 86 24 20 6 16 96 6 18 96 6 0 22 0 6 18 22 24 0 20 0 6 4 20 20 4 20 6 88 22 92 88 0 20 2 4
20 0 2 2 24 0 4 86 86 24 84 4 22 22 24 6 20 18 88 18 6 4 18 2 94 4 24 6 0 22 16 22 94 18 6 0 88 24 18 0 16 86 2 24 0 8 94 24 92 92
18 2 88 8 24 2 6 8 92 18 94 0 20 22 22 82 22 20 4 22 0 2 22 4 84 4 24 8 2 24 22 20 88 22 4 88 0 24 22 4 24 92 2 22 0 2 86 24 100 90
96 20 18 18 96 24 24 16 18 100 16 18 100 94 100 18 98 96 24 94 22 20 92 20 18 16 92 16 18 98 98 94 22 100 20 24 24 0 94 24 92 20 20 100 18 20 16 100 18 16
100 16 16 22 92 22 18 24 22 96 16 22 98 98 100 16 96 100 24 100 20 22 94 24 22 18 94 18 22 100 94 96 22 100 20 18 22 94 0 24 92 24 22 98 24 24 24 94 20 24
24 0 4 82 20 96 90 94 2 18 6 4 20 24 22 86 20 20 98 20 0 86 18 6 0 100 24 86 90 20 18 24 0 18 4 0 4 24 24 0 24 0 6 24 2 8 6 24 2 84
96 20 20 22 94 18 24 22 20 96 20 20 96 98 98 22 98 94 20 98 24 24 94 18 20 18 98 18 18 100 98 98 18 100 20 16 24 92 92 24 0 20 20 94 18 20 22 98 24 20
18 2 0 6 22 4 0 4 94 18 96 6 20 18 22 0 22 18 0 24 2 2 22 2 90 0 18 8 4 16 16 16 84 22 6 86 92 20 24 0 20 0 0 20 4 0 88 22 100 90
20 96 94 2 22 0 4 86 6 20 90 90 20 18 22 96 16 24 8 20 90 0 16 84 4 2 16 6 6 20 20 18 4 20 88 2 2 20 22 6 20 0 0 24 88 92 0 18 2 8
100 20 18 22 94 22 22 24 16 98 22 20 96 94 96 20 96 92 18 100 22 20 100 20 16 24 98 18 24 100 92 96 20 94 22 24 22 100 98 24 94 20 24 0 16 16 22 96 18 20
22 88 92 4 20 4 4 2 6 16 0 94 20 22 24 86 22 22 0 18 96 2 22 100 4 8 20 6 0 20 20 22 0 24 92 0 0 18 24 2 18 4 88 16 0 92 2 22 0 2
20 94 92 6 16 2 4 86 86 20 82 88 16 24 22 98 18 18 82 22 82 2 16 86 8 2 18 2 0 18 22 16 6 22 88 8 2 20 24 8 20 0 92 16 92 0 4 20 6 0
22 4 2 0 18 4 8 88 88 18 84 4 20 22 18 2 18 24 2 20 4 2 24 0 92 2 20 6 2 22 18 22 94 24 0 94 86 16 24 6 22 88 0 22 2 4 0 18 86 96
96 22 24 24 96 18 18 18 18 94 24 20 98 98 94 20 98 96 20 98 24 18 94 20 22 22 100 18 22 100 96 100 22 98 20 24 24 100 94 24 98 22 18 96 22 20 18 0 22 16
22 0 6 2 22 2 6 0 100 22 98 4 18 20 20 82 22 16 6 24 4 4 20 8 88 0 16 4 2 16 18 24 92 24 2 92 100 18 20 2 24 100 2 18 0 6 86 22 0 84
18 6 0 6 24 88 4 92 86 22 88 2 24 24 24 4 20 18 84 20 0 0 18 8 92 6 22 2 4 22 20 18 96 16 4 92 90 16 24 84 20 90 8 20 2 0 96 16 84 0
BBBBRRBRRRRRRBBBRBRRRBBRBRBBBRRRBBRBRBRRRRBBRBBBRB
