50
0 59 36 7 70 91 48 65 18 67 81 2 30 10 17 43 15 88 15 61 20 3 75 16 24 93 100 45 97 53 57 23 96 4 86 9 82 88 72 10 18 5 18 45 65 63 14 81 61 52
59 0 77 67 60 55 7 55 100 15 16 22 10 16 44 18 85 3 34 4 32 48 28 20 2 43 26 29 19 89 51 2 42 32 83 6 22 4 91 12 35 49 5 53 7 40 70 78 10 88
36 77 0 20 36 83 30 61 42 31 71 30 70 7 92 45 41 18 3 99 54 22 15 82 14 19 30 2 42 92 18 54 8 81 54 33 59 2 85 62 66 96 45 18 17 10 6 14 47 53
7 67 20 0 77 69 8 2 70 29 84 91 75 100 70 80 48 71 37 26 71 11 52 45 56 2 76 11 82 84 52 88 16 29 3 18 15 80 36 66 11 22 7 91 68 95 5 5 98 63
70 60 36 77 0 67 8 30 58 79 68 44 8 9 30 3 36 68 33 39 24 15 71 14 59 100 13 88 14 80 2 94 73 83 10 12 12 20 95 29 8 64 91 89 2 98 5 93 4 17
91 55 83 69 67 0 95 76 14 53 58 78 6 18 83 28 33 81 9 85 19 12 9 15 50 5 52 83 19 24 63 2 12 76 53 7 45 4 78 68 14 56 48 8 1 8 70 38 90 90
48 7 30 8 8 95 0 91 31 89 43 18 69 85 60 10 48 13 17 73 73 99 91 9 19 42 100 17 48 53 9 96 72 93 95 23 91 47 98 94 73 7 45 100 90 33 6 61 60 50
65 55 61 2 30 76 91 0 49 42 56 70 17 51 29 53 91 75 87 2 63 42 7 68 53 33 14 6 91 31 53 79 42 59 90 1 14 31 40 44 21 3 47 20 51 25 1 41 32 11
18 100 42 70 58 14 31 49 0 68 36 17 4 51 95 20 70 82 6 19 10 33 59 56 87 54 100 11 57 29 20 48 13 35 55 91 74 64 2 84 25 53 76 10 1 54 91 47 21 71
67 15 31 29 79 53 89 42 68 0 6 12 13 9 44 17 70 1 72 10 94 93 40 78 5 47 67 33 45 16 80 91 59 39 11 48 4 91 77 28 3 43 33 5 10 16 64 10 6 62
81 16 71 84 68 58 43 56 36 6 0 13 71 19 79 19 12 34 50 38 28 55 82 75 95 31 13 20 55 82 8 46 65 65 58 10 32 50 74 3 81 43 94 77 19 26 18 60 22 15
2 22 30 91 44 78 18 70 17 12 13 0 88 28 29 94 10 76 63 63 8 9 93 80 91 56 3 66 7 13 13 34 9 54 70 4 42 83 90 73 63 5 10 59 40 42 1 55 16 95
30 10 70 75 8 6 69 17 4 13 71 88 0 1 41 20 35 72 47 14 34 54 70 71 23 2 68 19 3 88 7 11 26 33 20 57 52 3 78 10 95 31 13 70 93 33 45 37 78 7
10 16 7 100 9 18 85 51 51 9 19 28 1 0 26 37 78 98 16 76 39 48 52 49 97 2 9 17 12 7 21 11 28 4 5 77 52 25 41 73 2 11 40 65 6 65 81 16 60 36
17 44 92 70 30 83 60 29 95 44 79 29 41 26 0 41 56 22 62 3 7 13 9 16 34 10 9 37 35 21 2 85 63 14 98 76 64 10 13 50 8 10 46 11 21 66 65 94 11 5
43 18 45 80 3 28 10 53 20 17 19 94 20 37 41 0 56 31 4 86 7 39 46 84 48 2 10 81 20 13 11 2 6 65 72 30 79 77 52 8 85 70 69 25 28 48 27 20 9 22
15 85 41 48 36 33 48 91 70 70 12 10 35 78 56 56 0 48 78 65 16 25 29 14 8 84 87 1 15 15 34 55 71 95 53 44 42 56 10 87 77 61 19 73 37 84 2 8 87 24
88 3 18 71 68 81 13 75 82 1 34 76 72 98 22 31 48 0 7 37 7 46 66 6 29 79 50 69 68 80 97 97 19 18 61 22 44 19 19 18 82 9 13 62 60 48 47 90 91 9
15 34 3 37 33 9 17 87 6 72 50 63 47 16 62 4 78 7 0 15 46 8 23 15 28 46 1 61 20 31 49 25 44 57 17 35 58 15 15 58 65 15 91 49 73 63 24 49 28 74
61 4 99 26 39 85 73 2 19 10 38 63 14 76 3 86 65 37 15 0 13 2 78 92 8 85 11 7 82 20 78 69 67 17 17 87 99 51 38 85 21 14 56 28 17 37 10 46 68 100
20 32 54 71 24 19 73 63 10 94 28 8 34 39 7 7 16 7 46 13 0 11 1 74 98 2 59 42 21 81 56 32 45 67 8 74 9 12 91 25 41 21 80 46 86 73 28 67 2 27
3 48 22 11 15 12 99 42 33 93 55 9 54 48 13 39 25 46 8 2 11 0 56 97 88 29 26 40 10 10 7 50 62 73 41 1 27 15 44 68 44 28 15 88 55 15 68 85 14 25
75 28 15 52 71 9 91 7 59 40 82 93 70 52 9 46 29 66 23 78 1 56 0 80 82 14 58 94 2 11 52 79 65 64 47 1 86 46 58 51 68 48 67 39 1 90 5 19 14 17
16 20 82 45 14 15 9 68 56 78 75 80 71 49 16 84 14 6 15 92 74 97 80 0 13 48 15 19 18 8 70 22 97 55 13 72 67 7 11 91 8 86 97 94 14 2 13 23 89 9
24 2 14 56 59 50 19 53 87 5 95 91 23 97 34 48 8 29 28 8 98 88 82 13 0 90 66 58 66 1 93 27 28 55 40 93 26 18 50 40 7 92 13 17 10 16 87 55 97 8
93 43 19 2 100 5 42 33 54 47 31 56 2 2 10 2 84 79 46 85 2 29 14 48 90 0 28 31 81 69 19 37 6 19 51 65 48 80 71 25 62 98 29 70 56 13 76 67 27 42
100 26 30 76 13 52 100 14 100 67 13 3 68 9 9 10 87 50 1 11 59 26 58 15 66 28 0 8 29 60 83 23 11 75 11 50 24 43 13 13 64 30 94 21 63 87 24 52 11 95
45 29 2 11 88 83 17 6 11 33 20 66 19 17 37 81 1 69 61 7 42 40 94 19 58 31 8 0 49 93 78 71 6 6 93 42 1 7 56 70 22 42 80 95 31 3 76 79 18 29
97 19 42 82 14 19 48 91 57 45 55 7 3 12 35 20 15 68 20 82 21 10 2 18 66 81 29 49 0 86 6 40 9 67 88 59 16 89 90 14 8 10 70 100 8 89 7 55 89 3
53 89 92 84 80 24 53 31 29 16 82 13 88 7 21 13 15 80 31 20 81 10 11 8 1 69 60 93 86 0 98 99 91 43 81 11 72 20 50 94 75 2 39 78 34 2 91 12 47 11
57 51 18 52 2 63 9 53 20 80 8 13 7 21 2 11 34 97 49 78 56 7 52 70 93 19 83 78 6 98 0 6 20 65 12 37 8 25 46 74 9 85 25 41 61 33 10 86 69 8
23 2 54 88 94 2 96 79 48 91 46 34 11 11 85 2 55 97 25 69 32 50 79 22 27 37 23 71 40 99 6 0 33 63 40 73 8 47 40 5 66 15 4 69 57 78 78 13 33 15
96 42 8 16 73 12 72 42 13 59 65 9 26 28 63 6 71 19 44 67 45 62 65 97 28 6 11 6 9 91 20 33 0 95 53 86 16 21 37 46 16 10 10 95 88 46 39 76 5 91
4 32 81 29 83 76 93 59 35 39 65 54 33 4 14 65 95 18 57 17 67 73 64 55 55 19 75 6 67 43 65 63 95 0 63 52 57 30 32 68 67 9 20 38 10 9 4 20 100 90
86 83 54 3 10 53 95 90 55 11 58 70 20 5 98 72 53 61 17 17 8 41 47 13 40 51 11 93 88 81 12 40 53 63 0 82 75 38 9 81 65 53 51 11 43 2 51 81 62 14
9 6 33 18 12 7 23 1 91 48 10 4 57 77 76 30 44 22 35 87 74 1 1 72 93 65 50 42 59 11 37 73 86 52 82 0 16 26 7 2 100 78 52 55 8 10 41 84 37 93
82 22 59 15 12 45 91 14 74 4 32 42 52 52 64 79 42 44 58 99 9 27 86 67 26 48 24 1 16 72 8 8 16 57 75 16 0 88 88 84 13 10 95 84 69 19 83 1 7 15
88 4 2 80 20 4 47 31 64 91 50 83 3 25 10 77 56 19 15 51 12 15 46 7 18 80 43 7 89 20 25 47 21 30 38 26 88 0 6 22 42 27 5 61 46 60 67 41 10 65
72 91 85 36 95 78 98 40 2 77 74 90 78 41 13 52 10 19 15 38 91 44 58 11 50 71 13 56 90 50 46 40 37 32 9 7 88 6 0 7 7 3 57 4 28 14 3 75 21 10
10 12 62 66 29 68 94 44 84 28 3 73 10 73 50 8 87 18 58 85 25 68 51 91 40 25 13 70 14 94 74 5 46 68 81 2 84 22 7 0 50 81 6 96 68 96 71 13 5 98
18 35 66 11 8 14 73 21 25 3 81 63 95 2 8 85 77 82 65 21 41 44 68 8 7 62 64 22 8 75 9 66 16 67 65 100 13 42 7 50 0 75 96 59 56 29 46 32 66 87
5 49 96 22 64 56 7 3 53 43 43 5 31 11 10 70 61 9 15 14 21 28 48 86 92 98 30 42 10 2 85 15 10 9 53 78 10 27 3 81 75 0 5 1 32 74 18 67 67 10
18 5 45 7 91 48 45 47 76 33 94 10 13 40 46 69 19 13 91 56 80 15 67 97 13 29 94 80 70 39 25 4 10 20 51 52 95 5 57 6 96 5 0 15 15 44 96 48 57 91
45 53 18 91 89 8 100 20 10 5 77 59 70 65 11 25 73 62 49 28 46 88 39 94 17 70 21 95 100 78 41 69 95 38 11 55 84 61 4 96 59 1 15 0 7 3 20 76 48 62
65 7 17 68 2 1 90 51 1 10 19 40 93 6 21 28 37 60 73 17 86 55 1 14 10 56 63 31 8 34 61 57 88 10 43 8 69 46 28 68 56 32 15 7 0 86 18 86 60 58
63 40 10 95 98 8 33 25 54 16 26 42 33 65 66 48 84 48 63 37 73 15 90 2 16 13 87 3 89 2 33 78 46 9 2 10 19 60 14 96 29 74 44 3 86 0 99 63 48 18
14 70 6 5 5 70 6 1 91 64 18 1 45 81 65 27 2 47 24 10 28 68 5 13 87 76 24 76 7 91 10 78 39 4 51 41 83 67 3 71 46 18 96 20 18 99 0 54 80 63
81 78 14 5 93 38 61 41 47 10 60 55 37 16 94 20 8 90 49 46 67 85 19 23 55 67 52 79 55 12 86 13 76 20 81 84 1 41 75 13 32 67 48 76 86 63 54 0 68 13
61 10 47 98 4 90 60 32 21 6 22 16 78 60 11 9 87 91 28 68 2 14 14 89 97 27 11 18 89 47 69 33 5 100 62 37 7 10 21 5 66 67 57 48 60 48 80 68 0 15
52 88 53 63 17 90 50 11 71 62 15 95 7 36 5 22 24 9 74 100 27 25 17 9 8 42 95 29 3 11 8 15 91 90 14 93 15 65 10 98 87 10 91 62 58 18 63 13 15 0
RRRRRRRRRRRRRRRRRRRRRRRRRBBBBBBBBBBBBBBBBBBBBBBBBB