50
0 24 16 22 9 19 40 51 6 46 59 14 59 14 51 56 80 62 29 33 39 56 5 36 42 37 64 20 46 49 96 13 4 96 73 30 87 46 51 75 73 18 9 91 2 53 9 18 86 67
24 0 59 4 64 26 60 59 86 96 8 10 28 47 78 80 86 75 5 84 84 42 34 13 62 62 71 50 96 48 48 37 21 81 80 1 20 65 44 92 54 70 89 87 68 30 33 5 80 64
16 59 0 78 18 21 31 65 12 81 3 39 82 43 24 32 93 22 6 96 97 71 87 62 33 26 17 55 43 57 12 31 31 16 87 75 82 45 87 36 2 53 8 65 53 4 88 92 84 92
22 4 78 0 31 79 56 35 84 52 98 31 83 38 8 63 97 60 62 20 5 76 58 56 36 19 10 55 64 38 24 73 16 58 91 22 15 20 68 66 71 32 61 50 99 39 58 2 89 95
9 64 18 31 0 63 63 77 25 12 78 50 1 76 44 45 61 81 96 97 5 46 29 9 46 95 13 96 28 18 9 61 18 44 69 76 59 48 75 8 8 25 87 69 92 50 99 65 38 10
19 26 21 79 63 0 53 95 95 22 30 36 59 84 98 88 46 95 79 26 59 7 8 19 90 73 88 18 26 95 57 80 9 85 22 85 44 53 95 65 26 86 22 78 98 37 64 93 99 56
40 60 31 56 63 53 0 38 57 58 40 38 21 65 17 22 54 96 85 68 7 54 80 77 81 2 57 82 82 62 74 7 58 96 68 33 53 53 97 93 52 60 90 20 82 97 87 58 21 1
51 59 65 35 77 95 38 0 56 9 94 85 12 46 48 26 2 53 78 10 9 94 65 6 4 87 76 74 53 26 45 43 62 86 7 62 18 45 23 9 79 76 32 28 66 29 36 24 89 56
6 86 12 84 25 95 57 56 0 63 85 94 94 61 75 68 82 24 88 64 54 64 62 75 27 71 58 96 15 12 50 14 15 42 73 81 67 16 11 64 10 33 59 47 26 89 20 36 99 25
46 96 81 52 12 22 58 9 63 0 12 58 14 3 43 36 10 73 54 64 96 29 39 95 98 87 1 30 84 18 76 40 51 72 58 70 13 45 58 73 42 87 65 42 86 97 24 85 75 22
59 8 3 98 78 30 40 94 85 12 0 99 26 71 25 2 94 88 50 52 97 84 25 69 45 24 60 82 14 2 64 91 4 40 12 82 92 47 27 52 21 5 88 95 31 11 22 79 24 20
14 10 39 31 50 36 38 85 94 58 99 0 80 73 94 1 83 75 54 2 96 56 12 65 78 13 1 40 38 17 13 48 6 72 98 93 71 51 51 37 56 87 20 88 78 25 83 93 71 69
59 28 82 83 1 59 21 12 94 14 26 80 0 65 52 19 10 61 33 9 63 46 23 26 79 60 78 23 73 37 81 18 1 63 47 98 73 10 13 60 24 30 22 70 6 45 96 54 50 40
14 47 43 38 76 84 65 46 61 3 71 73 65 0 91 47 33 32 53 29 75 3 94 84 93 14 52 50 24 14 38 54 69 8 98 23 66 9 45 43 58 42 26 54 51 85 89 61 33 74
51 78 24 8 44 98 17 48 75 43 25 94 52 91 0 63 27 79 56 18 20 71 60 7 91 27 41 14 64 14 35 12 44 90 29 54 54 60 82 27 8 15 46 45 47 30 3 59 59 89
56 80 32 63 45 88 22 26 68 36 2 1 19 47 63 0 16 35 98 8 21 45 99 43 29 86 95 18 31 30 27 60 69 52 97 69 35 3 38 5 72 38 74 59 90 57 48 89 53 67
80 86 93 97 61 46 54 2 82 10 94 83 10 33 27 16 0 35 22 79 83 76 95 16 14 97 73 13 61 72 22 14 49 15 45 34 5 21 9 14 51 6 55 49 78 74 48 93 3 62
62 75 22 60 81 95 96 53 24 73 88 75 61 32 79 35 35 0 57 50 6 24 71 57 69 39 44 8 9 61 61 54 65 61 87 67 30 96 12 7 63 58 14 13 98 68 47 22 4 64
29 5 6 62 96 79 85 78 88 54 50 54 33 53 56 98 22 57 0 35 88 25 35 43 73 72 32 1 66 72 59 53 11 5 88 66 97 38 45 46 68 55 75 17 53 15 27 74 47 10
33 84 96 20 97 26 68 10 64 64 52 2 9 29 18 8 79 50 35 0 47 33 59 29 75 11 49 39 59 13 81 2 48 9 29 10 89 77 5 27 88 17 92 40 24 42 23 71 59 84
39 84 97 5 5 59 7 9 54 96 97 96 63 75 20 21 83 6 88 47 0 49 1 7 73 13 70 38 36 74 37 1 56 98 32 94 95 76 78 3 40 92 72 78 56 61 64 49 5 28
56 42 71 76 46 7 54 94 64 29 84 56 46 3 71 45 76 24 25 33 49 0 81 38 16 33 56 27 32 17 72 98 64 22 19 58 53 10 54 50 18 17 3 82 20 50 25 73 9 37
5 34 87 58 29 8 80 65 62 39 25 12 23 94 60 99 95 71 35 59 1 81 0 52 62 15 91 5 36 93 4 20 53 48 70 64 64 34 64 84 62 92 65 54 15 30 23 37 54 58
36 13 62 56 9 19 77 6 75 95 69 65 26 84 7 43 16 57 43 29 7 38 52 0 86 80 99 71 99 69 1 76 94 82 26 17 47 71 62 41 20 36 5 41 48 10 17 89 78 96
42 62 33 36 46 90 81 4 27 98 45 78 79 93 91 29 14 69 73 75 73 16 62 86 0 57 26 98 41 49 85 39 49 20 78 66 49 49 87 22 62 87 38 27 19 46 48 28 44 78
37 62 26 19 95 73 2 87 71 87 24 13 60 14 27 86 97 39 72 11 13 33 15 80 57 0 41 63 71 65 27 33 41 58 95 70 47 98 21 67 26 13 28 6 72 39 1 48 41 49
64 71 17 10 13 88 57 76 58 1 60 1 78 52 41 95 73 44 32 49 70 56 91 99 26 41 0 21 90 81 57 89 91 93 24 6 12 57 58 28 49 34 30 45 41 13 96 4 3 54
20 50 55 55 96 18 82 74 96 30 82 40 23 50 14 18 13 8 1 39 38 27 5 71 98 63 21 0 71 82 20 35 95 6 9 83 21 43 29 66 66 27 80 27 35 3 35 64 4 41
46 96 43 64 28 26 82 53 15 84 14 38 73 24 64 31 61 9 66 59 36 32 36 99 41 71 90 71 0 35 34 64 85 58 80 47 97 81 7 55 86 14 27 78 54 12 33 38 61 41
49 48 57 38 18 95 62 26 12 18 2 17 37 14 14 30 72 61 72 13 74 17 93 69 49 65 81 82 35 0 61 19 74 82 56 22 35 26 75 52 26 46 74 55 16 67 29 97 47 52
96 48 12 24 9 57 74 45 50 76 64 13 81 38 35 27 22 61 59 81 37 72 4 1 85 27 57 20 34 61 0 72 11 71 57 17 98 66 70 83 61 31 59 65 97 80 45 54 98 74
13 37 31 73 61 80 7 43 14 40 91 48 18 54 12 60 14 54 53 2 1 98 20 76 39 33 89 35 64 19 72 0 10 42 17 77 55 95 93 16 62 89 22 44 9 91 50 95 38 70
4 21 31 16 18 9 58 62 15 51 4 6 1 69 44 69 49 65 11 48 56 64 53 94 49 41 91 95 85 74 11 10 0 48 49 41 28 67 5 29 43 46 18 2 89 32 22 40 54 33
96 81 16 58 44 85 96 86 42 72 40 72 63 8 90 52 15 61 5 9 98 22 48 82 20 58 93 6 58 82 71 42 48 0 20 98 89 23 92 42 71 94 46 85 9 5 62 35 55 6
73 80 87 91 69 22 68 7 73 58 12 98 47 98 29 97 45 87 88 29 32 19 70 26 78 95 24 9 80 56 57 17 49 20 0 70 74 15 3 84 34 75 14 68 7 32 46 43 99 30
30 1 75 22 76 85 33 62 81 70 82 93 98 23 54 69 34 67 66 10 94 58 64 17 66 70 6 83 47 22 17 77 41 98 70 0 24 83 35 83 65 19 1 48 76 81 12 62 1 78
87 20 82 15 59 44 53 18 67 13 92 71 73 66 54 35 5 30 97 89 95 53 64 47 49 47 12 21 97 35 98 55 28 89 74 24 0 89 49 99 98 82 39 72 98 31 6 44 9 42
46 65 45 20 48 53 53 45 16 45 47 51 10 9 60 3 21 96 38 77 76 10 34 71 49 98 57 43 81 26 66 95 67 23 15 83 89 0 34 80 50 35 52 56 11 40 45 3 91 89
51 44 87 68 75 95 97 23 11 58 27 51 13 45 82 38 9 12 45 5 78 54 64 62 87 21 58 29 7 75 70 93 5 92 3 35 49 34 0 82 80 19 25 51 56 70 11 30 36 32
75 92 36 66 8 65 93 9 64 73 52 37 60 43 27 5 14 7 46 27 3 50 84 41 22 67 28 66 55 52 83 16 29 42 84 83 99 80 82 0 19 32 98 56 3 86 61 76 36 23
73 54 2 71 8 26 52 79 10 42 21 56 24 58 8 72 51 63 68 88 40 18 62 20 62 26 49 66 86 26 61 62 43 71 34 65 98 50 80 19 0 79 40 3 40 40 72 88 4 66
18 70 53 32 25 86 60 76 33 87 5 87 30 42 15 38 6 58 55 17 92 17 92 36 87 13 34 27 14 46 31 89 46 94 75 19 82 35 19 32 79 0 74 65 32 74 88 73 40 34
9 89 8 61 87 22 90 32 59 65 88 20 22 26 46 74 55 14 75 92 72 3 65 5 38 28 30 80 27 74 59 22 18 46 14 1 39 52 25 98 40 74 0 38 72 9 45 36 32 35
91 87 65 50 69 78 20 28 47 42 95 88 70 54 45 59 49 13 17 40 78 82 54 41 27 6 45 27 78 55 65 44 2 85 68 48 72 56 51 56 3 65 38 0 31 77 77 52 53 81
2 68 53 99 92 98 82 66 26 86 31 78 6 51 47 90 78 98 53 24 56 20 15 48 19 72 41 35 54 16 97 9 89 9 7 76 98 11 56 3 40 32 72 31 0 10 95 88 7 36
53 30 4 39 50 37 97 29 89 97 11 25 45 85 30 57 74 68 15 42 61 50 30 10 46 39 13 3 12 67 80 91 32 5 32 81 31 40 70 86 40 74 9 77 10 0 49 30 5 42
9 33 88 58 99 64 87 36 20 24 22 83 96 89 3 48 48 47 27 23 64 25 23 17 48 1 96 35 33 29 45 50 22 62 46 12 6 45 11 61 72 88 45 77 95 49 0 42 1 36
18 5 92 2 65 93 58 24 36 85 79 93 54 61 59 89 93 22 74 71 49 73 37 89 28 48 4 64 38 97 54 95 40 35 43 62 44 3 30 76 88 73 36 52 88 30 42 0 42 21
86 80 84 89 38 99 21 89 99 75 24 71 50 33 59 53 3 4 47 59 5 9 54 78 44 41 3 4 61 47 98 38 54 55 99 1 9 91 36 36 4 40 32 53 7 5 1 42 0 26
67 64 92 95 10 56 1 56 25 22 20 69 40 74 89 67 62 64 10 84 28 37 58 96 78 49 54 41 41 52 74 70 33 6 30 78 42 89 32 23 66 34 35 81 36 42 36 21 26 0
RRRRRRRRRRRRRRRRRRRRRRRRRBBBBBBBBBBBBBBBBBBBBBBBBB