50
0 79 15 75 81 88 77 88 84 31 91 97 90 97 88 99 95 96 94 76 93 84 83 89 100 78 90 82 96 17 98 77 80 88 77 81 77 96 100 87 75 96 79 95 93 88 77 95 95 85 
79 0 90 76 76 77 75 94 87 95 95 76 15 74 84 93 83 97 94 93 91 81 95 93 95 74 96 28 100 93 96 88 88 94 79 90 82 95 93 92 95 99 89 98 100 35 86 76 94 84 
15 90 0 78 86 81 81 74 99 80 99 84 79 88 91 92 97 97 75 88 85 92 33 85 89 92 87 98 95 26 76 76 79 87 92 74 97 88 82 90 82 78 93 79 98 86 89 99 95 74 
75 76 78 0 90 79 83 77 77 90 75 76 91 76 24 80 81 82 83 100 80 83 82 89 85 79 97 74 93 77 93 80 89 76 99 91 75 98 85 76 99 94 99 100 86 96 89 76 77 85 
81 76 86 90 0 74 87 91 75 94 27 95 89 98 74 75 74 97 31 96 78 98 96 91 99 13 76 89 82 93 84 79 87 94 76 80 94 74 86 99 100 84 81 99 92 89 81 87 83 78 
88 77 81 79 74 0 79 96 100 100 82 82 85 79 94 78 82 81 81 10 98 87 90 25 97 98 84 97 99 98 80 75 100 81 93 96 96 82 87 93 74 76 77 76 100 81 76 90 99 30 
77 75 81 83 87 79 0 100 96 94 85 100 85 79 99 79 95 78 95 88 74 84 20 98 83 81 86 79 86 89 76 92 93 95 84 89 80 87 24 97 97 96 87 86 88 91 86 79 83 96 
88 94 74 77 91 96 100 0 99 94 81 84 79 75 75 27 90 95 83 97 87 82 98 97 95 85 76 88 87 81 97 90 90 79 79 78 86 99 83 98 88 74 98 77 79 96 75 85 91 19 
84 87 99 77 75 100 96 99 0 98 76 94 95 84 80 77 89 93 85 80 77 100 77 100 88 81 21 85 76 85 80 78 76 77 34 11 80 84 75 95 93 82 81 93 100 85 82 79 79 100 
31 95 80 90 94 100 94 94 98 0 85 96 100 74 77 86 97 80 74 91 99 96 89 82 86 93 77 79 26 94 86 99 95 75 79 98 89 82 78 94 75 91 87 76 96 88 82 97 11 80 
91 95 99 75 27 82 85 81 76 85 0 95 96 82 79 81 79 95 74 86 97 75 94 98 86 17 78 83 97 85 79 78 88 98 79 87 81 81 83 75 98 81 84 75 91 93 91 93 86 82 
97 76 84 76 95 82 100 84 94 96 95 0 76 24 81 74 78 89 11 94 84 75 83 92 84 100 83 84 77 97 84 74 97 88 91 80 74 86 85 78 83 75 82 85 74 83 76 76 87 80 
90 15 79 91 89 85 85 79 95 100 96 76 0 83 31 100 87 90 87 95 95 80 95 93 88 95 76 22 80 84 76 99 75 81 83 82 78 76 99 98 82 76 87 95 76 97 100 99 82 75 
97 74 88 76 98 79 79 75 84 74 82 24 83 0 93 93 90 83 20 75 98 98 85 91 98 94 81 94 88 89 83 88 87 95 97 83 85 81 80 81 78 88 92 100 86 83 77 75 75 88 
88 84 91 24 74 94 99 75 80 77 79 81 31 93 0 87 88 93 85 90 88 81 82 74 95 92 92 77 83 84 74 94 86 87 86 75 76 75 85 96 90 93 79 88 98 100 97 86 91 89 
99 93 92 80 75 78 79 27 77 86 81 74 100 93 87 0 79 78 77 79 85 79 80 84 100 93 95 90 82 94 86 89 91 98 95 88 74 94 92 90 76 30 78 96 77 75 84 93 86 14 
95 83 97 81 74 82 95 90 89 97 79 78 87 90 88 79 0 93 98 80 93 94 75 98 79 99 93 96 74 85 78 83 24 90 94 87 85 93 86 89 89 21 78 89 83 89 94 84 98 90 
96 97 97 82 97 81 78 95 93 80 95 89 90 83 93 78 93 0 76 93 97 98 79 78 83 98 84 97 87 88 95 77 95 84 12 82 35 82 89 93 23 84 97 79 74 88 83 90 87 85 
94 94 75 83 31 81 95 83 85 74 74 11 87 20 85 77 98 76 0 99 83 99 80 88 91 87 91 93 78 99 80 76 81 77 76 76 99 87 95 76 85 90 79 76 94 93 100 90 95 85 
76 93 88 100 96 10 88 97 80 91 86 94 95 75 90 79 80 93 99 0 80 99 77 21 99 99 95 76 77 99 74 78 74 79 81 99 75 96 35 97 99 79 96 75 88 89 83 76 74 74 
93 91 85 80 78 98 74 87 77 99 97 84 95 98 88 85 93 97 83 80 0 99 95 83 90 79 95 91 97 90 31 82 95 76 78 84 94 78 93 80 100 79 76 94 84 95 11 25 88 94 
84 81 92 83 98 87 84 82 100 96 75 75 80 98 81 79 94 98 99 99 99 0 76 79 29 80 96 88 94 80 75 97 94 77 76 100 78 79 100 98 84 84 94 75 95 16 94 99 30 84 
83 95 33 82 96 90 20 98 77 89 94 83 95 85 82 80 75 79 80 77 95 76 0 94 99 89 78 90 95 76 98 78 83 77 86 100 83 94 14 84 77 78 75 95 94 84 77 74 90 94 
89 93 85 89 91 25 98 97 100 82 98 92 93 91 74 84 98 78 88 21 83 79 94 0 82 93 100 93 85 96 86 84 97 77 75 90 92 79 81 96 93 94 100 82 99 84 100 87 99 76 
100 95 89 85 99 97 83 95 88 86 86 84 88 98 95 100 79 83 91 99 90 29 99 82 0 86 87 79 83 74 97 78 76 82 86 93 84 75 74 95 95 77 77 76 78 20 98 90 93 76 
78 74 92 79 13 98 81 85 81 93 17 100 95 94 92 93 99 98 87 99 79 80 89 93 86 0 98 95 91 85 100 99 87 83 91 76 81 35 75 76 74 79 78 98 81 78 95 93 92 89 
90 96 87 97 76 84 86 76 21 77 78 83 76 81 92 95 93 84 91 95 95 96 78 100 87 98 0 89 86 90 85 79 94 92 96 25 87 87 81 80 84 89 93 96 98 75 74 100 77 80 
82 28 98 74 89 97 79 88 85 79 83 84 22 94 77 90 96 97 93 76 91 88 90 93 79 95 89 0 96 94 97 94 81 76 79 82 87 78 85 88 87 84 74 96 86 95 86 91 77 96 
96 100 95 93 82 99 86 87 76 26 97 77 80 88 83 82 74 87 78 77 97 94 95 85 83 91 86 96 0 83 90 95 94 91 83 82 93 94 94 94 97 91 82 94 90 77 100 97 21 96 
17 93 26 77 93 98 89 81 85 94 85 97 84 89 84 94 85 88 99 99 90 80 76 96 74 85 90 94 83 0 93 99 81 86 88 84 100 95 91 91 90 86 76 77 91 87 86 99 96 87 
98 96 76 93 84 80 76 97 80 86 79 84 76 83 74 86 78 95 80 74 31 75 98 86 97 100 85 97 90 93 0 76 79 86 78 89 100 15 92 87 80 89 92 18 75 88 93 84 86 84 
77 88 76 80 79 75 92 90 78 99 78 74 99 88 94 89 83 77 76 78 82 97 78 84 78 99 79 94 95 99 76 0 87 24 89 97 77 80 76 90 78 78 22 80 91 92 87 89 79 76 
80 88 79 89 87 100 93 90 76 95 88 97 75 87 86 91 24 95 81 74 95 94 83 97 76 87 94 81 94 81 79 87 0 93 79 93 76 96 74 82 85 13 83 77 32 87 84 94 99 74 
88 94 87 76 94 81 95 79 77 75 98 88 81 95 87 98 90 84 77 79 76 77 77 77 82 83 92 76 91 86 86 24 93 0 100 93 96 75 88 74 78 99 15 74 89 90 30 78 77 99 
77 79 92 99 76 93 84 79 34 79 79 91 83 97 86 95 94 12 76 81 78 76 86 75 86 91 96 79 83 88 78 89 79 100 0 93 96 91 88 98 29 78 92 78 76 74 93 87 83 84 
81 90 74 91 80 96 89 78 11 98 87 80 82 83 75 88 87 82 76 99 84 100 100 90 93 76 25 82 82 84 89 97 93 93 93 0 90 95 99 100 78 97 30 96 90 91 79 91 86 89 
77 82 97 75 94 96 80 86 80 89 81 74 78 85 76 74 85 35 99 75 94 78 83 92 84 81 87 87 93 100 100 77 76 96 96 90 0 75 94 29 81 91 98 80 16 91 99 75 98 99 
96 95 88 98 74 82 87 99 84 82 81 86 76 81 75 94 93 82 87 96 78 79 94 79 75 35 87 78 94 95 15 80 96 75 91 95 75 0 82 76 100 91 87 25 92 95 74 99 83 86 
100 93 82 85 86 87 24 83 75 78 83 85 99 80 85 92 86 89 95 35 93 100 14 81 74 75 81 85 94 91 92 76 74 88 88 99 94 82 0 74 86 90 81 81 89 74 94 84 96 77 
87 92 90 76 99 93 97 98 95 94 75 78 98 81 96 90 89 93 76 97 80 98 84 96 95 76 80 88 94 91 87 90 82 74 98 100 29 76 74 0 96 92 81 94 20 97 76 96 90 90 
75 95 82 99 100 74 97 88 93 75 98 83 82 78 90 76 89 23 85 99 100 84 77 93 95 74 84 87 97 90 80 78 85 78 29 78 81 100 86 96 0 98 99 100 92 83 79 91 94 97 
96 99 78 94 84 76 96 74 82 91 81 75 76 88 93 30 21 84 90 79 79 84 78 94 77 79 89 84 91 86 89 78 13 99 78 97 91 91 90 92 98 0 88 100 85 96 93 81 97 85 
79 89 93 99 81 77 87 98 81 87 84 82 87 92 79 78 78 97 79 96 76 94 75 100 77 78 93 74 82 76 92 22 83 15 92 30 98 87 81 81 99 88 0 87 99 100 86 94 94 98 
95 98 79 100 99 76 86 77 93 76 75 85 95 100 88 96 89 79 76 75 94 75 95 82 76 98 96 96 94 77 18 80 77 74 78 96 80 25 81 94 100 100 87 0 91 100 93 100 76 91 
93 100 98 86 92 100 88 79 100 96 91 74 76 86 98 77 83 74 94 88 84 95 94 99 78 81 98 86 90 91 75 91 32 89 76 90 16 92 89 20 92 85 99 91 0 78 78 90 79 80 
88 35 86 96 89 81 91 96 85 88 93 83 97 83 100 75 89 88 93 89 95 16 84 84 20 78 75 95 77 87 88 92 87 90 74 91 91 95 74 97 83 96 100 100 78 0 78 85 74 89 
77 86 89 89 81 76 86 75 82 82 91 76 100 77 97 84 94 83 100 83 11 94 77 100 98 95 74 86 100 86 93 87 84 30 93 79 99 74 94 76 79 93 86 93 78 78 0 19 82 95 
95 76 99 76 87 90 79 85 79 97 93 76 99 75 86 93 84 90 90 76 25 99 74 87 90 93 100 91 97 99 84 89 94 78 87 91 75 99 84 96 91 81 94 100 90 85 19 0 75 84 
95 94 95 77 83 99 83 91 79 11 86 87 82 75 91 86 98 87 95 74 88 30 90 99 93 92 77 77 21 96 86 79 99 77 83 86 98 83 96 90 94 97 94 76 79 74 82 75 0 92 
85 84 74 85 78 30 96 19 100 80 82 80 75 88 89 14 90 85 85 74 94 84 94 76 76 89 80 96 96 87 84 76 74 99 84 89 99 86 77 90 97 85 98 91 80 89 95 84 92 0 
RBRBBRRRBBRRBBRBBRRRBRBBBBRRRBRBRRRBBRBRBRRBBRBRBB
