50
0  81  15  97  4  69  32  92  31  49  36  88  99  62  73  47  26  29  62  10  86  34  20  93  68  27  16  82  97  12  32  72  45  99  69  49  68  53  93  99  55  82  88  54  96  13  53  22  43  67 
81  0  32  29  1  5  75  21  84  91  55  82  55  39  54  0  38  75  1  7  80  46  58  35  80  98  41  77  64  94  99  59  61  84  88  14  89  15  87  73  58  43  7  13  82  61  13  73  36  66 
15  32  0  32  69  13  90  4  93  41  98  70  5  44  22  64  58  6  4  72  47  20  60  72  30  55  80  44  89  93  9  62  82  76  94  51  41  37  7  86  78  5  9  35  50  31  51  8  89  7 
97  29  32  0  32  36  79  44  8  10  99  40  54  89  34  15  51  16  43  98  19  84  35  26  23  65  32  32  0  34  15  3  94  4  10  78  40  90  23  0  52  22  93  58  63  79  73  67  47  17 
4  1  69  32  0  65  66  1  52  92  76  17  76  8  69  62  23  72  8  27  82  87  19  24  10  72  76  84  17  34  0  96  60  67  43  77  84  61  30  36  5  7  5  82  15  74  96  91  46  5 
69  5  13  36  65  0  70  80  92  42  57  54  14  33  90  31  20  90  79  80  57  22  9  93  35  39  81  40  98  86  74  14  60  71  57  58  28  27  91  72  69  48  26  35  33  16  18  53  7  97 
32  75  90  79  66  70  0  85  16  71  46  62  6  86  43  47  84  30  21  50  42  44  7  53  72  87  44  96  8  92  22  44  25  91  62  31  50  12  68  18  83  15  80  90  53  24  89  37  6  62 
92  21  4  44  1  80  85  0  40  0  7  99  53  31  38  97  28  47  89  2  91  67  45  5  98  95  17  18  66  53  33  46  43  86  22  84  76  28  46  68  29  5  67  82  89  6  32  69  5  73 
31  84  93  8  52  92  16  40  0  71  48  40  17  53  90  64  23  9  30  76  42  29  71  81  51  55  57  80  53  25  61  11  44  95  0  2  27  69  7  1  92  55  41  61  61  84  26  84  93  8 
49  91  41  10  92  42  71  0  71  0  12  35  37  83  16  89  90  25  21  43  2  82  6  47  77  6  49  5  27  57  58  72  12  51  33  25  35  11  9  28  72  73  16  9  56  84  50  98  10  71 
36  55  98  99  76  57  46  7  48  12  0  94  64  5  0  11  35  59  61  92  38  70  50  10  34  1  96  60  37  7  21  17  31  95  33  41  3  18  43  2  80  67  96  44  72  48  8  7  7  21 
88  82  70  40  17  54  62  99  40  35  94  0  51  46  91  1  56  25  55  52  37  44  12  59  61  43  6  47  36  9  17  80  63  49  99  11  93  71  60  53  31  67  74  82  13  65  36  22  43  91 
99  55  5  54  76  14  6  53  17  37  64  51  0  26  80  87  90  91  0  34  49  47  22  11  64  54  74  13  53  38  59  25  98  64  8  17  39  42  83  56  78  5  99  21  83  32  60  74  75  61 
62  39  44  89  8  33  86  31  53  83  5  46  26  0  60  25  8  82  88  25  37  14  90  42  52  49  19  2  66  27  20  5  70  3  61  0  60  13  74  43  97  34  69  72  95  29  49  56  64  89 
73  54  22  34  69  90  43  38  90  16  0  91  80  60  0  81  53  4  71  95  8  73  15  11  39  94  31  96  16  86  9  69  46  22  95  41  71  29  63  96  77  44  45  33  8  87  66  13  91  89 
47  0  64  15  62  31  47  97  64  89  11  1  87  25  81  0  61  51  62  28  62  53  22  45  1  91  31  11  60  29  85  55  23  57  36  86  53  13  30  50  98  91  37  16  4  80  6  17  32  20 
26  38  58  51  23  20  84  28  23  90  35  56  90  8  53  61  0  45  94  26  20  92  27  11  75  90  23  57  76  30  80  33  66  18  86  32  48  36  82  91  26  99  48  6  57  65  38  29  63  85 
29  75  6  16  72  90  30  47  9  25  59  25  91  82  4  51  45  0  55  83  29  35  46  4  25  69  13  53  99  93  86  17  63  24  49  64  13  32  55  39  83  3  97  92  21  88  21  84  25  29 
62  1  4  43  8  79  21  89  30  21  61  55  0  88  71  62  94  55  0  19  54  64  65  10  41  86  24  95  85  69  33  2  33  10  4  97  23  88  4  14  71  60  11  63  81  51  36  65  76  65 
10  7  72  98  27  80  50  2  76  43  92  52  34  25  95  28  26  83  19  0  84  30  81  49  93  23  87  69  70  72  38  55  26  23  65  30  72  88  18  77  54  41  37  66  56  18  69  93  35  46 
86  80  47  19  82  57  42  91  42  2  38  37  49  37  8  62  20  29  54  84  0  58  71  28  40  72  21  15  59  90  37  83  81  92  9  4  58  92  77  98  62  6  53  4  95  71  60  65  40  5 
34  46  20  84  87  22  44  67  29  82  70  44  47  14  73  53  92  35  64  30  58  0  0  38  64  23  67  56  95  88  23  54  31  60  37  12  4  98  16  14  90  45  13  5  51  18  9  98  41  21 
20  58  60  35  19  9  7  45  71  6  50  12  22  90  15  22  27  46  65  81  71  0  0  63  33  27  15  72  43  38  39  51  33  79  74  39  10  86  28  22  90  79  91  5  21  36  70  26  40  40 
93  35  72  26  24  93  53  5  81  47  10  59  11  42  11  45  11  4  10  49  28  38  63  0  87  38  81  61  54  14  40  69  38  83  8  29  86  93  9  12  85  19  98  65  94  40  44  85  97  66 
68  80  30  23  10  35  72  98  51  77  34  61  64  52  39  1  75  25  41  93  40  64  33  87  0  73  67  44  13  7  32  4  40  93  58  7  33  79  45  68  87  75  6  33  84  18  70  55  16  35 
27  98  55  65  72  39  87  95  55  6  1  43  54  49  94  91  90  69  86  23  72  23  27  38  73  0  49  8  80  34  6  98  60  73  42  73  33  74  29  73  19  39  80  52  19  78  72  58  53  78 
16  41  80  32  76  81  44  17  57  49  96  6  74  19  31  31  23  13  24  87  21  67  15  81  67  49  0  91  89  48  61  96  16  49  46  25  29  32  31  27  92  56  69  18  89  96  47  15  15  87 
82  77  44  32  84  40  96  18  80  5  60  47  13  2  96  11  57  53  95  69  15  56  72  61  44  8  91  0  47  20  58  25  44  16  30  75  60  19  23  73  16  40  22  14  17  3  98  48  30  91 
97  64  89  0  17  98  8  66  53  27  37  36  53  66  16  60  76  99  85  70  59  95  43  54  13  80  89  47  0  56  52  9  98  0  8  13  67  47  60  87  5  38  32  22  68  59  34  40  82  7 
12  94  93  34  34  86  92  53  25  57  7  9  38  27  86  29  30  93  69  72  90  88  38  14  7  34  48  20  56  0  8  74  30  22  91  33  20  91  16  63  48  20  24  46  72  85  11  39  32  23 
32  99  9  15  0  74  22  33  61  58  21  17  59  20  9  85  80  86  33  38  37  23  39  40  32  6  61  58  52  8  0  79  90  61  63  64  30  22  98  70  4  5  30  79  87  52  70  73  24  62 
72  59  62  3  96  14  44  46  11  72  17  80  25  5  69  55  33  17  2  55  83  54  51  69  4  98  96  25  9  74  79  0  41  40  10  13  64  8  85  49  19  76  34  42  55  24  56  18  88  86 
45  61  82  94  60  60  25  43  44  12  31  63  98  70  46  23  66  63  33  26  81  31  33  38  40  60  16  44  98  30  90  41  0  40  38  8  45  95  38  76  35  42  46  8  18  60  1  58  22  14 
99  84  76  4  67  71  91  86  95  51  95  49  64  3  22  57  18  24  10  23  92  60  79  83  93  73  49  16  0  22  61  40  40  0  75  82  51  76  1  27  10  96  35  86  52  53  26  90  94  64 
69  88  94  10  43  57  62  22  0  33  33  99  8  61  95  36  86  49  4  65  9  37  74  8  58  42  46  30  8  91  63  10  38  75  0  50  91  60  40  19  47  34  65  55  52  78  8  63  52  22 
49  14  51  78  77  58  31  84  2  25  41  11  17  0  41  86  32  64  97  30  4  12  39  29  7  73  25  75  13  33  64  13  8  82  50  0  38  35  25  66  88  52  77  84  39  63  88  93  42  30 
68  89  41  40  84  28  50  76  27  35  3  93  39  60  71  53  48  13  23  72  58  4  10  86  33  33  29  60  67  20  30  64  45  51  91  38  0  39  6  80  82  18  72  1  65  6  18  72  59  96 
53  15  37  90  61  27  12  28  69  11  18  71  42  13  29  13  36  32  88  88  92  98  86  93  79  74  32  19  47  91  22  8  95  76  60  35  39  0  80  74  49  54  64  84  79  30  72  84  59  9 
93  87  7  23  30  91  68  46  7  9  43  60  83  74  63  30  82  55  4  18  77  16  28  9  45  29  31  23  60  16  98  85  38  1  40  25  6  80  0  23  75  49  68  17  80  7  75  12  89  46 
99  73  86  0  36  72  18  68  1  28  2  53  56  43  96  50  91  39  14  77  98  14  22  12  68  73  27  73  87  63  70  49  76  27  19  66  80  74  23  0  85  90  11  43  9  36  2  57  68  28 
55  58  78  52  5  69  83  29  92  72  80  31  78  97  77  98  26  83  71  54  62  90  90  85  87  19  92  16  5  48  4  19  35  10  47  88  82  49  75  85  0  6  75  92  42  54  75  67  90  34 
82  43  5  22  7  48  15  5  55  73  67  67  5  34  44  91  99  3  60  41  6  45  79  19  75  39  56  40  38  20  5  76  42  96  34  52  18  54  49  90  6  0  28  66  9  77  34  26  9  94 
88  7  9  93  5  26  80  67  41  16  96  74  99  69  45  37  48  97  11  37  53  13  91  98  6  80  69  22  32  24  30  34  46  35  65  77  72  64  68  11  75  28  0  2  74  35  48  11  78  11 
54  13  35  58  82  35  90  82  61  9  44  82  21  72  33  16  6  92  63  66  4  5  5  65  33  52  18  14  22  46  79  42  8  86  55  84  1  84  17  43  92  66  2  0  54  87  99  9  96  68 
96  82  50  63  15  33  53  89  61  56  72  13  83  95  8  4  57  21  81  56  95  51  21  94  84  19  89  17  68  72  87  55  18  52  52  39  65  79  80  9  42  9  74  54  0  37  55  43  82  97 
13  61  31  79  74  16  24  6  84  84  48  65  32  29  87  80  65  88  51  18  71  18  36  40  18  78  96  3  59  85  52  24  60  53  78  63  6  30  7  36  54  77  35  87  37  0  49  57  16  92 
53  13  51  73  96  18  89  32  26  50  8  36  60  49  66  6  38  21  36  69  60  9  70  44  70  72  47  98  34  11  70  56  1  26  8  88  18  72  75  2  75  34  48  99  55  49  0  91  44  10 
22  73  8  67  91  53  37  69  84  98  7  22  74  56  13  17  29  84  65  93  65  98  26  85  55  58  15  48  40  39  73  18  58  90  63  93  72  84  12  57  67  26  11  9  43  57  91  0  1  74 
43  36  89  47  46  7  6  5  93  10  7  43  75  64  91  32  63  25  76  35  40  41  40  97  16  53  15  30  82  32  24  88  22  94  52  42  59  59  89  68  90  9  78  96  82  16  44  1  0  44 
67  66  7  17  5  97  62  73  8  71  21  91  61  89  89  20  85  29  65  46  5  21  40  66  35  78  87  91  7  23  62  86  14  64  22  30  96  9  46  28  34  94  11  68  97  92  10  74  44  0 
BBRBBRBRRBBBRRBRBRBBRBRRBRBBBBBRRRRRRBRRRBBBBRBRRR