50
0 27 38 45 40 99 36 59 40 87 76 48 94 30 58 88 77 90 42 10 37 28 32 44 26 62 55 7 50 37 0 53 84 24 27 17 1 43 51 14 61 55 41 32 68 98 58 84 59 97 
27 0 68 98 73 45 75 38 51 41 68 64 21 38 38 31 82 34 27 91 92 55 94 59 61 11 43 58 87 81 12 18 25 87 80 7 87 34 25 53 27 25 75 93 98 10 34 71 18 39 
38 68 0 64 25 82 90 13 91 25 89 52 25 97 48 76 69 67 13 32 94 81 92 25 96 32 11 84 6 43 40 8 66 35 8 96 97 94 66 79 48 65 79 90 19 96 63 42 30 72 
45 98 64 0 7 74 13 80 5 26 71 14 57 11 19 5 94 49 2 25 19 67 89 34 75 87 54 34 91 71 52 85 69 69 36 34 50 11 75 52 48 5 91 35 32 99 77 81 9 97 
40 73 25 7 0 5 0 3 8 11 33 41 55 2 40 95 76 81 49 3 71 40 28 92 71 28 60 99 24 40 57 8 98 32 51 99 76 0 42 96 84 78 43 28 17 85 44 18 56 3 
99 45 82 74 5 0 91 85 66 18 55 18 26 37 43 40 21 93 68 54 19 9 20 94 31 18 55 19 88 30 79 24 71 25 19 18 15 56 20 45 97 11 39 20 41 13 78 68 26 66 
36 75 90 13 0 91 0 98 30 6 39 47 44 44 56 5 10 27 4 2 79 17 66 5 12 71 51 52 22 77 55 27 35 3 34 81 96 18 96 79 7 91 59 98 58 96 15 99 10 2 
59 38 13 80 3 85 98 0 64 90 71 98 55 99 89 86 46 25 7 54 56 73 59 75 37 96 22 7 82 16 99 91 24 85 74 83 63 66 9 74 19 86 78 83 12 67 31 45 28 60 
40 51 91 5 8 66 30 64 0 48 64 13 12 63 12 86 13 35 13 5 32 60 92 39 10 65 89 70 15 48 36 7 23 23 36 30 80 4 22 53 28 90 35 67 15 7 3 74 20 35 
87 41 25 26 11 18 6 90 48 0 9 88 68 0 85 23 83 16 75 3 78 89 19 46 31 12 79 28 97 22 73 34 73 9 55 52 64 44 49 43 25 26 74 27 64 25 76 25 6 77 
76 68 89 71 33 55 39 71 64 9 0 75 30 65 87 63 99 27 90 22 37 86 85 99 14 60 1 42 48 16 58 77 58 93 60 38 79 44 27 47 65 1 70 97 2 93 10 4 30 42 
48 64 52 14 41 18 47 98 13 88 75 0 50 16 66 12 94 93 54 36 42 96 70 34 48 12 70 39 77 75 73 1 54 97 16 60 75 65 4 5 78 33 34 86 59 78 94 62 74 93 
94 21 25 57 55 26 44 55 12 68 30 50 0 95 79 52 93 38 66 31 64 60 84 55 36 64 74 67 54 32 5 40 56 25 46 5 98 27 3 0 80 38 44 33 65 91 60 53 17 11 
30 38 97 11 2 37 44 99 63 0 65 16 95 0 37 58 97 73 32 40 71 35 12 66 74 11 96 51 91 68 92 27 53 30 72 93 70 62 67 38 16 71 44 47 36 79 74 16 51 48 
58 38 48 19 40 43 56 89 12 85 87 66 79 37 0 15 46 42 59 83 95 1 93 81 26 40 9 93 81 79 99 70 69 48 55 91 57 42 71 41 9 79 10 39 79 69 34 74 49 93 
88 31 76 5 95 40 5 86 86 23 63 12 52 58 15 0 5 33 54 36 96 56 58 49 7 71 72 96 20 80 99 1 44 79 82 47 65 51 69 65 73 82 30 24 57 0 66 85 76 82 
77 82 69 94 76 21 10 46 13 83 99 94 93 97 46 5 0 93 50 65 68 75 43 84 45 68 12 97 23 3 3 42 56 61 99 0 13 4 0 73 94 73 14 90 22 61 65 7 76 62 
90 34 67 49 81 93 27 25 35 16 27 93 38 73 42 33 93 0 93 46 50 73 6 93 66 64 62 76 49 32 68 0 96 2 59 45 88 53 94 12 32 36 57 96 47 86 79 2 73 77 
42 27 13 2 49 68 4 7 13 75 90 54 66 32 59 54 50 93 0 51 65 17 76 62 36 35 32 33 50 8 56 85 67 64 61 42 47 93 92 2 54 15 35 5 0 5 67 3 22 53 
10 91 32 25 3 54 2 54 5 3 22 36 31 40 83 36 65 46 51 0 46 18 82 23 96 72 22 99 28 1 41 87 53 94 62 16 31 56 57 77 61 56 30 28 46 5 77 98 98 77 
37 92 94 19 71 19 79 56 32 78 37 42 64 71 95 96 68 50 65 46 0 50 46 28 15 66 62 91 12 90 36 44 82 2 25 48 6 6 67 26 77 83 64 45 48 80 73 19 33 60 
28 55 81 67 40 9 17 73 60 89 86 96 60 35 1 56 75 73 17 18 50 0 79 28 36 3 82 21 75 56 81 49 18 12 42 24 32 9 30 55 30 6 50 24 89 39 18 21 58 23 
32 94 92 89 28 20 66 59 92 19 85 70 84 12 93 58 43 6 76 82 46 79 0 72 96 9 20 27 70 26 68 66 48 4 75 21 90 27 39 35 56 56 29 83 25 15 58 64 1 69 
44 59 25 34 92 94 5 75 39 46 99 34 55 66 81 49 84 93 62 23 28 28 72 0 69 14 29 1 16 14 31 46 19 36 46 63 22 93 80 60 56 74 41 98 1 41 45 64 22 83 
26 61 96 75 71 31 12 37 10 31 14 48 36 74 26 7 45 66 36 96 15 36 96 69 0 32 63 15 53 3 57 14 31 80 90 18 58 82 45 68 59 55 20 48 4 58 73 11 53 10 
62 11 32 87 28 18 71 96 65 12 60 12 64 11 40 71 68 64 35 72 66 3 9 14 32 0 73 63 63 83 34 44 54 91 50 96 87 64 35 46 29 54 9 50 96 82 8 33 60 71 
55 43 11 54 60 55 51 22 89 79 1 70 74 96 9 72 12 62 32 22 62 82 20 29 63 73 0 40 38 85 73 49 66 95 89 94 99 14 87 7 56 13 22 78 98 34 74 2 81 57 
7 58 84 34 99 19 52 7 70 28 42 39 67 51 93 96 97 76 33 99 91 21 27 1 15 63 40 0 43 70 65 67 65 3 63 20 56 79 5 82 39 57 86 74 6 87 38 74 10 43 
50 87 6 91 24 88 22 82 15 97 48 77 54 91 81 20 23 49 50 28 12 75 70 16 53 63 38 43 0 42 87 17 22 56 44 47 95 25 46 91 99 30 68 67 82 14 6 64 49 69 
37 81 43 71 40 30 77 16 48 22 16 75 32 68 79 80 3 32 8 1 90 56 26 14 3 83 85 70 42 0 76 1 96 21 19 77 74 69 70 66 39 95 84 84 71 15 23 45 18 39 
0 12 40 52 57 79 55 99 36 73 58 73 5 92 99 99 3 68 56 41 36 81 68 31 57 34 73 65 87 76 0 88 86 55 51 9 56 63 42 92 7 3 95 66 80 40 36 87 2 16 
53 18 8 85 8 24 27 91 7 34 77 1 40 27 70 1 42 0 85 87 44 49 66 46 14 44 49 67 17 1 88 0 45 17 9 21 83 28 17 92 86 2 27 53 67 24 8 19 73 31 
84 25 66 69 98 71 35 24 23 73 58 54 56 53 69 44 56 96 67 53 82 18 48 19 31 54 66 65 22 96 86 45 0 0 90 35 55 17 91 81 11 32 89 22 50 89 56 39 77 80 
24 87 35 69 32 25 3 85 23 9 93 97 25 30 48 79 61 2 64 94 2 12 4 36 80 91 95 3 56 21 55 17 0 0 15 41 72 25 25 65 98 39 67 4 59 71 47 67 42 47 
27 80 8 36 51 19 34 74 36 55 60 16 46 72 55 82 99 59 61 62 25 42 75 46 90 50 89 63 44 19 51 9 90 15 0 73 56 86 38 23 89 49 6 18 76 71 31 54 65 21 
17 7 96 34 99 18 81 83 30 52 38 60 5 93 91 47 0 45 42 16 48 24 21 63 18 96 94 20 47 77 9 21 35 41 73 0 72 86 70 17 87 81 19 38 37 44 0 75 90 45 
1 87 97 50 76 15 96 63 80 64 79 75 98 70 57 65 13 88 47 31 6 32 90 22 58 87 99 56 95 74 56 83 55 72 56 72 0 94 35 65 10 65 34 39 29 29 38 82 95 63 
43 34 94 11 0 56 18 66 4 44 44 65 27 62 42 51 4 53 93 56 6 9 27 93 82 64 14 79 25 69 63 28 17 25 86 86 94 0 67 36 2 60 39 53 32 15 10 95 88 89 
51 25 66 75 42 20 96 9 22 49 27 4 3 67 71 69 0 94 92 57 67 30 39 80 45 35 87 5 46 70 42 17 91 25 38 70 35 67 0 14 41 72 76 75 87 9 19 73 41 73 
14 53 79 52 96 45 79 74 53 43 47 5 0 38 41 65 73 12 2 77 26 55 35 60 68 46 7 82 91 66 92 92 81 65 23 17 65 36 14 0 16 35 32 36 4 46 56 56 93 34 
61 27 48 48 84 97 7 19 28 25 65 78 80 16 9 73 94 32 54 61 77 30 56 56 59 29 56 39 99 39 7 86 11 98 89 87 10 2 41 16 0 43 12 98 92 10 76 77 52 64 
55 25 65 5 78 11 91 86 90 26 1 33 38 71 79 82 73 36 15 56 83 6 56 74 55 54 13 57 30 95 3 2 32 39 49 81 65 60 72 35 43 0 22 46 75 79 15 71 65 0 
41 75 79 91 43 39 59 78 35 74 70 34 44 44 10 30 14 57 35 30 64 50 29 41 20 9 22 86 68 84 95 27 89 67 6 19 34 39 76 32 12 22 0 95 79 18 49 86 23 65 
32 93 90 35 28 20 98 83 67 27 97 86 33 47 39 24 90 96 5 28 45 24 83 98 48 50 78 74 67 84 66 53 22 4 18 38 39 53 75 36 98 46 95 0 23 19 26 57 32 80 
68 98 19 32 17 41 58 12 15 64 2 59 65 36 79 57 22 47 0 46 48 89 25 1 4 96 98 6 82 71 80 67 50 59 76 37 29 32 87 4 92 75 79 23 0 61 60 70 25 46 
98 10 96 99 85 13 96 67 7 25 93 78 91 79 69 0 61 86 5 5 80 39 15 41 58 82 34 87 14 15 40 24 89 71 71 44 29 15 9 46 10 79 18 19 61 0 93 35 64 47 
58 34 63 77 44 78 15 31 3 76 10 94 60 74 34 66 65 79 67 77 73 18 58 45 73 8 74 38 6 23 36 8 56 47 31 0 38 10 19 56 76 15 49 26 60 93 0 99 44 36 
84 71 42 81 18 68 99 45 74 25 4 62 53 16 74 85 7 2 3 98 19 21 64 64 11 33 2 74 64 45 87 19 39 67 54 75 82 95 73 56 77 71 86 57 70 35 99 0 65 59 
59 18 30 9 56 26 10 28 20 6 30 74 17 51 49 76 76 73 22 98 33 58 1 22 53 60 81 10 49 18 2 73 77 42 65 90 95 88 41 93 52 65 23 32 25 64 44 65 0 31 
97 39 72 97 3 66 2 60 35 77 42 93 11 48 93 82 62 77 53 77 60 23 69 83 10 71 57 43 69 39 16 31 80 47 21 45 63 89 73 34 64 0 65 80 46 47 36 59 31 0 
RRRRBBRBBBRRBRBRBRBBRRRRRBBRBRBBBBBBBBRRBRBBRBRRRR