50
0 1 29 89 30 94 1 7 34 16 8 20 59 100 78 76 28 45 15 60 12 98 29 36 21 9 13 30 91 81 34 16 57 71 9 41 7 94 37 48 96 2 38 69 23 25 67 66 75 76 
1 0 1 46 51 85 65 99 49 77 56 5 43 79 72 72 90 90 39 80 42 86 41 62 78 75 47 58 87 26 22 72 68 34 82 68 74 92 71 55 100 85 95 26 26 23 33 1 57 81 
29 1 0 1 71 33 78 21 88 32 43 54 41 56 57 21 19 20 88 30 24 52 17 100 81 58 21 9 4 72 9 4 68 10 9 34 53 8 51 83 62 4 74 17 99 88 18 2 63 49 
89 46 1 0 1 16 21 39 8 2 43 85 69 55 18 12 43 9 42 72 11 66 76 31 4 79 91 93 33 32 10 55 56 58 10 44 52 7 9 50 9 15 26 78 38 97 6 42 82 94 
30 51 71 1 0 1 2 33 77 66 64 20 32 50 87 88 74 48 76 81 2 26 19 35 45 35 25 75 43 20 89 62 54 36 18 46 34 66 68 2 30 78 59 99 38 88 79 25 60 62 
94 85 33 16 1 0 1 56 73 21 55 21 33 46 82 34 78 87 32 39 15 0 70 67 70 76 87 47 18 8 22 100 98 88 8 69 72 71 50 76 36 36 97 10 96 35 77 83 14 70 
1 65 78 21 2 1 0 1 81 55 32 95 16 32 12 23 19 3 4 84 24 10 34 36 68 69 67 67 58 78 24 66 3 79 2 12 14 78 38 22 24 20 18 42 12 55 49 73 5 100 
7 99 21 39 33 56 1 0 1 45 8 40 70 51 71 85 21 78 66 1 11 86 13 34 46 59 30 13 44 58 20 3 53 40 73 99 7 53 26 30 50 94 35 10 11 2 8 100 99 97 
34 49 88 8 77 73 81 1 0 1 9 70 2 99 35 68 55 36 34 72 97 9 67 81 15 74 25 52 35 34 89 75 77 59 15 95 17 21 7 91 23 39 34 16 81 58 65 69 83 28 
16 77 32 2 66 21 55 45 1 0 1 20 91 96 21 20 61 95 39 16 20 40 41 56 60 37 57 78 34 72 82 20 77 79 93 29 30 28 74 16 65 39 71 53 86 15 25 69 2 63 
8 56 43 43 64 55 32 8 9 1 0 1 79 3 86 65 64 14 13 17 29 85 76 66 78 54 85 14 29 95 38 50 48 59 52 64 47 60 38 97 41 95 87 50 83 26 73 60 18 64 
20 5 54 85 20 21 95 40 70 20 1 0 1 8 4 100 62 42 0 12 10 29 41 51 82 48 14 68 34 43 95 29 10 64 5 25 86 77 24 83 17 93 54 66 28 36 64 49 83 28 
59 43 41 69 32 33 16 70 2 91 79 1 0 1 59 8 68 61 63 76 4 59 53 50 63 67 53 98 14 47 28 36 60 58 99 12 59 48 45 81 10 43 9 34 50 5 48 23 69 45 
100 79 56 55 50 46 32 51 99 96 3 8 1 0 1 32 54 34 22 85 54 14 78 97 21 1 30 20 8 97 4 7 60 39 21 96 40 49 0 99 0 57 51 53 18 4 36 0 27 34 
78 72 57 18 87 82 12 71 35 21 86 4 59 1 0 1 49 51 85 54 34 16 40 53 62 49 47 41 16 3 16 45 52 93 82 3 70 23 24 41 68 7 60 98 14 45 68 98 3 37 
76 72 21 12 88 34 23 85 68 20 65 100 8 32 1 0 1 20 58 15 100 76 63 58 88 4 58 28 85 89 42 94 17 0 6 17 55 22 96 15 49 44 89 13 85 54 74 99 45 94 
28 90 19 43 74 78 19 21 55 61 64 62 68 54 49 1 0 1 41 14 38 74 47 94 53 14 89 78 51 73 37 52 34 45 73 70 46 24 87 14 29 17 18 4 28 76 89 94 8 88 
45 90 20 9 48 87 3 78 36 95 14 42 61 34 51 20 1 0 1 25 52 80 42 71 73 76 33 22 72 58 52 52 6 86 77 41 54 70 83 52 64 4 1 93 25 84 36 66 86 20 
15 39 88 42 76 32 4 66 34 39 13 0 63 22 85 58 41 1 0 1 3 36 16 70 61 61 78 20 4 62 23 43 78 32 28 90 27 7 68 7 93 36 52 9 84 97 27 27 29 8 
60 80 30 72 81 39 84 1 72 16 17 12 76 85 54 15 14 25 1 0 1 96 27 43 2 80 41 63 78 23 68 24 76 24 70 19 25 23 70 58 49 35 16 93 23 20 19 79 100 64 
12 42 24 11 2 15 24 11 97 20 29 10 4 54 34 100 38 52 3 1 0 1 34 87 65 94 59 61 86 98 55 82 60 25 2 28 8 50 80 87 35 80 99 9 35 39 32 77 59 86 
98 86 52 66 26 0 10 86 9 40 85 29 59 14 16 76 74 80 36 96 1 0 1 95 71 74 34 1 72 63 95 13 2 30 90 63 91 39 26 63 80 30 82 10 56 90 44 75 5 81 
29 41 17 76 19 70 34 13 67 41 76 41 53 78 40 63 47 42 16 27 34 1 0 1 59 19 85 96 64 83 59 61 83 57 86 21 89 3 18 46 91 79 12 7 7 94 67 81 55 40 
36 62 100 31 35 67 36 34 81 56 66 51 50 97 53 58 94 71 70 43 87 95 1 0 1 98 82 95 59 43 54 76 53 41 20 5 10 53 95 39 24 38 83 83 85 86 29 26 89 89 
21 78 81 4 45 70 68 46 15 60 78 82 63 21 62 88 53 73 61 2 65 71 59 1 0 1 93 50 7 24 30 81 75 72 100 10 72 16 91 48 45 31 29 55 63 28 63 64 30 73 
9 75 58 79 35 76 69 59 74 37 54 48 67 1 49 4 14 76 61 80 94 74 19 98 1 0 1 87 41 25 91 46 75 45 22 8 3 1 14 14 67 17 5 35 22 97 36 4 7 43 
13 47 21 91 25 87 67 30 25 57 85 14 53 30 47 58 89 33 78 41 59 34 85 82 93 1 0 1 34 54 82 6 36 45 12 58 55 16 88 13 17 77 98 49 21 68 29 80 64 81 
30 58 9 93 75 47 67 13 52 78 14 68 98 20 41 28 78 22 20 63 61 1 96 95 50 87 1 0 1 5 58 62 49 51 21 40 53 94 8 23 53 77 10 34 13 82 28 86 11 38 
91 87 4 33 43 18 58 44 35 34 29 34 14 8 16 85 51 72 4 78 86 72 64 59 7 41 34 1 0 1 69 48 64 51 40 77 2 34 34 29 11 6 95 22 81 22 20 35 8 17 
81 26 72 32 20 8 78 58 34 72 95 43 47 97 3 89 73 58 62 23 98 63 83 43 24 25 54 5 1 0 1 71 22 26 93 22 58 76 100 59 62 42 10 42 50 88 31 18 22 63 
34 22 9 10 89 22 24 20 89 82 38 95 28 4 16 42 37 52 23 68 55 95 59 54 30 91 82 58 69 1 0 1 30 38 49 94 29 4 59 47 25 85 69 0 71 62 98 71 8 97 
16 72 4 55 62 100 66 3 75 20 50 29 36 7 45 94 52 52 43 24 82 13 61 76 81 46 6 62 48 71 1 0 1 95 78 71 5 6 70 38 81 31 92 73 43 67 33 93 44 23 
57 68 68 56 54 98 3 53 77 77 48 10 60 60 52 17 34 6 78 76 60 2 83 53 75 75 36 49 64 22 30 1 0 1 16 56 59 77 16 20 60 66 92 0 30 100 46 58 27 12 
71 34 10 58 36 88 79 40 59 79 59 64 58 39 93 0 45 86 32 24 25 30 57 41 72 45 45 51 51 26 38 95 1 0 1 22 78 27 4 5 18 68 45 50 37 97 8 20 74 26 
9 82 9 10 18 8 2 73 15 93 52 5 99 21 82 6 73 77 28 70 2 90 86 20 100 22 12 21 40 93 49 78 16 1 0 1 29 24 31 53 80 41 82 36 16 91 45 35 26 18 
41 68 34 44 46 69 12 99 95 29 64 25 12 96 3 17 70 41 90 19 28 63 21 5 10 8 58 40 77 22 94 71 56 22 1 0 1 77 59 35 80 54 56 2 63 58 42 72 69 67 
7 74 53 52 34 72 14 7 17 30 47 86 59 40 70 55 46 54 27 25 8 91 89 10 72 3 55 53 2 58 29 5 59 78 29 1 0 1 91 79 11 100 38 39 26 43 22 7 25 95 
94 92 8 7 66 71 78 53 21 28 60 77 48 49 23 22 24 70 7 23 50 39 3 53 16 1 16 94 34 76 4 6 77 27 24 77 1 0 1 54 91 49 0 80 0 79 56 75 49 63 
37 71 51 9 68 50 38 26 7 74 38 24 45 0 24 96 87 83 68 70 80 26 18 95 91 14 88 8 34 100 59 70 16 4 31 59 91 1 0 1 19 94 0 45 23 57 97 60 74 45 
48 55 83 50 2 76 22 30 91 16 97 83 81 99 41 15 14 52 7 58 87 63 46 39 48 14 13 23 29 59 47 38 20 5 53 35 79 54 1 0 1 79 91 66 3 65 41 48 48 69 
96 100 62 9 30 36 24 50 23 65 41 17 10 0 68 49 29 64 93 49 35 80 91 24 45 67 17 53 11 62 25 81 60 18 80 80 11 91 19 1 0 1 55 18 75 70 0 15 47 60 
2 85 4 15 78 36 20 94 39 39 95 93 43 57 7 44 17 4 36 35 80 30 79 38 31 17 77 77 6 42 85 31 66 68 41 54 100 49 94 79 1 0 1 73 31 98 16 40 69 11 
38 95 74 26 59 97 18 35 34 71 87 54 9 51 60 89 18 1 52 16 99 82 12 83 29 5 98 10 95 10 69 92 92 45 82 56 38 0 0 91 55 1 0 1 57 16 34 55 50 88 
69 26 17 78 99 10 42 10 16 53 50 66 34 53 98 13 4 93 9 93 9 10 7 83 55 35 49 34 22 42 0 73 0 50 36 2 39 80 45 66 18 73 1 0 1 9 43 35 34 1 
23 26 99 38 38 96 12 11 81 86 83 28 50 18 14 85 28 25 84 23 35 56 7 85 63 22 21 13 81 50 71 43 30 37 16 63 26 0 23 3 75 31 57 1 0 1 82 88 10 77 
25 23 88 97 88 35 55 2 58 15 26 36 5 4 45 54 76 84 97 20 39 90 94 86 28 97 68 82 22 88 62 67 100 97 91 58 43 79 57 65 70 98 16 9 1 0 1 39 63 24 
67 33 18 6 79 77 49 8 65 25 73 64 48 36 68 74 89 36 27 19 32 44 67 29 63 36 29 28 20 31 98 33 46 8 45 42 22 56 97 41 0 16 34 43 82 1 0 1 56 33 
66 1 2 42 25 83 73 100 69 69 60 49 23 0 98 99 94 66 27 79 77 75 81 26 64 4 80 86 35 18 71 93 58 20 35 72 7 75 60 48 15 40 55 35 88 39 1 0 1 94 
75 57 63 82 60 14 5 99 83 2 18 83 69 27 3 45 8 86 29 100 59 5 55 89 30 7 64 11 8 22 8 44 27 74 26 69 25 49 74 48 47 69 50 34 10 63 56 1 0 1 
76 81 49 94 62 70 100 97 28 63 64 28 45 34 37 94 88 20 8 64 86 81 40 89 73 43 81 38 17 63 97 23 12 26 18 67 95 63 45 69 60 11 88 1 77 24 33 94 1 0 
BBBBBBBBBBBBBBBBBBBBBBBBBRRRRRRRRRRRRRRRRRRRRRRRRR
