50
0 13 8 20 19 0 12 11 5 1 0 17 4 7 0 4 12 14 4 0 1 0 6 10 0 90 0 95 0 78 80 87 96 78 0 99 0 81 0 0 82 0 0 83 84 99 84 87 97 0
13 0 2 16 0 14 13 0 9 13 0 0 0 7 0 0 0 19 4 16 13 16 0 0 0 92 90 99 86 99 84 99 93 97 84 91 78 0 88 80 0 0 0 85 81 0 100 0 0 78
8 2 0 13 0 12 10 5 0 6 0 3 16 11 6 7 0 12 1 18 15 13 0 0 17 75 85 85 80 87 88 76 0 95 0 91 93 78 75 77 93 0 82 0 96 0 75 99 78 79
20 16 13 0 16 15 0 11 20 8 18 11 6 3 3 0 0 0 11 0 5 0 12 17 4 0 0 0 0 83 76 0 0 93 80 0 89 0 90 86 78 95 0 89 100 79 0 97 0 97
19 0 0 16 0 0 17 20 10 0 15 11 10 0 4 6 11 5 7 0 12 8 0 16 10 0 97 81 0 0 77 75 76 93 96 86 76 97 0 91 0 0 76 77 92 100 78 93 0 0
0 14 12 15 0 0 0 11 13 6 12 6 0 0 13 0 0 20 1 0 3 6 18 16 18 98 96 0 78 0 93 92 0 0 79 0 95 85 79 84 100 0 96 82 95 88 82 78 90 95
12 13 10 0 17 0 0 15 0 18 0 1 0 18 0 9 11 11 17 8 0 8 19 20 0 90 0 0 91 0 0 85 99 97 90 0 93 0 91 86 0 90 83 76 0 90 75 0 84 90
11 0 5 11 20 11 15 0 7 0 7 7 14 1 10 0 11 0 2 20 17 7 0 0 3 94 75 93 90 0 84 83 95 0 0 82 96 80 92 99 0 84 90 0 0 78 92 84 0 86
5 9 0 20 10 13 0 7 0 6 17 16 11 2 18 4 10 18 8 16 10 3 20 19 0 77 84 78 0 77 0 84 98 90 0 85 87 0 89 0 100 94 75 0 100 95 96 87 86 0
1 13 6 8 0 6 18 0 6 0 6 0 10 14 0 2 12 4 10 18 3 0 18 12 19 98 81 87 82 97 97 93 100 95 100 0 87 0 0 91 79 81 86 0 78 0 87 0 100 94
0 0 0 18 15 12 0 7 17 6 0 19 0 0 9 0 16 0 19 11 10 19 17 0 0 93 76 99 92 82 0 0 89 76 0 98 87 0 97 0 93 84 100 0 0 0 83 87 96 94
17 0 3 11 11 6 1 7 16 0 19 0 18 0 14 0 0 0 9 10 0 0 0 0 20 81 0 92 83 96 85 77 0 0 0 77 80 99 99 86 82 81 84 0 0 77 93 93 0 0
4 0 16 6 10 0 0 14 11 10 0 18 0 4 0 0 0 0 0 0 11 13 1 5 16 0 80 84 78 0 79 85 84 0 84 85 98 0 91 93 99 78 81 0 0 0 89 90 91 82
7 7 11 3 0 0 18 1 2 14 0 0 4 0 14 7 0 8 1 6 14 0 0 0 20 77 97 77 91 80 0 94 0 0 98 99 0 0 0 82 93 91 0 76 91 0 80 88 0 88
0 0 6 3 4 13 0 10 18 0 9 14 0 14 0 16 1 18 0 8 0 20 0 20 0 0 95 82 0 80 0 82 0 96 0 96 82 75 83 84 99 92 86 83 0 0 0 86 86 99
4 0 7 0 6 0 9 0 4 2 0 0 0 7 16 0 4 14 14 5 18 3 0 7 11 78 0 0 0 0 94 87 85 75 87 0 0 80 75 75 0 99 98 86 0 94 92 96 78 75
12 0 0 0 11 0 11 11 10 12 16 0 0 0 1 4 0 19 4 13 4 14 17 11 0 0 96 0 86 95 76 0 91 0 0 93 90 91 91 0 88 94 94 78 0 82 0 93 0 0
14 19 12 0 5 20 11 0 18 4 0 0 0 8 18 14 19 0 0 6 0 15 7 0 11 0 0 82 0 92 99 91 0 0 89 90 0 92 0 77 0 99 0 84 87 0 77 89 88 79
4 4 1 11 7 1 17 2 8 10 19 9 0 1 0 14 4 0 0 15 15 6 0 0 0 0 83 0 94 87 79 97 0 86 0 88 0 88 80 79 77 84 88 93 85 95 89 92 98 0
0 16 18 0 0 0 8 20 16 18 11 10 0 6 8 5 13 6 15 0 2 0 0 5 0 77 87 95 0 80 0 0 0 93 90 90 92 93 80 87 91 93 96 87 77 88 91 90 0 0
1 13 15 5 12 3 0 17 10 3 10 0 11 14 0 18 4 0 15 2 0 0 14 3 12 83 85 95 85 89 97 83 86 98 0 0 93 99 82 95 98 76 89 96 87 85 85 80 90 80
0 16 13 0 8 6 8 7 3 0 19 0 13 0 20 3 14 15 6 0 0 0 18 0 0 94 79 96 0 0 0 95 0 97 86 88 0 84 87 98 87 0 77 95 85 93 85 80 0 97
6 0 0 12 0 18 19 0 20 18 17 0 1 0 0 0 17 7 0 0 14 18 0 6 8 93 98 0 0 0 82 0 90 0 0 0 96 0 0 81 86 91 86 0 0 92 0 0 91 92
10 0 0 17 16 16 20 0 19 12 0 0 5 0 20 7 11 0 0 5 3 0 6 0 19 0 93 81 0 0 82 100 81 94 89 92 0 0 89 80 79 78 80 84 99 0 83 0 88 0
0 0 17 4 10 18 0 3 0 19 0 20 16 20 0 11 0 11 0 0 12 0 8 19 0 92 87 0 87 92 79 78 96 92 0 85 0 96 78 87 95 78 0 95 95 0 87 85 75 0
90 92 75 0 0 98 90 94 77 98 93 81 0 77 0 78 0 0 0 77 83 94 93 0 92 0 5 0 2 13 0 18 6 17 0 0 0 17 16 10 13 0 7 0 15 13 1 15 0 0
0 90 85 0 97 96 0 75 84 81 76 0 80 97 95 0 96 0 83 87 85 79 98 93 87 5 0 0 0 17 2 18 14 20 5 0 0 0 1 16 15 12 13 20 2 9 3 0 5 10
95 99 85 0 81 0 0 93 78 87 99 92 84 77 82 0 0 82 0 95 95 96 0 81 0 0 0 0 0 11 15 20 17 13 0 7 18 7 0 0 19 11 5 2 14 0 9 16 0 13
0 86 80 0 0 78 91 90 0 82 92 83 78 91 0 0 86 0 94 0 85 0 0 0 87 2 0 0 0 0 5 0 0 13 6 0 0 0 17 14 20 0 20 17 14 19 16 12 2 3
78 99 87 83 0 0 0 0 77 97 82 96 0 80 80 0 95 92 87 80 89 0 0 0 92 13 17 11 0 0 7 0 0 9 1 8 1 0 18 18 2 0 0 15 8 12 1 0 10 0
80 84 88 76 77 93 0 84 0 97 0 85 79 0 0 94 76 99 79 0 97 0 82 82 79 0 2 15 5 7 0 2 20 7 10 7 0 14 7 0 0 20 0 7 19 6 4 0 4 14
87 99 76 0 75 92 85 83 84 93 0 77 85 94 82 87 0 91 97 0 83 95 0 100 78 18 18 20 0 0 2 0 0 0 0 0 0 8 0 10 7 0 14 2 2 0 0 0 0 0
96 93 0 0 76 0 99 95 98 100 89 0 84 0 0 85 91 0 0 0 86 0 90 81 96 6 14 17 0 0 20 0 0 10 4 14 2 3 0 10 14 0 0 3 14 12 17 7 7 1
78 97 95 93 93 0 97 0 90 95 76 0 0 0 96 75 0 0 86 93 98 97 0 94 92 17 20 13 13 9 7 0 10 0 8 8 7 19 0 12 4 13 20 0 12 5 16 10 20 5
0 84 0 80 96 79 90 0 0 100 0 0 84 98 0 87 0 89 0 90 0 86 0 89 0 0 5 0 6 1 10 0 4 8 0 0 5 14 0 0 19 0 19 9 6 11 4 0 0 0
99 91 91 0 86 0 0 82 85 0 98 77 85 99 96 0 93 90 88 90 0 88 0 92 85 0 0 7 0 8 7 0 14 8 0 0 0 0 0 18 1 0 5 0 9 4 7 0 6 13
0 78 93 89 76 95 93 96 87 87 87 80 98 0 82 0 90 0 0 92 93 0 96 0 0 0 0 18 0 1 0 0 2 7 5 0 0 6 0 20 0 10 0 17 20 5 14 18 0 17
81 0 78 0 97 85 0 80 0 0 0 99 0 0 75 80 91 92 88 93 99 84 0 0 96 17 0 7 0 0 14 8 3 19 14 0 6 0 0 0 0 0 0 0 0 3 1 0 10 0
0 88 75 90 0 79 91 92 89 0 97 99 91 0 83 75 91 0 80 80 82 87 0 89 78 16 1 0 17 18 7 0 0 0 0 0 0 0 0 2 8 7 16 8 6 9 16 2 0 0
0 80 77 86 91 84 86 99 0 91 0 86 93 82 84 75 0 77 79 87 95 98 81 80 87 10 16 0 14 18 0 10 10 12 0 18 20 0 2 0 0 14 0 13 0 18 2 0 19 0
82 0 93 78 0 100 0 0 100 79 93 82 99 93 99 0 88 0 77 91 98 87 86 79 95 13 15 19 20 2 0 7 14 4 19 1 0 0 8 0 0 19 0 0 16 0 11 10 0 0
0 0 0 95 0 0 90 84 94 81 84 81 78 91 92 99 94 99 84 93 76 0 91 78 78 0 12 11 0 0 20 0 0 13 0 0 10 0 7 14 19 0 0 8 14 0 3 16 0 5
0 0 82 0 76 96 83 90 75 86 100 84 81 0 86 98 94 0 88 96 89 77 86 80 0 7 13 5 20 0 0 14 0 20 19 5 0 0 16 0 0 0 0 0 0 6 11 12 3 20
83 85 0 89 77 82 76 0 0 0 0 0 0 76 83 86 78 84 93 87 96 95 0 84 95 0 20 2 17 15 7 2 3 0 9 0 17 0 8 13 0 8 0 0 10 7 0 19 0 5
84 81 96 100 92 95 0 0 100 78 0 0 0 91 0 0 0 87 85 77 87 85 0 99 95 15 2 14 14 8 19 2 14 12 6 9 20 0 6 0 16 14 0 10 0 0 0 0 2 18
99 0 0 79 100 88 90 78 95 0 0 77 0 0 0 94 82 0 95 88 85 93 92 0 0 13 9 0 19 12 6 0 12 5 11 4 5 3 9 18 0 0 6 7 0 0 0 6 4 5
84 100 75 0 78 82 75 92 96 87 83 93 89 80 0 92 0 77 89 91 85 85 0 83 87 1 3 9 16 1 4 0 17 16 4 7 14 1 16 2 11 3 11 0 0 0 0 0 0 4
87 0 99 97 93 78 0 84 87 0 87 93 90 88 86 96 93 89 92 90 80 80 0 0 85 15 0 16 12 0 0 0 7 10 0 0 18 0 2 0 10 16 12 19 0 6 0 0 10 0
97 0 78 0 0 90 84 0 86 100 96 0 91 0 86 78 0 88 98 0 90 0 91 88 75 0 5 0 2 10 4 0 7 20 0 6 0 10 0 19 0 0 3 0 2 4 0 10 0 0
0 78 79 97 0 95 90 86 0 94 94 0 82 88 99 75 0 79 0 0 80 97 92 0 0 0 10 13 3 0 14 0 1 5 0 13 17 0 0 0 0 5 20 5 18 5 4 0 0 0
RRRRRRRRRRRRRRRRRRRRRRRRRBBBBBBBBBBBBBBBBBBBBBBBBB