50
0 89 42 96 53 74 91 30 3 38 92 61 96 87 78 87 96 81 7 37 78 30 25 55 24 61 6 72 80 77 20 69 66 0 90 68 79 36 82 63 90 33 33 55 10 52 58 92 31 26
89 0 99 2 46 100 64 3 6 13 56 13 47 33 69 50 73 42 46 8 58 10 6 19 77 4 2 18 83 14 28 58 60 83 38 32 56 67 28 34 32 43 20 52 98 81 98 97 42 31
42 99 0 43 9 96 26 4 39 88 76 71 58 3 18 88 30 92 92 86 25 76 19 38 56 63 16 49 24 41 14 96 47 15 95 9 49 63 22 10 98 95 35 11 91 17 100 56 87 53
96 2 43 0 11 56 68 71 66 71 65 27 24 5 3 68 61 26 64 71 67 96 76 45 24 21 82 46 86 29 13 3 77 82 16 94 65 23 54 33 25 12 49 53 87 95 80 9 52 6
53 46 9 11 0 77 45 37 96 54 22 15 12 83 5 47 82 71 79 59 75 36 72 33 11 97 97 70 73 90 62 73 82 21 31 6 59 39 78 50 50 77 43 37 91 46 23 18 66 14
74 100 96 56 77 0 35 61 95 64 8 12 71 45 59 9 10 37 5 24 33 94 56 91 63 10 3 90 92 81 10 62 78 37 69 60 21 48 18 98 76 33 61 84 34 1 92 16 37 15
91 64 26 68 45 35 0 31 83 7 23 77 34 14 39 31 56 31 24 61 98 93 0 38 100 17 63 47 99 70 13 12 8 17 69 93 73 43 65 53 88 38 49 95 73 18 41 36 74 39
30 3 4 71 37 61 31 0 41 21 80 91 83 65 31 54 16 51 13 35 94 58 42 13 55 7 45 26 30 36 15 38 55 37 4 75 66 53 26 96 44 92 12 88 20 32 28 13 31 4
3 6 39 66 96 95 83 41 0 81 90 2 43 74 3 5 58 35 42 75 96 32 88 55 91 56 58 44 67 97 61 60 94 87 55 55 42 3 91 84 81 62 52 98 53 31 34 34 97 12
38 13 88 71 54 64 7 21 81 0 95 95 71 85 87 41 58 95 38 8 74 83 83 41 73 92 2 26 49 5 49 15 71 96 81 99 36 55 27 93 22 71 42 35 43 8 37 82 42 1
92 56 76 65 22 8 23 80 90 95 0 96 43 90 91 31 99 85 31 45 95 23 93 52 25 14 56 46 52 94 61 26 55 65 15 78 27 44 65 93 13 53 18 23 2 89 21 80 25 59
61 13 71 27 15 12 77 91 2 95 96 0 78 5 32 2 71 70 69 37 66 88 33 42 91 83 59 64 39 5 71 66 25 79 1 37 59 16 79 15 2 16 19 0 60 41 93 86 65 82
96 47 58 24 12 71 34 83 43 71 43 78 0 46 58 52 53 4 79 27 58 68 52 98 28 95 55 49 88 72 78 86 77 45 83 40 27 33 99 43 38 75 90 84 35 2 38 35 20 44
87 33 3 5 83 45 14 65 74 85 90 5 46 0 5 16 94 14 8 86 54 88 81 1 38 68 51 82 99 74 98 51 90 79 5 45 22 26 75 15 88 19 15 69 18 20 78 15 82 68
78 69 18 3 5 59 39 31 3 87 91 32 58 5 0 16 57 26 13 55 58 9 68 80 64 99 61 84 28 46 31 62 72 92 45 64 11 79 5 42 88 82 97 54 71 70 80 71 94 25
87 50 88 68 47 9 31 54 5 41 31 2 52 16 16 0 46 19 23 68 96 56 46 13 25 55 62 83 73 66 96 0 13 24 44 47 38 71 62 51 31 96 14 62 2 31 14 84 68 54
96 73 30 61 82 10 56 16 58 58 99 71 53 94 57 46 0 28 80 90 14 88 79 10 29 24 18 69 69 92 22 72 28 43 15 61 66 73 2 0 32 2 49 59 63 1 65 30 21 19
81 42 92 26 71 37 31 51 35 95 85 70 4 14 26 19 28 0 74 65 91 55 58 88 41 31 87 49 29 50 54 65 83 51 71 33 96 85 38 59 22 19 62 85 30 73 64 62 62 79
7 46 92 64 79 5 24 13 42 38 31 69 79 8 13 23 80 74 0 50 21 81 58 6 19 2 87 80 7 91 44 98 32 58 51 34 31 19 92 69 98 8 58 24 57 79 44 18 45 90
37 8 86 71 59 24 61 35 75 8 45 37 27 86 55 68 90 65 50 0 66 26 1 40 24 92 59 54 60 62 14 66 71 5 18 90 72 4 59 97 24 51 100 22 23 77 25 74 44 82
78 58 25 67 75 33 98 94 96 74 95 66 58 54 58 96 14 91 21 66 0 87 5 50 39 72 42 90 75 7 73 85 83 60 58 87 45 90 56 34 86 83 24 47 10 51 44 91 46 73
30 10 76 96 36 94 93 58 32 83 23 88 68 88 9 56 88 55 81 26 87 0 12 26 27 69 70 67 81 65 43 15 44 3 71 33 18 21 32 86 46 67 35 11 79 53 53 8 89 4
25 6 19 76 72 56 0 42 88 83 93 33 52 81 68 46 79 58 58 1 5 12 0 36 75 58 75 92 46 43 27 60 20 1 8 70 19 34 34 46 83 68 87 0 19 20 28 4 80 78
55 19 38 45 33 91 38 13 55 41 52 42 98 1 80 13 10 88 6 40 50 26 36 0 23 99 4 48 88 22 43 30 48 18 26 96 20 9 10 53 30 57 57 21 93 35 99 0 60 47
24 77 56 24 11 63 100 55 91 73 25 91 28 38 64 25 29 41 19 24 39 27 75 23 0 81 8 38 41 17 4 77 31 91 77 28 37 86 26 68 77 75 94 44 96 96 31 53 95 65
61 4 63 21 97 10 17 7 56 92 14 83 95 68 99 55 24 31 2 92 72 69 58 99 81 0 99 72 57 22 21 75 58 4 6 34 23 38 94 58 23 72 93 29 2 24 20 50 15 31
6 2 16 82 97 3 63 45 58 2 56 59 55 51 61 62 18 87 87 59 42 70 75 4 8 99 0 45 72 100 60 20 3 75 1 21 47 51 98 68 92 38 24 9 46 68 73 14 41 33
72 18 49 46 70 90 47 26 44 26 46 64 49 82 84 83 69 49 80 54 90 67 92 48 38 72 45 0 15 35 52 3 50 66 46 81 31 19 59 75 83 23 4 94 50 45 27 100 94 11
80 83 24 86 73 92 99 30 67 49 52 39 88 99 28 73 69 29 7 60 75 81 46 88 41 57 72 15 0 69 72 8 92 100 43 67 56 56 55 61 41 15 57 18 72 44 84 13 52 22
77 14 41 29 90 81 70 36 97 5 94 5 72 74 46 66 92 50 91 62 7 65 43 22 17 22 100 35 69 0 62 93 23 57 22 78 22 50 28 93 52 45 9 20 24 89 33 2 91 14
20 28 14 13 62 10 13 15 61 49 61 71 78 98 31 96 22 54 44 14 73 43 27 43 4 21 60 52 72 62 0 96 76 90 58 39 63 70 93 26 16 51 7 65 37 40 97 79 16 17
69 58 96 3 73 62 12 38 60 15 26 66 86 51 62 0 72 65 98 66 85 15 60 30 77 75 20 3 8 93 96 0 21 2 30 38 26 60 93 4 80 84 51 26 48 9 52 30 28 97
66 60 47 77 82 78 8 55 94 71 55 25 77 90 72 13 28 83 32 71 83 44 20 48 31 58 3 50 92 23 76 21 0 21 42 45 78 0 11 11 6 57 52 42 62 58 6 38 98 98
0 83 15 82 21 37 17 37 87 96 65 79 45 79 92 24 43 51 58 5 60 3 1 18 91 4 75 66 100 57 90 2 21 0 65 51 5 61 34 64 71 31 58 85 18 50 90 89 76 81
90 38 95 16 31 69 69 4 55 81 15 1 83 5 45 44 15 71 51 18 58 71 8 26 77 6 1 46 43 22 58 30 42 65 0 87 72 30 90 65 10 47 18 40 94 67 81 95 2 65
68 32 9 94 6 60 93 75 55 99 78 37 40 45 64 47 61 33 34 90 87 33 70 96 28 34 21 81 67 78 39 38 45 51 87 0 21 21 80 69 65 9 44 35 70 8 26 97 85 79
79 56 49 65 59 21 73 66 42 36 27 59 27 22 11 38 66 96 31 72 45 18 19 20 37 23 47 31 56 22 63 26 78 5 72 21 0 12 49 52 69 22 24 54 69 47 96 2 78 55
36 67 63 23 39 48 43 53 3 55 44 16 33 26 79 71 73 85 19 4 90 21 34 9 86 38 51 19 56 50 70 60 0 61 30 21 12 0 93 13 66 30 60 92 42 20 94 94 99 62
82 28 22 54 78 18 65 26 91 27 65 79 99 75 5 62 2 38 92 59 56 32 34 10 26 94 98 59 55 28 93 93 11 34 90 80 49 93 0 28 83 12 18 28 71 1 14 49 29 20
63 34 10 33 50 98 53 96 84 93 93 15 43 15 42 51 0 59 69 97 34 86 46 53 68 58 68 75 61 93 26 4 11 64 65 69 52 13 28 0 25 70 24 13 12 99 99 24 43 32
90 32 98 25 50 76 88 44 81 22 13 2 38 88 88 31 32 22 98 24 86 46 83 30 77 23 92 83 41 52 16 80 6 71 10 65 69 66 83 25 0 77 98 48 67 87 68 72 16 71
33 43 95 12 77 33 38 92 62 71 53 16 75 19 82 96 2 19 8 51 83 67 68 57 75 72 38 23 15 45 51 84 57 31 47 9 22 30 12 70 77 0 85 45 81 41 43 79 21 43
33 20 35 49 43 61 49 12 52 42 18 19 90 15 97 14 49 62 58 100 24 35 87 57 94 93 24 4 57 9 7 51 52 58 18 44 24 60 18 24 98 85 0 27 95 36 47 41 18 34
55 52 11 53 37 84 95 88 98 35 23 0 84 69 54 62 59 85 24 22 47 11 0 21 44 29 9 94 18 20 65 26 42 85 40 35 54 92 28 13 48 45 27 0 60 1 44 94 98 14
10 98 91 87 91 34 73 20 53 43 2 60 35 18 71 2 63 30 57 23 10 79 19 93 96 2 46 50 72 24 37 48 62 18 94 70 69 42 71 12 67 81 95 60 0 44 63 40 53 51
52 81 17 95 46 1 18 32 31 8 89 41 2 20 70 31 1 73 79 77 51 53 20 35 96 24 68 45 44 89 40 9 58 50 67 8 47 20 1 99 87 41 36 1 44 0 96 38 75 81
58 98 100 80 23 92 41 28 34 37 21 93 38 78 80 14 65 64 44 25 44 53 28 99 31 20 73 27 84 33 97 52 6 90 81 26 96 94 14 99 68 43 47 44 63 96 0 48 18 56
92 97 56 9 18 16 36 13 34 82 80 86 35 15 71 84 30 62 18 74 91 8 4 0 53 50 14 100 13 2 79 30 38 89 95 97 2 94 49 24 72 79 41 94 40 38 48 0 22 26
31 42 87 52 66 37 74 31 97 42 25 65 20 82 94 68 21 62 45 44 46 89 80 60 95 15 41 94 52 91 16 28 98 76 2 85 78 99 29 43 16 21 18 98 53 75 18 22 0 42
26 31 53 6 14 15 39 4 12 1 59 82 44 68 25 54 19 79 90 82 73 4 78 47 65 31 33 11 22 14 17 97 98 81 65 79 55 62 20 32 71 43 34 14 51 81 56 26 42 0
BBBBBBBRBRRBRRBRRRRBRBRBBRBRRBRRRRRBBRBRRRBBBRBBBR