50
0 31 31 99 10 26 23 1 5 97 49 26 74 23 20 92 92 75 45 20 37 78 12 62 43 74 31 63 32 31 76 52 74 11 28 19 26 84 38 99 97 14 64 11 27 35 92 21 53 69 
31 0 83 17 47 62 75 59 64 80 12 9 3 97 70 17 98 78 52 3 87 58 40 72 87 75 6 49 20 55 67 64 23 64 13 1 22 84 26 89 22 93 56 49 55 99 36 58 68 19 
31 83 0 79 10 63 81 22 80 26 31 21 94 85 74 66 11 78 93 47 33 54 57 12 50 62 9 15 41 55 35 42 77 2 55 72 78 80 20 69 17 75 82 33 74 8 26 74 39 34 
99 17 79 0 41 8 49 66 77 41 73 26 45 36 8 4 63 68 30 47 97 55 40 39 33 58 90 95 22 40 37 19 21 79 56 78 3 2 91 70 18 90 94 94 22 15 15 78 75 26 
10 47 10 41 0 33 21 87 41 96 32 41 1 59 100 81 63 46 14 35 21 40 29 44 36 74 32 1 38 22 93 53 98 62 30 65 45 19 51 43 85 4 42 28 12 27 49 79 8 49 
26 62 63 8 33 0 74 12 43 100 51 70 37 7 83 54 7 65 8 23 92 2 69 41 32 14 43 32 11 43 10 84 49 66 96 88 25 68 64 66 53 89 43 54 28 10 12 29 29 91 
23 75 81 49 21 74 0 50 60 16 68 0 59 22 87 68 1 21 80 32 36 60 17 99 88 18 24 36 82 85 4 67 31 9 41 92 86 35 22 4 74 29 51 98 87 68 84 71 18 62 
1 59 22 66 87 12 50 0 40 67 9 52 8 20 52 6 61 0 85 93 27 14 36 77 54 72 25 25 53 44 57 75 48 36 1 75 6 64 26 43 23 27 58 50 70 77 94 87 92 53 
5 64 80 77 41 43 60 40 0 4 91 87 10 21 3 81 82 55 92 87 48 24 51 24 53 47 19 87 48 10 40 47 28 74 26 43 74 44 14 84 76 3 12 18 43 39 25 62 7 47 
97 80 26 41 96 100 16 67 4 0 81 24 73 82 82 4 39 73 4 2 10 28 38 67 36 96 15 88 25 12 85 51 22 93 53 71 35 75 88 3 51 39 80 87 40 96 11 67 17 17 
49 12 31 73 32 51 68 9 91 81 0 84 47 64 27 74 23 44 0 60 96 70 34 55 31 82 50 60 25 93 84 70 13 21 46 51 66 39 27 69 72 94 41 17 68 23 29 32 70 35 
26 9 21 26 41 70 0 52 87 24 84 0 8 68 64 14 84 98 98 19 84 28 53 92 89 70 93 79 3 48 23 82 84 60 18 34 44 50 64 41 87 64 42 47 49 87 41 24 30 98 
74 3 94 45 1 37 59 8 10 73 47 8 0 5 40 14 81 21 11 33 5 80 67 5 43 49 35 17 77 37 12 50 35 22 86 39 79 33 65 83 83 30 84 82 1 44 35 79 78 29 
23 97 85 36 59 7 22 20 21 82 64 68 5 0 90 89 27 47 41 65 39 84 36 21 86 59 66 21 16 54 87 64 58 50 45 53 51 70 27 52 87 69 13 67 11 23 21 29 55 0 
20 70 74 8 100 83 87 52 3 82 27 64 40 90 0 98 36 69 64 76 81 61 89 12 90 16 81 82 32 89 42 81 60 99 96 72 38 46 27 53 4 21 97 6 26 22 42 20 44 57 
92 17 66 4 81 54 68 6 81 4 74 14 14 89 98 0 14 50 58 21 96 59 16 23 6 57 59 85 82 80 66 28 88 11 55 64 13 30 87 54 9 87 35 30 73 96 4 86 39 50 
92 98 11 63 63 7 1 61 82 39 23 84 81 27 36 14 0 13 11 50 26 27 7 76 83 39 41 69 21 58 9 62 100 73 75 97 66 23 22 52 71 24 56 87 24 85 12 55 78 57 
75 78 78 68 46 65 21 0 55 73 44 98 21 47 69 50 13 0 63 1 15 41 87 52 9 63 54 47 35 95 74 39 72 65 50 96 15 7 34 17 59 12 28 61 0 10 74 24 30 79 
45 52 93 30 14 8 80 85 92 4 0 98 11 41 64 58 11 63 0 79 98 4 80 44 92 86 10 51 97 37 78 34 94 59 80 44 7 90 34 56 84 52 59 46 67 56 48 32 37 88 
20 3 47 47 35 23 32 93 87 2 60 19 33 65 76 21 50 1 79 0 92 26 61 82 63 35 3 46 57 63 74 90 78 90 38 82 23 79 43 34 71 57 99 42 87 52 2 14 41 56 
37 87 33 97 21 92 36 27 48 10 96 84 5 39 81 96 26 15 98 92 0 13 55 40 68 86 27 75 7 10 72 33 58 51 10 91 57 66 96 2 33 38 12 81 43 51 73 80 62 38 
78 58 54 55 40 2 60 14 24 28 70 28 80 84 61 59 27 41 4 26 13 0 34 32 90 70 66 86 50 46 3 18 64 0 0 83 43 38 73 26 32 41 11 40 45 87 69 52 54 57 
12 40 57 40 29 69 17 36 51 38 34 53 67 36 89 16 7 87 80 61 55 34 0 18 37 16 12 44 100 38 63 100 10 50 80 45 85 79 95 7 68 44 34 65 9 89 2 5 0 72 
62 72 12 39 44 41 99 77 24 67 55 92 5 21 12 23 76 52 44 82 40 32 18 0 17 77 73 89 51 93 29 34 38 80 93 42 41 17 62 44 25 72 56 86 44 46 7 22 52 47 
43 87 50 33 36 32 88 54 53 36 31 89 43 86 90 6 83 9 92 63 68 90 37 17 0 60 60 71 33 60 84 24 68 81 11 5 64 26 48 80 54 4 5 3 17 49 72 74 54 10 
74 75 62 58 74 14 18 72 47 96 82 70 49 59 16 57 39 63 86 35 86 70 16 77 60 0 69 92 74 7 52 25 32 70 100 46 65 30 100 23 60 89 69 1 93 64 98 3 46 10 
31 6 9 90 32 43 24 25 19 15 50 93 35 66 81 59 41 54 10 3 27 66 12 73 60 69 0 84 7 2 12 22 31 66 92 82 72 7 10 11 7 52 52 21 63 9 9 29 51 95 
63 49 15 95 1 32 36 25 87 88 60 79 17 21 82 85 69 47 51 46 75 86 44 89 71 92 84 0 35 91 86 94 61 90 40 84 100 10 88 72 20 43 31 29 93 2 87 39 83 56 
32 20 41 22 38 11 82 53 48 25 25 3 77 16 32 82 21 35 97 57 7 50 100 51 33 74 7 35 0 53 68 49 70 41 70 60 26 41 66 40 100 50 81 12 53 46 23 2 26 42 
31 55 55 40 22 43 85 44 10 12 93 48 37 54 89 80 58 95 37 63 10 46 38 93 60 7 2 91 53 0 8 53 58 76 97 54 92 42 35 52 58 79 25 28 37 25 5 79 5 36 
76 67 35 37 93 10 4 57 40 85 84 23 12 87 42 66 9 74 78 74 72 3 63 29 84 52 12 86 68 8 0 49 66 50 0 24 35 35 94 9 15 41 18 41 67 23 4 29 31 66 
52 64 42 19 53 84 67 75 47 51 70 82 50 64 81 28 62 39 34 90 33 18 100 34 24 25 22 94 49 53 49 0 81 40 19 48 34 84 65 88 13 26 31 29 61 14 96 75 62 30 
74 23 77 21 98 49 31 48 28 22 13 84 35 58 60 88 100 72 94 78 58 64 10 38 68 32 31 61 70 58 66 81 0 47 55 40 14 14 2 67 28 84 19 12 100 28 3 7 99 79 
11 64 2 79 62 66 9 36 74 93 21 60 22 50 99 11 73 65 59 90 51 0 50 80 81 70 66 90 41 76 50 40 47 0 90 97 72 1 1 81 49 60 25 31 67 52 31 18 99 85 
28 13 55 56 30 96 41 1 26 53 46 18 86 45 96 55 75 50 80 38 10 0 80 93 11 100 92 40 70 97 0 19 55 90 0 45 24 32 59 15 7 57 52 84 39 81 83 71 92 77 
19 1 72 78 65 88 92 75 43 71 51 34 39 53 72 64 97 96 44 82 91 83 45 42 5 46 82 84 60 54 24 48 40 97 45 0 43 96 94 48 19 74 51 45 90 8 86 70 65 55 
26 22 78 3 45 25 86 6 74 35 66 44 79 51 38 13 66 15 7 23 57 43 85 41 64 65 72 100 26 92 35 34 14 72 24 43 0 4 9 64 76 62 6 45 96 29 4 71 87 68 
84 84 80 2 19 68 35 64 44 75 39 50 33 70 46 30 23 7 90 79 66 38 79 17 26 30 7 10 41 42 35 84 14 1 32 96 4 0 98 40 67 28 81 60 80 38 95 41 78 32 
38 26 20 91 51 64 22 26 14 88 27 64 65 27 27 87 22 34 34 43 96 73 95 62 48 100 10 88 66 35 94 65 2 1 59 94 9 98 0 76 62 67 60 80 78 16 21 80 82 17 
99 89 69 70 43 66 4 43 84 3 69 41 83 52 53 54 52 17 56 34 2 26 7 44 80 23 11 72 40 52 9 88 67 81 15 48 64 40 76 0 15 67 2 44 19 12 62 40 85 29 
97 22 17 18 85 53 74 23 76 51 72 87 83 87 4 9 71 59 84 71 33 32 68 25 54 60 7 20 100 58 15 13 28 49 7 19 76 67 62 15 0 0 63 33 34 25 60 71 3 60 
14 93 75 90 4 89 29 27 3 39 94 64 30 69 21 87 24 12 52 57 38 41 44 72 4 89 52 43 50 79 41 26 84 60 57 74 62 28 67 67 0 0 24 53 73 89 56 85 76 37 
64 56 82 94 42 43 51 58 12 80 41 42 84 13 97 35 56 28 59 99 12 11 34 56 5 69 52 31 81 25 18 31 19 25 52 51 6 81 60 2 63 24 0 28 76 35 65 25 41 70 
11 49 33 94 28 54 98 50 18 87 17 47 82 67 6 30 87 61 46 42 81 40 65 86 3 1 21 29 12 28 41 29 12 31 84 45 45 60 80 44 33 53 28 0 0 89 71 63 36 55 
27 55 74 22 12 28 87 70 43 40 68 49 1 11 26 73 24 0 67 87 43 45 9 44 17 93 63 93 53 37 67 61 100 67 39 90 96 80 78 19 34 73 76 0 0 91 26 83 98 1 
35 99 8 15 27 10 68 77 39 96 23 87 44 23 22 96 85 10 56 52 51 87 89 46 49 64 9 2 46 25 23 14 28 52 81 8 29 38 16 12 25 89 35 89 91 0 80 5 59 63 
92 36 26 15 49 12 84 94 25 11 29 41 35 21 42 4 12 74 48 2 73 69 2 7 72 98 9 87 23 5 4 96 3 31 83 86 4 95 21 62 60 56 65 71 26 80 0 50 70 42 
21 58 74 78 79 29 71 87 62 67 32 24 79 29 20 86 55 24 32 14 80 52 5 22 74 3 29 39 2 79 29 75 7 18 71 70 71 41 80 40 71 85 25 63 83 5 50 0 33 44 
53 68 39 75 8 29 18 92 7 17 70 30 78 55 44 39 78 30 37 41 62 54 0 52 54 46 51 83 26 5 31 62 99 99 92 65 87 78 82 85 3 76 41 36 98 59 70 33 0 30 
69 19 34 26 49 91 62 53 47 17 35 98 29 0 57 50 57 79 88 56 38 57 72 47 10 10 95 56 42 36 66 30 79 85 77 55 68 32 17 29 60 37 70 55 1 63 42 44 30 0 
BBRRBBRBRRBRRBRRBBRBRRBBBRBRRRBBRBRRBBBRRRBBBBRRBR
