50
0 100 85 27 90 91 91 78 94 98 91 90 83 84 84 75 74 78 74 93 79 83 86 100 85 94 86 92 87 96 91 84 97 32 99 80 82 95 98 93 89 99 91 12 84 81 85 97 82 78 
100 0 82 79 94 84 75 100 95 86 83 93 100 96 78 85 76 90 80 84 78 78 97 79 76 89 84 87 95 92 90 89 90 82 86 80 85 10 32 88 79 27 76 99 88 86 95 91 93 100 
85 82 0 78 78 98 74 100 99 96 86 87 99 91 76 80 79 98 31 96 77 83 93 88 81 93 80 97 94 90 98 79 79 97 90 78 12 92 78 79 74 90 83 90 76 27 97 99 94 77 
27 79 78 0 96 76 75 90 96 99 82 76 96 79 85 84 90 100 76 76 97 75 77 99 82 83 78 100 93 79 86 98 95 98 81 93 87 80 91 83 85 83 94 22 95 92 84 91 87 100 
90 94 78 96 0 93 87 82 76 89 90 82 88 77 84 74 77 99 99 93 100 87 78 93 93 95 94 98 85 23 87 100 29 93 74 74 77 89 100 74 84 86 74 84 78 84 81 81 86 91 
91 84 98 76 93 0 95 84 99 96 95 76 91 74 77 98 94 21 100 80 92 96 86 86 95 83 81 28 79 76 86 100 84 79 86 75 92 74 91 79 74 82 87 80 92 90 86 83 97 96 
91 75 74 75 87 95 0 90 97 97 79 81 94 84 83 100 25 97 100 87 99 91 84 93 91 83 88 91 88 74 76 23 97 76 78 95 93 77 98 89 92 98 97 95 80 74 93 92 98 84 
78 100 100 90 82 84 90 0 79 77 96 78 99 75 95 95 82 97 84 76 94 93 75 88 98 100 76 100 95 84 24 85 80 77 91 98 84 74 76 20 93 91 89 84 88 98 95 80 87 79 
94 95 99 96 76 99 97 79 0 87 100 95 79 100 96 98 92 90 13 87 76 88 88 85 79 95 92 96 83 86 79 84 93 98 83 88 83 78 99 88 78 84 98 77 25 90 74 87 94 74 
98 86 96 99 89 96 97 77 87 0 91 92 34 85 85 89 86 94 96 99 96 81 95 12 82 74 98 88 95 81 76 82 77 83 91 88 93 86 77 86 99 80 75 75 98 89 20 78 100 82 
91 83 86 82 90 95 79 96 100 91 0 81 88 80 95 92 81 82 77 27 89 90 74 100 83 94 77 98 81 75 98 81 79 23 74 88 100 99 89 86 88 75 90 92 90 99 91 79 88 75 
90 93 87 76 82 76 81 78 95 92 81 0 92 78 95 92 77 84 89 77 98 95 74 93 80 92 94 88 85 91 88 74 92 94 83 78 85 35 94 89 29 79 90 96 75 83 86 16 97 90 
83 100 99 96 88 91 94 99 79 34 88 92 0 88 91 94 93 85 99 92 89 96 98 87 84 89 85 94 26 97 74 88 98 97 75 99 77 99 93 79 98 100 99 90 76 82 87 98 93 100 
84 96 91 79 77 74 84 75 100 85 80 78 88 0 94 84 89 94 84 87 78 86 93 91 93 94 10 30 95 97 81 82 78 78 83 82 87 76 75 95 91 95 23 93 80 74 100 87 82 92 
84 78 76 85 84 77 83 95 96 85 95 95 91 94 0 78 93 85 77 87 86 92 74 98 91 16 96 91 98 100 35 93 80 74 22 94 80 92 89 94 94 92 90 88 89 95 91 79 87 88 
75 85 80 84 74 98 100 95 98 89 92 92 94 84 78 0 92 85 74 83 75 86 91 87 80 81 31 75 94 99 93 74 78 91 83 11 95 89 89 82 82 84 94 76 74 84 95 99 21 82 
74 76 79 90 77 94 25 82 92 86 81 77 93 89 93 92 0 90 90 100 97 75 94 97 81 83 98 92 83 74 79 11 74 93 93 94 88 80 85 74 77 80 86 83 87 94 88 32 76 74 
78 90 98 100 99 21 97 97 90 94 82 84 85 94 85 85 90 0 84 80 76 34 84 75 78 97 75 10 74 76 74 74 76 100 95 92 88 93 88 80 78 84 91 97 86 94 83 74 89 93 
74 80 31 76 99 100 100 84 13 96 77 89 99 84 77 74 90 84 0 87 94 81 80 79 88 94 99 87 97 94 97 79 92 96 93 84 75 91 81 78 79 93 82 96 23 89 91 95 90 91 
93 84 96 76 93 80 87 76 87 99 27 77 92 87 87 83 100 80 87 0 75 87 77 92 81 86 81 86 79 96 99 80 81 13 94 97 33 82 77 95 74 100 88 80 94 87 78 97 92 88 
79 78 77 97 100 92 99 94 76 96 89 98 89 78 86 75 97 76 94 75 0 27 74 86 92 81 95 89 86 85 78 85 96 82 97 74 100 92 17 83 91 80 76 99 98 95 83 90 85 91 
83 78 83 75 87 96 91 93 88 81 90 95 96 86 92 86 75 34 81 87 27 0 87 91 96 95 92 92 96 74 99 74 90 100 81 76 93 99 12 81 92 82 75 91 85 92 99 92 75 99 
86 97 93 77 78 86 84 75 88 95 74 74 98 93 74 91 94 84 80 77 74 87 0 80 12 100 97 91 78 77 80 33 82 90 84 77 97 94 89 79 85 81 84 76 89 75 100 93 87 25 
100 79 88 99 93 86 93 88 85 12 100 93 87 91 98 87 97 75 79 92 86 91 80 0 83 84 83 92 83 33 92 99 81 76 83 80 94 89 96 98 79 86 90 74 82 80 24 84 93 97 
85 76 81 82 93 95 91 98 79 82 83 80 84 93 91 80 81 78 88 81 92 96 12 83 0 35 95 78 80 80 89 84 98 83 90 83 92 85 84 84 79 92 89 92 89 75 92 75 93 20 
94 89 93 83 95 83 83 100 95 74 94 92 89 94 16 81 83 97 94 86 81 95 100 84 35 0 87 96 88 89 92 79 80 85 28 85 79 97 83 87 77 79 89 75 98 94 84 84 84 78 
86 84 80 78 94 81 88 76 92 98 77 94 85 10 96 31 98 75 99 81 95 92 97 83 95 87 0 78 79 96 96 74 75 99 93 89 93 87 95 91 78 74 26 97 87 81 76 91 87 86 
92 87 97 100 98 28 91 100 96 88 98 88 94 30 91 75 92 10 87 86 89 92 91 92 78 96 78 0 82 98 84 80 80 84 76 76 91 85 100 92 78 74 96 99 87 91 97 83 93 90 
87 95 94 93 85 79 88 95 83 95 81 85 26 95 98 94 83 74 97 79 86 96 78 83 80 88 79 82 0 78 100 93 85 85 81 78 79 86 98 97 85 88 83 98 97 86 99 92 87 78 
96 92 90 79 23 76 74 84 86 81 75 91 97 97 100 99 74 76 94 96 85 74 77 33 80 89 96 98 78 0 99 75 13 93 97 96 94 99 88 94 88 95 95 81 78 81 95 97 83 77 
91 90 98 86 87 86 76 24 79 76 98 88 74 81 35 93 79 74 97 99 78 99 80 92 89 92 96 84 100 99 0 80 95 85 96 86 77 99 83 12 87 77 99 87 93 81 96 97 87 87 
84 89 79 98 100 100 23 85 84 82 81 74 88 82 93 74 11 74 79 80 85 74 33 99 84 79 74 80 93 75 80 0 94 94 96 79 97 91 81 84 96 98 94 81 79 76 83 78 88 88 
97 90 79 95 29 84 97 80 93 77 79 92 98 78 80 78 74 76 92 81 96 90 82 81 98 80 75 80 85 13 95 94 0 95 98 86 84 85 99 34 93 97 79 82 80 85 81 100 85 74 
32 82 97 98 93 79 76 77 98 83 23 94 97 78 74 91 93 100 96 13 82 100 90 76 83 85 99 84 85 93 85 94 95 0 88 97 96 93 76 85 78 84 78 95 89 79 86 99 95 97 
99 86 90 81 74 86 78 91 83 91 74 83 75 83 22 83 93 95 93 94 97 81 84 83 90 28 93 76 81 97 96 96 98 88 0 86 86 87 85 81 77 78 91 93 97 77 100 79 77 92 
80 80 78 93 74 75 95 98 88 88 88 78 99 82 94 11 94 92 84 97 74 76 77 80 83 85 89 76 78 96 86 79 86 97 86 0 81 87 96 91 76 87 75 35 83 94 85 90 25 99 
82 85 12 87 77 92 93 84 83 93 100 85 77 87 80 95 88 88 75 33 100 93 97 94 92 79 93 91 79 94 77 97 84 96 86 81 0 85 95 74 85 93 77 87 97 22 91 81 94 85 
95 10 92 80 89 74 77 74 78 86 99 35 99 76 92 89 80 93 91 82 92 99 94 89 85 97 87 85 86 99 99 91 85 93 87 87 85 0 88 85 74 22 88 83 93 81 82 75 90 84 
98 32 78 91 100 91 98 76 99 77 89 94 93 75 89 89 85 88 81 77 17 12 89 96 84 83 95 100 98 88 83 81 99 76 85 96 95 88 0 85 98 100 90 81 84 96 95 99 94 86 
93 88 79 83 74 79 89 20 88 86 86 89 79 95 94 82 74 80 78 95 83 81 79 98 84 87 91 92 97 94 12 84 34 85 81 91 74 85 85 0 86 83 99 89 83 77 96 88 93 76 
89 79 74 85 84 74 92 93 78 99 88 29 98 91 94 82 77 78 79 74 91 92 85 79 79 77 78 78 85 88 87 96 93 78 77 76 85 74 98 86 0 97 80 87 77 90 76 20 91 85 
99 27 90 83 86 82 98 91 84 80 75 79 100 95 92 84 80 84 93 100 80 82 81 86 92 79 74 74 88 95 77 98 97 84 78 87 93 22 100 83 97 0 91 75 86 78 89 77 80 89 
91 76 83 94 74 87 97 89 98 75 90 90 99 23 90 94 86 91 82 88 76 75 84 90 89 89 26 96 83 95 99 94 79 78 91 75 77 88 90 99 80 91 0 92 91 99 74 99 77 92 
12 99 90 22 84 80 95 84 77 75 92 96 90 93 88 76 83 97 96 80 99 91 76 74 92 75 97 99 98 81 87 81 82 95 93 35 87 83 81 89 87 75 92 0 88 86 86 93 88 84 
84 88 76 95 78 92 80 88 25 98 90 75 76 80 89 74 87 86 23 94 98 85 89 82 89 98 87 87 97 78 93 79 80 89 97 83 97 93 84 83 77 86 91 88 0 78 97 78 76 87 
81 86 27 92 84 90 74 98 90 89 99 83 82 74 95 84 94 94 89 87 95 92 75 80 75 94 81 91 86 81 81 76 85 79 77 94 22 81 96 77 90 78 99 86 78 0 91 92 77 89 
85 95 97 84 81 86 93 95 74 20 91 86 87 100 91 95 88 83 91 78 83 99 100 24 92 84 76 97 99 95 96 83 81 86 100 85 91 82 95 96 76 89 74 86 97 91 0 82 99 83 
97 91 99 91 81 83 92 80 87 78 79 16 98 87 79 99 32 74 95 97 90 92 93 84 75 84 91 83 92 97 97 78 100 99 79 90 81 75 99 88 20 77 99 93 78 92 82 0 81 75 
82 93 94 87 86 97 98 87 94 100 88 97 93 82 87 21 76 89 90 92 85 75 87 93 93 84 87 93 87 83 87 88 85 95 77 25 94 90 94 93 91 80 77 88 76 77 99 81 0 86 
78 100 77 100 91 96 84 79 74 82 75 90 100 92 88 82 74 93 91 88 91 99 25 97 20 78 86 90 78 77 87 88 74 97 92 99 85 84 86 76 85 89 92 84 87 89 83 75 86 0 
BRBRBBBRRBBBRBRRRRRRRBBBBRBRBRBRRRBRBRBBRBRBBRRBBR
