50
0 8 20 44 55 59 30 18 6 34 89 73 78 90 91 75 76 96 96 94 90 98 70 79 71 79 71 90 93 86 84 97 94 94 80 84 96 95 98 86 95 83 85 83 80 78 93 88 72 92
8 0 30 20 11 29 52 42 38 44 73 81 96 91 84 85 81 88 72 86 98 97 94 88 98 86 93 89 89 98 76 71 93 99 100 100 84 86 86 82 88 79 99 75 79 91 88 82 83 91
20 30 0 28 33 43 14 42 49 3 93 88 88 73 90 100 93 84 89 99 84 84 97 99 94 74 99 81 76 94 92 90 85 76 73 96 94 96 89 72 86 83 82 100 71 86 80 81 96 85
44 20 28 0 60 29 40 49 41 25 98 88 96 76 70 89 89 78 93 89 40 82 93 77 86 73 82 82 84 86 70 84 98 81 79 89 93 91 71 92 72 80 76 78 79 75 81 91 72 85
55 11 33 60 0 3 24 49 17 54 89 77 81 82 95 83 94 75 85 94 85 85 78 87 99 87 100 80 93 99 77 88 80 96 93 80 87 82 93 82 96 86 90 83 78 76 100 81 76 86
59 29 43 29 3 0 3 25 33 12 74 98 89 97 84 80 85 74 83 100 87 70 99 85 71 89 80 73 93 82 71 90 93 89 98 84 87 71 85 89 100 100 83 95 87 75 94 97 96 71
30 52 14 40 24 3 0 43 43 41 94 90 83 93 86 78 72 88 77 73 99 70 71 85 93 74 81 79 87 80 90 90 89 80 70 80 70 93 87 85 72 72 75 82 77 83 83 70 95 96
18 42 42 49 49 25 43 0 58 17 97 71 74 91 87 71 82 70 96 98 99 83 75 74 76 71 71 72 95 40 91 73 90 92 84 78 100 98 93 80 75 71 74 84 70 82 96 70 87 80
6 38 49 41 17 33 43 58 0 41 74 99 87 82 79 94 79 85 73 74 82 90 79 76 75 97 97 70 75 92 72 99 87 74 94 85 80 99 99 85 92 80 89 81 73 79 80 80 71 79
34 44 3 25 54 12 41 17 41 0 83 99 92 72 88 85 97 71 100 70 96 73 77 84 90 77 88 77 84 100 72 100 77 97 92 78 93 74 79 81 87 80 83 93 85 83 72 91 81 100
89 73 93 98 89 74 94 97 74 83 0 30 50 15 3 20 49 16 51 16 85 97 75 82 97 84 87 81 100 92 79 90 99 95 93 96 77 98 87 88 92 85 89 77 92 93 91 100 71 81
73 81 88 88 77 98 90 71 99 99 30 0 5 15 18 12 44 33 56 32 98 90 82 83 93 83 78 97 86 98 96 83 99 86 82 78 83 70 73 74 71 83 88 91 92 95 70 94 82 88
78 96 88 96 81 89 83 74 87 92 50 5 0 42 15 43 33 44 13 36 89 83 73 93 98 100 93 90 80 40 87 70 77 78 94 76 86 70 96 88 98 97 71 84 94 81 90 88 78 83
90 91 73 76 82 97 93 91 82 72 15 15 42 0 52 56 11 53 47 14 99 87 93 82 71 77 88 91 77 87 87 100 85 85 82 86 76 81 71 94 84 80 93 96 96 74 81 92 85 91
91 84 90 70 95 84 86 87 79 88 3 18 15 52 0 57 46 55 4 33 80 85 80 88 90 74 86 80 99 81 81 75 85 90 73 76 80 92 73 92 72 78 87 87 95 70 80 99 100 86
75 85 100 89 83 80 78 71 94 85 20 12 43 56 57 0 40 56 24 20 82 71 94 93 98 80 72 93 91 82 88 76 86 78 90 70 87 90 92 81 100 94 71 77 76 93 83 78 88 88
76 81 93 89 94 85 72 82 79 97 49 44 33 11 46 40 0 55 48 41 95 100 74 80 99 87 78 75 90 89 90 100 96 87 87 81 89 87 82 97 87 95 77 40 77 82 77 73 72 94
96 88 84 78 75 74 88 70 85 71 16 33 44 53 55 56 55 0 46 6 79 92 85 85 73 97 72 72 83 75 72 89 91 80 83 96 83 93 97 89 85 74 70 97 85 83 95 75 74 92
96 72 89 93 85 83 77 96 73 100 51 56 13 47 4 24 48 46 0 18 75 81 81 98 72 73 71 71 97 80 94 73 83 81 84 91 75 76 74 83 74 70 88 73 77 80 93 81 75 72
94 86 99 89 94 100 73 98 74 70 16 32 36 14 33 20 41 6 18 0 98 85 94 72 72 80 76 70 89 98 75 86 83 85 96 70 81 84 79 76 84 84 91 86 78 97 78 96 74 87
90 98 84 40 85 87 99 99 82 96 85 98 89 99 80 82 95 79 75 98 0 86 85 79 81 90 90 84 40 98 75 75 77 90 81 95 90 81 100 96 78 84 75 90 97 84 99 84 79 86
98 97 84 82 85 70 70 83 90 73 97 90 83 87 85 71 100 92 81 85 86 0 12 37 60 26 44 19 34 87 84 91 71 83 72 81 78 98 89 93 93 79 100 87 72 83 91 87 74 85
70 94 97 93 78 99 71 75 79 77 75 82 73 93 80 94 74 85 81 94 85 12 0 26 33 37 9 60 38 78 97 80 96 70 86 83 92 78 94 70 94 100 95 90 73 82 78 73 76 96
79 88 99 77 87 85 85 74 76 84 82 83 93 82 88 93 80 85 98 72 79 37 26 0 49 5 40 11 32 77 91 74 80 73 72 91 79 71 87 99 98 74 81 75 98 82 97 80 86 70
71 98 94 86 99 71 93 76 75 90 97 93 98 71 90 98 99 73 72 72 81 60 33 49 0 35 14 21 53 87 73 96 73 88 95 81 84 89 81 74 76 76 71 85 74 94 95 71 93 100
79 86 74 73 87 89 74 71 97 77 84 83 100 77 74 80 87 97 73 80 90 26 37 5 35 0 48 45 28 75 79 88 93 75 70 97 73 81 85 96 88 98 97 70 83 71 91 90 81 77
71 93 99 82 100 80 81 71 97 88 87 78 93 88 86 72 78 72 71 76 90 44 9 40 14 48 0 3 37 92 91 95 76 92 78 89 75 96 83 97 97 86 88 90 100 74 73 87 88 97
90 89 81 82 80 73 79 72 70 77 81 97 90 91 80 93 75 72 71 70 84 19 60 11 21 45 3 0 57 94 85 81 93 99 92 99 91 93 86 98 79 73 72 87 79 79 83 85 71 84
93 89 76 84 93 93 87 95 75 84 100 86 80 77 99 91 90 83 97 89 40 34 38 32 53 28 37 57 0 78 90 89 73 92 97 90 70 96 90 98 81 81 77 100 77 87 90 76 83 87
86 98 94 86 99 82 80 40 92 100 92 98 40 87 81 82 89 75 80 98 98 87 78 77 87 75 92 94 78 0 95 76 85 81 99 85 95 86 99 86 82 81 92 82 84 79 100 76 82 99
84 76 92 70 77 71 90 91 72 72 79 96 87 87 81 88 90 72 94 75 75 84 97 91 73 79 91 85 90 95 0 26 13 10 43 45 59 29 57 32 99 95 81 71 100 77 95 70 85 85
97 71 90 84 88 90 90 73 99 100 90 83 70 100 75 76 100 89 73 86 75 91 80 74 96 88 95 81 89 76 26 0 40 12 39 54 57 16 38 59 70 87 87 89 70 91 86 98 100 83
94 93 85 98 80 93 89 90 87 77 99 99 77 85 85 86 96 91 83 83 77 71 96 80 73 93 76 93 73 85 13 40 0 47 24 3 40 20 16 57 97 83 93 70 74 77 100 72 77 78
94 99 76 81 96 89 80 92 74 97 95 86 78 85 90 78 87 80 81 85 90 83 70 73 88 75 92 99 92 81 10 12 47 0 43 3 31 25 22 5 92 94 87 86 80 94 75 93 94 77
80 100 73 79 93 98 70 84 94 92 93 82 94 82 73 90 87 83 84 96 81 72 86 72 95 70 78 92 97 99 43 39 24 43 0 31 18 43 27 55 74 94 98 86 77 89 74 40 82 86
84 100 96 89 80 84 80 78 85 78 96 78 76 86 76 70 81 96 91 70 95 81 83 91 81 97 89 99 90 85 45 54 3 3 31 0 21 20 53 25 98 92 82 84 91 91 70 93 92 81
96 84 94 93 87 87 70 100 80 93 77 83 86 76 80 87 89 83 75 81 90 78 92 79 84 73 75 91 70 95 59 57 40 31 18 21 0 13 7 7 86 79 74 86 75 88 87 79 80 72
95 86 96 91 82 71 93 98 99 74 98 70 70 81 92 90 87 93 76 84 81 98 78 71 89 81 96 93 96 86 29 16 20 25 43 20 13 0 55 16 79 82 73 88 77 74 94 92 70 83
98 86 89 71 93 85 87 93 99 79 87 73 96 71 73 92 82 97 74 79 100 89 94 87 81 85 83 86 90 99 57 38 16 22 27 53 7 55 0 31 97 81 89 100 89 78 71 80 76 98
86 82 72 92 82 89 85 80 85 81 88 74 88 94 92 81 97 89 83 76 96 93 70 99 74 96 97 98 98 86 32 59 57 5 55 25 7 16 31 0 94 82 84 97 89 82 78 96 91 80
95 88 86 72 96 100 72 75 92 87 92 71 98 84 72 100 87 85 74 84 78 93 94 98 76 88 97 79 81 82 99 70 97 92 74 98 86 79 97 94 0 53 7 51 26 56 19 21 59 13
83 79 83 80 86 100 72 71 80 80 85 83 97 80 78 94 95 74 70 84 84 79 100 74 76 98 86 73 81 81 95 87 83 94 94 92 79 82 81 82 53 0 14 10 32 11 12 21 23 56
85 99 82 76 90 83 75 74 89 83 89 88 71 93 87 71 77 70 88 91 75 100 95 81 71 97 88 72 77 92 81 87 93 87 98 82 74 73 89 84 7 14 0 7 51 20 7 19 38 10
83 75 100 78 83 95 82 84 81 93 77 91 84 96 87 77 40 97 73 86 90 87 90 75 85 70 90 87 100 82 71 89 70 86 86 84 86 88 100 97 51 10 7 0 29 46 40 15 20 28
80 79 71 79 78 87 77 70 73 85 92 92 94 96 95 76 77 85 77 78 97 72 73 98 74 83 100 79 77 84 100 70 74 80 77 91 75 77 89 89 26 32 51 29 0 53 9 49 6 25
78 91 86 75 76 75 83 82 79 83 93 95 81 74 70 93 82 83 80 97 84 83 82 82 94 71 74 79 87 79 77 91 77 94 89 91 88 74 78 82 56 11 20 46 53 0 45 8 59 51
93 88 80 81 100 94 83 96 80 72 91 70 90 81 80 83 77 95 93 78 99 91 78 97 95 91 73 83 90 100 95 86 100 75 74 70 87 94 71 78 19 12 7 40 9 45 0 30 3 14
88 82 81 91 81 97 70 70 80 91 100 94 88 92 99 78 73 75 81 96 84 87 73 80 71 90 87 85 76 76 70 98 72 93 40 93 79 92 80 96 21 21 19 15 49 8 30 0 41 47
72 83 96 72 76 96 95 87 71 81 71 82 78 85 100 88 72 74 75 74 79 74 76 86 93 81 88 71 83 82 85 100 77 94 82 92 80 70 76 91 59 23 38 20 6 59 3 41 0 15
92 91 85 85 86 71 96 80 79 100 81 88 83 91 86 88 94 92 72 87 86 85 96 70 100 77 97 84 87 99 85 83 78 77 86 81 72 83 98 80 13 56 10 28 25 51 14 47 15 0
RBRBRBRBRBRBRBRBRBRBRRBRBRBRBBRBRBRBRBRBRBRBRBRBRB
