50
0 29 80 9 90 74 61 94 24 92 69 83 50 92 99 46 59 66 88 46 66 89 52 25 45 67 94 35 77 46 59 19 98 30 51 88 63 82 29 60 68 69 26 96 87 58 38 71 73 41
29 0 69 88 24 92 65 26 37 74 45 28 85 63 68 47 89 88 59 75 39 89 36 20 71 63 83 37 24 73 19 43 71 35 80 48 51 71 49 90 62 53 88 80 98 67 79 49 54 35
80 69 0 95 89 87 35 85 66 40 63 37 24 90 32 20 24 49 43 29 47 81 80 39 44 30 25 42 25 83 88 21 40 75 98 63 34 42 37 66 33 90 50 57 87 88 72 8 41 41
9 88 95 0 75 52 31 89 65 72 42 20 35 71 93 94 52 82 48 98 80 26 76 22 97 63 87 87 27 25 84 56 47 67 40 96 61 42 95 53 85 58 64 49 61 77 90 67 54 57
90 24 89 75 0 39 50 72 29 94 25 78 60 83 26 6 82 54 25 81 32 35 32 94 98 82 57 63 25 58 80 98 81 84 72 26 52 20 37 26 50 22 89 57 52 78 85 44 66 43
74 92 87 52 39 0 23 59 7 54 69 56 48 40 49 67 41 19 53 92 94 70 26 95 98 26 95 99 36 58 33 69 33 36 37 70 78 86 36 30 91 55 96 22 32 60 69 53 72 65
61 65 35 31 50 23 0 34 94 99 38 98 69 25 71 26 98 21 59 68 67 87 48 32 59 74 66 77 58 72 81 40 92 60 91 84 94 97 59 87 29 85 83 89 72 18 90 40 90 95
94 26 85 89 72 59 34 0 61 63 51 87 57 61 12 51 39 81 59 54 67 29 86 75 85 90 88 68 60 40 70 88 73 79 41 49 22 36 55 30 20 14 54 47 63 44 97 44 40 30
24 37 66 65 29 7 94 61 0 77 72 44 23 94 42 56 67 95 91 61 29 21 28 43 33 78 69 65 91 59 36 76 63 57 97 59 43 77 67 62 34 64 25 40 70 53 62 48 33 43
92 74 40 72 94 54 99 63 77 0 43 57 27 66 48 21 27 43 88 78 50 94 27 72 55 21 88 39 52 23 82 58 20 38 28 89 50 74 71 36 75 68 53 62 80 42 78 59 85 59
69 45 63 42 25 69 38 51 72 43 0 59 77 28 73 42 31 85 29 69 48 40 29 96 90 21 35 18 73 36 51 40 54 44 50 31 52 67 91 21 72 62 15 51 79 82 83 40 33 88
83 28 37 20 78 56 98 87 44 57 59 0 35 96 80 41 93 84 25 60 96 43 61 47 88 44 68 79 53 52 81 75 69 64 50 59 64 39 92 27 35 31 38 83 78 39 57 76 47 68
50 85 24 35 60 48 69 57 23 27 77 35 0 92 47 29 22 72 24 61 65 43 52 71 38 91 43 59 68 62 54 35 53 98 87 2 48 61 24 28 23 68 26 26 85 24 35 87 92 79
92 63 90 71 83 40 25 61 94 66 28 96 92 0 44 53 26 84 47 68 22 64 32 46 34 34 45 63 42 24 61 66 99 96 54 78 20 43 26 95 69 65 47 15 96 31 70 47 72 72
99 68 32 93 26 49 71 12 42 48 73 80 47 44 0 60 3 24 62 91 22 88 56 64 38 39 39 84 60 91 77 34 46 27 23 35 39 63 68 40 87 85 65 63 62 69 25 89 40 74
46 47 20 94 6 67 26 51 56 21 42 41 29 53 60 0 36 32 65 70 37 43 60 48 66 75 70 33 39 60 42 59 82 59 63 39 34 90 87 57 44 94 92 92 27 89 48 43 29 93
59 89 24 52 82 41 98 39 67 27 31 93 22 26 3 36 0 27 22 61 80 68 35 52 50 94 20 34 81 66 93 50 74 90 32 42 40 62 25 44 30 65 30 80 27 57 69 25 54 76
66 88 49 82 54 19 21 81 95 43 85 84 72 84 24 32 27 0 61 50 71 62 23 38 94 74 29 56 27 80 49 35 83 35 39 55 89 56 82 29 47 88 35 35 9 59 73 80 35 52
88 59 43 48 25 53 59 59 91 88 29 25 24 47 62 65 22 61 0 74 28 77 37 46 73 36 40 34 62 90 86 29 52 2 47 81 69 43 42 21 40 12 65 28 54 62 32 91 99 23
46 75 29 98 81 92 68 54 61 78 69 60 61 68 91 70 61 50 74 0 91 27 21 45 37 95 45 94 9 66 60 62 68 52 21 29 52 97 44 95 65 31 20 98 77 76 53 64 85 32
66 39 47 80 32 94 67 67 29 50 48 96 65 22 22 37 80 71 28 91 0 96 15 53 51 72 81 80 93 92 25 79 60 41 64 34 40 16 62 78 84 82 38 35 95 20 62 97 21 39
89 89 81 26 35 70 87 29 21 94 40 43 43 64 88 43 68 62 77 27 96 0 38 83 3 94 37 70 23 99 59 91 66 50 81 86 65 53 70 93 22 77 69 34 61 39 73 28 93 60
52 36 80 76 32 26 48 86 28 27 29 61 52 32 56 60 35 23 37 21 15 38 0 28 41 99 33 61 38 81 65 57 55 68 99 66 78 60 29 26 3 49 38 47 56 86 48 90 31 37
25 20 39 22 94 95 32 75 43 72 96 47 71 46 64 48 52 38 46 45 53 83 28 0 42 81 28 79 41 60 28 56 82 27 31 25 75 11 90 70 44 25 56 97 45 47 41 81 24 79
45 71 44 97 98 98 59 85 33 55 90 88 38 34 38 66 50 94 73 37 51 3 41 42 0 99 75 43 43 45 94 46 34 69 60 71 42 52 91 21 64 21 42 52 30 72 51 41 29 6
67 63 30 63 82 26 74 90 78 21 21 44 91 34 39 75 94 74 36 95 72 94 99 81 99 0 55 86 97 22 26 93 72 24 72 94 56 51 58 82 42 75 67 96 53 22 33 80 20 41
94 83 25 87 57 95 66 88 69 88 35 68 43 45 39 70 20 29 40 45 81 37 33 28 75 55 0 79 85 67 48 38 54 84 34 85 20 23 11 45 79 29 48 91 58 77 63 33 83 56
35 37 42 87 63 99 77 68 65 39 18 79 59 63 84 33 34 56 34 94 80 70 61 79 43 86 79 0 27 71 62 43 96 51 27 93 91 57 87 62 31 62 85 77 10 45 63 60 48 56
77 24 25 27 25 36 58 60 91 52 73 53 68 42 60 39 81 27 62 9 93 23 38 41 43 97 85 27 0 31 51 43 68 27 20 58 91 54 81 88 88 64 81 25 31 38 20 46 98 91
46 73 83 25 58 58 72 40 59 23 36 52 62 24 91 60 66 80 90 66 92 99 81 60 45 22 67 71 31 0 33 61 11 87 77 84 67 24 52 60 69 64 55 24 55 26 46 69 29 49
59 19 88 84 80 33 81 70 36 82 51 81 54 61 77 42 93 49 86 60 25 59 65 28 94 26 48 62 51 33 0 25 80 91 94 93 24 69 58 27 62 53 99 23 20 79 33 71 87 32
19 43 21 56 98 69 40 88 76 58 40 75 35 66 34 59 50 35 29 62 79 91 57 56 46 93 38 43 43 61 25 0 97 76 27 89 84 72 61 82 43 49 93 84 96 69 45 22 36 58
98 71 40 47 81 33 92 73 63 20 54 69 53 99 46 82 74 83 52 68 60 66 55 82 34 72 54 96 68 11 80 97 0 32 66 39 94 28 35 12 31 80 68 87 24 98 34 68 71 59
30 35 75 67 84 36 60 79 57 38 44 64 98 96 27 59 90 35 2 52 41 50 68 27 69 24 84 51 27 87 91 76 32 0 44 68 80 20 69 46 93 96 89 83 53 79 24 87 54 61
51 80 98 40 72 37 91 41 97 28 50 50 87 54 23 63 32 39 47 21 64 81 99 31 60 72 34 27 20 77 94 27 66 44 0 91 59 55 52 67 84 74 80 68 27 39 50 58 86 81
88 48 63 96 26 70 84 49 59 89 31 59 2 78 35 39 42 55 81 29 34 86 66 25 71 94 85 93 58 84 93 89 39 68 91 0 44 92 55 36 99 37 90 31 63 92 51 93 42 99
63 51 34 61 52 78 94 22 43 50 52 64 48 20 39 34 40 89 69 52 40 65 78 75 42 56 20 91 91 67 24 84 94 80 59 44 0 60 40 90 55 84 96 75 83 75 61 26 36 3
82 71 42 42 20 86 97 36 77 74 67 39 61 43 63 90 62 56 43 97 16 53 60 11 52 51 23 57 54 24 69 72 28 20 55 92 60 0 25 52 64 24 22 85 55 26 21 27 74 69
29 49 37 95 37 36 59 55 67 71 91 92 24 26 68 87 25 82 42 44 62 70 29 90 91 58 11 87 81 52 58 61 35 69 52 55 40 25 0 51 65 81 54 45 25 95 19 43 60 28
60 90 66 53 26 30 87 30 62 36 21 27 28 95 40 57 44 29 21 95 78 93 26 70 21 82 45 62 88 60 27 82 12 46 67 36 90 52 51 0 37 85 87 45 98 81 29 75 44 96
68 62 33 85 50 91 29 20 34 75 72 35 23 69 87 44 30 47 40 65 84 22 3 44 64 42 79 31 88 69 62 43 31 93 84 99 55 64 65 37 0 49 49 72 31 95 25 73 14 54
69 53 90 58 22 55 85 14 64 68 62 31 68 65 85 94 65 88 12 31 82 77 49 25 21 75 29 62 64 64 53 49 80 96 74 37 84 24 81 85 49 0 51 40 46 70 32 66 21 82
26 88 50 64 89 96 83 54 25 53 15 38 26 47 65 92 30 35 65 20 38 69 38 56 42 67 48 85 81 55 99 93 68 89 80 90 96 22 54 87 49 51 0 29 52 24 72 79 96 99
96 80 57 49 57 22 89 47 40 62 51 83 26 15 63 92 80 35 28 98 35 34 47 97 52 96 91 77 25 24 23 84 87 83 68 31 75 85 45 45 72 40 29 0 37 61 64 40 58 64
87 98 87 61 52 32 72 63 70 80 79 78 85 96 62 27 27 9 54 77 95 61 56 45 30 53 58 10 31 55 20 96 24 53 27 63 83 55 25 98 31 46 52 37 0 93 27 60 97 54
58 67 88 77 78 60 18 44 53 42 82 39 24 31 69 89 57 59 62 76 20 39 86 47 72 22 77 45 38 26 79 69 98 79 39 92 75 26 95 81 95 70 24 61 93 0 82 47 47 93
38 79 72 90 85 69 90 97 62 78 83 57 35 70 25 48 69 73 32 53 62 73 48 41 51 33 63 63 20 46 33 45 34 24 50 51 61 21 19 29 25 32 72 64 27 82 0 77 58 42
71 49 8 67 44 53 40 44 48 59 40 76 87 47 89 43 25 80 91 64 97 28 90 81 41 80 33 60 46 69 71 22 68 87 58 93 26 27 43 75 73 66 79 40 60 47 77 0 98 95
73 54 41 54 66 72 90 40 33 85 33 47 92 72 40 29 54 35 99 85 21 93 31 24 29 20 83 48 98 29 87 36 71 54 86 42 36 74 60 44 14 21 96 58 97 47 58 98 0 77
41 35 41 57 43 65 95 30 43 59 88 68 79 72 74 93 76 52 23 32 39 60 37 79 6 41 56 56 91 49 32 58 59 61 81 99 3 69 28 96 54 82 99 64 54 93 42 95 77 0
RBRRBRRBRRRBRBBRBRRRBBBBBBBBRBRRRRRBBBBRRRRBRBBBRB