50
0 90 86 80 93 83 91 90 89 89 100 87 98 82 91 100 92 100 96 96 87 86 92 18 92 96 80 90 15 92 92 95 86 83 97 92 85 87 82 82 94 88 100 100 86 97 89 87 83 34 
90 0 84 97 29 82 94 80 85 86 95 100 5 93 99 100 88 96 82 89 100 96 88 91 83 100 91 83 93 92 88 83 92 88 100 91 97 80 19 87 87 95 91 89 98 94 83 89 82 85 
86 84 0 81 94 95 88 83 27 100 95 88 98 83 93 95 94 17 80 84 100 98 99 89 94 94 83 94 85 90 100 96 99 80 88 92 92 91 89 97 82 100 100 93 92 88 93 91 83 94 
80 97 81 0 80 87 83 93 94 89 91 81 80 15 89 100 85 89 98 95 80 84 93 97 84 99 80 91 85 93 84 80 90 27 98 94 100 85 91 91 88 88 97 23 100 89 88 90 99 90 
93 29 94 80 0 82 85 84 100 89 87 85 80 96 92 97 93 97 98 7 84 87 85 87 25 87 85 85 88 91 80 94 98 92 89 89 93 93 88 86 99 82 87 87 90 91 94 97 94 82 
83 82 95 87 82 0 81 100 97 95 81 83 98 86 80 96 81 91 7 91 86 97 93 86 100 98 97 80 82 90 90 17 93 93 82 19 90 99 83 96 80 85 100 95 94 99 91 90 98 89 
91 94 88 83 85 81 0 91 80 88 81 86 98 85 80 83 100 95 83 99 94 91 27 12 99 95 90 82 95 82 100 97 85 81 84 81 87 80 86 100 81 89 82 94 21 87 89 94 84 82 
90 80 83 93 84 100 91 0 95 86 93 97 91 88 89 85 87 95 99 81 83 83 96 93 99 81 85 97 83 85 96 86 90 85 88 98 88 82 85 83 81 91 84 86 34 82 90 20 80 90 
89 85 27 94 100 97 80 95 0 92 95 84 83 91 83 88 80 11 84 82 98 84 96 80 91 91 94 93 94 93 83 88 80 90 88 94 96 32 96 85 99 99 85 98 91 98 99 99 82 84 
89 86 100 89 89 95 88 86 92 0 86 88 87 80 97 98 85 99 91 93 24 100 89 94 96 90 91 87 98 93 80 93 84 82 90 98 91 80 81 82 85 89 87 9 91 99 26 90 92 83 
100 95 95 91 87 81 81 93 95 86 0 85 88 94 100 81 82 99 89 90 92 80 100 82 96 97 32 84 87 90 83 82 97 91 85 81 98 81 96 96 80 30 92 84 82 97 86 92 83 82 
87 100 88 81 85 83 86 97 84 88 85 0 86 82 90 94 88 90 99 93 85 14 93 100 82 83 91 91 94 98 98 91 33 90 82 95 92 89 96 96 100 84 89 80 84 92 81 95 82 89 
98 5 98 80 80 98 98 91 83 87 88 86 0 95 93 89 99 88 100 96 90 81 82 98 89 84 95 89 82 96 88 97 86 95 99 91 89 97 31 95 99 87 82 86 98 25 98 95 85 99 
82 93 83 15 96 86 85 88 91 80 94 82 95 0 86 34 97 88 87 80 89 83 81 97 100 93 81 89 82 84 92 84 98 20 83 100 98 97 95 84 80 97 88 94 99 98 92 85 83 90 
91 99 93 89 92 80 80 89 83 97 100 90 93 86 0 94 90 86 93 93 88 100 93 81 89 93 99 90 21 18 90 90 100 88 83 15 95 92 94 89 91 96 81 87 80 87 93 83 84 98 
100 100 95 100 97 96 83 85 88 98 81 94 89 34 94 0 9 80 87 99 84 100 100 94 100 80 92 100 96 93 100 87 91 80 35 92 94 90 97 89 90 85 82 81 91 100 80 87 83 82 
92 88 94 85 93 81 100 87 80 85 82 88 99 97 90 9 0 90 90 20 95 91 90 100 90 92 92 87 89 100 81 81 82 81 19 81 95 87 80 100 91 91 84 91 84 97 89 90 82 97 
100 96 17 89 97 91 95 95 11 99 99 90 88 88 86 80 90 0 81 93 92 87 80 85 100 83 98 33 86 84 80 99 85 93 87 82 80 93 88 85 95 82 83 81 99 100 94 92 98 93 
96 82 80 98 98 7 83 99 84 91 89 99 100 87 93 87 90 81 0 86 93 24 89 98 80 84 83 83 100 92 99 32 97 94 92 89 89 82 93 92 80 96 90 99 95 82 80 90 98 83 
96 89 84 95 7 91 99 81 82 93 90 93 96 80 93 99 20 93 86 0 99 92 99 97 22 87 80 89 85 81 82 99 94 84 93 95 90 87 94 95 85 93 92 91 92 89 88 84 84 96 
87 100 100 80 84 86 94 83 98 24 92 85 90 89 88 84 95 92 93 99 0 88 90 81 81 92 98 80 100 91 90 81 82 88 88 83 82 90 80 96 98 83 81 18 84 86 85 86 89 92 
86 96 98 84 87 97 91 83 84 100 80 14 81 83 100 100 91 87 24 92 88 0 90 85 97 100 97 99 99 80 94 91 32 87 82 83 84 84 85 80 80 95 89 90 83 85 82 83 90 81 
92 88 99 93 85 93 27 96 96 89 100 93 82 81 93 100 90 80 89 99 90 90 0 19 85 98 86 94 88 97 86 87 94 88 85 97 93 90 81 100 100 90 82 83 96 82 95 99 81 82 
18 91 89 97 87 86 12 93 80 94 82 100 98 97 81 94 100 85 98 97 81 85 19 0 83 99 85 81 81 81 88 81 96 98 96 84 80 90 87 81 90 83 97 91 82 98 92 96 100 91 
92 83 94 84 25 100 99 99 91 96 96 82 89 100 89 100 90 100 80 22 81 97 85 83 0 89 96 82 95 95 92 80 85 100 100 86 88 80 98 88 84 88 97 92 82 98 94 92 87 85 
96 100 94 99 87 98 95 81 91 90 97 83 84 93 93 80 92 83 84 87 92 100 98 99 89 0 93 13 85 83 97 89 89 81 90 94 86 91 88 96 19 93 98 93 88 90 96 31 81 98 
80 91 83 80 85 97 90 85 94 91 32 91 95 81 99 92 92 98 83 80 98 97 86 85 96 93 0 82 92 99 92 100 93 99 85 90 18 99 83 84 89 83 100 88 80 93 14 80 94 96 
90 83 94 91 85 80 82 97 93 87 84 91 89 89 90 100 87 33 83 89 80 99 94 81 82 13 82 0 90 93 92 92 96 96 95 98 90 92 99 80 19 98 83 87 85 97 82 86 80 97 
15 93 85 85 88 82 95 83 94 98 87 94 82 82 21 96 89 86 100 85 100 99 88 81 95 85 92 90 0 82 80 91 94 87 97 97 96 95 87 82 86 83 86 97 96 96 92 81 87 34 
92 92 90 93 91 90 82 85 93 93 90 98 96 84 18 93 100 84 92 81 91 80 97 81 95 83 99 93 82 0 97 84 95 86 81 17 96 99 91 99 99 90 91 93 85 100 80 85 87 88 
92 88 100 84 80 90 100 96 83 80 83 98 88 92 90 100 81 80 99 82 90 94 86 88 92 97 92 92 80 97 0 91 98 99 91 98 80 20 95 99 89 93 30 91 83 97 89 87 96 90 
95 83 96 80 94 17 97 86 88 93 82 91 97 84 90 87 81 99 32 99 81 91 87 81 80 89 100 92 91 84 91 0 91 83 93 91 92 88 84 99 96 82 81 97 83 100 98 81 82 83 
86 92 99 90 98 93 85 90 80 84 97 33 86 98 100 91 82 85 97 94 82 32 94 96 85 89 93 96 94 95 98 91 0 94 94 89 98 88 88 98 83 86 84 85 92 90 93 91 91 89 
83 88 80 27 92 93 81 85 90 82 91 90 95 20 88 80 81 93 94 84 88 87 88 98 100 81 99 96 87 86 99 83 94 0 88 82 86 98 81 87 83 83 90 89 97 90 94 99 86 80 
97 100 88 98 89 82 84 88 88 90 85 82 99 83 83 35 19 87 92 93 88 82 85 96 100 90 85 95 97 81 91 93 94 88 0 98 89 87 100 88 100 99 84 99 96 92 80 100 95 92 
92 91 92 94 89 19 81 98 94 98 81 95 91 100 15 92 81 82 89 95 83 83 97 84 86 94 90 98 97 17 98 91 89 82 98 0 85 86 98 98 87 100 86 95 85 87 84 99 86 85 
85 97 92 100 93 90 87 88 96 91 98 92 89 98 95 94 95 80 89 90 82 84 93 80 88 86 18 90 96 96 80 92 98 86 89 85 0 88 92 88 89 84 85 80 83 81 33 96 81 83 
87 80 91 85 93 99 80 82 32 80 81 89 97 97 92 90 87 93 82 87 90 84 90 90 80 91 99 92 95 99 20 88 88 98 87 86 88 0 83 81 98 81 10 96 82 99 96 95 81 97 
82 19 89 91 88 83 86 85 96 81 96 96 31 95 94 97 80 88 93 94 80 85 81 87 98 88 83 99 87 91 95 84 88 81 100 98 92 83 0 85 90 90 81 89 90 98 91 96 96 93 
82 87 97 91 86 96 100 83 85 82 96 96 95 84 89 89 100 85 92 95 96 80 100 81 88 96 84 80 82 99 99 99 98 87 88 98 88 81 85 0 85 84 30 89 93 8 92 82 34 93 
94 87 82 88 99 80 81 81 99 85 80 100 99 80 91 90 91 95 80 85 98 80 100 90 84 19 89 19 86 99 89 96 83 83 100 87 89 98 90 85 0 83 99 84 100 89 89 95 89 98 
88 95 100 88 82 85 89 91 99 89 30 84 87 97 96 85 91 82 96 93 83 95 90 83 88 93 83 98 83 90 93 82 86 83 99 100 84 81 90 84 83 0 100 85 91 94 94 81 90 95 
100 91 100 97 87 100 82 84 85 87 92 89 82 88 81 82 84 83 90 92 81 89 82 97 97 98 100 83 86 91 30 81 84 90 84 86 85 10 81 30 99 100 0 94 82 83 96 83 81 89 
100 89 93 23 87 95 94 86 98 9 84 80 86 94 87 81 91 81 99 91 18 90 83 91 92 93 88 87 97 93 91 97 85 89 99 95 80 96 89 89 84 85 94 0 86 86 82 82 83 87 
86 98 92 100 90 94 21 34 91 91 82 84 98 99 80 91 84 99 95 92 84 83 96 82 82 88 80 85 96 85 83 83 92 97 96 85 83 82 90 93 100 91 82 86 0 81 80 11 92 89 
97 94 88 89 91 99 87 82 98 99 97 92 25 98 87 100 97 100 82 89 86 85 82 98 98 90 93 97 96 100 97 100 90 90 92 87 81 99 98 8 89 94 83 86 81 0 95 86 21 98 
89 83 93 88 94 91 89 90 99 26 86 81 98 92 93 80 89 94 80 88 85 82 95 92 94 96 14 82 92 80 89 98 93 94 80 84 33 96 91 92 89 94 96 82 80 95 0 83 86 95 
87 89 91 90 97 90 94 20 99 90 92 95 95 85 83 87 90 92 90 84 86 83 99 96 92 31 80 86 81 85 87 81 91 99 100 99 96 95 96 82 95 81 83 82 11 86 83 0 96 95 
83 82 83 99 94 98 84 80 82 92 83 82 85 83 84 83 82 98 98 84 89 90 81 100 87 81 94 80 87 87 96 82 91 86 95 86 81 81 96 34 89 90 81 83 92 21 86 96 0 81 
34 85 94 90 82 89 82 90 84 83 82 89 99 90 98 82 97 93 83 96 92 81 82 91 85 98 96 97 34 88 90 83 89 80 92 85 83 97 93 93 98 95 89 87 89 98 95 95 81 0 
BRRBBBRRBRRRRBRRRBBBBRBRRRBRBBBRBRBRRRBBBBRRBBBBRR