50
0 44 15 88 3 69 94 11 36 20 25 64 7 69 71 54 85 60 65 78 52 85 80 92 40 38 56 78 12 56 78 65 82 3 75 72 17 16 71 74 67 97 87 69 7 28 90 9 31 69 
44 0 92 73 97 87 58 37 10 89 31 66 28 69 67 78 2 49 17 14 71 59 30 33 81 47 7 7 29 83 5 49 60 23 24 28 23 64 65 18 78 87 37 87 44 4 78 8 60 67 
15 92 0 36 47 63 59 74 31 37 100 68 13 4 97 96 70 47 64 9 23 95 40 98 54 95 67 54 96 95 48 26 47 5 48 69 72 43 70 86 82 35 3 64 90 91 23 9 58 24 
88 73 36 0 38 28 20 87 12 79 33 17 33 91 94 98 97 99 58 9 96 86 86 1 82 41 25 21 97 17 53 62 63 70 53 93 70 3 36 38 17 45 46 6 41 16 30 64 33 38 
3 97 47 38 0 63 45 39 58 68 1 13 54 68 79 97 18 41 71 97 20 1 89 11 98 37 38 79 61 100 1 14 77 7 27 9 93 53 78 65 83 74 81 63 63 70 59 16 98 11 
69 87 63 28 63 0 63 32 86 61 28 92 61 44 40 71 64 33 22 3 18 22 76 41 25 64 24 35 22 60 78 42 100 31 46 10 93 42 59 87 69 63 14 48 68 42 38 65 40 57 
94 58 59 20 45 63 0 27 87 25 74 47 50 28 34 23 59 66 36 15 41 1 84 97 80 22 56 13 49 82 51 82 1 92 67 77 86 49 2 67 14 71 2 22 61 18 48 96 89 21 
11 37 74 87 39 32 27 0 69 28 32 45 32 66 49 78 26 76 46 36 3 36 96 93 47 67 69 47 32 61 53 86 81 68 1 89 86 89 19 80 94 3 27 80 20 52 59 11 2 32 
36 10 31 12 58 86 87 69 0 36 11 5 31 86 43 51 66 27 75 64 29 4 14 18 73 42 100 14 29 95 52 56 26 95 92 91 0 14 30 83 69 80 25 66 37 79 32 75 91 41 
20 89 37 79 68 61 25 28 36 0 29 96 21 43 42 76 6 24 77 7 0 61 24 82 48 49 63 98 86 38 15 18 99 30 55 21 75 0 20 78 33 2 57 54 16 8 21 79 10 38 
25 31 100 33 1 28 74 32 11 29 0 7 98 56 52 65 15 80 82 11 83 29 61 91 74 33 91 1 72 79 57 2 44 4 49 21 31 4 7 85 25 55 82 6 95 5 91 22 26 90 
64 66 68 17 13 92 47 45 5 96 7 0 51 44 81 52 89 19 19 7 23 64 30 49 86 40 14 32 8 96 66 2 26 25 58 58 98 66 53 99 66 98 49 100 49 31 13 62 54 16 
7 28 13 33 54 61 50 32 31 21 98 51 0 56 85 66 50 93 88 36 69 90 33 47 31 51 89 13 63 49 67 5 29 75 85 70 21 42 50 61 81 42 63 26 62 60 12 42 75 95 
69 69 4 91 68 44 28 66 86 43 56 44 56 0 76 98 76 83 63 83 69 83 72 84 36 75 31 69 47 92 33 66 59 22 74 18 65 83 68 84 5 43 93 76 0 21 71 77 44 79 
71 67 97 94 79 40 34 49 43 42 52 81 85 76 0 32 43 99 20 80 13 67 69 51 38 70 7 79 52 61 22 51 4 64 80 74 12 32 20 28 91 12 4 28 62 72 37 0 94 62 
54 78 96 98 97 71 23 78 51 76 65 52 66 98 32 0 22 62 29 44 4 26 84 28 18 47 75 56 57 34 30 33 60 15 77 12 27 81 96 32 87 67 17 84 77 69 44 24 8 88 
85 2 70 97 18 64 59 26 66 6 15 89 50 76 43 22 0 24 41 20 98 10 64 48 65 45 47 80 61 49 90 57 29 37 50 53 38 68 32 47 27 27 63 84 43 72 33 55 24 96 
60 49 47 99 41 33 66 76 27 24 80 19 93 83 99 62 24 0 93 12 96 33 28 14 10 76 22 81 0 33 29 41 10 43 13 60 100 49 99 35 80 9 14 44 71 53 26 57 98 48 
65 17 64 58 71 22 36 46 75 77 82 19 88 63 20 29 41 93 0 98 19 69 98 85 63 85 46 1 38 76 89 100 10 3 18 75 22 85 90 30 12 31 46 39 34 26 93 42 79 88 
78 14 9 9 97 3 15 36 64 7 11 7 36 83 80 44 20 12 98 0 65 59 67 66 38 12 88 57 88 8 43 39 91 24 55 90 39 96 51 81 5 25 51 79 63 67 20 59 59 69 
52 71 23 96 20 18 41 3 29 0 83 23 69 69 13 4 98 96 19 65 0 41 29 91 5 3 89 77 72 11 74 75 8 97 67 13 2 62 44 30 72 55 75 24 65 47 39 33 14 1 
85 59 95 86 1 22 1 36 4 61 29 64 90 83 67 26 10 33 69 59 41 0 82 21 88 95 26 39 69 30 71 6 38 96 82 50 20 85 36 88 53 65 90 97 84 6 35 68 9 54 
80 30 40 86 89 76 84 96 14 24 61 30 33 72 69 84 64 28 98 67 29 82 0 100 18 69 4 81 39 42 54 60 10 20 82 56 40 32 98 45 67 72 69 92 17 65 80 86 65 31 
92 33 98 1 11 41 97 93 18 82 91 49 47 84 51 28 48 14 85 66 91 21 100 0 55 38 95 67 63 32 92 36 45 43 21 29 79 64 21 84 30 20 94 13 64 26 79 66 16 26 
40 81 54 82 98 25 80 47 73 48 74 86 31 36 38 18 65 10 63 38 5 88 18 55 0 66 9 13 62 27 87 27 79 14 61 99 29 72 98 27 73 56 95 74 69 36 25 60 11 15 
38 47 95 41 37 64 22 67 42 49 33 40 51 75 70 47 45 76 85 12 3 95 69 38 66 0 72 91 8 35 82 80 75 63 84 22 66 57 39 80 47 88 95 44 98 77 94 2 49 14 
56 7 67 25 38 24 56 69 100 63 91 14 89 31 7 75 47 22 46 88 89 26 4 95 9 72 0 89 12 54 85 61 14 26 6 92 7 82 99 57 22 26 72 79 88 13 97 22 88 65 
78 7 54 21 79 35 13 47 14 98 1 32 13 69 79 56 80 81 1 57 77 39 81 67 13 91 89 0 99 84 24 68 52 100 71 42 66 98 51 99 16 54 74 56 5 56 37 58 88 17 
12 29 96 97 61 22 49 32 29 86 72 8 63 47 52 57 61 0 38 88 72 69 39 63 62 8 12 99 0 58 79 5 92 41 49 26 78 76 36 16 0 28 25 12 96 73 90 85 49 20 
56 83 95 17 100 60 82 61 95 38 79 96 49 92 61 34 49 33 76 8 11 30 42 32 27 35 54 84 58 0 25 9 29 24 95 60 39 12 93 3 20 41 99 41 41 22 35 90 26 44 
78 5 48 53 1 78 51 53 52 15 57 66 67 33 22 30 90 29 89 43 74 71 54 92 87 82 85 24 79 25 0 4 43 4 39 76 20 92 39 63 20 61 49 56 98 91 100 12 60 74 
65 49 26 62 14 42 82 86 56 18 2 2 5 66 51 33 57 41 100 39 75 6 60 36 27 80 61 68 5 9 4 0 34 38 17 83 31 7 34 30 44 2 87 91 72 13 47 15 35 36 
82 60 47 63 77 100 1 81 26 99 44 26 29 59 4 60 29 10 10 91 8 38 10 45 79 75 14 52 92 29 43 34 0 46 58 60 16 89 52 16 5 22 18 13 99 32 45 51 5 55 
3 23 5 70 7 31 92 68 95 30 4 25 75 22 64 15 37 43 3 24 97 96 20 43 14 63 26 100 41 24 4 38 46 0 33 93 47 99 7 43 10 83 68 70 94 45 61 84 86 97 
75 24 48 53 27 46 67 1 92 55 49 58 85 74 80 77 50 13 18 55 67 82 82 21 61 84 6 71 49 95 39 17 58 33 0 75 30 91 31 11 23 6 77 90 91 3 93 15 3 78 
72 28 69 93 9 10 77 89 91 21 21 58 70 18 74 12 53 60 75 90 13 50 56 29 99 22 92 42 26 60 76 83 60 93 75 0 13 3 10 57 37 6 99 38 88 93 95 81 92 91 
17 23 72 70 93 93 86 86 0 75 31 98 21 65 12 27 38 100 22 39 2 20 40 79 29 66 7 66 78 39 20 31 16 47 30 13 0 85 86 21 94 97 1 63 54 16 80 5 32 79 
16 64 43 3 53 42 49 89 14 0 4 66 42 83 32 81 68 49 85 96 62 85 32 64 72 57 82 98 76 12 92 7 89 99 91 3 85 0 67 59 69 70 31 25 34 82 13 11 51 1 
71 65 70 36 78 59 2 19 30 20 7 53 50 68 20 96 32 99 90 51 44 36 98 21 98 39 99 51 36 93 39 34 52 7 31 10 86 67 0 21 96 89 44 50 75 82 58 31 70 55 
74 18 86 38 65 87 67 80 83 78 85 99 61 84 28 32 47 35 30 81 30 88 45 84 27 80 57 99 16 3 63 30 16 43 11 57 21 59 21 0 3 12 58 35 3 33 13 6 87 94 
67 78 82 17 83 69 14 94 69 33 25 66 81 5 91 87 27 80 12 5 72 53 67 30 73 47 22 16 0 20 20 44 5 10 23 37 94 69 96 3 0 83 58 49 82 73 57 5 52 99 
97 87 35 45 74 63 71 3 80 2 55 98 42 43 12 67 27 9 31 25 55 65 72 20 56 88 26 54 28 41 61 2 22 83 6 6 97 70 89 12 83 0 74 97 23 45 70 55 24 56 
87 37 3 46 81 14 2 27 25 57 82 49 63 93 4 17 63 14 46 51 75 90 69 94 95 95 72 74 25 99 49 87 18 68 77 99 1 31 44 58 58 74 0 86 90 38 55 32 42 84 
69 87 64 6 63 48 22 80 66 54 6 100 26 76 28 84 84 44 39 79 24 97 92 13 74 44 79 56 12 41 56 91 13 70 90 38 63 25 50 35 49 97 86 0 79 84 39 29 70 0 
7 44 90 41 63 68 61 20 37 16 95 49 62 0 62 77 43 71 34 63 65 84 17 64 69 98 88 5 96 41 98 72 99 94 91 88 54 34 75 3 82 23 90 79 0 53 9 63 86 95 
28 4 91 16 70 42 18 52 79 8 5 31 60 21 72 69 72 53 26 67 47 6 65 26 36 77 13 56 73 22 91 13 32 45 3 93 16 82 82 33 73 45 38 84 53 0 43 26 45 37 
90 78 23 30 59 38 48 59 32 21 91 13 12 71 37 44 33 26 93 20 39 35 80 79 25 94 97 37 90 35 100 47 45 61 93 95 80 13 58 13 57 70 55 39 9 43 0 27 96 14 
9 8 9 64 16 65 96 11 75 79 22 62 42 77 0 24 55 57 42 59 33 68 86 66 60 2 22 58 85 90 12 15 51 84 15 81 5 11 31 6 5 55 32 29 63 26 27 0 79 43 
31 60 58 33 98 40 89 2 91 10 26 54 75 44 94 8 24 98 79 59 14 9 65 16 11 49 88 88 49 26 60 35 5 86 3 92 32 51 70 87 52 24 42 70 86 45 96 79 0 74 
69 67 24 38 11 57 21 32 41 38 90 16 95 79 62 88 96 48 88 69 1 54 31 26 15 14 65 17 20 44 74 36 55 97 78 91 79 1 55 94 99 56 84 0 95 37 14 43 74 0 
BRBBRRRBRRBRRBBBBBRBBBRRBBRRBBBRRRRBRRRBBBBBRRRBRR