50
0 79 98 86 86 100 93 82 76 85 95 18 86 88 77 98 79 87 77 75 89 97 83 87 97 77 88 90 97 90 83 83 90 98 76 95 99 96 99 95 77 24 100 92 85 87 100 96 86 74 
79 0 92 88 25 92 95 80 77 84 90 93 89 100 95 93 100 90 89 95 88 85 17 98 76 85 86 94 90 100 83 78 80 74 84 83 74 82 78 94 76 79 100 75 75 87 83 85 83 90 
98 92 0 98 83 98 24 74 94 86 94 74 81 87 84 89 84 90 95 89 93 81 89 91 99 94 88 92 80 87 100 89 84 100 95 96 74 80 91 76 100 77 92 87 82 92 90 14 91 86 
86 88 98 0 77 82 88 83 74 74 97 76 80 77 88 88 94 76 78 93 89 23 84 99 100 92 100 87 93 89 79 79 83 95 85 76 93 94 84 86 27 85 77 85 91 100 74 82 87 82 
86 25 83 77 0 84 75 88 84 100 83 80 92 95 82 87 98 83 85 98 87 95 14 91 84 91 94 79 82 92 92 95 89 97 91 87 84 91 83 99 100 79 78 93 87 80 30 96 100 94 
100 92 98 82 84 0 98 88 16 98 33 91 75 96 87 18 80 75 88 81 96 78 87 99 75 92 82 75 98 88 74 82 97 86 96 88 81 74 81 89 77 77 80 85 90 79 81 80 99 95 
93 95 24 88 75 98 0 75 100 75 83 77 76 85 88 86 98 83 81 89 90 74 96 85 93 87 76 89 77 89 95 98 74 85 97 100 81 100 79 89 88 100 90 80 81 75 88 18 76 78 
82 80 74 83 88 88 75 0 92 95 100 90 93 79 74 86 95 90 90 78 75 99 81 75 81 75 78 99 75 100 81 79 87 94 84 28 84 87 99 21 90 80 79 97 88 98 90 85 93 96 
76 77 94 74 84 16 100 92 0 82 93 93 93 78 92 29 85 34 100 98 76 89 93 86 85 85 85 91 99 89 80 90 96 81 75 81 98 85 79 83 97 85 82 90 77 84 75 90 95 95 
85 84 86 74 100 98 75 95 82 0 75 74 91 80 87 87 75 80 96 99 97 94 97 86 97 96 89 78 100 76 94 96 87 97 24 98 84 79 99 81 93 84 79 89 74 78 21 94 86 91 
95 90 94 97 83 33 83 100 93 75 0 76 86 94 78 80 84 77 79 88 75 89 99 78 97 85 86 82 97 27 95 93 75 93 88 84 84 12 85 90 99 79 79 93 82 89 91 88 90 98 
18 93 74 76 80 91 77 90 93 74 76 0 99 85 98 88 77 81 85 100 85 97 90 85 77 85 76 90 78 84 79 93 82 91 76 77 79 90 90 96 99 14 82 97 35 77 90 85 94 84 
86 89 81 80 92 75 76 93 93 91 86 99 0 86 74 90 78 100 98 90 85 74 97 33 87 100 89 86 10 76 86 28 81 89 78 99 88 81 85 83 80 77 100 96 88 89 74 95 75 98 
88 100 87 77 95 96 85 79 78 80 94 85 86 0 96 74 82 85 77 86 90 82 85 81 84 95 16 30 84 90 77 99 75 76 96 99 79 91 93 89 80 89 89 97 95 28 91 86 76 80 
77 95 84 88 82 87 88 74 92 87 78 98 74 96 0 77 16 86 24 82 84 83 74 84 85 92 79 100 95 80 86 93 90 98 88 91 90 74 99 35 79 85 82 99 88 81 88 98 76 83 
98 93 89 88 87 18 86 86 29 87 80 88 90 74 77 0 85 80 97 82 78 86 98 94 92 91 84 87 97 76 95 89 94 78 86 79 95 90 81 79 77 93 75 75 74 74 75 92 90 88 
79 100 84 94 98 80 98 95 85 75 84 77 78 82 16 85 0 98 22 99 91 97 86 98 94 76 87 77 81 92 76 81 75 78 35 89 91 81 76 85 92 98 96 81 79 91 83 74 87 81 
87 90 90 76 83 75 83 90 34 80 77 81 100 85 86 80 98 0 81 80 23 93 98 84 97 81 99 100 74 78 83 100 94 98 95 100 77 77 82 77 81 95 10 83 79 77 90 87 76 92 
77 89 95 78 85 88 81 90 100 96 79 85 98 77 24 97 22 81 0 75 81 89 90 100 90 98 84 90 96 94 82 88 85 81 81 86 99 76 88 75 93 85 81 79 89 80 90 79 83 80 
75 95 89 93 98 81 89 78 98 99 88 100 90 86 82 82 99 80 75 0 87 95 93 84 99 80 95 90 34 85 96 90 15 99 78 75 76 83 95 97 94 81 81 76 78 87 75 74 24 84 
89 88 93 89 87 96 90 75 76 97 75 85 85 90 84 78 91 23 81 87 0 100 82 84 91 79 91 82 74 97 98 86 80 83 75 99 81 83 98 91 100 74 27 83 89 77 96 80 77 83 
97 85 81 23 95 78 74 99 89 94 89 97 74 82 83 86 97 93 89 95 100 0 78 81 35 76 90 88 74 82 78 82 93 74 83 79 81 85 80 82 16 77 88 76 90 80 93 96 92 84 
83 17 89 84 14 87 96 81 93 97 99 90 97 85 74 98 86 98 90 93 82 78 0 92 78 75 77 92 96 92 100 89 77 100 76 76 88 76 89 74 34 88 91 82 77 78 88 87 95 86 
87 98 91 99 91 99 85 75 86 86 78 85 33 81 84 94 98 84 100 84 84 81 92 0 91 18 86 97 93 87 95 83 97 89 84 94 12 77 99 89 80 89 97 74 99 85 89 84 78 96 
97 76 99 100 84 75 93 81 85 97 97 77 87 84 85 92 94 97 90 99 91 35 78 91 0 89 80 96 91 84 14 93 75 92 99 79 76 87 85 93 82 92 84 84 100 95 88 95 99 25 
77 85 94 92 91 92 87 75 85 96 85 85 100 95 92 91 76 81 98 80 79 76 75 18 89 0 97 95 100 94 98 79 94 88 79 95 24 86 98 92 100 78 92 88 99 100 85 98 98 85 
88 86 88 100 94 82 76 78 85 89 86 76 89 16 79 84 87 99 84 95 91 90 77 86 80 97 0 88 91 81 94 87 86 94 97 84 87 100 34 78 83 92 74 76 84 21 87 77 87 90 
90 94 92 87 79 75 89 99 91 78 82 90 86 30 100 87 77 100 90 90 82 88 92 97 96 95 88 0 96 89 99 91 86 76 99 80 79 91 87 80 92 78 78 17 16 74 100 83 95 100 
97 90 80 93 82 98 77 75 99 100 97 78 10 84 95 97 81 74 96 34 74 74 96 93 91 100 91 96 0 95 92 23 96 94 78 80 96 81 85 98 97 99 94 75 80 77 99 79 77 76 
90 100 87 89 92 88 89 100 89 76 27 84 76 90 80 76 92 78 94 85 97 82 92 87 84 94 81 89 95 0 88 97 83 98 94 88 85 17 84 83 92 84 98 90 97 89 96 86 78 88 
83 83 100 79 92 74 95 81 80 94 95 79 86 77 86 95 76 83 82 96 98 78 100 95 14 98 94 99 92 88 0 81 90 85 75 94 74 89 100 78 82 80 33 78 78 96 97 79 92 19 
83 78 89 79 95 82 98 79 90 96 93 93 28 99 93 89 81 100 88 90 86 82 89 83 93 79 87 91 23 97 81 0 96 94 100 96 81 98 84 83 75 100 95 85 74 89 94 74 80 84 
90 80 84 83 89 97 74 87 96 87 75 82 81 75 90 94 75 94 85 15 80 93 77 97 75 94 86 86 96 83 90 96 0 76 86 92 77 99 91 83 82 31 98 78 76 92 94 76 23 93 
98 74 100 95 97 86 85 94 81 97 93 91 89 76 98 78 78 98 81 99 83 74 100 89 92 88 94 76 94 98 85 94 76 0 77 82 82 98 29 85 85 85 96 85 77 86 100 83 84 80 
76 84 95 85 91 96 97 84 75 24 88 76 78 96 88 86 35 95 81 78 75 83 76 84 99 79 97 99 78 94 75 100 86 77 0 99 82 88 75 96 80 86 81 76 80 79 12 85 95 79 
95 83 96 76 87 88 100 28 81 98 84 77 99 99 91 79 89 100 86 75 99 79 76 94 79 95 84 80 80 88 94 96 92 82 99 0 80 88 87 13 74 77 100 87 80 87 80 30 88 82 
99 74 74 93 84 81 81 84 98 84 84 79 88 79 90 95 91 77 99 76 81 81 88 12 76 24 87 79 96 85 74 81 77 82 82 80 0 34 93 90 96 82 75 83 96 97 78 90 78 77 
96 82 80 94 91 74 100 87 85 79 12 90 81 91 74 90 81 77 76 83 83 85 76 77 87 86 100 91 81 17 89 98 99 98 88 88 34 0 86 78 89 78 97 75 96 77 85 77 82 91 
99 78 91 84 83 81 79 99 79 99 85 90 85 93 99 81 76 82 88 95 98 80 89 99 85 98 34 87 85 84 100 84 91 29 75 87 93 86 0 75 82 92 83 94 94 74 87 75 85 95 
95 94 76 86 99 89 89 21 83 81 90 96 83 89 35 79 85 77 75 97 91 82 74 89 93 92 78 80 98 83 78 83 83 85 96 13 90 78 75 0 77 97 89 82 83 78 80 99 78 76 
77 76 100 27 100 77 88 90 97 93 99 99 80 80 79 77 92 81 93 94 100 16 34 80 82 100 83 92 97 92 82 75 82 85 80 74 96 89 82 77 0 78 89 75 95 99 87 75 87 99 
24 79 77 85 79 77 100 80 85 84 79 14 77 89 85 93 98 95 85 81 74 77 88 89 92 78 92 78 99 84 80 100 31 85 86 77 82 78 92 97 78 0 88 80 82 84 94 88 75 86 
100 100 92 77 78 80 90 79 82 79 79 82 100 89 82 75 96 10 81 81 27 88 91 97 84 92 74 78 94 98 33 95 98 96 81 100 75 97 83 89 89 88 0 83 97 76 90 81 86 93 
92 75 87 85 93 85 80 97 90 89 93 97 96 97 99 75 81 83 79 76 83 76 82 74 84 88 76 17 75 90 78 85 78 85 76 87 83 75 94 82 75 80 83 0 25 81 85 98 90 85 
85 75 82 91 87 90 81 88 77 74 82 35 88 95 88 74 79 79 89 78 89 90 77 99 100 99 84 16 80 97 78 74 76 77 80 80 96 96 94 83 95 82 97 25 0 92 74 98 98 84 
87 87 92 100 80 79 75 98 84 78 89 77 89 28 81 74 91 77 80 87 77 80 78 85 95 100 21 74 77 89 96 89 92 86 79 87 97 77 74 78 99 84 76 81 92 0 86 78 90 88 
100 83 90 74 30 81 88 90 75 21 91 90 74 91 88 75 83 90 90 75 96 93 88 89 88 85 87 100 99 96 97 94 94 100 12 80 78 85 87 80 87 94 90 85 74 86 0 77 81 74 
96 85 14 82 96 80 18 85 90 94 88 85 95 86 98 92 74 87 79 74 80 96 87 84 95 98 77 83 79 86 79 74 76 83 85 30 90 77 75 99 75 88 81 98 98 78 77 0 80 82 
86 83 91 87 100 99 76 93 95 86 90 94 75 76 76 90 87 76 83 24 77 92 95 78 99 98 87 95 77 78 92 80 23 84 95 88 78 82 85 78 87 75 86 90 98 90 81 80 0 80 
74 90 86 82 94 95 78 96 95 91 98 84 98 80 83 88 81 92 80 84 83 84 86 96 25 85 90 100 76 88 19 84 93 80 79 82 77 91 95 76 99 86 93 85 84 88 74 82 80 0 
RBRRRRBRRRBBBBRBRBBRRBRRRBBRBRRRRBBBRBRBBBBBRRBRBB
