50
0 77 20 37 9 8 69 51 54 65 47 42 23 5 51 60 5 77 66 87 63 86 29 35 66 40 5 31 51 45 0 49 84 67 10 30 29 26 38 66 14 24 20 17 9 42 23 90 21 35 
77 0 55 79 20 67 41 93 48 49 49 67 13 88 44 34 81 0 50 27 92 49 82 3 34 74 96 47 100 19 19 51 3 100 63 68 3 87 20 99 46 14 5 54 7 94 14 52 7 34 
20 55 0 100 13 26 83 92 22 93 37 5 89 69 99 46 75 35 29 12 1 65 25 50 92 37 71 48 96 75 94 96 94 49 7 71 50 24 76 57 49 58 89 84 94 14 91 35 54 3 
37 79 100 0 94 74 58 93 80 11 45 26 6 74 26 6 23 85 35 87 57 64 37 56 89 85 55 4 15 69 53 22 72 83 33 51 34 54 33 44 19 67 72 79 97 69 87 56 48 78 
9 20 13 94 0 45 66 91 96 25 1 30 98 23 39 45 15 39 88 86 24 33 54 50 38 53 47 58 13 81 78 77 31 35 33 67 99 16 83 2 26 72 42 96 53 91 13 45 89 96 
8 67 26 74 45 0 29 70 2 1 90 31 10 44 76 76 24 65 32 97 96 67 24 3 46 17 22 6 79 93 42 33 90 27 93 67 53 78 65 79 37 66 9 93 37 85 76 45 9 53 
69 41 83 58 66 29 0 15 75 4 76 64 17 44 16 38 60 93 77 38 19 33 27 71 82 2 32 76 85 73 72 70 84 44 15 64 27 27 83 52 46 90 80 10 74 80 0 93 90 16 
51 93 92 93 91 70 15 0 89 88 20 87 8 50 60 81 2 79 4 84 51 29 26 55 90 54 35 94 10 72 3 69 54 59 9 84 56 77 96 22 11 53 72 36 51 18 77 94 85 84 
54 48 22 80 96 2 75 89 0 75 80 26 90 99 60 77 81 92 9 76 55 16 9 85 25 33 48 84 79 3 17 43 6 84 48 27 60 29 98 26 47 43 31 29 34 16 51 100 91 8 
65 49 93 11 25 1 4 88 75 0 54 50 66 66 8 16 26 100 0 41 14 82 52 45 77 17 63 92 21 42 85 45 37 48 42 12 100 46 14 90 57 89 72 84 26 52 100 78 21 99 
47 49 37 45 1 90 76 20 80 54 0 64 62 81 74 48 35 58 10 48 35 7 90 29 71 5 10 16 42 48 95 78 60 59 50 22 95 7 57 93 90 25 28 60 42 49 36 94 6 32 
42 67 5 26 30 31 64 87 26 50 64 0 8 90 86 88 3 97 97 78 91 12 91 79 38 29 49 85 58 66 46 56 5 49 23 6 45 31 53 80 94 93 32 74 11 82 15 78 8 73 
23 13 89 6 98 10 17 8 90 66 62 8 0 26 90 99 80 62 31 100 55 3 66 68 93 82 17 11 86 1 62 24 5 82 26 44 64 74 18 78 52 26 14 37 23 46 73 6 92 7 
5 88 69 74 23 44 44 50 99 66 81 90 26 0 96 68 52 98 92 17 15 21 60 46 96 84 10 82 49 30 54 25 31 73 73 47 47 32 79 81 71 21 45 4 98 65 84 90 40 34 
51 44 99 26 39 76 16 60 60 8 74 86 90 96 0 8 5 23 70 75 35 22 22 19 34 13 28 92 61 55 89 42 54 59 15 11 79 54 84 55 14 100 17 56 56 61 2 61 96 26 
60 34 46 6 45 76 38 81 77 16 48 88 99 68 8 0 20 22 33 36 73 69 66 65 55 68 40 27 92 32 34 19 17 92 79 19 44 97 82 54 13 60 87 39 42 78 90 33 9 56 
5 81 75 23 15 24 60 2 81 26 35 3 80 52 5 20 0 38 58 25 47 22 63 50 54 87 46 94 62 38 87 77 83 2 48 26 50 78 9 31 44 22 6 98 8 78 41 63 62 98 
77 0 35 85 39 65 93 79 92 100 58 97 62 98 23 22 38 0 60 21 32 27 2 62 96 29 41 15 85 34 60 24 77 85 77 74 37 87 77 84 96 2 65 76 89 19 95 34 60 14 
66 50 29 35 88 32 77 4 9 0 10 97 31 92 70 33 58 60 0 100 72 77 8 39 68 80 44 51 22 3 88 75 51 95 49 7 5 49 42 60 81 15 17 39 91 89 57 35 5 45 
87 27 12 87 86 97 38 84 76 41 48 78 100 17 75 36 25 21 100 0 38 58 43 27 70 63 75 19 57 38 30 76 45 56 41 86 77 48 16 76 88 92 38 25 73 78 93 74 11 81 
63 92 1 57 24 96 19 51 55 14 35 91 55 15 35 73 47 32 72 38 0 60 10 3 86 66 69 51 30 33 5 22 71 23 0 97 53 2 42 53 16 30 9 64 15 73 81 29 78 30 
86 49 65 64 33 67 33 29 16 82 7 12 3 21 22 69 22 27 77 58 60 0 37 60 11 29 61 18 92 50 87 19 30 62 76 75 58 62 99 60 98 17 50 86 56 20 36 90 3 39 
29 82 25 37 54 24 27 26 9 52 90 91 66 60 22 66 63 2 8 43 10 37 0 7 93 61 94 63 97 3 46 66 16 31 85 87 79 80 85 60 92 17 27 97 55 71 12 15 67 100 
35 3 50 56 50 3 71 55 85 45 29 79 68 46 19 65 50 62 39 27 3 60 7 0 0 72 6 45 24 11 100 12 88 93 2 5 66 55 82 61 77 76 96 30 79 64 13 80 56 84 
66 34 92 89 38 46 82 90 25 77 71 38 93 96 34 55 54 96 68 70 86 11 93 0 0 25 80 52 83 42 56 6 34 55 56 77 54 28 12 95 35 34 35 77 92 7 81 37 38 32 
40 74 37 85 53 17 2 54 33 17 5 29 82 84 13 68 87 29 80 63 66 29 61 72 25 0 74 46 90 67 38 47 49 36 71 13 46 30 49 33 35 35 10 90 11 83 34 69 71 49 
5 96 71 55 47 22 32 35 48 63 10 49 17 10 28 40 46 41 44 75 69 61 94 6 80 74 0 62 32 93 61 76 43 98 100 20 53 88 12 55 13 44 2 40 55 19 78 22 63 16 
31 47 48 4 58 6 76 94 84 92 16 85 11 82 92 27 94 15 51 19 51 18 63 45 52 46 62 0 38 28 33 52 48 28 100 62 14 94 86 35 91 89 100 80 42 31 90 100 14 14 
51 100 96 15 13 79 85 10 79 21 42 58 86 49 61 92 62 85 22 57 30 92 97 24 83 90 32 38 0 55 63 97 52 98 77 59 40 98 17 15 40 23 99 50 87 30 64 91 56 40 
45 19 75 69 81 93 73 72 3 42 48 66 1 30 55 32 38 34 3 38 33 50 3 11 42 67 93 28 55 0 70 80 30 92 44 73 74 46 22 84 4 59 19 90 63 82 74 33 54 33 
0 19 94 53 78 42 72 3 17 85 95 46 62 54 89 34 87 60 88 30 5 87 46 100 56 38 61 33 63 70 0 9 0 24 69 97 83 29 35 55 11 67 65 13 68 74 6 41 81 62 
49 51 96 22 77 33 70 69 43 45 78 56 24 25 42 19 77 24 75 76 22 19 66 12 6 47 76 52 97 80 9 0 47 87 99 84 97 66 28 73 84 45 62 39 86 68 31 65 57 10 
84 3 94 72 31 90 84 54 6 37 60 5 5 31 54 17 83 77 51 45 71 30 16 88 34 49 43 48 52 30 0 47 0 8 37 37 51 61 17 9 69 51 51 93 42 81 67 78 97 2 
67 100 49 83 35 27 44 59 84 48 59 49 82 73 59 92 2 85 95 56 23 62 31 93 55 36 98 28 98 92 24 87 8 0 30 99 89 87 66 82 95 50 74 16 47 59 67 73 28 21 
10 63 7 33 33 93 15 9 48 42 50 23 26 73 15 79 48 77 49 41 0 76 85 2 56 71 100 100 77 44 69 99 37 30 0 82 21 85 9 50 35 73 1 23 42 49 79 55 30 7 
30 68 71 51 67 67 64 84 27 12 22 6 44 47 11 19 26 74 7 86 97 75 87 5 77 13 20 62 59 73 97 84 37 99 82 0 4 98 18 88 46 40 9 20 87 82 4 92 91 60 
29 3 50 34 99 53 27 56 60 100 95 45 64 47 79 44 50 37 5 77 53 58 79 66 54 46 53 14 40 74 83 97 51 89 21 4 0 78 23 98 10 63 28 29 28 34 73 38 24 41 
26 87 24 54 16 78 27 77 29 46 7 31 74 32 54 97 78 87 49 48 2 62 80 55 28 30 88 94 98 46 29 66 61 87 85 98 78 0 89 60 65 15 65 10 11 46 29 2 96 81 
38 20 76 33 83 65 83 96 98 14 57 53 18 79 84 82 9 77 42 16 42 99 85 82 12 49 12 86 17 22 35 28 17 66 9 18 23 89 0 47 22 30 100 1 80 0 42 28 29 100 
66 99 57 44 2 79 52 22 26 90 93 80 78 81 55 54 31 84 60 76 53 60 60 61 95 33 55 35 15 84 55 73 9 82 50 88 98 60 47 0 69 47 64 0 10 82 8 11 80 10 
14 46 49 19 26 37 46 11 47 57 90 94 52 71 14 13 44 96 81 88 16 98 92 77 35 35 13 91 40 4 11 84 69 95 35 46 10 65 22 69 0 42 70 12 38 45 50 24 69 17 
24 14 58 67 72 66 90 53 43 89 25 93 26 21 100 60 22 2 15 92 30 17 17 76 34 35 44 89 23 59 67 45 51 50 73 40 63 15 30 47 42 0 16 66 2 4 82 97 38 82 
20 5 89 72 42 9 80 72 31 72 28 32 14 45 17 87 6 65 17 38 9 50 27 96 35 10 2 100 99 19 65 62 51 74 1 9 28 65 100 64 70 16 0 23 20 41 38 6 66 4 
17 54 84 79 96 93 10 36 29 84 60 74 37 4 56 39 98 76 39 25 64 86 97 30 77 90 40 80 50 90 13 39 93 16 23 20 29 10 1 0 12 66 23 0 86 85 86 86 4 42 
9 7 94 97 53 37 74 51 34 26 42 11 23 98 56 42 8 89 91 73 15 56 55 79 92 11 55 42 87 63 68 86 42 47 42 87 28 11 80 10 38 2 20 86 0 80 60 45 47 53 
42 94 14 69 91 85 80 18 16 52 49 82 46 65 61 78 78 19 89 78 73 20 71 64 7 83 19 31 30 82 74 68 81 59 49 82 34 46 0 82 45 4 41 85 80 0 71 46 45 37 
23 14 91 87 13 76 0 77 51 100 36 15 73 84 2 90 41 95 57 93 81 36 12 13 81 34 78 90 64 74 6 31 67 67 79 4 73 29 42 8 50 82 38 86 60 71 0 88 52 55 
90 52 35 56 45 45 93 94 100 78 94 78 6 90 61 33 63 34 35 74 29 90 15 80 37 69 22 100 91 33 41 65 78 73 55 92 38 2 28 11 24 97 6 86 45 46 88 0 24 31 
21 7 54 48 89 9 90 85 91 21 6 8 92 40 96 9 62 60 5 11 78 3 67 56 38 71 63 14 56 54 81 57 97 28 30 91 24 96 29 80 69 38 66 4 47 45 52 24 0 60 
35 34 3 78 96 53 16 84 8 99 32 73 7 34 26 56 98 14 45 81 30 39 100 84 32 49 16 14 40 33 62 10 2 21 7 60 41 81 100 10 17 82 4 42 53 37 55 31 60 0 
BBRRBRRRRRBBBBRRBBBRRBRBBRBRBBRRRBBRBRRRRBRBBBRBBR