50
0 56 31 19 83 75 66 21 4 59 56 27 31 49 32 36 17 56 0 79 78 48 27 4 44 43 68 28 55 12 29 84 38 60 55 17 38 70 95 39 10 16 84 41 47 99 22 79 4 67
56 0 73 2 50 85 61 5 75 21 63 100 63 21 65 89 52 32 88 55 10 18 31 26 55 97 86 83 34 11 29 22 13 68 21 86 78 81 6 51 10 47 3 8 48 30 30 85 18 7
31 73 0 45 90 18 61 4 58 18 98 26 10 50 39 60 71 72 26 65 19 16 12 33 35 49 95 52 34 83 57 90 28 63 40 66 57 84 16 47 28 84 82 9 97 74 98 42 90 89
19 2 45 0 2 3 44 99 17 23 11 60 16 61 11 17 64 54 33 38 16 62 81 17 24 15 50 27 31 32 27 20 63 91 20 2 77 81 19 19 67 81 9 73 56 84 62 9 46 90
83 50 90 2 0 22 15 35 19 98 73 5 37 51 0 65 80 83 16 33 12 23 99 15 79 100 30 33 75 17 12 62 15 39 22 12 74 3 82 31 90 31 99 39 21 59 96 94 94 46
75 85 18 3 22 0 87 45 46 33 59 19 100 25 48 17 36 29 71 32 90 31 16 65 57 93 52 11 30 11 63 16 44 46 13 3 40 41 62 56 45 39 84 66 5 9 76 67 0 3
66 61 61 44 15 87 0 56 34 56 30 69 69 4 80 57 1 84 1 72 81 77 100 36 28 56 54 12 64 28 17 81 92 77 71 33 71 55 20 79 75 1 84 30 83 96 75 58 35 13
21 5 4 99 35 45 56 0 56 23 49 64 60 12 51 87 84 13 100 37 7 47 58 48 40 7 90 76 21 75 62 85 85 72 73 52 63 28 26 16 48 44 20 19 6 33 6 56 69 53
4 75 58 17 19 46 34 56 0 85 14 81 83 42 52 21 92 45 32 20 82 77 33 10 47 75 76 66 61 72 34 0 96 33 9 71 93 1 19 57 58 91 15 20 72 58 100 71 3 78
59 21 18 23 98 33 56 23 85 0 20 83 32 19 74 68 20 8 64 40 55 2 77 98 58 99 46 53 59 10 68 35 58 97 46 84 42 67 37 32 14 77 67 62 85 31 55 6 56 79
56 63 98 11 73 59 30 49 14 20 0 52 35 49 54 20 32 34 27 27 65 93 50 66 25 90 83 81 21 78 90 52 95 13 10 12 2 82 70 67 32 46 13 14 71 63 74 77 69 52
27 100 26 60 5 19 69 64 81 83 52 0 17 64 60 43 95 70 31 40 94 57 38 60 17 55 42 35 86 53 91 1 41 39 16 16 100 4 21 99 36 24 31 72 8 14 17 9 72 48
31 63 10 16 37 100 69 60 83 32 35 17 0 59 15 67 7 30 16 8 16 62 79 35 49 20 2 18 26 51 87 20 27 4 75 20 17 58 14 5 21 94 3 96 34 60 89 71 28 39
49 21 50 61 51 25 4 12 42 19 49 64 59 0 49 40 63 49 2 47 95 68 34 72 48 7 36 72 87 68 78 60 49 72 31 34 13 81 67 7 0 18 30 2 98 56 71 94 98 82
32 65 39 11 0 48 80 51 52 74 54 60 15 49 0 23 15 24 42 62 35 14 22 50 37 16 44 27 13 75 10 33 64 46 77 36 91 39 2 35 88 30 31 88 52 50 66 23 60 75
36 89 60 17 65 17 57 87 21 68 20 43 67 40 23 0 89 5 90 77 29 76 7 35 30 9 22 70 68 86 81 72 51 39 38 44 9 43 18 93 63 59 96 83 35 47 19 56 58 23
17 52 71 64 80 36 1 84 92 20 32 95 7 63 15 89 0 59 69 23 62 53 28 26 54 25 35 26 24 62 25 36 27 5 16 39 33 81 5 82 40 4 62 18 78 61 94 40 74 84
56 32 72 54 83 29 84 13 45 8 34 70 30 49 24 5 59 0 16 97 42 23 82 30 3 7 64 1 39 22 13 54 45 12 90 1 48 1 54 24 29 39 53 97 23 41 0 100 98 70
0 88 26 33 16 71 1 100 32 64 27 31 16 2 42 90 69 16 0 87 16 79 33 33 96 47 16 49 82 78 25 22 75 10 68 74 80 19 52 94 28 66 10 12 81 6 79 91 43 4
79 55 65 38 33 32 72 37 20 40 27 40 8 47 62 77 23 97 87 0 90 4 78 51 54 60 63 44 33 43 66 75 28 72 58 60 18 19 77 89 8 11 66 43 47 71 33 26 23 83
78 10 19 16 12 90 81 7 82 55 65 94 16 95 35 29 62 42 16 90 0 68 58 17 32 3 69 88 39 89 3 19 45 1 63 89 72 42 27 89 27 49 9 41 93 32 90 0 5 29
48 18 16 62 23 31 77 47 77 2 93 57 62 68 14 76 53 23 79 4 68 0 38 46 5 30 43 38 55 54 41 22 83 5 61 49 92 51 4 25 14 24 53 29 89 19 29 51 46 72
27 31 12 81 99 16 100 58 33 77 50 38 79 34 22 7 28 82 33 78 58 38 0 57 45 25 10 89 68 2 1 31 47 54 22 70 42 39 42 62 41 90 16 99 43 49 72 95 79 74
4 26 33 17 15 65 36 48 10 98 66 60 35 72 50 35 26 30 33 51 17 46 57 0 33 96 19 84 10 73 73 48 17 25 0 69 56 9 25 85 80 78 13 99 46 0 82 90 19 31
44 55 35 24 79 57 28 40 47 58 25 17 49 48 37 30 54 3 96 54 32 5 45 33 0 18 19 11 61 11 50 92 77 60 35 78 59 21 5 30 55 68 92 28 59 99 12 64 14 81
43 97 49 15 100 93 56 7 75 99 90 55 20 7 16 9 25 7 47 60 3 30 25 96 18 0 9 81 56 89 88 21 20 86 50 5 13 84 48 68 95 55 97 38 13 54 13 85 10 70
68 86 95 50 30 52 54 90 76 46 83 42 2 36 44 22 35 64 16 63 69 43 10 19 19 9 0 16 96 31 76 22 90 71 56 80 94 6 97 82 58 51 7 0 79 14 33 81 8 74
28 83 52 27 33 11 12 76 66 53 81 35 18 72 27 70 26 1 49 44 88 38 89 84 11 81 16 0 16 79 74 73 87 10 45 39 41 82 97 50 94 8 38 38 24 94 58 92 74 81
55 34 34 31 75 30 64 21 61 59 21 86 26 87 13 68 24 39 82 33 39 55 68 10 61 56 96 16 0 31 19 93 39 24 12 22 94 39 100 14 22 7 95 79 92 87 51 24 95 71
12 11 83 32 17 11 28 75 72 10 78 53 51 68 75 86 62 22 78 43 89 54 2 73 11 89 31 79 31 0 69 62 97 67 62 27 69 31 93 90 40 91 38 94 71 11 19 69 5 70
29 29 57 27 12 63 17 62 34 68 90 91 87 78 10 81 25 13 25 66 3 41 1 73 50 88 76 74 19 69 0 100 38 95 33 49 19 39 92 72 19 69 51 80 64 51 57 9 4 11
84 22 90 20 62 16 81 85 0 35 52 1 20 60 33 72 36 54 22 75 19 22 31 48 92 21 22 73 93 62 100 0 93 95 87 91 99 70 53 61 10 23 50 11 88 42 12 59 53 7
38 13 28 63 15 44 92 85 96 58 95 41 27 49 64 51 27 45 75 28 45 83 47 17 77 20 90 87 39 97 38 93 0 87 0 18 10 80 92 24 94 11 43 15 62 58 81 55 17 44
60 68 63 91 39 46 77 72 33 97 13 39 4 72 46 39 5 12 10 72 1 5 54 25 60 86 71 10 24 67 95 95 87 0 38 79 44 96 9 27 59 70 4 94 37 40 77 16 48 28
55 21 40 20 22 13 71 73 9 46 10 16 75 31 77 38 16 90 68 58 63 61 22 0 35 50 56 45 12 62 33 87 0 38 0 38 48 66 26 4 100 13 58 54 90 82 13 19 34 85
17 86 66 2 12 3 33 52 71 84 12 16 20 34 36 44 39 1 74 60 89 49 70 69 78 5 80 39 22 27 49 91 18 79 38 0 0 32 97 73 30 60 9 53 30 7 30 81 100 11
38 78 57 77 74 40 71 63 93 42 2 100 17 13 91 9 33 48 80 18 72 92 42 56 59 13 94 41 94 69 19 99 10 44 48 0 0 51 30 6 77 12 7 57 40 54 77 41 1 31
70 81 84 81 3 41 55 28 1 67 82 4 58 81 39 43 81 1 19 19 42 51 39 9 21 84 6 82 39 31 39 70 80 96 66 32 51 0 100 21 44 98 48 32 92 82 94 88 8 45
95 6 16 19 82 62 20 26 19 37 70 21 14 67 2 18 5 54 52 77 27 4 42 25 5 48 97 97 100 93 92 53 92 9 26 97 30 100 0 16 30 7 96 64 8 16 17 47 69 45
39 51 47 19 31 56 79 16 57 32 67 99 5 7 35 93 82 24 94 89 89 25 62 85 30 68 82 50 14 90 72 61 24 27 4 73 6 21 16 0 50 70 100 57 81 72 72 43 35 92
10 10 28 67 90 45 75 48 58 14 32 36 21 0 88 63 40 29 28 8 27 14 41 80 55 95 58 94 22 40 19 10 94 59 100 30 77 44 30 50 0 2 41 73 40 75 58 54 54 85
16 47 84 81 31 39 1 44 91 77 46 24 94 18 30 59 4 39 66 11 49 24 90 78 68 55 51 8 7 91 69 23 11 70 13 60 12 98 7 70 2 0 78 65 86 54 3 3 60 45
84 3 82 9 99 84 84 20 15 67 13 31 3 30 31 96 62 53 10 66 9 53 16 13 92 97 7 38 95 38 51 50 43 4 58 9 7 48 96 100 41 78 0 50 87 79 71 10 94 46
41 8 9 73 39 66 30 19 20 62 14 72 96 2 88 83 18 97 12 43 41 29 99 99 28 38 0 38 79 94 80 11 15 94 54 53 57 32 64 57 73 65 50 0 80 50 55 77 56 9
47 48 97 56 21 5 83 6 72 85 71 8 34 98 52 35 78 23 81 47 93 89 43 46 59 13 79 24 92 71 64 88 62 37 90 30 40 92 8 81 40 86 87 80 0 8 84 7 85 65
99 30 74 84 59 9 96 33 58 31 63 14 60 56 50 47 61 41 6 71 32 19 49 0 99 54 14 94 87 11 51 42 58 40 82 7 54 82 16 72 75 54 79 50 8 0 88 15 12 49
22 30 98 62 96 76 75 6 100 55 74 17 89 71 66 19 94 0 79 33 90 29 72 82 12 13 33 58 51 19 57 12 81 77 13 30 77 94 17 72 58 3 71 55 84 88 0 84 86 95
79 85 42 9 94 67 58 56 71 6 77 9 71 94 23 56 40 100 91 26 0 51 95 90 64 85 81 92 24 69 9 59 55 16 19 81 41 88 47 43 54 3 10 77 7 15 84 0 47 29
4 18 90 46 94 0 35 69 3 56 69 72 28 98 60 58 74 98 43 23 5 46 79 19 14 10 8 74 95 5 4 53 17 48 34 100 1 8 69 35 54 60 94 56 85 12 86 47 0 95
67 7 89 90 46 3 13 53 78 79 52 48 39 82 75 23 84 70 4 83 29 72 74 31 81 70 74 81 71 70 11 7 44 28 85 11 31 45 45 92 85 45 46 9 65 49 95 29 95 0
BBBRRBBBRBRBRRBRBBRRBRRRBBBBRRRRRBRBBRBBRBRRBRBRBR