40
0 19 17 23 21 13 24 6 17 16 19 22 25 11 11 13 3 4 15 6 32 44 42 35 50 43 29 31 43 40 49 39 25 27 31 26 49 30 46 28 
19 0 23 18 16 21 16 23 0 11 20 22 20 20 10 14 21 9 17 23 35 41 47 48 42 48 42 40 31 41 28 42 31 28 25 28 50 30 25 40 
17 23 0 15 14 24 23 23 12 21 7 18 1 23 0 7 8 7 8 11 47 30 42 49 42 35 27 33 37 49 30 43 49 30 34 31 49 49 30 36 
23 18 15 0 5 9 21 8 5 2 23 14 9 3 7 9 25 7 13 9 30 33 45 28 31 26 32 30 35 45 40 47 45 45 49 32 43 39 48 39 
21 16 14 5 0 23 3 8 4 1 9 14 21 12 22 7 24 11 6 25 99 79 85 85 89 77 76 92 86 92 82 75 86 80 80 93 99 83 98 89 
13 21 24 9 23 0 2 16 23 13 12 21 10 7 11 14 15 8 2 24 90 97 91 78 91 86 91 82 85 83 79 79 83 77 100 91 86 99 100 85 
24 16 23 21 3 2 0 24 20 24 23 0 4 12 6 15 2 0 12 13 89 93 95 79 77 75 91 87 84 88 94 88 95 100 97 83 96 85 90 92 
6 23 23 8 8 16 24 0 19 16 0 4 24 1 21 0 3 8 24 4 83 91 86 100 97 96 98 80 79 94 87 80 89 75 96 86 83 100 100 94 
17 0 12 5 4 23 20 19 0 4 24 9 16 7 9 8 13 0 23 10 96 85 86 88 87 89 95 78 97 95 77 93 94 78 99 81 79 80 80 82 
16 11 21 2 1 13 24 16 4 0 3 24 10 15 17 20 6 6 0 20 82 95 78 99 87 90 81 76 85 86 85 78 79 79 92 85 80 78 90 93 
19 20 7 23 9 12 23 0 24 3 0 4 4 19 4 11 13 12 16 19 77 78 79 81 100 91 77 75 85 85 81 79 100 84 95 96 95 92 75 96 
22 22 18 14 14 21 0 4 9 24 4 0 1 3 21 22 21 9 5 1 76 92 86 90 86 79 80 77 87 85 76 78 89 75 97 90 81 80 99 79 
25 20 1 9 21 10 4 24 16 10 4 1 0 2 3 16 14 3 12 15 92 95 80 87 77 89 91 75 87 87 100 75 83 85 87 93 90 94 92 90 
11 20 23 3 12 7 12 1 7 15 19 3 2 0 19 15 13 4 7 19 89 83 91 81 81 86 82 98 87 76 97 76 84 94 84 90 90 80 89 76 
11 10 0 7 22 11 6 21 9 17 4 21 3 19 0 13 4 7 12 25 84 94 97 100 90 85 77 99 85 78 100 76 82 91 100 100 76 76 75 75 
13 14 7 9 7 14 15 0 8 20 11 22 16 15 13 0 23 0 7 20 98 96 78 92 94 76 93 79 90 89 97 96 90 75 81 83 75 76 78 76 
3 21 8 25 24 15 2 3 13 6 13 21 14 13 4 23 0 1 16 12 82 98 92 82 94 76 82 92 96 93 88 85 86 94 86 98 92 80 95 87 
4 9 7 7 11 8 0 8 0 6 12 9 3 4 7 0 1 0 6 10 80 89 91 91 88 88 91 79 82 99 83 85 82 77 94 98 90 83 83 98 
15 17 8 13 6 2 12 24 23 0 16 5 12 7 12 7 16 6 0 23 100 78 80 99 90 88 90 78 96 85 84 94 76 92 80 95 80 95 81 93 
6 23 11 9 25 24 13 4 10 20 19 1 15 19 25 20 12 10 23 0 99 86 91 86 78 80 93 93 93 81 97 97 82 81 76 82 93 80 100 82 
32 35 47 30 99 90 89 83 96 82 77 76 92 89 84 98 82 80 100 99 0 0 13 4 9 8 0 4 14 4 17 3 9 20 24 4 20 3 16 0 
44 41 30 33 79 97 93 91 85 95 78 92 95 83 94 96 98 89 78 86 0 0 19 12 0 11 4 10 1 17 14 0 24 5 1 18 12 24 22 4 
42 47 42 45 85 91 95 86 86 78 79 86 80 91 97 78 92 91 80 91 13 19 0 1 12 20 21 13 1 12 12 4 15 15 17 10 4 17 13 0 
35 48 49 28 85 78 79 100 88 99 81 90 87 81 100 92 82 91 99 86 4 12 1 0 15 4 11 3 4 16 24 15 3 3 17 14 5 9 23 14 
50 42 42 31 89 91 77 97 87 87 100 86 77 81 90 94 94 88 90 78 9 0 12 15 0 4 15 20 14 10 14 24 10 22 25 15 21 4 25 7 
43 48 35 26 77 86 75 96 89 90 91 79 89 86 85 76 76 88 88 80 8 11 20 4 4 0 19 8 11 13 18 21 2 3 5 2 7 7 17 24 
29 42 27 32 76 91 91 98 95 81 77 80 91 82 77 93 82 91 90 93 0 4 21 11 15 19 0 19 9 6 8 20 19 2 6 25 11 2 17 10 
31 40 33 30 92 82 87 80 78 76 75 77 75 98 99 79 92 79 78 93 4 10 13 3 20 8 19 0 22 16 3 13 15 23 2 7 3 12 7 16 
43 31 37 35 86 85 84 79 97 85 85 87 87 87 85 90 96 82 96 93 14 1 1 4 14 11 9 22 0 21 5 3 3 12 0 8 10 16 18 4 
40 41 49 45 92 83 88 94 95 86 85 85 87 76 78 89 93 99 85 81 4 17 12 16 10 13 6 16 21 0 24 2 14 1 23 13 11 13 4 1 
49 28 30 40 82 79 94 87 77 85 81 76 100 97 100 97 88 83 84 97 17 14 12 24 14 18 8 3 5 24 0 22 4 10 12 18 9 23 10 13 
39 42 43 47 75 79 88 80 93 78 79 78 75 76 76 96 85 85 94 97 3 0 4 15 24 21 20 13 3 2 22 0 13 0 10 0 20 13 25 11 
25 31 49 45 86 83 95 89 94 79 100 89 83 84 82 90 86 82 76 82 9 24 15 3 10 2 19 15 3 14 4 13 0 10 8 17 17 9 20 22 
27 28 30 45 80 77 100 75 78 79 84 75 85 94 91 75 94 77 92 81 20 5 15 3 22 3 2 23 12 1 10 0 10 0 12 14 21 22 5 17 
31 25 34 49 80 100 97 96 99 92 95 97 87 84 100 81 86 94 80 76 24 1 17 17 25 5 6 2 0 23 12 10 8 12 0 11 20 15 22 4 
26 28 31 32 93 91 83 86 81 85 96 90 93 90 100 83 98 98 95 82 4 18 10 14 15 2 25 7 8 13 18 0 17 14 11 0 13 23 16 23 
49 50 49 43 99 86 96 83 79 80 95 81 90 90 76 75 92 90 80 93 20 12 4 5 21 7 11 3 10 11 9 20 17 21 20 13 0 3 12 7 
30 30 49 39 83 99 85 100 80 78 92 80 94 80 76 76 80 83 95 80 3 24 17 9 4 7 2 12 16 13 23 13 9 22 15 23 3 0 14 19 
46 25 30 48 98 100 90 100 80 90 75 99 92 89 75 78 95 83 81 100 16 22 13 23 25 17 17 7 18 4 10 25 20 5 22 16 12 14 0 15 
28 40 36 39 89 85 92 94 82 93 96 79 90 76 75 76 87 98 93 82 0 4 0 14 7 24 10 16 4 1 13 11 22 17 4 23 7 19 15 0 
RRRRRRRRRRRRRRRRRRRRBBBBBBBBBBBBBBBBBBBB