50
0 37 46 62 75 41 9 83 52 35 24 3 39 63 78 4 100 35 51 76 42 15 28 81 75 90 39 54 49 21 24 87 30 66 53 37 90 82 68 78 98 28 47 86 55 53 90 38 11 52
37 0 7 82 52 22 31 68 20 15 5 60 51 97 98 13 53 6 27 65 39 6 38 88 68 29 91 43 28 8 74 53 32 39 99 1 72 7 94 17 13 29 26 33 35 97 36 61 89 41
46 7 0 65 12 82 27 60 24 90 68 62 18 93 22 37 84 12 57 90 29 20 48 76 15 23 83 51 17 52 89 40 12 62 74 10 36 58 3 90 22 33 43 5 74 3 82 51 23 66
62 82 65 0 84 17 21 8 83 66 18 77 68 51 81 21 86 96 81 92 47 12 23 88 31 46 31 9 15 1 88 22 79 66 14 83 25 80 66 54 45 83 7 28 2 28 52 85 36 18
75 52 12 84 0 49 25 21 11 100 16 7 91 59 56 6 50 51 23 19 4 96 28 64 75 61 15 61 99 14 7 54 62 70 5 73 36 86 14 27 55 29 87 8 77 63 77 87 38 59
41 22 82 17 49 0 36 99 33 94 47 57 45 27 5 94 0 80 96 81 94 100 46 25 16 63 86 19 83 39 22 65 10 62 28 100 33 67 0 21 65 21 56 87 83 66 98 26 14 36
9 31 27 21 25 36 0 59 34 74 99 16 84 3 100 40 42 22 72 31 21 70 17 65 19 40 24 35 24 33 60 50 85 41 86 71 75 64 15 78 33 98 69 6 33 68 100 64 4 78
83 68 60 8 21 99 59 0 24 74 46 36 100 98 44 100 31 45 93 74 94 47 88 45 1 54 55 3 90 67 86 73 32 84 71 51 87 3 75 83 2 23 18 87 16 23 80 22 25 88
52 20 24 83 11 33 34 24 0 17 91 57 48 28 29 41 67 58 90 34 46 60 68 25 47 41 35 48 97 36 4 22 84 68 79 28 88 11 5 6 59 5 46 39 95 20 59 24 55 78
35 15 90 66 100 94 74 74 17 0 82 51 37 85 98 98 13 99 61 46 58 6 27 100 70 58 17 85 62 87 34 61 51 0 78 28 62 17 66 13 33 61 83 19 28 13 50 64 85 17
24 5 68 18 16 47 99 46 91 82 0 95 35 20 75 9 68 96 90 95 93 45 35 6 22 78 22 49 85 93 18 76 77 66 45 100 88 21 76 27 87 64 25 1 99 49 70 83 15 48
3 60 62 77 7 57 16 36 57 51 95 0 65 59 48 88 60 6 81 94 0 70 30 31 70 20 69 25 4 32 28 41 95 30 83 52 58 7 36 19 100 7 82 47 7 34 69 93 50 67
39 51 18 68 91 45 84 100 48 37 35 65 0 36 79 2 49 67 100 3 7 94 56 83 32 72 10 77 24 27 0 72 100 30 46 19 90 8 81 68 24 22 95 78 94 12 78 7 60 3
63 97 93 51 59 27 3 98 28 85 20 59 36 0 90 2 58 8 16 21 60 95 37 95 96 17 64 28 3 32 56 5 39 99 37 32 57 4 9 67 70 44 19 85 36 27 25 20 11 52
78 98 22 81 56 5 100 44 29 98 75 48 79 90 0 59 87 66 71 46 58 32 81 8 29 41 79 50 22 10 76 43 83 9 95 29 90 58 77 55 96 60 38 69 91 88 66 6 92 30
4 13 37 21 6 94 40 100 41 98 9 88 2 2 59 0 11 20 59 87 77 100 60 97 18 65 60 97 79 7 63 100 30 84 57 44 80 7 6 100 96 67 95 5 72 21 100 67 18 81
100 53 84 86 50 0 42 31 67 13 68 60 49 58 87 11 0 7 83 62 66 16 19 71 44 87 18 11 78 75 84 36 52 9 35 0 92 25 67 51 93 55 28 40 45 54 74 42 66 19
35 6 12 96 51 80 22 45 58 99 96 6 67 8 66 20 7 0 0 20 12 50 69 19 33 67 72 18 55 30 28 19 12 82 1 16 58 5 4 4 35 34 48 38 98 94 58 11 41 50
51 27 57 81 23 96 72 93 90 61 90 81 100 16 71 59 83 0 0 0 38 11 96 49 0 54 90 2 4 31 23 94 1 17 57 54 95 19 0 32 43 15 80 34 5 88 18 26 52 80
76 65 90 92 19 81 31 74 34 46 95 94 3 21 46 87 62 20 0 0 44 15 70 39 72 38 34 75 85 66 49 51 78 25 52 79 34 41 85 24 89 53 14 61 36 65 75 62 88 40
42 39 29 47 4 94 21 94 46 58 93 0 7 60 58 77 66 12 38 44 0 8 63 26 35 13 46 73 97 69 67 1 41 4 96 41 89 95 72 90 25 23 79 33 63 38 1 9 64 65
15 6 20 12 96 100 70 47 60 6 45 70 94 95 32 100 16 50 11 15 8 0 50 14 82 66 86 86 85 35 98 91 75 31 61 82 4 67 60 11 68 99 93 91 98 77 88 17 64 44
28 38 48 23 28 46 17 88 68 27 35 30 56 37 81 60 19 69 96 70 63 50 0 90 41 49 85 14 69 71 72 47 83 68 49 73 55 100 62 88 87 6 70 39 47 8 10 95 14 98
81 88 76 88 64 25 65 45 25 100 6 31 83 95 8 97 71 19 49 39 26 14 90 0 94 26 92 85 85 48 22 27 15 51 23 31 94 55 80 9 53 50 65 69 21 68 72 8 59 25
75 68 15 31 75 16 19 1 47 70 22 70 32 96 29 18 44 33 0 72 35 82 41 94 0 46 55 22 66 10 23 77 42 100 54 12 78 84 36 31 95 98 84 3 63 74 59 64 2 53
90 29 23 46 61 63 40 54 41 58 78 20 72 17 41 65 87 67 54 38 13 66 49 26 46 0 1 26 96 4 63 14 68 30 99 10 17 90 72 68 78 98 53 33 71 59 11 90 21 49
39 91 83 31 15 86 24 55 35 17 22 69 10 64 79 60 18 72 90 34 46 86 85 92 55 1 0 28 29 37 14 30 21 92 10 47 88 38 65 69 47 31 44 36 38 52 67 43 18 31
54 43 51 9 61 19 35 3 48 85 49 25 77 28 50 97 11 18 2 75 73 86 14 85 22 26 28 0 73 75 27 71 10 54 37 57 53 3 63 34 67 32 38 63 97 53 62 50 100 24
49 28 17 15 99 83 24 90 97 62 85 4 24 3 22 79 78 55 4 85 97 85 69 85 66 96 29 73 0 60 90 49 61 100 14 30 91 17 25 87 95 75 4 24 34 89 51 44 66 70
21 8 52 1 14 39 33 67 36 87 93 32 27 32 10 7 75 30 31 66 69 35 71 48 10 4 37 75 60 0 98 20 44 37 25 70 58 38 75 89 62 35 83 85 69 74 79 8 72 2
24 74 89 88 7 22 60 86 4 34 18 28 0 56 76 63 84 28 23 49 67 98 72 22 23 63 14 27 90 98 0 66 11 1 55 71 58 53 38 4 3 79 31 37 0 25 78 75 16 36
87 53 40 22 54 65 50 73 22 61 76 41 72 5 43 100 36 19 94 51 1 91 47 27 77 14 30 71 49 20 66 0 58 12 2 52 29 57 98 18 77 6 1 93 11 31 100 49 35 91
30 32 12 79 62 10 85 32 84 51 77 95 100 39 83 30 52 12 1 78 41 75 83 15 42 68 21 10 61 44 11 58 0 3 88 76 31 71 46 3 90 46 77 89 68 26 43 93 95 17
66 39 62 66 70 62 41 84 68 0 66 30 30 99 9 84 9 82 17 25 4 31 68 51 100 30 92 54 100 37 1 12 3 0 21 80 2 75 18 98 7 51 38 61 78 84 65 16 88 18
53 99 74 14 5 28 86 71 79 78 45 83 46 37 95 57 35 1 57 52 96 61 49 23 54 99 10 37 14 25 55 2 88 21 0 62 1 1 58 71 35 68 22 96 21 47 17 40 53 49
37 1 10 83 73 100 71 51 28 28 100 52 19 32 29 44 0 16 54 79 41 82 73 31 12 10 47 57 30 70 71 52 76 80 62 0 55 75 68 46 52 82 10 5 97 9 14 75 52 39
90 72 36 25 36 33 75 87 88 62 88 58 90 57 90 80 92 58 95 34 89 4 55 94 78 17 88 53 91 58 58 29 31 2 1 55 0 98 43 35 88 98 45 100 37 63 49 66 85 59
82 7 58 80 86 67 64 3 11 17 21 7 8 4 58 7 25 5 19 41 95 67 100 55 84 90 38 3 17 38 53 57 71 75 1 75 98 0 95 88 34 14 96 34 24 46 41 88 88 43
68 94 3 66 14 0 15 75 5 66 76 36 81 9 77 6 67 4 0 85 72 60 62 80 36 72 65 63 25 75 38 98 46 18 58 68 43 95 0 76 34 29 62 44 38 23 97 38 50 92
78 17 90 54 27 21 78 83 6 13 27 19 68 67 55 100 51 4 32 24 90 11 88 9 31 68 69 34 87 89 4 18 3 98 71 46 35 88 76 0 8 86 52 50 1 41 66 73 42 65
98 13 22 45 55 65 33 2 59 33 87 100 24 70 96 96 93 35 43 89 25 68 87 53 95 78 47 67 95 62 3 77 90 7 35 52 88 34 34 8 0 72 14 70 43 0 51 34 55 89
28 29 33 83 29 21 98 23 5 61 64 7 22 44 60 67 55 34 15 53 23 99 6 50 98 98 31 32 75 35 79 6 46 51 68 82 98 14 29 86 72 0 57 94 12 6 92 27 2 17
47 26 43 7 87 56 69 18 46 83 25 82 95 19 38 95 28 48 80 14 79 93 70 65 84 53 44 38 4 83 31 1 77 38 22 10 45 96 62 52 14 57 0 45 92 100 81 86 80 53
86 33 5 28 8 87 6 87 39 19 1 47 78 85 69 5 40 38 34 61 33 91 39 69 3 33 36 63 24 85 37 93 89 61 96 5 100 34 44 50 70 94 45 0 65 100 66 91 26 82
55 35 74 2 77 83 33 16 95 28 99 7 94 36 91 72 45 98 5 36 63 98 47 21 63 71 38 97 34 69 0 11 68 78 21 97 37 24 38 1 43 12 92 65 0 0 7 30 72 19
53 97 3 28 63 66 68 23 20 13 49 34 12 27 88 21 54 94 88 65 38 77 8 68 74 59 52 53 89 74 25 31 26 84 47 9 63 46 23 41 0 6 100 100 0 0 43 57 59 3
90 36 82 52 77 98 100 80 59 50 70 69 78 25 66 100 74 58 18 75 1 88 10 72 59 11 67 62 51 79 78 100 43 65 17 14 49 41 97 66 51 92 81 66 7 43 0 72 73 79
38 61 51 85 87 26 64 22 24 64 83 93 7 20 6 67 42 11 26 62 9 17 95 8 64 90 43 50 44 8 75 49 93 16 40 75 66 88 38 73 34 27 86 91 30 57 72 0 31 71
11 89 23 36 38 14 4 25 55 85 15 50 60 11 92 18 66 41 52 88 64 64 14 59 2 21 18 100 66 72 16 35 95 88 53 52 85 88 50 42 55 2 80 26 72 59 73 31 0 61
52 41 66 18 59 36 78 88 78 17 48 67 3 52 30 81 19 50 80 40 65 44 98 25 53 49 31 24 70 2 36 91 17 18 49 39 59 43 92 65 89 17 53 82 19 3 79 71 61 0
RBRRBRBBRBRRRRBBBRRRRBBBRBRBBRRRBRBBRBBBRBRBRBBRRB
