50
00 54 30 77 25 78 89 63 44 48 28 75 29 60 38 66 56 96 60 94 79 31 79 14 04 25 09 99 38 62 92 87 25 23 22 97 61 05 99 96 24 13 46 05 48 81 96 36 63 25 
54 00 09 50 36 75 70 68 90 53 38 44 86 39 32 13 88 13 29 65 23 45 69 86 85 86 67 75 68 04 60 80 29 39 22 68 41 72 36 75 01 94 80 41 09 75 48 12 22 14 
30 09 00 14 88 08 13 46 01 65 14 32 76 79 34 22 10 82 36 34 22 21 61 36 15 25 36 27 52 06 71 48 58 72 54 22 80 43 18 50 66 66 87 09 69 25 36 78 59 70 
77 50 14 00 52 03 43 89 35 88 43 63 88 13 95 43 94 74 87 22 86 80 80 94 74 07 99 04 49 25 31 14 33 56 64 31 92 04 69 58 88 59 34 68 40 64 77 44 29 85 
25 36 88 52 00 32 26 55 70 17 51 23 65 32 49 25 23 82 64 16 10 05 22 74 75 41 15 20 04 38 77 33 05 54 07 47 51 89 90 95 70 50 28 75 57 52 56 69 40 68 
78 75 08 03 32 00 14 43 79 41 32 34 80 05 34 08 29 06 23 82 18 96 12 40 59 60 96 26 27 14 97 49 68 08 13 98 71 42 68 90 09 67 41 11 86 19 02 60 77 13 
89 70 13 43 26 14 00 02 45 47 26 97 46 54 89 72 76 06 49 84 32 30 36 16 98 40 29 01 85 30 36 28 82 71 82 79 17 01 36 05 25 50 29 38 81 39 55 03 46 08 
63 68 46 89 55 43 02 00 71 45 06 88 12 08 99 93 82 14 94 76 96 76 49 82 24 85 37 46 81 04 91 95 38 54 49 68 48 02 39 65 57 30 41 63 36 81 74 20 67 58 
44 90 01 35 70 79 45 71 00 60 40 15 28 43 44 44 80 27 95 13 92 71 42 37 15 14 84 26 80 08 10 67 70 70 62 77 96 08 98 73 79 55 41 44 58 53 15 60 62 40 
48 53 65 88 17 41 47 45 60 00 13 15 59 67 99 20 01 45 05 92 74 78 08 77 69 66 72 20 18 26 61 27 81 30 16 11 91 93 62 45 96 18 49 20 18 06 98 14 05 62 
28 38 14 43 51 32 26 06 40 13 00 67 89 10 56 81 95 21 33 06 79 70 16 03 19 99 99 16 58 57 45 77 93 35 94 59 16 34 92 11 71 32 15 92 78 70 70 88 35 19 
75 44 32 63 23 34 97 88 15 15 67 00 74 25 15 39 76 39 87 49 54 10 76 34 27 39 83 57 53 95 02 15 84 69 48 85 87 65 55 27 82 70 68 82 62 20 03 74 28 90 
29 86 76 88 65 80 46 12 28 59 89 74 00 58 73 84 63 58 47 11 10 48 85 27 63 64 86 90 17 23 68 28 12 48 90 42 57 03 18 22 76 62 80 88 55 63 50 72 69 77 
60 39 79 13 32 05 54 08 43 67 10 25 58 00 98 07 96 21 63 43 47 60 59 48 92 25 12 38 30 58 91 36 65 64 77 88 72 05 25 89 93 78 27 96 40 28 44 35 43 11 
38 32 34 95 49 34 89 99 44 99 56 15 73 98 00 03 43 09 20 01 02 60 24 32 10 01 04 79 21 33 79 35 03 81 59 33 60 91 26 15 30 17 73 99 13 09 54 47 02 39 
66 13 22 43 25 08 72 93 44 20 81 39 84 07 03 00 96 45 45 53 38 06 38 23 68 89 28 27 29 77 11 43 41 35 94 95 19 11 04 32 04 11 28 24 59 60 70 12 65 80 
56 88 10 94 23 29 76 82 80 01 95 76 63 96 43 96 00 53 49 42 60 94 08 56 64 48 38 89 49 74 36 34 58 27 56 73 89 82 98 06 60 55 70 68 38 10 97 45 86 15 
96 13 82 74 82 06 06 14 27 45 21 39 58 21 09 45 53 00 15 45 55 36 99 95 27 36 60 10 93 27 66 76 49 29 53 94 58 71 83 48 25 16 91 95 34 61 30 22 23 17 
60 29 36 87 64 23 49 94 95 05 33 87 47 63 20 45 49 15 00 55 41 52 76 71 86 25 13 59 47 68 87 62 78 35 42 39 62 88 39 90 35 81 54 30 90 17 76 93 84 32 
94 65 34 22 16 82 84 76 13 92 06 49 11 43 01 53 42 45 55 00 32 20 39 39 24 72 16 25 13 76 80 83 52 32 34 14 99 22 54 81 40 61 44 31 24 30 72 57 92 60 
79 23 22 86 10 18 32 96 92 74 79 54 10 47 02 38 60 55 41 32 00 36 72 30 33 39 36 01 64 91 89 30 66 42 95 02 78 80 98 14 91 61 05 70 44 63 54 44 54 05 
31 45 21 80 05 96 30 76 71 78 70 10 48 60 60 06 94 36 52 20 36 00 81 32 94 90 47 36 93 56 85 76 07 27 61 19 50 08 62 90 15 59 22 11 02 69 20 03 71 75 
79 69 61 80 22 12 36 49 42 08 16 76 85 59 24 38 08 99 76 39 72 81 00 12 77 28 24 04 66 08 07 96 14 75 92 83 64 12 02 25 18 16 78 18 25 88 51 95 34 94 
14 86 36 94 74 40 16 82 37 77 03 34 27 48 32 23 56 95 71 39 30 32 12 00 90 20 69 42 47 28 23 86 59 95 69 81 38 47 74 50 64 90 09 96 47 44 88 89 22 45 
04 85 15 74 75 59 98 24 15 69 19 27 63 92 10 68 64 27 86 24 33 94 77 90 00 82 47 25 77 23 79 05 54 29 56 46 57 50 18 47 49 63 87 67 50 48 29 68 46 59 
25 86 25 07 41 60 40 85 14 66 99 39 64 25 01 89 48 36 25 72 39 90 28 20 82 00 95 62 57 74 69 26 25 43 53 04 88 86 91 25 76 39 12 30 96 17 42 17 94 88 
09 67 36 99 15 96 29 37 84 72 99 83 86 12 04 28 38 60 13 16 36 47 24 69 47 95 00 23 41 84 08 18 15 81 17 06 97 69 98 76 40 18 15 65 33 19 57 97 88 54 
99 75 27 04 20 26 01 46 26 20 16 57 90 38 79 27 89 10 59 25 01 36 04 42 25 62 23 00 47 26 61 31 48 96 13 41 62 85 79 87 21 63 63 84 82 75 93 92 59 42 
38 68 52 49 04 27 85 81 80 18 58 53 17 30 21 29 49 93 47 13 64 93 66 47 77 57 41 47 00 30 74 06 81 78 20 50 77 70 27 07 59 13 88 02 13 31 22 94 28 43 
62 04 06 25 38 14 30 04 08 26 57 95 23 58 33 77 74 27 68 76 91 56 08 28 23 74 84 26 30 00 35 09 48 21 43 97 84 38 66 18 14 58 15 11 62 81 57 42 12 49 
92 60 71 31 77 97 36 91 10 61 45 02 68 91 79 11 36 66 87 80 89 85 07 23 79 69 08 61 74 35 00 79 76 62 47 58 17 76 59 29 81 97 38 68 53 28 09 43 93 48 
87 80 48 14 33 49 28 95 67 27 77 15 28 36 35 43 34 76 62 83 30 76 96 86 05 26 18 31 06 09 79 00 87 27 14 93 19 76 34 55 90 64 74 54 46 94 28 76 93 18 
25 29 58 33 05 68 82 38 70 81 93 84 12 65 03 41 58 49 78 52 66 07 14 59 54 25 15 48 81 48 76 87 00 42 67 78 73 06 89 47 03 06 67 94 33 15 87 47 02 80 
23 39 72 56 54 08 71 54 70 30 35 69 48 64 81 35 27 29 35 32 42 27 75 95 29 43 81 96 78 21 62 27 42 00 10 98 30 06 36 70 51 72 89 16 25 68 79 78 04 53 
22 22 54 64 07 13 82 49 62 16 94 48 90 77 59 94 56 53 42 34 95 61 92 69 56 53 17 13 20 43 47 14 67 10 00 18 67 71 65 23 02 97 57 29 20 97 41 44 15 84 
97 68 22 31 47 98 79 68 77 11 59 85 42 88 33 95 73 94 39 14 02 19 83 81 46 04 06 41 50 97 58 93 78 98 18 00 15 04 82 38 35 96 34 10 55 17 94 84 28 88 
61 41 80 92 51 71 17 48 96 91 16 87 57 72 60 19 89 58 62 99 78 50 64 38 57 88 97 62 77 84 17 19 73 30 67 15 00 77 02 54 76 08 11 39 70 45 47 98 33 29 
05 72 43 04 89 42 01 02 08 93 34 65 03 05 91 11 82 71 88 22 80 08 12 47 50 86 69 85 70 38 76 76 06 06 71 04 77 00 24 35 47 15 69 83 69 44 53 89 23 78 
99 36 18 69 90 68 36 39 98 62 92 55 18 25 26 04 98 83 39 54 98 62 02 74 18 91 98 79 27 66 59 34 89 36 65 82 02 24 00 06 42 17 67 66 52 72 28 16 44 02 
96 75 50 58 95 90 05 65 73 45 11 27 22 89 15 32 06 48 90 81 14 90 25 50 47 25 76 87 07 18 29 55 47 70 23 38 54 35 06 00 78 06 71 61 95 18 02 56 74 59 
24 01 66 88 70 09 25 57 79 96 71 82 76 93 30 04 60 25 35 40 91 15 18 64 49 76 40 21 59 14 81 90 03 51 02 35 76 47 42 78 00 67 12 54 46 34 57 24 46 37 
13 94 66 59 50 67 50 30 55 18 32 70 62 78 17 11 55 16 81 61 61 59 16 90 63 39 18 63 13 58 97 64 06 72 97 96 08 15 17 06 67 00 74 67 46 12 64 63 35 88 
46 80 87 34 28 41 29 41 41 49 15 68 80 27 73 28 70 91 54 44 05 22 78 09 87 12 15 63 88 15 38 74 67 89 57 34 11 69 67 71 12 74 00 42 48 25 81 60 92 18 
05 41 09 68 75 11 38 63 44 20 92 82 88 96 99 24 68 95 30 31 70 11 18 96 67 30 65 84 02 11 68 54 94 16 29 10 39 83 66 61 54 67 42 00 93 77 72 76 82 10 
48 09 69 40 57 86 81 36 58 18 78 62 55 40 13 59 38 34 90 24 44 02 25 47 50 96 33 82 13 62 53 46 33 25 20 55 70 69 52 95 46 46 48 93 00 94 88 70 60 17 
81 75 25 64 52 19 39 81 53 06 70 20 63 28 09 60 10 61 17 30 63 69 88 44 48 17 19 75 31 81 28 94 15 68 97 17 45 44 72 18 34 12 25 77 94 00 64 49 33 61 
96 48 36 77 56 02 55 74 15 98 70 03 50 44 54 70 97 30 76 72 54 20 51 88 29 42 57 93 22 57 09 28 87 79 41 94 47 53 28 02 57 64 81 72 88 64 00 27 96 70 
36 12 78 44 69 60 03 20 60 14 88 74 72 35 47 12 45 22 93 57 44 03 95 89 68 17 97 92 94 42 43 76 47 78 44 84 98 89 16 56 24 63 60 76 70 49 27 00 31 26 
63 22 59 29 40 77 46 67 62 05 35 28 69 43 02 65 86 23 84 92 54 71 34 22 46 94 88 59 28 12 93 93 02 04 15 28 33 23 44 74 46 35 92 82 60 33 96 31 00 81 
25 14 70 85 68 13 08 58 40 62 19 90 77 11 39 80 15 17 32 60 05 75 94 45 59 88 54 42 43 49 48 18 80 53 84 88 29 78 02 59 37 88 18 10 17 61 70 26 81 00 
RRRRRRRRRRRRRRRRRRRRRRRRRBBBBBBBBBBBBBBBBBBBBBBBBB