50 
0 0 94 81 84 84 92 95 99 83 86 83 99 98 90 84 80 100 80 84 96 91 86 89 81 87 93 91 93 83 84 92 88 99 100 96 98 95 99 88 83 90 96 96 94 82 96 91 97 10 
0 0 1 92 98 92 81 92 85 95 89 86 97 97 81 85 84 91 84 95 82 89 83 99 87 88 88 99 100 100 84 95 99 91 84 83 82 81 94 90 83 88 96 88 81 92 89 95 10 10 
94 1 0 2 88 89 85 90 96 91 97 84 89 87 98 84 94 81 85 95 81 83 84 82 99 82 91 91 94 86 99 82 83 94 90 95 84 90 98 80 86 93 98 80 83 83 98 10 10 97 
81 92 2 0 2 90 100 94 87 87 81 85 95 100 84 95 93 99 80 92 86 94 94 86 80 85 90 83 81 98 82 93 94 90 98 93 96 80 82 95 96 97 96 99 89 99 10 10 88 90 
84 98 88 2 0 5 98 92 81 94 99 98 86 100 98 84 94 91 92 85 86 85 84 87 96 97 95 89 88 91 93 81 98 88 94 99 87 84 83 95 97 89 99 88 95 10 10 80 99 92 
84 92 89 90 5 0 4 87 85 92 99 88 97 82 97 100 91 94 82 89 83 89 89 97 88 81 100 87 82 82 83 83 86 98 93 99 98 85 90 85 83 82 89 83 10 10 89 87 94 92 
92 81 85 100 98 4 0 2 80 92 84 97 97 92 81 99 85 84 100 92 90 96 92 80 81 98 92 95 87 85 85 83 90 98 88 96 94 80 95 84 88 89 95 10 10 84 85 87 100 81 
95 92 90 94 92 87 2 0 5 88 87 88 90 89 88 93 91 85 88 88 91 84 84 92 93 92 80 91 89 80 85 89 96 80 85 87 81 94 97 95 80 99 10 10 88 80 83 88 91 90 
99 85 96 87 81 85 80 5 0 1 87 97 86 90 82 96 86 100 96 86 96 91 91 96 87 100 85 81 88 89 93 98 92 99 100 97 99 94 91 92 91 10 10 95 96 84 84 99 92 99 
83 95 91 87 94 92 92 88 1 0 1 96 84 91 84 97 90 93 82 88 85 93 100 84 89 100 84 91 95 86 100 99 97 82 89 85 92 94 99 81 10 10 85 88 94 91 84 99 93 83 
86 89 97 81 99 99 84 87 87 1 0 3 96 97 100 87 91 100 87 86 83 93 91 83 83 88 84 80 97 83 84 100 88 81 91 86 84 91 85 10 10 91 83 88 89 88 93 89 99 82 
83 86 84 85 98 88 97 88 97 96 3 0 2 92 95 90 82 82 87 84 93 95 98 93 99 99 88 86 83 92 88 84 90 98 100 80 93 97 10 10 85 88 89 95 90 85 91 83 97 81 
99 97 89 95 86 97 97 90 86 84 96 2 0 5 87 89 80 92 83 87 82 93 87 81 97 93 99 90 83 83 94 88 95 94 84 81 97 10 10 90 87 99 82 81 89 93 91 86 83 92 
98 97 87 100 100 82 92 89 90 91 97 92 5 0 2 88 98 96 84 92 99 89 93 94 82 92 100 92 84 95 98 82 100 97 93 81 10 10 87 90 87 87 92 99 94 94 91 88 92 97 
90 81 98 84 98 97 81 88 82 84 100 95 87 2 0 2 99 94 82 80 99 96 96 81 96 83 82 100 94 96 90 95 90 88 85 10 10 87 95 96 86 99 90 96 94 80 84 94 82 86 
84 85 84 95 84 100 99 93 96 97 87 90 89 88 2 0 1 93 87 86 85 80 83 91 93 81 84 95 99 94 94 88 80 82 10 10 92 98 82 83 99 83 90 95 91 82 93 100 89 87 
80 84 94 93 94 91 85 91 86 90 91 82 80 98 99 1 0 0 86 90 90 98 91 94 94 81 80 88 86 95 83 97 93 10 10 92 92 91 91 95 81 83 81 97 94 89 80 93 98 80 
100 91 81 99 91 94 84 85 100 93 100 82 92 96 94 93 0 0 0 95 95 97 90 92 94 96 100 97 92 94 91 82 10 10 95 81 90 87 90 94 92 92 98 93 92 82 82 84 89 99 
80 84 85 80 92 82 100 88 96 82 87 87 83 84 82 87 86 0 0 5 97 89 97 80 96 83 92 99 80 100 80 10 10 87 100 96 86 94 87 83 92 89 81 95 90 87 93 83 100 99 
84 95 95 92 85 89 92 88 86 88 86 84 87 92 80 86 90 95 5 0 1 81 92 91 80 86 97 98 88 86 10 10 89 82 80 96 80 84 100 84 94 90 91 89 97 96 92 81 83 82 
96 82 81 86 86 83 90 91 96 85 83 93 82 99 99 85 90 95 97 1 0 1 93 100 82 88 91 85 89 10 10 84 82 97 83 81 95 90 87 85 82 89 98 84 83 82 91 81 90 90 
91 89 83 94 85 89 96 84 91 93 93 95 93 89 96 80 98 97 89 81 1 0 2 83 80 87 83 86 10 10 99 87 95 83 100 96 87 93 81 97 100 94 99 97 87 90 96 93 93 95 
86 83 84 94 84 89 92 84 91 100 91 98 87 93 96 83 91 90 97 92 93 2 0 2 97 95 91 10 10 96 92 92 95 92 84 93 88 100 85 81 80 95 82 89 93 84 91 100 99 87 
89 99 82 86 87 97 80 92 96 84 83 93 81 94 81 91 94 92 80 91 100 83 2 0 5 85 10 10 96 93 89 96 81 98 82 82 98 95 98 84 89 90 91 93 91 85 97 98 91 87 
81 87 99 80 96 88 81 93 87 89 83 99 97 82 96 93 94 94 96 80 82 80 97 5 0 10 94 88 90 90 82 93 91 92 83 86 81 91 94 85 100 98 86 98 87 91 80 100 93 88 
87 88 82 85 97 81 98 92 100 100 88 99 93 92 83 81 81 96 83 86 88 87 95 85 10 0 0 90 99 96 80 88 94 94 88 80 98 96 88 100 100 92 90 89 87 98 100 86 97 81 
93 88 91 90 95 100 92 80 85 84 84 88 99 100 82 84 80 100 92 97 91 83 91 10 94 0 0 3 93 89 94 97 90 89 83 96 99 98 89 88 89 90 83 87 100 89 96 81 92 88 
91 99 91 83 89 87 95 91 81 91 80 86 90 92 100 95 88 97 99 98 85 86 10 10 88 90 3 0 4 90 100 84 100 85 98 94 97 98 86 88 82 90 87 82 80 81 91 98 82 100 
93 100 94 81 88 82 87 89 88 95 97 83 83 84 94 99 86 92 80 88 89 10 10 96 90 99 93 4 0 2 95 95 86 87 96 89 94 95 96 93 97 80 100 88 94 93 87 89 97 100 
83 100 86 98 91 82 85 80 89 86 83 92 83 95 96 94 95 94 100 86 10 10 96 93 90 96 89 90 2 0 1 93 100 93 81 89 84 94 99 99 98 100 89 95 95 96 100 94 90 99 
84 84 99 82 93 83 85 85 93 100 84 88 94 98 90 94 83 91 80 10 10 99 92 89 82 80 94 100 95 1 0 100 100 93 97 93 87 80 99 94 94 93 98 81 90 84 81 86 97 98 
92 95 82 93 81 83 83 89 98 99 100 84 88 82 95 88 97 82 10 10 84 87 92 96 93 88 97 84 95 93 100 0 100 84 91 94 98 87 82 81 100 86 93 95 87 85 98 93 86 87 
88 99 83 94 98 86 90 96 92 97 88 90 95 100 90 80 93 10 10 89 82 95 95 81 91 94 90 100 86 100 100 100 0 100 97 93 90 80 97 87 94 83 97 87 100 85 84 99 93 80 
99 91 94 90 88 98 98 80 99 82 81 98 94 97 88 82 10 10 87 82 97 83 92 98 92 94 89 85 87 93 93 84 100 0 100 92 86 83 86 95 97 84 97 81 97 86 86 90 96 96 
100 84 90 98 94 93 88 85 100 89 91 100 84 93 85 10 10 95 100 80 83 100 84 82 83 88 83 98 96 81 97 91 97 100 0 100 83 96 85 99 92 100 89 97 96 94 100 91 84 87 
96 83 95 93 99 99 96 87 97 85 86 80 81 81 10 10 92 81 96 96 81 96 93 82 86 80 96 94 89 89 93 94 93 92 100 0 100 85 83 92 86 100 98 87 98 89 94 91 98 92 
98 82 84 96 87 98 94 81 99 92 84 93 97 10 10 92 92 90 86 80 95 87 88 98 81 98 99 97 94 84 87 98 90 86 83 100 0 100 90 83 82 99 93 99 88 80 85 90 99 87 
95 81 90 80 84 85 80 94 94 94 91 97 10 10 87 98 91 87 94 84 90 93 100 95 91 96 98 98 95 94 80 87 80 83 96 85 100 0 100 89 97 80 95 81 85 96 94 95 96 82 
99 94 98 82 83 90 95 97 91 99 85 10 10 87 95 82 91 90 87 100 87 81 85 98 94 88 89 86 96 99 99 82 97 86 85 83 90 100 0 100 80 92 94 98 84 86 92 89 83 85 
88 90 80 95 95 85 84 95 92 81 10 10 90 90 96 83 95 94 83 84 85 97 81 84 85 100 88 88 93 99 94 81 87 95 99 92 83 89 100 0 100 97 85 97 80 85 84 91 87 97 
83 83 86 96 97 83 88 80 91 10 10 85 87 87 86 99 81 92 92 94 82 100 80 89 100 100 89 82 97 98 94 100 94 97 92 86 82 97 80 100 0 100 83 89 82 80 87 83 88 85 
90 88 93 97 89 82 89 99 10 10 91 88 99 87 99 83 83 92 89 90 89 94 95 90 98 92 90 90 80 100 93 86 83 84 100 100 99 80 92 97 100 0 100 82 82 94 88 86 84 96 
96 96 98 96 99 89 95 10 10 85 83 89 82 92 90 90 81 98 81 91 98 99 82 91 86 90 83 87 100 89 98 93 97 97 89 98 93 95 94 85 83 100 0 100 92 93 81 86 96 94 
96 88 80 99 88 83 10 10 95 88 88 95 81 99 96 95 97 93 95 89 84 97 89 93 98 89 87 82 88 95 81 95 87 81 97 87 99 81 98 97 89 82 100 0 100 81 89 96 93 80 
94 81 83 89 95 10 10 88 96 94 89 90 89 94 94 91 94 92 90 97 83 87 93 91 87 87 100 80 94 95 90 87 100 97 96 98 88 85 84 80 82 82 92 100 0 100 99 88 82 88 
82 92 83 99 10 10 84 80 84 91 88 85 93 94 80 82 89 82 87 96 82 90 84 85 91 98 89 81 93 96 84 85 85 86 94 89 80 96 86 85 80 94 93 81 100 0 100 96 83 82 
96 89 98 10 10 89 85 83 84 84 93 91 91 91 84 93 80 82 93 92 91 96 91 97 80 100 96 91 87 100 81 98 84 86 100 94 85 94 92 84 87 88 81 89 99 100 0 100 83 92 
91 95 10 10 80 87 87 88 99 99 89 83 86 88 94 100 93 84 83 81 81 93 100 98 100 86 81 98 89 94 86 93 99 90 91 91 90 95 89 91 83 86 86 96 88 96 100 0 100 84 
97 10 10 88 99 94 100 91 92 93 99 97 83 92 82 89 98 89 100 83 90 93 99 91 93 97 92 82 97 90 97 86 93 96 84 98 99 96 83 87 88 84 96 93 82 83 83 100 0 100 
10 10 97 90 92 92 81 90 99 83 82 81 92 97 86 87 80 99 99 82 90 95 87 87 88 81 88 100 100 99 98 87 80 96 87 92 87 82 85 97 85 96 94 80 88 82 92 84 100 0 
BRBRBRBRBRBRBRBRBRBRBRBRBRBRBRBRBRBRBRBRBRBRBRBRBR
