50
0 80 35 3 79 13 60 19 86 72 32 48 59 53 56 73 37 18 54 71 70 93 47 37 65 33 42 6 1 22 15 87 75 46 64 10 26 82 82 78 26 98 53 27 9 19 60 48 50 22
80 0 76 25 70 53 84 71 58 24 0 49 88 63 10 66 42 28 9 99 78 97 89 77 36 7 39 45 28 62 67 85 80 76 63 74 45 57 81 86 73 49 65 63 9 15 97 89 51 71
35 76 0 48 64 48 36 68 51 97 84 18 91 82 85 36 39 56 9 10 6 11 77 27 21 40 68 27 34 25 82 26 96 39 69 75 77 62 85 49 67 24 96 85 26 63 31 4 13 80
3 25 48 0 49 100 25 8 45 13 70 69 89 1 24 38 17 95 27 43 44 59 17 37 30 49 52 47 49 38 7 23 75 96 66 20 40 52 11 95 51 7 46 77 90 48 20 83 88 13
79 70 64 49 0 20 33 7 30 57 87 24 64 13 92 94 58 98 24 98 45 63 1 95 41 53 50 13 70 34 97 24 100 20 42 52 36 55 15 44 79 12 86 18 2 79 43 88 8 54
13 53 48 100 20 0 82 50 55 92 67 5 7 93 72 76 98 43 31 39 56 57 63 29 95 6 30 91 89 58 24 39 89 1 91 48 57 6 78 89 55 58 13 95 32 32 28 8 19 47
60 84 36 25 33 82 0 19 98 82 27 91 86 92 34 97 11 34 32 65 71 4 27 31 76 70 100 55 35 94 6 49 55 49 1 55 30 74 2 3 34 60 7 60 27 19 3 66 85 80
19 71 68 8 7 50 19 0 43 52 38 86 65 97 60 94 26 51 16 22 90 1 88 49 88 89 48 74 79 8 98 90 79 4 94 56 82 98 99 43 80 71 2 41 52 48 28 12 78 43
86 58 51 45 30 55 98 43 0 15 83 80 21 89 6 85 89 17 58 42 3 77 21 100 67 78 53 24 82 47 93 1 83 36 9 99 50 67 11 75 89 59 52 67 60 42 16 40 13 10
72 24 97 13 57 92 82 52 15 0 54 78 51 37 78 58 25 99 99 93 63 14 95 81 80 64 6 56 62 87 94 57 50 17 81 84 59 77 24 75 92 93 56 99 60 44 84 49 65 50
32 0 84 70 87 67 27 38 83 54 0 18 85 93 22 8 3 22 43 31 7 45 62 8 4 95 99 91 58 34 85 32 50 41 56 51 53 45 85 14 92 14 12 27 33 21 0 77 15 12
48 49 18 69 24 5 91 86 80 78 18 0 9 92 52 69 92 8 46 68 24 75 36 82 13 94 75 32 66 87 66 92 39 11 74 69 67 79 13 83 90 11 40 42 88 49 64 4 52 42
59 88 91 89 64 7 86 65 21 51 85 9 0 73 55 1 79 89 90 62 90 88 40 72 16 29 12 57 48 51 77 73 69 16 23 56 66 62 96 40 13 56 67 98 32 2 48 88 45 96
53 63 82 1 13 93 92 97 89 37 93 92 73 0 40 42 30 1 19 90 50 7 97 48 3 77 20 5 65 7 24 18 72 1 61 31 11 55 35 33 94 34 84 42 70 10 80 40 26 62
56 10 85 24 92 72 34 60 6 78 22 52 55 40 0 57 38 42 83 23 19 90 19 46 54 31 49 68 26 36 20 10 99 42 77 46 61 29 12 88 48 73 3 40 23 49 64 53 7 74
73 66 36 38 94 76 97 94 85 58 8 69 1 42 57 0 67 27 22 10 1 32 59 49 35 32 67 76 36 33 15 18 96 69 28 60 34 51 40 18 55 38 42 79 76 34 79 72 44 39
37 42 39 17 58 98 11 26 89 25 3 92 79 30 38 67 0 99 83 61 58 60 1 3 1 38 99 80 75 93 25 14 18 45 27 94 70 64 97 21 20 3 96 65 71 82 78 52 74 64
18 28 56 95 98 43 34 51 17 99 22 8 89 1 42 27 99 0 77 47 26 99 0 9 64 7 89 0 72 69 37 84 28 57 74 98 14 52 55 11 8 48 45 3 59 53 9 51 14 3
54 9 9 27 24 31 32 16 58 99 43 46 90 19 83 22 83 77 0 73 36 48 63 36 80 65 87 10 65 0 83 70 71 11 9 86 19 87 90 66 14 69 75 14 27 62 55 22 61 38
71 99 10 43 98 39 65 22 42 93 31 68 62 90 23 10 61 47 73 0 53 80 48 64 37 65 92 66 44 35 67 8 85 32 68 22 93 50 24 61 39 13 33 38 2 39 90 70 38 43
70 78 6 44 45 56 71 90 3 63 7 24 90 50 19 1 58 26 36 53 0 8 98 99 61 66 61 96 81 26 43 92 12 38 52 11 82 13 30 56 46 66 28 89 99 57 61 89 66 62
93 97 11 59 63 57 4 1 77 14 45 75 88 7 90 32 60 99 48 80 8 0 80 84 32 88 42 38 25 88 65 20 93 68 91 36 20 10 8 39 95 90 31 37 30 68 98 93 83 22
47 89 77 17 1 63 27 88 21 95 62 36 40 97 19 59 1 0 63 48 98 80 0 53 84 90 26 15 52 51 3 100 64 66 43 98 53 86 80 29 52 29 95 4 39 52 96 71 25 80
37 77 27 37 95 29 31 49 100 81 8 82 72 48 46 49 3 9 36 64 99 84 53 0 20 63 11 88 73 11 22 64 2 39 58 19 27 36 28 86 20 53 25 93 31 53 55 51 73 75
65 36 21 30 41 95 76 88 67 80 4 13 16 3 54 35 1 64 80 37 61 32 84 20 0 69 8 64 73 10 14 37 22 60 30 22 19 27 60 78 4 23 66 50 27 62 23 88 97 89
33 7 40 49 53 6 70 89 78 64 95 94 29 77 31 32 38 7 65 65 66 88 90 63 69 0 92 73 47 71 60 92 77 70 76 7 87 0 27 8 93 66 12 27 74 51 50 60 72 23
42 39 68 52 50 30 100 48 53 6 99 75 12 20 49 67 99 89 87 92 61 42 26 11 8 92 0 46 6 36 34 43 80 46 17 52 31 42 16 70 47 2 55 92 92 54 34 89 50 40
6 45 27 47 13 91 55 74 24 56 91 32 57 5 68 76 80 0 10 66 96 38 15 88 64 73 46 0 58 50 87 46 49 16 72 58 20 36 56 58 90 82 73 72 2 56 67 55 19 42
1 28 34 49 70 89 35 79 82 62 58 66 48 65 26 36 75 72 65 44 81 25 52 73 73 47 6 58 0 9 32 75 32 74 36 5 12 74 19 69 12 41 98 69 52 51 57 22 90 39
22 62 25 38 34 58 94 8 47 87 34 87 51 7 36 33 93 69 0 35 26 88 51 11 10 71 36 50 9 0 83 93 86 12 33 93 44 6 58 66 37 51 97 57 58 62 44 4 83 43
15 67 82 7 97 24 6 98 93 94 85 66 77 24 20 15 25 37 83 67 43 65 3 22 14 60 34 87 32 83 0 79 34 59 29 64 3 79 35 4 23 21 72 97 32 79 79 99 96 45
87 85 26 23 24 39 49 90 1 57 32 92 73 18 10 18 14 84 70 8 92 20 100 64 37 92 43 46 75 93 79 0 52 11 94 28 68 4 84 19 84 19 100 8 47 67 32 80 40 46
75 80 96 75 100 89 55 79 83 50 50 39 69 72 99 96 18 28 71 85 12 93 64 2 22 77 80 49 32 86 34 52 0 85 39 71 72 38 41 1 96 26 29 81 20 28 8 97 87 2
46 76 39 96 20 1 49 4 36 17 41 11 16 1 42 69 45 57 11 32 38 68 66 39 60 70 46 16 74 12 59 11 85 0 24 49 56 37 16 29 100 23 6 61 94 81 41 16 33 44
64 63 69 66 42 91 1 94 9 81 56 74 23 61 77 28 27 74 9 68 52 91 43 58 30 76 17 72 36 33 29 94 39 24 0 84 63 25 50 53 86 22 91 6 28 30 71 82 32 83
10 74 75 20 52 48 55 56 99 84 51 69 56 31 46 60 94 98 86 22 11 36 98 19 22 7 52 58 5 93 64 28 71 49 84 0 97 62 55 99 68 99 57 43 10 87 90 2 91 0
26 45 77 40 36 57 30 82 50 59 53 67 66 11 61 34 70 14 19 93 82 20 53 27 19 87 31 20 12 44 3 68 72 56 63 97 0 22 50 7 89 41 55 21 90 5 80 36 30 59
82 57 62 52 55 6 74 98 67 77 45 79 62 55 29 51 64 52 87 50 13 10 86 36 27 0 42 36 74 6 79 4 38 37 25 62 22 0 35 78 66 33 9 3 12 80 5 76 41 19
82 81 85 11 15 78 2 99 11 24 85 13 96 35 12 40 97 55 90 24 30 8 80 28 60 27 16 56 19 58 35 84 41 16 50 55 50 35 0 47 5 44 23 86 22 31 65 36 61 43
78 86 49 95 44 89 3 43 75 75 14 83 40 33 88 18 21 11 66 61 56 39 29 86 78 8 70 58 69 66 4 19 1 29 53 99 7 78 47 0 14 11 46 50 13 1 1 2 72 70
26 73 67 51 79 55 34 80 89 92 92 90 13 94 48 55 20 8 14 39 46 95 52 20 4 93 47 90 12 37 23 84 96 100 86 68 89 66 5 14 0 84 37 40 77 53 43 71 36 64
98 49 24 7 12 58 60 71 59 93 14 11 56 34 73 38 3 48 69 13 66 90 29 53 23 66 2 82 41 51 21 19 26 23 22 99 41 33 44 11 84 0 90 88 82 10 52 38 37 54
53 65 96 46 86 13 7 2 52 56 12 40 67 84 3 42 96 45 75 33 28 31 95 25 66 12 55 73 98 97 72 100 29 6 91 57 55 9 23 46 37 90 0 11 60 12 24 92 36 62
27 63 85 77 18 95 60 41 67 99 27 42 98 42 40 79 65 3 14 38 89 37 4 93 50 27 92 72 69 57 97 8 81 61 6 43 21 3 86 50 40 88 11 0 28 78 98 41 99 8
9 9 26 90 2 32 27 52 60 60 33 88 32 70 23 76 71 59 27 2 99 30 39 31 27 74 92 2 52 58 32 47 20 94 28 10 90 12 22 13 77 82 60 28 0 99 100 2 95 100
19 15 63 48 79 32 19 48 42 44 21 49 2 10 49 34 82 53 62 39 57 68 52 53 62 51 54 56 51 62 79 67 28 81 30 87 5 80 31 1 53 10 12 78 99 0 97 94 12 15
60 97 31 20 43 28 3 28 16 84 0 64 48 80 64 79 78 9 55 90 61 98 96 55 23 50 34 67 57 44 79 32 8 41 71 90 80 5 65 1 43 52 24 98 100 97 0 6 95 49
48 89 4 83 88 8 66 12 40 49 77 4 88 40 53 72 52 51 22 70 89 93 71 51 88 60 89 55 22 4 99 80 97 16 82 2 36 76 36 2 71 38 92 41 2 94 6 0 12 80
50 51 13 88 8 19 85 78 13 65 15 52 45 26 7 44 74 14 61 38 66 83 25 73 97 72 50 19 90 83 96 40 87 33 32 91 30 41 61 72 36 37 36 99 95 12 95 12 0 4
22 71 80 13 54 47 80 43 10 50 12 42 96 62 74 39 64 3 38 43 62 22 80 75 89 23 40 42 39 43 45 46 2 44 83 0 59 19 43 70 64 54 62 8 100 15 49 80 4 0
BBRBRRBBBRRBBBRBRBRRRRBBRBRBBRBBRRBBRBRBRBRBRRBRRR