50
0 46 22 41 16 45 40 16 11 5 29 18 41 33 33 35 34 23 26 22 5 27 9 16 8 38 38 0 30 13 45 28 12 9 31 25 44 28 20 10 41 4 29 21 20 14 33 21 27 31
46 0 34 16 25 40 40 6 28 26 0 37 4 49 11 21 8 38 34 3 8 23 29 4 18 42 27 33 19 24 32 21 37 32 21 11 49 47 44 19 36 34 20 28 44 16 18 12 5 27
22 34 0 16 30 48 21 45 5 22 5 34 21 24 17 8 10 19 48 34 8 39 17 36 40 37 44 39 3 16 19 21 10 36 11 25 9 42 28 20 47 21 15 47 32 30 48 13 31 32
41 16 16 0 38 7 48 17 7 14 32 26 44 43 31 39 0 20 6 28 43 40 20 32 7 14 26 4 41 4 29 46 4 48 26 21 37 40 47 47 10 29 32 42 45 7 38 25 4 4
16 25 30 38 0 21 5 49 0 30 23 11 30 24 6 27 9 9 18 17 8 3 33 31 21 29 0 27 3 14 13 2 29 26 18 47 22 23 22 31 17 49 27 18 34 35 42 28 24 31
45 40 48 7 21 0 15 33 48 20 26 25 18 8 33 43 5 5 22 15 27 48 8 19 47 0 23 0 21 14 37 32 25 26 35 3 26 20 13 0 30 1 16 13 3 31 43 44 44 12
40 40 21 48 5 15 0 24 10 18 21 9 18 40 28 1 35 2 11 15 23 13 4 8 40 24 38 14 19 40 34 37 13 24 15 27 35 3 4 23 47 32 14 34 16 45 35 15 48 36
16 6 45 17 49 33 24 0 41 38 28 9 5 35 42 37 22 40 33 39 36 39 43 49 16 28 16 39 43 47 4 11 37 33 45 17 45 46 6 23 4 8 36 26 43 28 29 4 1 16
11 28 5 7 0 48 10 41 0 38 49 27 39 11 1 6 37 26 14 30 32 34 37 0 38 19 41 3 39 44 14 9 26 15 38 10 17 47 48 1 48 23 43 49 1 6 1 41 43 30
5 26 22 14 30 20 18 38 38 0 0 15 17 22 47 27 38 27 23 2 9 38 3 36 1 19 7 20 15 49 36 24 14 42 26 7 22 41 39 38 23 37 15 7 32 46 17 44 3 2
29 0 5 32 23 26 21 28 49 0 0 20 4 20 41 38 5 14 44 21 19 20 38 46 44 10 13 11 42 36 35 13 39 30 23 39 5 1 34 4 33 37 14 23 28 12 40 14 25 40
18 37 34 26 11 25 9 9 27 15 20 0 36 41 32 45 32 32 33 13 34 6 49 20 8 9 30 38 18 7 27 49 24 15 38 43 11 11 29 4 43 48 47 28 4 2 6 36 46 6
41 4 21 44 30 18 18 5 39 17 4 36 0 45 11 40 15 39 26 36 6 24 34 18 42 6 26 0 49 17 22 28 36 26 21 17 43 31 12 0 6 10 37 28 39 0 21 18 24 32
33 49 24 43 24 8 40 35 11 22 20 41 45 0 36 22 33 30 29 45 30 48 14 2 40 6 32 9 38 4 45 39 32 18 31 25 31 9 22 36 27 33 33 41 21 29 41 37 41 32
33 11 17 31 6 33 28 42 1 47 41 32 11 36 0 22 30 46 16 33 12 0 22 27 21 2 30 37 42 10 48 28 18 6 26 32 18 14 44 30 3 11 10 13 3 33 1 8 9 14
35 21 8 39 27 43 1 37 6 27 38 45 40 22 22 0 21 23 32 47 18 43 15 13 42 40 40 1 42 35 1 42 13 4 10 15 46 27 34 45 40 44 6 4 49 32 0 2 11 10
34 8 10 0 9 5 35 22 37 38 5 32 15 33 30 21 0 46 40 45 17 22 2 0 12 46 42 2 13 48 40 23 36 25 12 13 21 21 16 9 44 15 34 15 4 47 35 5 25 41
23 38 19 20 9 5 2 40 26 27 14 32 39 30 46 23 46 0 18 27 18 18 22 3 2 4 5 6 37 17 34 11 45 43 37 44 17 10 13 49 9 43 13 0 39 21 10 2 29 24
26 34 48 6 18 22 11 33 14 23 44 33 26 29 16 32 40 18 0 32 1 35 21 33 42 28 25 39 21 7 26 35 1 44 16 0 16 49 37 30 11 20 49 23 28 21 27 33 13 22
22 3 34 28 17 15 15 39 30 2 21 13 36 45 33 47 45 27 32 0 47 11 49 9 47 45 49 20 12 44 2 20 7 31 13 10 17 40 49 28 46 17 12 30 40 6 41 44 26 23
5 8 8 43 8 27 23 36 32 9 19 34 6 30 12 18 17 18 1 47 0 17 28 26 4 11 0 45 31 4 30 17 2 39 28 11 13 46 49 33 10 25 1 30 14 44 12 10 20 14
27 23 39 40 3 48 13 39 34 38 20 6 24 48 0 43 22 18 35 11 17 0 12 44 37 9 30 30 48 29 39 30 31 11 18 11 35 3 40 46 18 19 39 36 48 10 46 36 43 26
9 29 17 20 33 8 4 43 37 3 38 49 34 14 22 15 2 22 21 49 28 12 0 20 46 22 16 40 12 45 13 41 12 10 35 38 1 43 49 18 5 34 15 21 39 11 23 38 0 37
16 4 36 32 31 19 8 49 0 36 46 20 18 2 27 13 0 3 33 9 26 44 20 0 3 23 13 31 40 1 38 33 20 4 45 16 3 38 29 35 11 22 7 33 46 33 35 48 26 16
8 18 40 7 21 47 40 16 38 1 44 8 42 40 21 42 12 2 42 47 4 37 46 3 0 19 2 48 3 18 32 9 8 27 5 25 38 9 47 7 31 20 1 32 32 11 42 17 19 35
38 42 37 14 29 0 24 28 19 19 10 9 6 6 2 40 46 4 28 45 11 9 22 23 19 0 14 48 38 1 38 34 7 40 19 42 1 47 8 42 27 18 18 39 11 28 22 41 17 36
38 27 44 26 0 23 38 16 41 7 13 30 26 32 30 40 42 5 25 49 0 30 16 13 2 14 0 10 30 30 15 16 39 40 2 6 13 33 45 7 0 10 24 36 7 21 14 48 43 21
0 33 39 4 27 0 14 39 3 20 11 38 0 9 37 1 2 6 39 20 45 30 40 31 48 48 10 0 37 19 44 32 43 17 16 18 3 12 37 7 5 11 11 44 16 36 44 17 48 32
30 19 3 41 3 21 19 43 39 15 42 18 49 38 42 42 13 37 21 12 31 48 12 40 3 38 30 37 0 34 8 28 1 28 31 8 17 38 35 45 27 5 5 49 18 38 11 22 11 28
13 24 16 4 14 14 40 47 44 49 36 7 17 4 10 35 48 17 7 44 4 29 45 1 18 1 30 19 34 0 24 40 30 39 20 15 14 8 46 24 46 18 21 5 1 49 29 48 41 6
45 32 19 29 13 37 34 4 14 36 35 27 22 45 48 1 40 34 26 2 30 39 13 38 32 38 15 44 8 24 0 15 36 25 27 39 2 29 4 7 47 17 9 23 1 12 12 26 9 18
28 21 21 46 2 32 37 11 9 24 13 49 28 39 28 42 23 11 35 20 17 30 41 33 9 34 16 32 28 40 15 0 42 30 4 7 46 4 23 42 49 5 30 29 27 17 19 0 25 39
12 37 10 4 29 25 13 37 26 14 39 24 36 32 18 13 36 45 1 7 2 31 12 20 8 7 39 43 1 30 36 42 0 7 1 10 2 4 24 31 8 33 17 48 19 25 47 28 40 47
9 32 36 48 26 26 24 33 15 42 30 15 26 18 6 4 25 43 44 31 39 11 10 4 27 40 40 17 28 39 25 30 7 0 32 42 8 6 25 34 24 43 14 2 3 41 14 14 3 45
31 21 11 26 18 35 15 45 38 26 23 38 21 31 26 10 12 37 16 13 28 18 35 45 5 19 2 16 31 20 27 4 1 32 0 18 46 24 41 44 18 21 26 12 35 11 23 38 25 24
25 11 25 21 47 3 27 17 10 7 39 43 17 25 32 15 13 44 0 10 11 11 38 16 25 42 6 18 8 15 39 7 10 42 18 0 31 30 0 29 10 5 28 13 23 25 14 44 20 22
44 49 9 37 22 26 35 45 17 22 5 11 43 31 18 46 21 17 16 17 13 35 1 3 38 1 13 3 17 14 2 46 2 8 46 31 0 48 44 1 4 44 21 47 5 42 35 31 48 47
28 47 42 40 23 20 3 46 47 41 1 11 31 9 14 27 21 10 49 40 46 3 43 38 9 47 33 12 38 8 29 4 4 6 24 30 48 0 7 42 40 22 37 15 22 37 9 4 42 20
20 44 28 47 22 13 4 6 48 39 34 29 12 22 44 34 16 13 37 49 49 40 49 29 47 8 45 37 35 46 4 23 24 25 41 0 44 7 0 38 15 32 49 6 12 7 24 29 22 13
10 19 20 47 31 0 23 23 1 38 4 4 0 36 30 45 9 49 30 28 33 46 18 35 7 42 7 7 45 24 7 42 31 34 44 29 1 42 38 0 33 45 32 22 31 7 47 38 48 37
41 36 47 10 17 30 47 4 48 23 33 43 6 27 3 40 44 9 11 46 10 18 5 11 31 27 0 5 27 46 47 49 8 24 18 10 4 40 15 33 0 33 7 18 32 38 36 32 10 35
4 34 21 29 49 1 32 8 23 37 37 48 10 33 11 44 15 43 20 17 25 19 34 22 20 18 10 11 5 18 17 5 33 43 21 5 44 22 32 45 33 0 42 0 30 9 14 30 29 31
29 20 15 32 27 16 14 36 43 15 14 47 37 33 10 6 34 13 49 12 1 39 15 7 1 18 24 11 5 21 9 30 17 14 26 28 21 37 49 32 7 42 0 26 23 19 49 2 48 4
21 28 47 42 18 13 34 26 49 7 23 28 28 41 13 4 15 0 23 30 30 36 21 33 32 39 36 44 49 5 23 29 48 2 12 13 47 15 6 22 18 0 26 0 36 47 6 9 22 47
20 44 32 45 34 3 16 43 1 32 28 4 39 21 3 49 4 39 28 40 14 48 39 46 32 11 7 16 18 1 1 27 19 3 35 23 5 22 12 31 32 30 23 36 0 43 0 8 1 20
14 16 30 7 35 31 45 28 6 46 12 2 0 29 33 32 47 21 21 6 44 10 11 33 11 28 21 36 38 49 12 17 25 41 11 25 42 37 7 7 38 9 19 47 43 0 6 40 47 9
33 18 48 38 42 43 35 29 1 17 40 6 21 41 1 0 35 10 27 41 12 46 23 35 42 22 14 44 11 29 12 19 47 14 23 14 35 9 24 47 36 14 49 6 0 6 0 33 7 14
21 12 13 25 28 44 15 4 41 44 14 36 18 37 8 2 5 2 33 44 10 36 38 48 17 41 48 17 22 48 26 0 28 14 38 44 31 4 29 38 32 30 2 9 8 40 33 0 24 36
27 5 31 4 24 44 48 1 43 3 25 46 24 41 9 11 25 29 13 26 20 43 0 26 19 17 43 48 11 41 9 25 40 3 25 20 48 42 22 48 10 29 48 22 1 47 7 24 0 37
31 27 32 4 31 12 36 16 30 2 40 6 32 32 14 10 41 24 22 23 14 26 37 16 35 36 21 32 28 6 18 39 47 45 24 22 47 20 13 37 35 31 4 47 20 9 14 36 37 0
BBBBBBBBBBBBBBBBBBBBBBBBBRRRRRRRRRRRRRRRRRRRRRRRRR
