50
0 46 66 68 34 93 39 67 40 32 93 51 23 41 29 40 4 23 2 65 55 35 71 2 26 17 93 37 25 0 77 0 39 99 71 81 14 29 98 2 79 17 47 49 53 47 36 84 4 0
46 0 80 25 88 2 86 89 80 85 72 61 72 97 84 28 87 41 86 50 5 33 88 59 45 52 54 16 42 2 22 10 28 83 9 84 64 14 47 44 69 42 23 45 33 10 3 28 13 97
66 80 0 46 75 87 26 4 77 56 67 27 24 27 91 46 7 21 77 74 55 94 93 93 62 44 38 81 49 89 14 54 15 94 0 11 24 46 51 45 69 78 36 64 31 25 63 15 80 9
68 25 46 0 31 43 17 88 4 63 83 28 76 36 96 15 84 14 47 1 2 9 55 10 39 23 21 3 39 58 85 83 66 87 99 24 77 72 32 65 19 4 28 28 41 3 97 70 65 84
34 88 75 31 0 44 53 82 44 15 1 54 32 51 40 30 69 91 33 68 20 78 16 3 88 30 94 77 99 84 53 81 89 90 31 2 32 70 96 18 80 12 20 97 49 63 86 29 65 31
93 2 87 43 44 0 81 4 44 24 27 30 90 54 20 99 48 98 73 96 49 31 95 62 62 52 28 30 36 68 82 60 45 61 2 58 100 71 97 35 100 49 45 44 17 5 60 14 14 47
39 86 26 17 53 81 0 81 78 72 83 89 59 31 3 93 75 37 3 92 6 52 96 92 51 21 9 54 5 21 12 72 14 79 85 47 31 60 17 24 16 87 44 30 68 28 25 60 62 5
67 89 4 88 82 4 81 0 88 18 9 48 94 38 14 82 40 46 70 24 51 33 88 92 84 56 86 51 2 37 65 24 77 66 28 29 52 10 37 100 58 19 91 44 5 46 53 70 68 35
40 80 77 4 44 44 78 88 0 98 12 87 43 23 69 88 65 49 21 100 78 22 85 69 31 55 47 3 94 79 43 50 7 70 87 0 15 28 7 20 53 76 39 30 64 12 69 63 80 100
32 85 56 63 15 24 72 18 98 0 68 50 89 30 90 14 67 53 4 17 86 43 50 60 93 45 39 8 49 94 79 71 27 13 17 96 24 98 37 19 56 27 59 69 40 79 43 56 100 31
93 72 67 83 1 27 83 9 12 68 0 17 54 7 50 80 46 78 30 95 17 34 26 36 3 33 15 77 21 80 47 31 70 15 35 19 63 3 15 42 41 86 98 69 21 84 36 32 44 18
51 61 27 28 54 30 89 48 87 50 17 0 98 69 93 50 87 48 61 86 89 49 34 45 82 55 43 1 2 86 19 61 51 97 6 54 18 20 94 45 9 30 78 46 10 55 98 64 52 71
23 72 24 76 32 90 59 94 43 89 54 98 0 20 84 44 54 38 67 22 86 41 91 32 37 41 44 13 27 45 32 16 31 67 26 78 4 1 3 57 50 26 70 76 55 66 92 76 38 18
41 97 27 36 51 54 31 38 23 30 7 69 20 0 35 29 87 18 33 71 96 64 90 20 2 68 74 7 90 88 20 51 16 24 87 21 89 22 10 73 98 13 1 49 14 11 53 29 61 81
29 84 91 96 40 20 3 14 69 90 50 93 84 35 0 53 3 83 50 79 72 51 15 46 38 20 38 12 77 51 38 75 55 42 75 98 91 28 10 23 9 20 14 86 49 63 26 35 82 79
40 28 46 15 30 99 93 82 88 14 80 50 44 29 53 0 76 100 88 72 80 63 94 35 42 58 31 0 11 11 64 87 41 77 72 7 4 36 25 56 24 9 1 66 58 35 73 45 88 83
4 87 7 84 69 48 75 40 65 67 46 87 54 87 3 76 0 62 86 98 1 60 91 74 51 5 65 76 39 91 97 29 76 60 85 62 57 100 87 52 74 96 81 66 15 15 32 27 60 68
23 41 21 14 91 98 37 46 49 53 78 48 38 18 83 100 62 0 50 91 59 20 52 51 72 93 24 52 8 87 55 87 25 14 63 8 25 54 23 78 35 32 12 59 91 16 4 56 96 81
2 86 77 47 33 73 3 70 21 4 30 61 67 33 50 88 86 50 0 33 86 80 49 49 16 11 95 74 35 32 90 70 71 1 13 82 58 64 38 60 26 25 27 74 35 9 21 14 4 70
65 50 74 1 68 96 92 24 100 17 95 86 22 71 79 72 98 91 33 0 7 88 9 59 31 22 35 21 27 78 20 47 5 10 91 2 16 7 49 2 76 98 52 34 71 93 17 51 27 48
55 5 55 2 20 49 6 51 78 86 17 89 86 96 72 80 1 59 86 7 0 93 3 7 3 12 31 19 89 99 98 77 71 100 61 99 82 87 41 28 62 2 96 14 68 28 12 9 42 30
35 33 94 9 78 31 52 33 22 43 34 49 41 64 51 63 60 20 80 88 93 0 93 26 38 39 32 83 33 48 39 16 53 7 63 37 56 67 8 7 64 75 42 82 27 39 47 17 63 41
71 88 93 55 16 95 96 88 85 50 26 34 91 90 15 94 91 52 49 9 3 93 0 86 27 91 64 89 31 86 79 78 92 90 13 7 16 21 10 26 78 79 95 81 92 85 83 34 93 26
2 59 93 10 3 62 92 92 69 60 36 45 32 20 46 35 74 51 49 59 7 26 86 0 60 42 64 35 91 37 46 90 26 44 22 72 87 76 73 50 64 78 10 87 95 4 52 11 81 30
26 45 62 39 88 62 51 84 31 93 3 82 37 2 38 42 51 72 16 31 3 38 27 60 0 27 62 22 40 51 67 63 20 95 19 24 98 39 18 74 42 27 21 52 12 11 30 97 8 35
17 52 44 23 30 52 21 56 55 45 33 55 41 68 20 58 5 93 11 22 12 39 91 42 27 0 20 30 39 73 37 75 36 99 80 85 69 55 96 68 71 58 43 96 84 15 11 79 54 28
93 54 38 21 94 28 9 86 47 39 15 43 44 74 38 31 65 24 95 35 31 32 64 64 62 20 0 21 65 9 81 97 85 70 91 49 35 82 66 58 11 69 51 46 44 11 93 89 37 84
37 16 81 3 77 30 54 51 3 8 77 1 13 7 12 0 76 52 74 21 19 83 89 35 22 30 21 0 68 81 3 73 100 93 46 1 0 79 97 27 87 83 65 40 15 23 21 11 0 58
25 42 49 39 99 36 5 2 94 49 21 2 27 90 77 11 39 8 35 27 89 33 31 91 40 39 65 68 0 14 37 2 42 36 74 4 87 53 33 26 80 75 4 49 55 51 30 87 8 48
0 2 89 58 84 68 21 37 79 94 80 86 45 88 51 11 91 87 32 78 99 48 86 37 51 73 9 81 14 0 70 4 60 28 65 67 21 9 34 26 89 6 49 47 35 11 57 26 85 68
77 22 14 85 53 82 12 65 43 79 47 19 32 20 38 64 97 55 90 20 98 39 79 46 67 37 81 3 37 70 0 50 16 62 59 78 38 64 66 58 52 12 6 70 98 36 35 31 34 45
0 10 54 83 81 60 72 24 50 71 31 61 16 51 75 87 29 87 70 47 77 16 78 90 63 75 97 73 2 4 50 0 59 16 21 29 10 54 100 70 40 21 36 45 92 48 6 69 51 59
39 28 15 66 89 45 14 77 7 27 70 51 31 16 55 41 76 25 71 5 71 53 92 26 20 36 85 100 42 60 16 59 0 69 27 5 83 26 0 9 15 45 9 39 91 40 98 8 92 7
99 83 94 87 90 61 79 66 70 13 15 97 67 24 42 77 60 14 1 10 100 7 90 44 95 99 70 93 36 28 62 16 69 0 97 8 40 54 88 7 66 44 22 46 22 40 100 26 32 2
71 9 0 99 31 2 85 28 87 17 35 6 26 87 75 72 85 63 13 91 61 63 13 22 19 80 91 46 74 65 59 21 27 97 0 86 89 11 47 2 11 85 15 25 52 74 85 6 20 35
81 84 11 24 2 58 47 29 0 96 19 54 78 21 98 7 62 8 82 2 99 37 7 72 24 85 49 1 4 67 78 29 5 8 86 0 93 61 94 58 22 89 5 59 31 26 78 6 88 47
14 64 24 77 32 100 31 52 15 24 63 18 4 89 91 4 57 25 58 16 82 56 16 87 98 69 35 0 87 21 38 10 83 40 89 93 0 15 26 78 16 66 1 94 85 43 60 90 98 33
29 14 46 72 70 71 60 10 28 98 3 20 1 22 28 36 100 54 64 7 87 67 21 76 39 55 82 79 53 9 64 54 26 54 11 61 15 0 77 94 92 29 8 28 62 19 18 18 77 37
98 47 51 32 96 97 17 37 7 37 15 94 3 10 10 25 87 23 38 49 41 8 10 73 18 96 66 97 33 34 66 100 0 88 47 94 26 77 0 97 42 99 59 70 78 42 6 72 38 7
2 44 45 65 18 35 24 100 20 19 42 45 57 73 23 56 52 78 60 2 28 7 26 50 74 68 58 27 26 26 58 70 9 7 2 58 78 94 97 0 28 76 62 3 42 19 46 1 6 37
79 69 69 19 80 100 16 58 53 56 41 9 50 98 9 24 74 35 26 76 62 64 78 64 42 71 11 87 80 89 52 40 15 66 11 22 16 92 42 28 0 7 73 18 45 28 88 11 74 19
17 42 78 4 12 49 87 19 76 27 86 30 26 13 20 9 96 32 25 98 2 75 79 78 27 58 69 83 75 6 12 21 45 44 85 89 66 29 99 76 7 0 51 72 64 82 96 10 27 9
47 23 36 28 20 45 44 91 39 59 98 78 70 1 14 1 81 12 27 52 96 42 95 10 21 43 51 65 4 49 6 36 9 22 15 5 1 8 59 62 73 51 0 94 62 82 43 85 81 61
49 45 64 28 97 44 30 44 30 69 69 46 76 49 86 66 66 59 74 34 14 82 81 87 52 96 46 40 49 47 70 45 39 46 25 59 94 28 70 3 18 72 94 0 89 68 23 17 39 85
53 33 31 41 49 17 68 5 64 40 21 10 55 14 49 58 15 91 35 71 68 27 92 95 12 84 44 15 55 35 98 92 91 22 52 31 85 62 78 42 45 64 62 89 0 26 8 10 3 13
47 10 25 3 63 5 28 46 12 79 84 55 66 11 63 35 15 16 9 93 28 39 85 4 11 15 11 23 51 11 36 48 40 40 74 26 43 19 42 19 28 82 82 68 26 0 62 60 12 15
36 3 63 97 86 60 25 53 69 43 36 98 92 53 26 73 32 4 21 17 12 47 83 52 30 11 93 21 30 57 35 6 98 100 85 78 60 18 6 46 88 96 43 23 8 62 0 85 98 36
84 28 15 70 29 14 60 70 63 56 32 64 76 29 35 45 27 56 14 51 9 17 34 11 97 79 89 11 87 26 31 69 8 26 6 6 90 18 72 1 11 10 85 17 10 60 85 0 8 81
4 13 80 65 65 14 62 68 80 100 44 52 38 61 82 88 60 96 4 27 42 63 93 81 8 54 37 0 8 85 34 51 92 32 20 88 98 77 38 6 74 27 81 39 3 12 98 8 0 11
0 97 9 84 31 47 5 35 100 31 18 71 18 81 79 83 68 81 70 48 30 41 26 30 35 28 84 58 48 68 45 59 7 2 35 47 33 37 7 37 19 9 61 85 13 15 36 81 11 0
RBBRBRBRRRBBRBRBBBRBBRRBRBRRRRRRBBBBRRBBRRBRRRBBBB