50
0 96 88 97 85 82 84 100 81 87 94 90 98 81 88 88 92 93 14 23 86 89 98 83 85 98 91 81 82 97 96 81 90 84 29 85 88 96 90 93 99 92 87 96 82 85 87 88 88 89 
96 0 91 30 98 81 84 94 80 97 91 91 98 98 95 90 83 95 99 91 91 98 100 6 88 96 80 96 27 91 84 95 99 86 100 87 98 91 96 87 83 85 81 90 82 91 100 84 99 99 
88 91 0 87 97 86 95 83 96 84 93 93 95 81 80 89 91 98 80 25 92 89 84 84 80 83 27 96 86 100 96 88 93 88 95 95 98 88 81 91 90 85 90 97 90 97 96 81 87 99 
97 30 87 0 80 80 80 88 21 80 97 81 83 83 82 95 85 92 96 97 86 90 86 90 94 83 96 80 87 100 83 86 99 90 87 88 92 81 93 95 97 99 84 98 86 95 100 81 86 92 
85 98 97 80 0 90 80 91 91 89 95 88 86 95 13 97 92 28 88 87 81 86 98 90 80 88 81 93 98 87 84 95 97 92 80 96 86 100 87 81 83 86 90 95 82 91 98 100 91 18 
82 81 86 80 90 0 82 88 94 31 99 94 86 80 87 81 92 94 96 86 90 98 100 99 80 85 83 94 81 91 98 80 100 95 100 94 100 88 88 85 93 85 9 88 84 90 90 28 92 83 
84 84 95 80 80 82 0 92 98 82 84 87 91 100 88 100 87 98 88 87 97 81 100 98 80 10 82 82 96 84 35 94 100 87 96 82 82 97 90 20 87 96 86 92 99 97 80 85 91 83 
100 94 83 88 91 88 92 0 85 90 84 90 84 84 86 35 90 95 83 83 89 82 93 97 85 80 80 85 90 88 90 91 83 92 100 95 88 91 82 86 9 87 22 99 82 93 96 100 99 90 
81 80 96 21 91 94 98 85 0 80 93 98 80 96 92 89 97 98 91 90 89 99 93 84 89 88 88 85 100 91 89 93 99 99 88 93 88 92 90 80 85 90 87 95 83 96 100 93 93 81 
87 97 84 80 89 31 82 90 80 0 83 100 87 84 93 86 95 97 93 90 92 91 83 84 96 81 99 88 80 80 96 91 81 100 96 93 100 92 93 82 88 81 18 92 86 94 82 93 80 84 
94 91 93 97 95 99 84 84 93 83 0 97 87 98 81 99 80 89 83 83 29 82 83 96 86 90 85 81 80 93 96 93 85 94 98 82 85 25 88 94 97 86 95 92 99 95 80 90 97 82 
90 91 93 81 88 94 87 90 98 100 97 0 84 93 88 93 84 90 89 93 81 94 80 96 88 82 94 87 96 5 97 91 86 84 93 88 98 18 88 95 99 35 82 88 91 81 88 89 82 82 
98 98 95 83 86 86 91 84 80 87 87 84 0 80 19 91 89 93 83 86 81 94 91 81 83 87 88 98 85 98 85 7 94 80 92 90 90 96 87 100 82 85 98 94 87 84 80 98 27 100 
81 98 81 83 95 80 100 84 96 84 98 93 80 0 100 82 83 98 94 94 95 85 90 89 85 80 89 81 92 94 95 93 82 98 86 85 93 97 89 95 82 85 88 89 30 93 96 32 89 96 
88 95 80 82 13 87 88 86 92 93 81 88 19 100 0 86 88 22 85 88 94 99 95 94 80 91 88 85 91 98 98 83 99 95 100 86 97 88 87 85 80 99 94 80 100 90 93 90 90 96 
88 90 89 95 97 81 100 35 89 86 99 93 91 82 86 0 84 88 98 86 85 88 86 80 81 85 83 82 86 90 97 98 96 86 92 88 97 93 100 81 23 85 87 88 92 97 83 91 98 100 
92 83 91 85 92 92 87 90 97 95 80 84 89 83 88 84 0 91 94 94 26 93 95 94 94 82 84 81 94 80 98 88 81 89 83 89 97 91 84 81 95 97 93 5 94 84 30 83 91 80 
93 95 98 92 28 94 98 95 98 97 89 90 93 98 22 88 91 0 94 99 94 82 83 91 88 87 99 93 87 100 97 87 90 88 99 98 81 92 86 82 87 91 99 80 93 92 87 95 95 81 
14 99 80 96 88 96 88 83 91 93 83 89 83 94 85 98 94 94 0 97 86 88 95 85 20 86 90 88 86 88 86 88 87 95 33 85 92 95 84 100 88 88 94 81 88 90 82 97 99 94 
23 91 25 97 87 86 87 83 90 90 83 93 86 94 88 86 94 99 97 0 92 81 80 92 91 97 8 87 94 91 91 80 89 91 86 89 96 98 100 93 81 92 96 86 98 99 84 91 81 89 
86 91 92 86 81 90 97 89 89 92 29 81 81 95 94 85 26 94 86 92 0 96 85 91 90 96 93 100 80 81 83 86 82 100 89 84 83 11 100 90 86 93 85 99 91 85 80 86 92 87 
89 98 89 90 86 98 81 82 99 91 82 94 94 85 99 88 93 82 88 81 96 0 88 80 88 87 86 88 98 95 93 97 100 89 100 88 85 99 25 92 85 89 83 88 98 19 84 99 94 86 
98 100 84 86 98 100 100 93 93 83 83 80 91 90 95 86 95 83 95 80 85 88 0 81 92 85 82 25 88 95 85 94 7 93 92 88 99 100 30 85 83 99 98 80 95 95 86 81 82 97 
83 6 84 90 90 99 98 97 84 84 96 96 81 89 94 80 94 91 85 92 91 80 81 0 99 88 98 83 23 80 97 85 89 25 95 84 89 91 95 87 81 93 88 86 87 90 99 96 96 87 
85 88 80 94 80 80 80 85 89 96 86 88 83 85 80 81 94 88 20 91 90 88 92 99 0 83 97 91 95 85 82 86 100 7 90 28 84 84 84 91 95 94 93 82 83 96 80 86 93 80 
98 96 83 83 88 85 10 80 88 81 90 82 87 80 91 85 82 87 86 97 96 87 85 88 83 0 91 95 94 81 86 88 92 94 96 95 96 80 84 33 95 100 86 84 90 80 90 94 97 92 
91 80 27 96 81 83 82 80 88 99 85 94 88 89 88 83 84 99 90 8 93 86 82 98 97 91 0 94 99 95 86 82 83 91 99 92 98 83 80 89 90 87 90 85 28 84 98 87 97 85 
81 96 96 80 93 94 82 85 85 88 81 87 98 81 85 82 81 93 88 87 100 88 25 83 91 95 94 0 87 80 90 99 31 93 96 81 98 98 98 93 89 90 99 93 84 86 93 83 80 97 
82 27 86 87 98 81 96 90 100 80 80 96 85 92 91 86 94 87 86 94 80 98 88 23 95 94 99 87 0 93 84 96 90 91 80 97 91 100 84 81 83 91 98 99 93 85 88 82 91 84 
97 91 100 100 87 91 84 88 91 80 93 5 98 94 98 90 80 100 88 91 81 95 95 80 85 81 95 80 93 0 99 20 90 91 99 87 82 95 81 94 83 21 96 95 100 99 88 85 84 94 
96 84 96 83 84 98 35 90 89 96 96 97 85 95 98 97 98 97 86 91 83 93 85 97 82 86 86 90 84 99 0 100 98 90 80 96 25 93 89 86 84 97 82 98 94 80 88 99 83 11 
81 95 88 86 95 80 94 91 93 91 93 91 7 93 83 98 88 87 88 80 86 97 94 85 86 88 82 99 96 20 100 0 81 83 81 94 100 95 80 80 99 85 81 90 83 80 84 92 34 100 
90 99 93 99 97 100 100 83 99 81 85 86 94 82 99 96 81 90 87 89 82 100 7 89 100 92 83 31 90 90 98 81 0 82 100 92 94 100 85 97 82 91 89 20 95 97 81 82 86 97 
84 86 88 90 92 95 87 92 99 100 94 84 80 98 95 86 89 88 95 91 100 89 93 25 7 94 91 93 91 91 90 83 82 0 97 21 81 93 87 94 88 87 81 81 95 92 99 83 90 86 
29 100 95 87 80 100 96 100 88 96 98 93 92 86 100 92 83 99 33 86 89 100 92 95 90 96 99 96 80 99 80 81 100 97 0 86 82 88 81 80 100 86 99 84 100 84 98 87 95 87 
85 87 95 88 96 94 82 95 93 93 82 88 90 85 86 88 89 98 85 89 84 88 88 84 28 95 92 81 97 87 96 94 92 21 86 0 86 97 88 96 100 90 84 99 96 92 81 100 84 85 
88 98 98 92 86 100 82 88 88 100 85 98 90 93 97 97 97 81 92 96 83 85 99 89 84 96 98 98 91 82 25 100 94 81 82 86 0 98 86 97 93 92 87 92 86 83 88 87 93 21 
96 91 88 81 100 88 97 91 92 92 25 18 96 97 88 93 91 92 95 98 11 99 100 91 84 80 83 98 100 95 93 95 100 93 88 97 98 0 87 99 89 87 93 84 97 98 99 88 97 80 
90 96 81 93 87 88 90 82 90 93 88 88 87 89 87 100 84 86 84 100 100 25 30 95 84 84 80 98 84 81 89 80 85 87 81 88 86 87 0 94 81 82 98 86 86 7 87 94 100 81 
93 87 91 95 81 85 20 86 80 82 94 95 100 95 85 81 81 82 100 93 90 92 85 87 91 33 89 93 81 94 86 80 97 94 80 96 97 99 94 0 95 89 85 97 86 92 95 82 94 87 
99 83 90 97 83 93 87 9 85 88 97 99 82 82 80 23 95 87 88 81 86 85 83 81 95 95 90 89 83 83 84 99 82 88 100 100 93 89 81 95 0 90 88 90 97 17 94 86 80 84 
92 85 85 99 86 85 96 87 90 81 86 35 85 85 99 85 97 91 88 92 93 89 99 93 94 100 87 90 91 21 97 85 91 87 86 90 92 87 82 89 90 0 92 84 80 92 89 98 86 97 
87 81 90 84 90 9 86 22 87 18 95 82 98 88 94 87 93 99 94 96 85 83 98 88 93 86 90 99 98 96 82 81 89 81 99 84 87 93 98 85 88 92 0 98 85 82 89 97 97 80 
96 90 97 98 95 88 92 99 95 92 92 88 94 89 80 88 5 80 81 86 99 88 80 86 82 84 85 93 99 95 98 90 20 81 84 99 92 84 86 97 90 84 98 0 99 89 21 91 85 86 
82 82 90 86 82 84 99 82 83 86 99 91 87 30 100 92 94 93 88 98 91 98 95 87 83 90 28 84 93 100 94 83 95 95 100 96 86 97 86 86 97 80 85 99 0 94 91 6 91 86 
85 91 97 95 91 90 97 93 96 94 95 81 84 93 90 97 84 92 90 99 85 19 95 90 96 80 84 86 85 99 80 80 97 92 84 92 83 98 7 92 17 92 82 89 94 0 85 83 93 97 
87 100 96 100 98 90 80 96 100 82 80 88 80 96 93 83 30 87 82 84 80 84 86 99 80 90 98 93 88 88 88 84 81 99 98 81 88 99 87 95 94 89 89 21 91 85 0 89 93 95 
88 84 81 81 100 28 85 100 93 93 90 89 98 32 90 91 83 95 97 91 86 99 81 96 86 94 87 83 82 85 99 92 82 83 87 100 87 88 94 82 86 98 97 91 6 83 89 0 81 86 
88 99 87 86 91 92 91 99 93 80 97 82 27 89 90 98 91 95 99 81 92 94 82 96 93 97 97 80 91 84 83 34 86 90 95 84 93 97 100 94 80 86 97 85 91 93 93 81 0 86 
89 99 99 92 18 83 83 90 81 84 82 82 100 96 96 100 80 81 94 89 87 86 97 87 80 92 85 97 84 94 11 100 97 86 87 85 21 80 81 87 84 97 80 86 86 97 95 86 86 0 
BBBRRRRBBBRRBRRRRBBRBBBBRRRRRRBBBRRBRBRBBBRRBRBBRB