50
0 16 22 72 1 93 95 42 65 7 87 18 76 99 56 80 86 85 3 20 50 3 0 68 37 77 89 53 21 1 50 34 23 83 14 53 79 23 81 95 6 17 68 0 9 63 40 94 81 9 
16 0 88 90 24 88 84 6 93 29 97 82 27 90 46 64 100 13 79 60 18 24 67 22 3 8 38 19 86 5 59 44 42 83 23 26 0 82 57 89 83 83 84 1 49 89 22 69 9 86 
22 88 0 51 88 56 18 25 86 6 88 58 61 44 90 82 58 49 60 19 83 64 73 64 43 62 61 49 68 59 16 80 56 7 15 57 46 91 17 40 71 59 84 74 30 5 18 89 70 94 
72 90 51 0 78 97 18 80 37 96 9 61 26 75 94 0 61 90 6 17 45 44 54 9 83 0 95 73 39 97 89 69 93 60 4 14 62 33 17 25 52 91 33 20 73 82 56 29 29 65 
1 24 88 78 0 90 18 71 72 75 92 34 42 54 48 11 0 92 93 46 65 36 93 50 50 0 41 65 58 75 5 52 56 11 37 53 55 25 78 42 92 65 66 97 81 64 79 37 8 80 
93 88 56 97 90 0 20 57 24 35 14 23 60 89 79 48 77 62 89 85 99 41 72 46 7 81 6 8 14 15 82 100 3 11 79 5 32 72 95 2 65 90 19 30 12 91 75 77 42 91 
95 84 18 18 18 20 0 49 75 5 34 35 71 10 50 34 96 45 23 44 25 2 7 45 25 26 6 2 79 83 19 61 79 71 48 86 61 55 36 8 12 41 39 54 32 78 97 72 98 24 
42 6 25 80 71 57 49 0 22 14 26 85 7 25 73 37 20 92 51 5 67 41 92 29 66 80 65 38 72 7 7 43 13 21 46 4 81 64 0 11 24 90 65 48 8 12 62 28 44 79 
65 93 86 37 72 24 75 22 0 17 84 6 99 62 84 33 96 48 11 11 23 47 81 43 12 63 41 56 25 90 47 7 36 96 96 44 5 97 2 1 25 11 58 65 68 3 78 99 56 27 
7 29 6 96 75 35 5 14 17 0 35 78 71 86 85 67 40 43 32 72 99 17 43 49 40 30 65 48 44 82 2 91 76 17 87 31 88 37 74 40 76 26 51 5 33 20 95 97 80 11 
87 97 88 9 92 14 34 26 84 35 0 8 23 70 58 25 14 47 41 43 0 0 43 100 33 59 87 45 47 60 5 63 48 0 15 79 70 75 42 11 5 5 31 84 3 29 56 81 12 12 
18 82 58 61 34 23 35 85 6 78 8 0 19 40 22 14 80 72 12 96 79 26 8 7 21 33 4 64 1 54 8 24 29 70 25 29 33 87 28 1 59 74 13 81 42 92 30 81 91 65 
76 27 61 26 42 60 71 7 99 71 23 19 0 38 57 19 71 58 64 45 79 80 51 11 86 6 41 53 8 70 47 80 53 81 42 84 38 35 43 87 29 14 23 95 74 76 100 30 4 20 
99 90 44 75 54 89 10 25 62 86 70 40 38 0 89 32 29 25 76 22 86 12 44 58 35 99 58 4 7 76 10 20 48 20 81 90 32 54 14 27 78 28 92 38 3 56 9 38 60 43 
56 46 90 94 48 79 50 73 84 85 58 22 57 89 0 61 56 21 47 95 60 19 11 86 73 72 91 10 90 23 49 64 54 79 4 76 71 65 15 74 18 34 63 36 28 83 58 7 88 69 
80 64 82 0 11 48 34 37 33 67 25 14 19 32 61 0 38 44 49 46 48 15 89 100 12 34 53 77 44 0 34 33 29 38 24 100 78 11 92 85 1 91 16 89 2 94 79 99 24 63 
86 100 58 61 0 77 96 20 96 40 14 80 71 29 56 38 0 100 31 52 59 58 33 16 78 82 37 15 65 37 12 19 74 28 57 11 91 55 11 86 13 37 73 94 65 59 15 80 6 6 
85 13 49 90 92 62 45 92 48 43 47 72 58 25 21 44 100 0 64 73 67 92 66 60 30 87 78 22 93 98 83 67 20 16 63 23 29 86 0 79 14 45 67 34 50 42 5 74 98 43 
3 79 60 6 93 89 23 51 11 32 41 12 64 76 47 49 31 64 0 48 35 78 44 74 10 98 63 51 79 10 5 68 92 48 41 67 10 65 97 51 51 44 50 2 33 11 80 78 52 71 
20 60 19 17 46 85 44 5 11 72 43 96 45 22 95 46 52 73 48 0 55 62 77 6 43 69 26 93 67 36 48 30 6 57 89 48 98 58 49 36 62 39 69 100 51 4 79 45 85 57 
50 18 83 45 65 99 25 67 23 99 0 79 79 86 60 48 59 67 35 55 0 53 1 5 59 80 7 33 15 92 5 10 50 40 54 91 27 64 68 20 4 86 94 79 2 56 49 98 85 81 
3 24 64 44 36 41 2 41 47 17 0 26 80 12 19 15 58 92 78 62 53 0 15 33 97 50 75 24 52 90 72 5 98 55 36 46 11 64 73 85 53 18 0 79 46 10 12 18 8 14 
0 67 73 54 93 72 7 92 81 43 43 8 51 44 11 89 33 66 44 77 1 15 0 37 88 4 14 49 22 64 53 96 76 65 78 4 5 29 4 4 43 31 90 8 65 45 26 17 15 6 
68 22 64 9 50 46 45 29 43 49 100 7 11 58 86 100 16 60 74 6 5 33 37 0 38 30 70 36 13 30 59 25 39 49 89 73 8 68 91 42 58 36 68 65 59 25 22 94 99 10 
37 3 43 83 50 7 25 66 12 40 33 21 86 35 73 12 78 30 10 43 59 97 88 38 0 41 69 59 58 71 23 32 89 76 49 13 47 51 75 27 50 37 73 32 26 0 91 95 46 59 
77 8 62 0 0 81 26 80 63 30 59 33 6 99 72 34 82 87 98 69 80 50 4 30 41 0 65 61 89 42 25 66 7 99 92 5 63 6 3 76 39 60 79 19 26 25 59 87 16 68 
89 38 61 95 41 6 6 65 41 65 87 4 41 58 91 53 37 78 63 26 7 75 14 70 69 65 0 66 21 100 13 11 82 12 8 93 47 49 49 26 9 45 41 16 1 96 92 87 78 40 
53 19 49 73 65 8 2 38 56 48 45 64 53 4 10 77 15 22 51 93 33 24 49 36 59 61 66 0 43 65 35 17 58 93 71 80 90 24 51 22 4 97 23 53 86 95 89 46 72 16 
21 86 68 39 58 14 79 72 25 44 47 1 8 7 90 44 65 93 79 67 15 52 22 13 58 89 21 43 0 1 30 56 65 21 41 98 44 66 59 31 78 20 42 24 80 15 36 78 75 9 
1 5 59 97 75 15 83 7 90 82 60 54 70 76 23 0 37 98 10 36 92 90 64 30 71 42 100 65 1 0 49 56 16 49 93 3 90 78 63 58 50 77 46 48 26 87 100 95 81 76 
50 59 16 89 5 82 19 7 47 2 5 8 47 10 49 34 12 83 5 48 5 72 53 59 23 25 13 35 30 49 0 66 5 89 67 7 15 68 19 60 1 34 50 14 25 43 64 38 93 59 
34 44 80 69 52 100 61 43 7 91 63 24 80 20 64 33 19 67 68 30 10 5 96 25 32 66 11 17 56 56 66 0 88 29 15 46 4 5 2 51 60 12 51 39 67 1 97 26 96 23 
23 42 56 93 56 3 79 13 36 76 48 29 53 48 54 29 74 20 92 6 50 98 76 39 89 7 82 58 65 16 5 88 0 63 99 64 25 61 58 22 67 77 21 99 64 72 93 69 81 21 
83 83 7 60 11 11 71 21 96 17 0 70 81 20 79 38 28 16 48 57 40 55 65 49 76 99 12 93 21 49 89 29 63 0 42 24 59 42 6 28 19 32 44 96 62 100 24 36 11 79 
14 23 15 4 37 79 48 46 96 87 15 25 42 81 4 24 57 63 41 89 54 36 78 89 49 92 8 71 41 93 67 15 99 42 0 91 73 74 50 38 71 77 41 17 63 4 24 97 25 76 
53 26 57 14 53 5 86 4 44 31 79 29 84 90 76 100 11 23 67 48 91 46 4 73 13 5 93 80 98 3 7 46 64 24 91 0 50 46 17 56 48 15 39 27 35 73 87 30 23 41 
79 0 46 62 55 32 61 81 5 88 70 33 38 32 71 78 91 29 10 98 27 11 5 8 47 63 47 90 44 90 15 4 25 59 73 50 0 76 42 40 88 40 58 40 37 64 51 32 49 99 
23 82 91 33 25 72 55 64 97 37 75 87 35 54 65 11 55 86 65 58 64 64 29 68 51 6 49 24 66 78 68 5 61 42 74 46 76 0 42 3 90 30 30 92 71 30 64 44 26 24 
81 57 17 17 78 95 36 0 2 74 42 28 43 14 15 92 11 0 97 49 68 73 4 91 75 3 49 51 59 63 19 2 58 6 50 17 42 42 0 63 66 45 59 91 92 70 13 40 70 74 
95 89 40 25 42 2 8 11 1 40 11 1 87 27 74 85 86 79 51 36 20 85 4 42 27 76 26 22 31 58 60 51 22 28 38 56 40 3 63 0 33 30 22 55 84 28 62 18 72 49 
6 83 71 52 92 65 12 24 25 76 5 59 29 78 18 1 13 14 51 62 4 53 43 58 50 39 9 4 78 50 1 60 67 19 71 48 88 90 66 33 0 74 68 15 68 29 30 12 92 9 
17 83 59 91 65 90 41 90 11 26 5 74 14 28 34 91 37 45 44 39 86 18 31 36 37 60 45 97 20 77 34 12 77 32 77 15 40 30 45 30 74 0 54 40 2 76 97 8 87 14 
68 84 84 33 66 19 39 65 58 51 31 13 23 92 63 16 73 67 50 69 94 0 90 68 73 79 41 23 42 46 50 51 21 44 41 39 58 30 59 22 68 54 0 35 75 11 8 18 34 0 
0 1 74 20 97 30 54 48 65 5 84 81 95 38 36 89 94 34 2 100 79 79 8 65 32 19 16 53 24 48 14 39 99 96 17 27 40 92 91 55 15 40 35 0 60 89 7 7 14 99 
9 49 30 73 81 12 32 8 68 33 3 42 74 3 28 2 65 50 33 51 2 46 65 59 26 26 1 86 80 26 25 67 64 62 63 35 37 71 92 84 68 2 75 60 0 26 26 52 79 65 
63 89 5 82 64 91 78 12 3 20 29 92 76 56 83 94 59 42 11 4 56 10 45 25 0 25 96 95 15 87 43 1 72 100 4 73 64 30 70 28 29 76 11 89 26 0 69 73 22 33 
40 22 18 56 79 75 97 62 78 95 56 30 100 9 58 79 15 5 80 79 49 12 26 22 91 59 92 89 36 100 64 97 93 24 24 87 51 64 13 62 30 97 8 7 26 69 0 80 90 66 
94 69 89 29 37 77 72 28 99 97 81 81 30 38 7 99 80 74 78 45 98 18 17 94 95 87 87 46 78 95 38 26 69 36 97 30 32 44 40 18 12 8 18 7 52 73 80 0 66 31 
81 9 70 29 8 42 98 44 56 80 12 91 4 60 88 24 6 98 52 85 85 8 15 99 46 16 78 72 75 81 93 96 81 11 25 23 49 26 70 72 92 87 34 14 79 22 90 66 0 9 
9 86 94 65 80 91 24 79 27 11 12 65 20 43 69 63 6 43 71 57 81 14 6 10 59 68 40 16 9 76 59 23 21 79 76 41 99 24 74 49 9 14 0 99 65 33 66 31 9 0 
RRBRRRRRBBBRBBRRBBBBBRBBBRBBRRBBBBBRBBRBRRRRRBRRRR