50
0 89 98 66 90 76 96 93 67 80 100 82 81 33 81 66 74 80 79 99 65 80 96 83 82 66 87 69 73 97 86 78 71 81 72 83 88 96 84 86 85 84 69 65 76 78 92 95 93 74 
89 0 99 69 96 69 83 89 91 97 93 88 77 47 93 97 85 77 88 83 100 97 85 100 68 87 98 99 74 98 78 91 100 85 78 71 73 94 84 97 71 82 86 90 79 89 92 89 84 93 
98 99 0 65 73 80 67 100 68 80 80 84 81 24 68 71 90 69 85 98 93 68 82 92 99 94 83 73 94 74 97 66 95 67 70 84 99 83 91 100 98 79 81 68 95 70 68 97 71 82 
66 69 65 0 85 72 67 79 78 68 77 69 81 39 68 85 73 79 87 80 100 94 89 66 72 100 79 68 72 94 93 96 84 92 91 88 77 91 79 85 92 71 73 88 88 89 73 99 73 97 
90 96 73 85 0 71 65 97 81 94 73 83 100 47 73 68 68 73 70 80 96 65 93 89 99 72 67 83 74 56 73 79 89 82 83 91 91 74 86 78 84 87 94 81 83 77 79 69 89 76 
76 69 80 72 71 0 87 87 79 88 83 67 67 21 76 86 75 67 73 76 66 74 92 91 75 84 66 77 76 79 81 96 68 82 70 92 93 67 68 77 82 98 95 68 76 81 84 93 67 71 
96 83 67 67 65 87 0 81 95 92 65 72 80 23 68 88 85 98 73 100 67 74 91 100 84 100 75 82 98 73 78 82 96 74 97 71 87 80 71 72 77 72 99 98 84 100 93 79 91 97 
93 89 100 79 97 87 81 0 81 69 98 84 78 28 82 67 98 77 96 72 69 69 92 80 98 82 85 93 82 66 83 68 66 87 81 83 79 79 82 99 100 92 98 69 91 93 95 70 89 67 
67 91 68 78 81 79 95 81 0 93 100 96 68 31 73 92 99 71 67 100 77 75 96 98 87 80 92 67 100 80 89 99 73 62 100 67 96 71 72 96 89 81 99 80 97 70 88 87 92 89 
80 97 80 68 94 88 92 69 93 0 70 80 98 21 84 70 77 72 81 98 86 72 92 68 83 65 74 73 97 97 81 74 86 89 70 84 83 92 67 80 75 80 65 86 74 85 71 95 78 72 
100 93 80 77 73 83 65 98 100 70 0 82 96 46 74 79 73 88 83 76 97 77 81 97 83 85 67 88 97 65 84 92 73 91 87 90 87 84 92 90 70 100 95 82 91 78 76 67 78 81 
82 88 84 69 83 67 72 84 96 80 82 0 87 47 77 68 78 76 95 71 78 65 78 79 83 79 73 97 88 87 86 92 93 74 84 84 97 79 91 84 76 80 77 84 86 81 72 70 93 82 
81 77 81 81 100 67 80 78 68 98 96 87 0 21 87 92 65 98 86 69 74 65 95 88 88 92 70 79 99 87 69 83 84 66 66 75 70 70 73 74 65 80 93 88 75 97 91 79 72 67 
33 47 24 39 47 21 23 28 31 21 46 47 21 0 25 36 31 45 19 31 37 26 18 33 51 88 83 79 73 98 79 97 94 79 69 96 70 71 82 88 68 86 95 71 86 76 86 83 85 94 
81 93 68 68 73 76 68 82 73 84 74 77 87 25 0 83 79 70 80 94 91 78 67 97 83 83 92 96 87 69 77 86 88 93 79 82 87 73 80 87 70 67 92 87 82 91 84 67 92 69 
66 97 71 85 68 86 88 67 92 70 79 68 92 36 83 0 95 93 98 85 87 76 81 65 88 70 100 97 68 71 86 70 83 83 73 72 93 74 98 90 76 88 74 98 96 69 96 86 67 94 
74 85 90 73 68 75 85 98 99 77 73 78 65 31 79 95 0 93 87 70 82 97 95 78 74 77 88 80 87 88 77 70 72 66 67 99 85 74 84 92 96 41 77 98 97 73 85 87 99 68 
80 77 69 79 73 67 98 77 71 72 88 76 98 45 70 93 93 0 74 65 94 65 80 69 65 93 91 100 85 73 100 87 86 67 74 68 85 71 68 78 92 80 91 96 99 79 74 81 81 79 
79 88 85 87 70 73 73 96 67 81 83 95 86 19 80 98 87 74 0 68 88 92 97 96 84 72 87 79 76 94 83 76 96 84 73 67 73 93 73 76 72 66 99 71 67 90 67 87 72 100 
99 83 98 80 80 76 100 72 100 98 76 71 69 31 94 85 70 65 68 0 79 79 65 81 76 88 99 98 90 84 95 90 93 93 92 92 68 98 96 88 67 84 80 78 87 82 88 86 93 85 
65 100 93 100 96 66 67 69 77 86 97 78 74 37 91 87 82 94 88 79 0 96 76 71 92 69 76 96 83 84 78 70 85 83 71 82 90 100 84 69 90 80 90 69 96 53 69 94 82 72 
80 97 68 94 65 74 74 69 75 72 77 65 65 26 78 76 97 65 92 79 96 0 77 74 86 73 78 77 87 98 86 100 90 87 72 71 99 91 100 84 88 99 78 96 89 81 74 95 74 95 
96 85 82 89 93 92 91 92 96 92 81 78 95 18 67 81 95 80 97 65 76 77 0 94 100 88 98 90 86 86 85 72 75 84 84 95 71 77 95 99 84 99 87 73 66 72 82 100 80 95 
83 100 92 66 89 91 100 80 98 68 97 79 88 33 97 65 78 69 96 81 71 74 94 0 72 75 69 77 77 95 81 65 67 95 79 73 75 85 71 91 90 80 70 82 88 75 92 66 87 79 
82 68 99 72 99 75 84 98 87 83 83 83 88 51 83 88 74 65 84 76 92 86 100 72 0 91 92 84 71 76 97 95 96 90 77 98 73 95 97 84 71 99 67 82 81 87 99 100 85 62 
66 87 94 100 72 84 100 82 80 65 85 79 92 88 83 70 77 93 72 88 69 73 88 75 91 0 72 70 80 83 96 93 95 91 69 98 78 93 68 85 84 87 96 92 80 65 98 68 98 82 
87 98 83 79 67 66 75 85 92 74 67 73 70 83 92 100 88 91 87 99 76 78 98 69 92 72 0 99 67 99 65 71 88 88 93 72 83 69 25 86 71 98 68 66 76 73 88 71 82 86 
69 99 73 68 83 77 82 93 67 73 88 97 79 79 96 97 80 100 79 98 96 77 90 77 84 70 99 0 76 86 91 80 99 87 68 68 66 75 37 96 86 68 77 97 81 81 73 89 87 71 
73 74 94 72 74 76 98 82 100 97 97 88 99 73 87 68 87 85 76 90 83 87 86 77 71 80 67 76 0 67 76 66 84 71 99 78 98 72 46 70 87 84 70 87 65 81 70 68 80 70 
97 98 74 94 56 79 73 66 80 97 65 87 87 98 69 71 88 73 94 84 84 98 86 95 76 83 99 86 67 0 71 92 81 65 77 67 65 93 18 97 82 89 67 96 98 82 94 68 79 98 
86 78 97 93 73 81 78 83 89 81 84 86 69 79 77 86 77 100 83 95 78 86 85 81 97 96 65 91 76 71 0 87 79 76 95 89 98 78 39 67 92 89 92 75 72 92 65 91 74 100 
78 91 66 96 79 96 82 68 99 74 92 92 83 97 86 70 70 87 76 90 70 100 72 65 95 93 71 80 66 92 87 0 75 74 89 89 68 72 23 90 97 99 94 99 72 99 89 87 75 97 
71 100 95 84 89 68 96 66 73 86 73 93 84 94 88 83 72 86 96 93 85 90 75 67 96 95 88 99 84 81 79 75 0 92 99 65 76 92 26 76 89 66 98 74 72 70 81 100 96 67 
81 85 67 92 82 82 74 87 62 89 91 74 66 79 93 83 66 67 84 93 83 87 84 95 90 91 88 87 71 65 76 74 92 0 95 94 89 93 32 92 73 87 68 73 87 92 92 65 80 98 
72 78 70 91 83 70 97 81 100 70 87 84 66 69 79 73 67 74 73 92 71 72 84 79 77 69 93 68 99 77 95 89 99 95 0 84 80 95 28 72 69 68 96 72 69 81 93 93 89 100 
83 71 84 88 91 92 71 83 67 84 90 84 75 96 82 72 99 68 67 92 82 71 95 73 98 98 72 68 78 67 89 89 65 94 84 0 76 65 35 67 83 91 98 70 98 86 76 99 79 81 
88 73 99 77 91 93 87 79 96 83 87 97 70 70 87 93 85 85 73 68 90 99 71 75 73 78 83 66 98 65 98 68 76 89 80 76 0 76 38 96 92 70 95 66 78 66 71 88 89 88 
96 94 83 91 74 67 80 79 71 92 84 79 70 71 73 74 74 71 93 98 100 91 77 85 95 93 69 75 72 93 78 72 92 93 95 65 76 0 27 82 96 76 67 70 78 92 94 94 70 82 
84 84 91 79 86 68 71 82 72 67 92 91 73 82 80 98 84 68 73 96 84 100 95 71 97 68 25 37 46 18 39 23 26 32 28 35 38 27 0 32 25 18 45 21 32 48 33 22 30 17 
86 97 100 85 78 77 72 99 96 80 90 84 74 88 87 90 92 78 76 88 69 84 99 91 84 85 86 96 70 97 67 90 76 92 72 67 96 82 32 0 88 97 68 71 78 97 97 65 76 98 
85 71 98 92 84 82 77 100 89 75 70 76 65 68 70 76 96 92 72 67 90 88 84 90 71 84 71 86 87 82 92 97 89 73 69 83 92 96 25 88 0 77 100 90 79 89 91 91 98 76 
84 82 79 71 87 98 72 92 81 80 100 80 80 86 67 88 41 80 66 84 80 99 99 80 99 87 98 68 84 89 89 99 66 87 68 91 70 76 18 97 77 0 100 71 77 92 73 71 93 70 
69 86 81 73 94 95 99 98 99 65 95 77 93 95 92 74 77 91 99 80 90 78 87 70 67 96 68 77 70 67 92 94 98 68 96 98 95 67 45 68 100 100 0 77 85 93 84 70 83 96 
65 90 68 88 81 68 98 69 80 86 82 84 88 71 87 98 98 96 71 78 69 96 73 82 82 92 66 97 87 96 75 99 74 73 72 70 66 70 21 71 90 71 77 0 68 79 67 89 94 94 
76 79 95 88 83 76 84 91 97 74 91 86 75 86 82 96 97 99 67 87 96 89 66 88 81 80 76 81 65 98 72 72 72 87 69 98 78 78 32 78 79 77 85 68 0 90 72 88 87 98 
78 89 70 89 77 81 100 93 70 85 78 81 97 76 91 69 73 79 90 82 53 81 72 75 87 65 73 81 81 82 92 99 70 92 81 86 66 92 48 97 89 92 93 79 90 0 71 88 71 88 
92 92 68 73 79 84 93 95 88 71 76 72 91 86 84 96 85 74 67 88 69 74 82 92 99 98 88 73 70 94 65 89 81 92 93 76 71 94 33 97 91 73 84 67 72 71 0 93 71 86 
95 89 97 99 69 93 79 70 87 95 67 70 79 83 67 86 87 81 87 86 94 95 100 66 100 68 71 89 68 68 91 87 100 65 93 99 88 94 22 65 91 71 70 89 88 88 93 0 95 88 
93 84 71 73 89 67 91 89 92 78 78 93 72 85 92 67 99 81 72 93 82 74 80 87 85 98 82 87 80 79 74 75 96 80 89 79 89 70 30 76 98 93 83 94 87 71 71 95 0 89 
74 93 82 97 76 71 97 67 89 72 81 82 67 94 69 94 68 79 100 85 72 95 95 79 62 82 86 71 70 98 100 97 67 98 100 81 88 82 17 98 76 70 96 94 98 88 86 88 89 0 
RRRRRRRRRRRRRRRRRRRRRRRRRBBBBBBBBBBBBBBBBBBBBBBBBB
