48
0 68 63 85 18 88 83 89 66 83 63 85 59 81 77 66 69 55 81 63 78 12 60 72 53 74 51 81 63 54 69 59 75 81 66 58 87 82 75 67 82 87 51 65 60 50 65 77
68 0 85 74 83 74 78 84 59 56 84 66 15 66 88 68 53 80 76 66 63 59 73 72 60 70 76 50 68 69 88 69 79 71 67 87 54 76 19 57 50 58 88 70 63 58 68 48
63 85 0 73 57 62 51 87 71 76 50 14 56 55 56 84 78 50 66 62 84 50 76 52 78 68 76 88 69 81 80 81 68 57 62 50 64 51 59 87 57 75 65 89 51 13 60 72
85 74 73 0 71 53 64 62 52 51 55 87 56 86 81 70 85 83 79 56 76 69 68 86 82 59 59 81 75 60 89 57 85 61 52 68 60 57 58 17 89 52 84 63 81 19 71 82
18 83 57 71 0 85 75 89 74 79 66 80 72 79 83 84 56 59 66 74 78 57 82 60 58 54 51 81 76 50 58 51 76 71 53 76 51 50 62 79 51 70 76 65 13 87 46 71
88 74 62 53 85 0 76 76 66 72 79 68 72 77 62 61 54 70 59 62 67 88 89 60 56 83 67 57 54 69 51 64 55 59 72 43 80 64 73 58 19 77 14 77 77 60 74 59
83 78 51 64 75 76 0 72 66 73 54 87 61 82 88 77 69 64 10 55 87 86 48 77 75 68 83 77 83 59 78 80 64 79 16 83 79 81 65 84 77 82 73 57 83 69 53 54
89 84 87 62 89 76 72 0 67 81 58 59 69 60 87 72 13 84 82 52 70 85 87 19 79 79 72 73 76 70 78 87 64 74 75 63 61 88 58 61 80 66 53 86 77 73 63 80
66 59 71 52 74 66 66 67 0 81 72 60 80 58 64 77 72 73 74 76 88 57 50 45 56 81 83 53 79 51 61 60 79 77 57 52 65 71 77 74 82 76 79 14 53 74 88 16
83 56 76 51 79 72 73 81 81 0 88 61 80 78 14 78 46 88 85 71 53 67 74 50 86 65 54 65 55 59 73 15 81 56 65 86 50 86 55 65 87 69 56 82 81 87 62 55
63 84 50 55 66 79 54 58 72 88 0 85 66 55 55 54 81 85 51 86 56 73 67 10 61 81 64 78 60 42 78 71 57 10 77 84 72 88 53 63 54 73 79 50 79 72 89 86
85 66 14 87 80 68 87 59 60 61 85 0 81 54 86 84 60 12 76 64 79 66 57 56 80 66 73 71 54 78 66 82 76 86 65 77 67 57 59 65 70 68 58 89 59 85 85 79
59 15 56 56 72 72 61 69 80 80 66 81 0 57 58 74 84 73 60 53 85 65 73 69 70 64 52 84 72 69 80 53 76 62 70 79 71 78 82 79 73 86 15 52 41 52 87 68
81 66 55 86 79 77 82 60 58 78 55 54 57 0 55 82 87 89 82 51 78 65 72 60 78 72 81 56 15 81 10 55 59 83 70 72 44 70 59 56 56 50 73 84 69 61 60 76
77 88 56 81 83 62 88 87 64 14 55 86 58 55 0 53 59 49 64 76 69 64 50 55 57 17 50 74 54 62 55 53 68 88 60 58 56 54 78 73 71 83 79 68 86 78 52 56
66 68 84 70 84 61 77 72 77 78 54 84 74 82 53 0 65 86 67 74 61 54 62 54 82 83 75 84 89 54 53 54 54 67 65 14 69 40 69 79 82 15 61 84 55 72 61 88
69 53 78 85 56 54 69 13 72 46 81 60 84 87 59 65 0 77 66 60 70 67 77 73 83 58 71 70 88 74 76 85 69 86 59 52 56 10 76 57 54 63 71 62 72 52 77 54
55 80 50 83 59 70 64 84 73 88 85 12 73 89 49 86 77 0 51 50 63 58 50 58 66 52 57 84 75 56 54 65 85 83 63 70 80 63 62 13 61 64 56 57 86 52 87 63
81 76 66 79 66 59 10 82 74 85 51 76 60 82 64 67 66 51 0 58 88 86 68 68 57 60 60 88 53 73 15 80 63 78 81 64 57 58 70 86 69 58 73 66 53 79 77 79
63 66 62 56 74 62 55 52 76 71 86 64 53 51 76 74 60 50 58 0 74 79 69 78 74 86 85 61 60 81 63 68 70 56 62 75 13 71 62 59 71 72 57 69 76 83 15 54
78 63 84 76 78 67 87 70 88 53 56 79 85 78 69 61 70 63 88 74 0 11 81 77 80 81 74 48 65 83 81 87 17 55 62 72 56 85 89 52 69 63 63 73 63 81 71 81
12 59 50 69 57 88 86 85 57 67 73 66 65 65 64 54 67 58 86 79 11 0 73 66 68 77 76 77 72 68 61 55 70 77 83 73 52 51 54 55 46 84 53 86 82 74 71 52
60 73 76 68 82 89 48 87 50 74 67 57 73 72 50 62 77 50 68 69 81 73 0 82 15 56 87 83 86 77 89 67 53 62 60 78 67 80 75 82 69 81 87 66 59 79 16 63
72 72 52 86 60 60 77 19 45 50 10 56 69 60 55 54 73 58 68 78 77 66 82 0 74 76 74 68 85 63 69 75 72 74 65 54 59 68 85 85 73 55 57 63 50 89 51 64
53 60 78 82 58 56 75 79 56 86 61 80 70 78 57 82 83 66 57 74 80 68 15 74 0 86 66 16 78 61 61 84 66 51 71 70 66 67 50 60 60 50 86 58 83 62 80 74
74 70 68 59 54 83 68 79 81 65 81 66 64 72 17 83 58 52 60 86 81 77 56 76 86 0 89 77 81 17 68 77 72 71 59 69 89 69 50 75 88 51 86 80 82 68 58 86
51 76 76 59 51 67 83 72 83 54 64 73 52 81 50 75 71 57 60 85 74 76 87 74 66 89 0 60 66 10 53 14 51 86 72 83 73 78 52 72 52 59 62 71 88 44 89 89
81 50 88 81 81 57 77 73 53 65 78 71 84 56 74 84 70 84 88 61 48 77 83 68 16 77 60 0 61 60 55 64 80 69 83 59 14 51 77 78 81 86 74 75 57 81 80 86
63 68 69 75 76 54 83 76 79 55 60 54 72 15 54 89 88 75 53 60 65 72 86 85 78 81 66 61 0 75 59 71 62 70 18 51 63 50 88 77 58 55 55 61 72 78 68 80
54 69 81 60 50 69 59 70 51 59 42 78 69 81 62 54 74 56 73 81 83 68 77 63 61 17 10 60 75 0 67 78 84 77 66 81 67 60 62 80 85 74 75 70 76 67 73 54
69 88 80 89 58 51 78 78 61 73 78 66 80 10 55 53 76 54 15 63 81 61 89 69 61 68 53 55 59 67 0 73 80 66 68 80 66 82 62 52 78 59 86 86 63 83 81 66
59 69 81 57 51 64 80 87 60 15 71 82 53 55 53 54 85 65 80 68 87 55 67 75 84 77 14 64 71 78 73 0 83 66 81 83 84 85 69 88 78 57 50 66 56 77 63 52
75 79 68 85 76 55 64 64 79 81 57 76 76 59 68 54 69 85 63 70 17 70 53 72 66 72 51 80 62 84 80 83 0 64 72 87 59 71 61 89 52 72 53 69 14 68 78 57
81 71 57 61 71 59 79 74 77 56 10 86 62 83 88 67 86 83 78 56 55 77 62 74 51 71 86 69 70 77 66 66 64 0 67 78 69 17 64 60 79 77 87 55 82 55 70 58
66 67 62 52 53 72 16 75 57 65 77 65 70 70 60 65 59 63 81 62 62 83 60 65 71 59 72 83 18 66 68 81 72 67 0 69 89 55 60 87 69 66 80 53 79 67 89 81
58 87 50 68 76 43 83 63 52 86 84 77 79 72 58 14 52 70 64 75 72 73 78 54 70 69 83 59 51 81 80 83 87 78 69 0 57 85 54 61 56 89 71 11 78 72 86 54
87 54 64 60 51 80 79 61 65 50 72 67 71 44 56 69 56 80 57 13 56 52 67 59 66 89 73 14 63 67 66 84 59 69 89 57 0 75 69 56 77 69 53 87 50 51 73 54
82 76 51 57 50 64 81 88 71 86 88 57 78 70 54 40 10 63 58 71 85 51 80 68 67 69 78 51 50 60 82 85 71 17 55 85 75 0 74 84 84 89 51 53 59 84 57 52
75 19 59 58 62 73 65 58 77 55 53 59 82 59 78 69 76 62 70 62 89 54 75 85 50 50 52 77 88 62 62 69 61 64 60 54 69 74 0 66 15 81 54 89 75 72 63 80
67 57 87 17 79 58 84 61 74 65 63 65 79 56 73 79 57 13 86 59 52 55 82 85 60 75 72 78 77 80 52 88 89 60 87 61 56 84 66 0 68 51 69 85 55 71 65 66
82 50 57 89 51 19 77 80 82 87 54 70 73 56 71 82 54 61 69 71 69 46 69 73 60 88 52 81 58 85 78 78 52 79 69 56 77 84 15 68 0 57 80 68 76 68 58 72
87 58 75 52 70 77 82 66 76 69 73 68 86 50 83 15 63 64 58 72 63 84 81 55 50 51 59 86 55 74 59 57 72 77 66 89 69 89 81 51 57 0 58 58 52 82 51 15
51 88 65 84 76 14 73 53 79 56 79 58 15 73 79 61 71 56 73 57 63 53 87 57 86 86 62 74 55 75 86 50 53 87 80 71 53 51 54 69 80 58 0 67 68 72 58 77
65 70 89 63 65 77 57 86 14 82 50 89 52 84 68 84 62 57 66 69 73 86 66 63 58 80 71 75 61 70 86 66 69 55 53 11 87 53 89 85 68 58 67 0 76 86 67 57
60 63 51 81 13 77 83 77 53 81 79 59 41 69 86 55 72 86 53 76 63 82 59 50 83 82 88 57 72 76 63 56 14 82 79 78 50 59 75 55 76 52 68 76 0 85 68 72
50 58 13 19 87 60 69 73 74 87 72 85 52 61 78 72 52 52 79 83 81 74 79 89 62 68 44 81 78 67 83 77 68 55 67 72 51 84 72 71 68 82 72 86 85 0 51 86
65 68 60 71 46 74 53 63 88 62 89 85 87 60 52 61 77 87 77 15 71 71 16 51 80 58 89 80 68 73 81 63 78 70 89 86 73 57 63 65 58 51 58 67 68 51 0 60
77 48 72 82 71 59 54 80 16 55 86 79 68 76 56 88 54 63 79 54 81 52 63 64 74 86 89 86 80 54 66 52 57 58 81 54 54 52 80 66 72 15 77 57 72 86 60 0
BRRRBRBRBBRRRBBBRRBRBBRRRBBRBBBBBRBBRRRRRBRBBRRB