50
0 29 35 56 91 22 94 82 61 11 33 30 59 0 95 62 92 26 61 68 27 16 21 87 47 45 31 87 52 18 50 7 38 96 95 8 95 28 18 32 31 28 48 99 38 14 90 69 95 84
29 0 7 85 75 20 88 19 80 65 8 36 38 9 72 48 47 36 50 91 85 72 45 12 56 73 67 100 67 66 17 31 64 43 54 67 13 3 39 22 88 70 39 98 63 3 39 47 34 22
35 7 0 58 42 73 17 25 26 72 32 5 9 54 95 44 12 78 74 62 30 9 52 72 82 17 10 61 37 28 5 43 2 18 81 55 77 39 5 38 60 20 75 21 94 16 63 67 97 54
56 85 58 0 9 18 19 24 5 66 16 0 61 63 89 99 88 73 98 98 41 94 38 83 67 70 74 70 18 98 30 39 92 49 95 1 44 43 10 24 74 51 56 17 42 78 2 62 60 16
91 75 42 9 0 39 46 9 9 45 25 45 80 24 61 64 43 25 54 65 96 30 74 30 97 76 19 77 87 67 33 56 83 60 40 62 57 18 25 29 75 49 81 61 75 88 80 51 70 94
22 20 73 18 39 0 88 7 23 81 42 26 26 2 22 67 56 13 97 7 58 63 21 34 21 70 37 95 56 83 2 4 6 70 10 36 54 31 58 55 91 25 88 79 35 17 77 3 79 15
94 88 17 19 46 88 0 7 18 65 32 34 98 100 30 65 92 20 100 42 55 3 68 89 65 72 87 14 97 49 45 31 55 53 98 9 39 11 62 75 88 48 73 97 31 24 61 9 16 6
82 19 25 24 9 7 7 0 25 3 82 35 86 31 61 44 76 20 76 52 42 11 41 34 16 8 58 29 73 95 12 89 8 16 39 25 67 51 43 34 97 92 29 31 55 66 6 57 16 11
61 80 26 5 9 23 18 25 0 87 9 54 49 43 50 52 87 30 24 2 22 96 89 39 8 95 67 82 3 34 2 76 74 55 71 72 79 43 74 7 45 22 39 86 76 6 6 46 23 0
11 65 72 66 45 81 65 3 87 0 93 74 20 57 21 64 18 90 100 0 24 44 28 36 51 52 49 81 43 88 81 78 11 12 27 53 46 68 71 6 0 0 14 38 60 85 55 36 36 72
33 8 32 16 25 42 32 82 9 93 0 79 58 87 42 13 26 24 41 71 86 13 21 19 99 86 4 42 78 27 60 96 16 19 34 16 44 88 61 79 64 75 96 67 58 36 75 47 82 52
30 36 5 0 45 26 34 35 54 74 79 0 49 19 76 40 35 94 88 66 92 4 3 52 59 42 83 33 97 68 63 4 90 99 28 42 21 53 99 44 99 97 40 60 43 12 54 25 57 35
59 38 9 61 80 26 98 86 49 20 58 49 0 85 64 62 49 39 13 52 11 85 12 3 96 48 29 17 35 76 34 52 79 15 67 7 58 38 13 77 0 18 19 99 56 54 59 94 90 23
0 9 54 63 24 2 100 31 43 57 87 19 85 0 28 62 95 72 5 75 29 93 30 71 75 86 37 93 1 98 53 3 72 49 93 32 91 52 11 8 2 20 12 27 97 80 19 96 54 89
95 72 95 89 61 22 30 61 50 21 42 76 64 28 0 64 31 36 71 62 89 35 54 16 87 90 5 29 46 24 61 61 61 61 16 20 37 56 45 43 70 64 25 98 55 66 92 87 74 38
62 48 44 99 64 67 65 44 52 64 13 40 62 62 64 0 59 21 99 79 43 49 54 84 43 53 63 52 40 1 30 98 71 58 41 25 99 46 45 74 22 53 17 58 34 8 20 2 45 5
92 47 12 88 43 56 92 76 87 18 26 35 49 95 31 59 0 48 6 55 52 64 72 8 91 24 81 56 28 80 59 50 65 68 29 66 96 99 71 60 40 94 83 67 46 22 90 5 70 77
26 36 78 73 25 13 20 20 30 90 24 94 39 72 36 21 48 0 30 38 7 7 67 81 56 36 59 27 82 48 16 45 24 57 42 91 83 77 14 8 12 18 59 78 33 1 5 62 82 60
61 50 74 98 54 97 100 76 24 100 41 88 13 5 71 99 6 30 0 54 83 46 93 2 11 43 43 34 13 18 4 57 84 20 31 96 51 98 7 2 98 26 40 42 98 37 65 48 16 24
68 91 62 98 65 7 42 52 2 0 71 66 52 75 62 79 55 38 54 0 8 90 20 94 93 72 38 79 88 68 25 43 71 7 39 30 36 8 98 56 31 40 67 97 93 14 55 71 73 59
27 85 30 41 96 58 55 42 22 24 86 92 11 29 89 43 52 7 83 8 0 0 56 20 24 31 62 82 27 78 24 3 43 37 57 92 78 77 39 92 59 44 34 89 66 96 78 89 33 27
16 72 9 94 30 63 3 11 96 44 13 4 85 93 35 49 64 7 46 90 0 0 57 17 75 92 86 72 3 24 19 48 86 25 80 90 39 63 57 37 99 32 22 22 24 40 4 34 23 7
21 45 52 38 74 21 68 41 89 28 21 3 12 30 54 54 72 67 93 20 56 57 0 69 99 14 20 87 34 80 73 91 96 17 84 86 41 58 15 20 35 70 54 21 79 46 45 68 97 9
87 12 72 83 30 34 89 34 39 36 19 52 3 71 16 84 8 81 2 94 20 17 69 0 0 100 43 53 48 59 30 4 82 57 96 15 64 91 91 73 69 91 87 36 13 6 68 71 24 77
47 56 82 67 97 21 65 16 8 51 99 59 96 75 87 43 91 56 11 93 24 75 99 0 0 96 19 74 94 14 41 38 72 73 80 95 43 12 7 24 84 94 61 88 29 67 43 28 2 44
45 73 17 70 76 70 72 8 95 52 86 42 48 86 90 53 24 36 43 72 31 92 14 100 96 0 71 17 97 67 47 89 70 56 23 20 72 67 46 43 12 82 28 98 50 92 30 88 91 81
31 67 10 74 19 37 87 58 67 49 4 83 29 37 5 63 81 59 43 38 62 86 20 43 19 71 0 37 54 4 16 100 31 87 81 90 100 29 36 70 10 79 38 91 79 14 34 44 87 83
87 100 61 70 77 95 14 29 82 81 42 33 17 93 29 52 56 27 34 79 82 72 87 53 74 17 37 0 2 47 69 91 95 51 50 73 0 4 88 75 71 74 14 12 95 95 48 17 24 91
52 67 37 18 87 56 97 73 3 43 78 97 35 1 46 40 28 82 13 88 27 3 34 48 94 97 54 2 0 52 27 27 8 20 57 85 28 94 19 16 37 35 36 59 62 69 95 34 85 72
18 66 28 98 67 83 49 95 34 88 27 68 76 98 24 1 80 48 18 68 78 24 80 59 14 67 4 47 52 0 24 0 53 13 75 91 3 100 8 87 0 100 81 72 59 72 40 85 72 19
50 17 5 30 33 2 45 12 2 81 60 63 34 53 61 30 59 16 4 25 24 19 73 30 41 47 16 69 27 24 0 58 93 52 12 85 87 51 34 71 88 19 28 91 20 35 91 1 5 88
7 31 43 39 56 4 31 89 76 78 96 4 52 3 61 98 50 45 57 43 3 48 91 4 38 89 100 91 27 0 58 0 60 45 56 28 5 70 16 15 59 57 43 73 73 18 1 48 49 92
38 64 2 92 83 6 55 8 74 11 16 90 79 72 61 71 65 24 84 71 43 86 96 82 72 70 31 95 8 53 93 60 0 8 89 17 64 58 81 69 95 80 49 56 66 1 99 85 12 0
96 43 18 49 60 70 53 16 55 12 19 99 15 49 61 58 68 57 20 7 37 25 17 57 73 56 87 51 20 13 52 45 8 0 40 85 48 51 61 28 1 14 51 18 29 47 50 44 21 79
95 54 81 95 40 10 98 39 71 27 34 28 67 93 16 41 29 42 31 39 57 80 84 96 80 23 81 50 57 75 12 56 89 40 0 80 43 31 85 12 52 33 91 72 26 89 58 54 64 35
8 67 55 1 62 36 9 25 72 53 16 42 7 32 20 25 66 91 96 30 92 90 86 15 95 20 90 73 85 91 85 28 17 85 80 0 96 60 85 46 56 1 12 64 36 42 99 100 16 4
95 13 77 44 57 54 39 67 79 46 44 21 58 91 37 99 96 83 51 36 78 39 41 64 43 72 100 0 28 3 87 5 64 48 43 96 0 47 35 94 26 41 59 64 8 89 99 11 74 85
28 3 39 43 18 31 11 51 43 68 88 53 38 52 56 46 99 77 98 8 77 63 58 91 12 67 29 4 94 100 51 70 58 51 31 60 47 0 26 66 89 52 98 38 19 7 28 94 74 91
18 39 5 10 25 58 62 43 74 71 61 99 13 11 45 45 71 14 7 98 39 57 15 91 7 46 36 88 19 8 34 16 81 61 85 85 35 26 0 10 73 52 84 92 61 14 19 36 46 0
32 22 38 24 29 55 75 34 7 6 79 44 77 8 43 74 60 8 2 56 92 37 20 73 24 43 70 75 16 87 71 15 69 28 12 46 94 66 10 0 86 32 90 25 1 46 27 17 62 84
31 88 60 74 75 91 88 97 45 0 64 99 0 2 70 22 40 12 98 31 59 99 35 69 84 12 10 71 37 0 88 59 95 1 52 56 26 89 73 86 0 10 96 24 73 33 21 17 33 18
28 70 20 51 49 25 48 92 22 0 75 97 18 20 64 53 94 18 26 40 44 32 70 91 94 82 79 74 35 100 19 57 80 14 33 1 41 52 52 32 10 0 86 17 89 34 40 42 93 20
48 39 75 56 81 88 73 29 39 14 96 40 19 12 25 17 83 59 40 67 34 22 54 87 61 28 38 14 36 81 28 43 49 51 91 12 59 98 84 90 96 86 0 80 51 28 41 63 61 21
99 98 21 17 61 79 97 31 86 38 67 60 99 27 98 58 67 78 42 97 89 22 21 36 88 98 91 12 59 72 91 73 56 18 72 64 64 38 92 25 24 17 80 0 79 42 69 56 68 11
38 63 94 42 75 35 31 55 76 60 58 43 56 97 55 34 46 33 98 93 66 24 79 13 29 50 79 95 62 59 20 73 66 29 26 36 8 19 61 1 73 89 51 79 0 53 82 92 21 74
14 3 16 78 88 17 24 66 6 85 36 12 54 80 66 8 22 1 37 14 96 40 46 6 67 92 14 95 69 72 35 18 1 47 89 42 89 7 14 46 33 34 28 42 53 0 63 64 71 11
90 39 63 2 80 77 61 6 6 55 75 54 59 19 92 20 90 5 65 55 78 4 45 68 43 30 34 48 95 40 91 1 99 50 58 99 99 28 19 27 21 40 41 69 82 63 0 22 12 76
69 47 67 62 51 3 9 57 46 36 47 25 94 96 87 2 5 62 48 71 89 34 68 71 28 88 44 17 34 85 1 48 85 44 54 100 11 94 36 17 17 42 63 56 92 64 22 0 26 47
95 34 97 60 70 79 16 16 23 36 82 57 90 54 74 45 70 82 16 73 33 23 97 24 2 91 87 24 85 72 5 49 12 21 64 16 74 74 46 62 33 93 61 68 21 71 12 26 0 25
84 22 54 16 94 15 6 11 0 72 52 35 23 89 38 5 77 60 24 59 27 7 9 77 44 81 83 91 72 19 88 92 0 79 35 4 85 91 0 84 18 20 21 11 74 11 76 47 25 0
BRBRRBRRBBBRBRBBRBBBRBRRRRBBRRRRBBRRBRBBBBRRRBRRBB