50
0	62	68	68	73	82	69	61	85	90	62	95	60	76	99	91	80	98	80	61	79	85	90	90	83	62	73	86	92	75	91	82	75	73	75	91	86	97	98	97	62	81	69	92	84	80	74	100	66	75	
62	0	87	61	80	84	94	80	61	63	60	73	96	91	80	72	71	62	80	96	74	75	65	73	91	70	95	89	68	81	92	79	97	81	99	95	76	69	62	97	83	84	71	89	63	62	99	98	85	67	
68	87	0	67	73	74	60	92	96	78	82	74	75	76	65	98	89	74	74	69	83	96	88	70	97	80	66	81	78	91	76	84	89	64	70	73	80	92	87	99	63	96	69	63	80	72	63	70	84	90	
68	61	67	0	67	85	88	83	75	64	72	87	79	82	71	84	77	82	83	96	90	71	96	86	64	64	78	82	89	65	62	66	63	65	85	72	85	95	68	83	95	98	69	78	62	79	85	76	88	75	
73	80	73	67	0	81	89	98	60	97	80	75	100	86	75	69	60	77	81	90	100	92	74	69	74	95	82	66	100	70	90	60	61	95	66	84	60	61	86	96	99	71	68	95	84	88	83	73	91	67	
82	84	74	85	81	0	73	61	69	67	88	87	92	62	77	61	65	85	83	71	79	77	80	61	65	68	69	95	97	65	64	69	95	74	98	93	94	87	100	83	72	79	87	93	94	68	89	83	73	80	
69	94	60	88	89	73	0	74	64	60	74	92	75	71	81	94	70	67	71	99	84	80	70	74	79	70	63	86	67	91	87	74	96	91	67	88	66	65	70	65	86	76	74	60	72	98	94	62	79	83	
61	80	92	83	98	61	74	0	65	87	66	86	62	79	73	86	99	86	94	90	86	91	65	78	95	60	60	96	80	68	95	67	94	89	90	93	95	65	60	69	90	68	65	63	94	61	69	86	94	80	
85	61	96	75	60	69	64	65	0	99	64	66	81	96	85	89	90	91	71	96	89	74	66	72	95	98	70	87	78	88	87	77	92	76	69	69	65	82	62	67	71	90	85	100	65	71	77	82	76	85	
90	63	78	64	97	67	60	87	99	0	81	90	72	99	91	92	79	82	70	73	89	84	87	70	78	86	85	80	67	71	69	91	96	90	95	97	62	89	80	82	86	99	92	67	88	96	82	81	73	80	
62	60	82	72	80	88	74	66	64	81	0	83	66	99	92	83	73	100	67	92	84	77	65	64	67	100	94	60	90	94	64	81	100	79	79	63	66	94	64	98	63	66	88	73	63	72	60	67	74	71	
95	73	74	87	75	87	92	86	66	90	83	0	80	67	63	65	94	77	84	71	65	62	95	96	71	66	83	73	87	92	97	94	88	86	70	71	69	95	71	77	68	68	98	94	64	66	73	62	91	74	
60	96	75	79	100	92	75	62	81	72	66	80	0	76	99	66	80	99	67	84	89	62	66	83	82	73	63	97	82	96	96	69	79	84	93	73	62	73	98	60	60	92	77	60	66	76	95	83	93	84	
76	91	76	82	86	62	71	79	96	99	99	67	76	0	100	62	96	78	97	95	81	70	94	61	85	76	95	78	72	92	80	74	65	84	85	60	78	73	75	84	89	97	79	92	91	78	90	79	75	64	
99	80	65	71	75	77	81	73	85	91	92	63	99	100	0	83	75	89	80	69	87	66	90	62	68	97	61	83	69	69	61	60	83	71	72	80	89	61	79	60	98	66	79	92	74	92	96	87	93	69	
91	72	98	84	69	61	94	86	89	92	83	65	66	62	83	0	84	69	61	84	70	66	87	79	99	72	94	97	76	62	80	69	83	84	82	89	89	71	81	60	98	95	66	76	70	75	81	77	70	100	
80	71	89	77	60	65	70	99	90	79	73	94	80	96	75	84	0	89	64	78	93	71	63	66	61	69	96	98	73	96	99	83	73	81	72	68	81	76	65	90	81	80	74	85	76	75	100	87	91	81	
98	62	74	82	77	85	67	86	91	82	100	77	99	78	89	69	89	0	81	63	82	82	95	97	82	90	63	83	85	85	60	99	99	98	85	63	60	81	62	100	92	83	69	82	91	93	60	60	66	90	
80	80	74	83	81	83	71	94	71	70	67	84	67	97	80	61	64	81	0	93	78	75	92	86	94	70	89	71	63	63	100	85	91	74	79	90	74	89	67	94	72	81	95	91	95	93	74	66	60	93	
61	96	69	96	90	71	99	90	96	73	92	71	84	95	69	84	78	63	93	0	90	62	64	84	95	100	94	98	83	91	94	94	73	92	81	93	67	62	91	63	83	91	90	100	94	90	97	80	83	62	
79	74	83	90	100	79	84	86	89	89	84	65	89	81	87	70	93	82	78	90	0	85	99	90	68	100	95	94	100	77	93	77	60	97	69	65	86	83	62	89	98	80	79	65	77	66	97	92	79	100	
85	75	96	71	92	77	80	91	74	84	77	62	62	70	66	66	71	82	75	62	85	0	77	78	67	91	75	86	97	80	67	61	62	100	69	80	89	93	64	73	78	87	92	87	96	72	63	87	78	65	
90	65	88	96	74	80	70	65	66	87	65	95	66	94	90	87	63	95	92	64	99	77	0	83	87	78	98	90	60	85	84	68	69	64	66	62	87	98	96	74	84	87	60	74	74	81	64	77	99	88	
90	73	70	86	69	61	74	78	72	70	64	96	83	61	62	79	66	97	86	84	90	78	83	0	61	99	68	75	72	99	70	81	78	100	93	67	77	76	99	98	69	80	90	98	89	89	61	86	86	96	
83	91	97	64	74	65	79	95	95	78	67	71	82	85	68	99	61	82	94	95	68	67	87	61	0	68	77	96	64	86	87	74	98	90	66	84	97	69	88	75	63	97	86	62	64	100	85	73	68	86	
62	70	80	64	95	68	70	60	98	86	100	66	73	76	97	72	69	90	70	100	100	91	78	99	68	0	94	62	65	90	98	78	77	83	84	77	67	85	78	84	77	91	88	82	92	83	87	63	98	95	
73	95	66	78	82	69	63	60	70	85	94	83	63	95	61	94	96	63	89	94	95	75	98	68	77	94	0	93	65	95	90	92	75	79	73	78	92	93	84	81	69	74	63	84	86	63	89	100	96	88	
86	89	81	82	66	95	86	96	87	80	60	73	97	78	83	97	98	83	71	98	94	86	90	75	96	62	93	0	67	79	72	99	73	73	93	65	95	90	70	80	73	88	98	88	75	79	98	90	98	98	
92	68	78	89	100	97	67	80	78	67	90	87	82	72	69	76	73	85	63	83	100	97	60	72	64	65	65	67	0	62	79	91	78	69	77	96	72	66	71	72	91	67	94	78	72	72	71	73	63	96	
75	81	91	65	70	65	91	68	88	71	94	92	96	92	69	62	96	85	63	91	77	80	85	99	86	90	95	79	62	0	98	92	85	80	95	70	65	78	83	99	85	63	76	66	60	80	81	81	73	79	
91	92	76	62	90	64	87	95	87	69	64	97	96	80	61	80	99	60	100	94	93	67	84	70	87	98	90	72	79	98	0	62	70	87	99	61	68	100	62	70	93	79	94	67	72	65	97	77	93	66	
82	79	84	66	60	69	74	67	77	91	81	94	69	74	60	69	83	99	85	94	77	61	68	81	74	78	92	99	91	92	62	0	70	70	66	82	73	92	92	64	67	85	60	93	91	65	98	91	89	65	
75	97	89	63	61	95	96	94	92	96	100	88	79	65	83	83	73	99	91	73	60	62	69	78	98	77	75	73	78	85	70	70	0	93	62	91	98	96	79	77	68	67	66	71	72	86	95	76	72	78	
73	81	64	65	95	74	91	89	76	90	79	86	84	84	71	84	81	98	74	92	97	100	64	100	90	83	79	73	69	80	87	70	93	0	73	89	76	60	76	96	82	80	63	65	89	93	86	63	99	84	
75	99	70	85	66	98	67	90	69	95	79	70	93	85	72	82	72	85	79	81	69	69	66	93	66	84	73	93	77	95	99	66	62	73	0	63	88	73	79	95	68	72	89	90	70	69	63	74	82	93	
91	95	73	72	84	93	88	93	69	97	63	71	73	60	80	89	68	63	90	93	65	80	62	67	84	77	78	65	96	70	61	82	91	89	63	0	93	68	74	95	91	85	77	87	70	87	64	98	96	90	
86	76	80	85	60	94	66	95	65	62	66	69	62	78	89	89	81	60	74	67	86	89	87	77	97	67	92	95	72	65	68	73	98	76	88	93	0	92	75	85	87	88	83	83	73	73	95	66	95	97	
97	69	92	95	61	87	65	65	82	89	94	95	73	73	61	71	76	81	89	62	83	93	98	76	69	85	93	90	66	78	100	92	96	60	73	68	92	0	77	91	68	68	65	93	63	73	76	69	94	66	
98	62	87	68	86	100	70	60	62	80	64	71	98	75	79	81	65	62	67	91	62	64	96	99	88	78	84	70	71	83	62	92	79	76	79	74	75	77	0	96	74	93	91	95	61	68	66	68	88	84	
97	97	99	83	96	83	65	69	67	82	98	77	60	84	60	60	90	100	94	63	89	73	74	98	75	84	81	80	72	99	70	64	77	96	95	95	85	91	96	0	70	89	100	72	89	77	82	72	92	66	
62	83	63	95	99	72	86	90	71	86	63	68	60	89	98	98	81	92	72	83	98	78	84	69	63	77	69	73	91	85	93	67	68	82	68	91	87	68	74	70	0	68	100	85	68	91	74	60	73	74	
81	84	96	98	71	79	76	68	90	99	66	68	92	97	66	95	80	83	81	91	80	87	87	80	97	91	74	88	67	63	79	85	67	80	72	85	88	68	93	89	68	0	86	95	89	100	99	93	60	96	
69	71	69	69	68	87	74	65	85	92	88	98	77	79	79	66	74	69	95	90	79	92	60	90	86	88	63	98	94	76	94	60	66	63	89	77	83	65	91	100	100	86	0	100	73	81	72	63	67	100	
92	89	63	78	95	93	60	63	100	67	73	94	60	92	92	76	85	82	91	100	65	87	74	98	62	82	84	88	78	66	67	93	71	65	90	87	83	93	95	72	85	95	100	0	90	98	92	94	92	98	
84	63	80	62	84	94	72	94	65	88	63	64	66	91	74	70	76	91	95	94	77	96	74	89	64	92	86	75	72	60	72	91	72	89	70	70	73	63	61	89	68	89	73	90	0	89	96	68	78	88	
80	62	72	79	88	68	98	61	71	96	72	66	76	78	92	75	75	93	93	90	66	72	81	89	100	83	63	79	72	80	65	65	86	93	69	87	73	73	68	77	91	100	81	98	89	0	63	90	87	62	
74	99	63	85	83	89	94	69	77	82	60	73	95	90	96	81	100	60	74	97	97	63	64	61	85	87	89	98	71	81	97	98	95	86	63	64	95	76	66	82	74	99	72	92	96	63	0	66	72	71	
100	98	70	76	73	83	62	86	82	81	67	62	83	79	87	77	87	60	66	80	92	87	77	86	73	63	100	90	73	81	77	91	76	63	74	98	66	69	68	72	60	93	63	94	68	90	66	0	71	83	
66	85	84	88	91	73	79	94	76	73	74	91	93	75	93	70	91	66	60	83	79	78	99	86	68	98	96	98	63	73	93	89	72	99	82	96	95	94	88	92	73	60	67	92	78	87	72	71	0	79	
75	67	90	75	67	80	83	80	85	80	71	74	84	64	69	100	81	90	93	62	100	65	88	96	86	95	88	98	96	79	66	65	78	84	93	90	97	66	84	66	74	96	100	98	88	62	71	83	79	0	
RRBRBRRRRRBBBBRRRBBRBRBBBRBBBBRRRRBBBRRRBBBBBRRBRR