50
0 4 16 7 7 7 6 6 15 9 6 17 1 18 4 22 24 23 20 17 17 25 6 1 2 85 71 86 64 88 74 58 66 79 85 70 96 88 90 66 57 99 96 59 57 69 57 55 92 51
4 0 1 3 8 8 15 25 5 19 9 12 4 25 19 20 17 22 24 25 22 15 12 13 7 51 60 73 79 76 98 72 77 93 80 99 71 61 56 66 76 78 56 60 69 100 89 61 73 91
16 1 0 19 8 7 19 3 1 4 15 7 6 3 25 15 16 17 10 1 19 14 6 22 5 51 78 50 78 79 99 70 65 56 54 79 81 78 63 91 75 74 84 82 90 74 54 53 82 74
7 3 19 0 22 4 7 20 21 17 17 5 8 10 21 10 4 3 9 2 17 12 8 7 7 83 86 86 92 99 62 75 70 53 57 88 88 53 91 67 70 67 62 72 73 74 80 95 74 74
7 8 8 22 0 16 16 13 17 14 15 2 14 2 8 10 2 19 15 23 5 13 19 4 5 92 89 81 62 53 88 98 79 91 72 75 78 61 79 77 54 70 79 91 93 60 84 64 98 51
7 8 7 4 16 0 5 11 6 17 24 1 5 2 24 16 5 17 12 6 18 25 7 13 11 80 59 99 100 73 80 70 80 93 66 99 77 53 54 65 57 73 76 90 90 54 90 53 81 60
6 15 19 7 16 5 0 16 19 9 10 10 20 20 20 20 16 3 12 7 13 9 14 2 23 66 67 56 85 75 77 82 51 86 59 81 96 81 96 51 97 96 69 60 58 65 58 74 50 83
6 25 3 20 13 11 16 0 22 10 15 25 19 17 22 14 12 19 14 7 25 21 15 9 8 62 66 92 94 59 87 58 71 76 81 80 71 51 54 85 68 57 92 52 64 72 65 52 82 99
15 5 1 21 17 6 19 22 0 24 19 14 6 11 3 24 10 5 13 1 10 2 24 16 7 70 78 76 76 62 54 80 69 86 90 54 54 72 69 66 63 79 66 79 90 82 74 64 64 82
9 19 4 17 14 17 9 10 24 0 5 18 4 18 10 16 22 10 17 15 24 13 13 3 14 67 52 86 63 75 77 70 85 71 69 76 57 62 60 69 89 71 72 96 61 69 99 57 61 79
6 9 15 17 15 24 10 15 19 5 0 23 2 19 18 11 19 23 21 10 10 9 21 7 13 57 57 57 76 76 97 56 70 98 94 66 96 80 67 67 58 83 64 60 70 94 94 88 65 60
17 12 7 5 2 1 10 25 14 18 23 0 7 3 10 19 16 22 12 11 1 23 19 5 11 52 92 90 97 67 66 90 62 75 91 80 64 94 80 100 59 74 79 66 65 87 100 97 87 57
1 4 6 8 14 5 20 19 6 4 2 7 0 11 11 1 11 7 8 20 14 6 24 1 1 70 85 80 73 58 98 72 75 75 94 94 60 57 95 59 61 77 99 84 51 91 76 65 78 100
18 25 3 10 2 2 20 17 11 18 19 3 11 0 9 24 24 4 16 5 19 1 5 20 22 81 94 80 63 100 72 65 82 81 65 72 59 66 67 66 61 98 96 87 81 75 99 92 85 67
4 19 25 21 8 24 20 22 3 10 18 10 11 9 0 23 5 25 15 11 9 10 3 3 1 98 95 58 98 76 52 82 86 100 97 68 87 94 52 67 89 96 70 96 67 59 99 50 50 91
22 20 15 10 10 16 20 14 24 16 11 19 1 24 23 0 7 23 24 13 21 6 11 25 20 66 90 54 93 86 75 61 83 99 50 80 59 93 87 63 60 54 82 72 84 74 83 68 73 80
24 17 16 4 2 5 16 12 10 22 19 16 11 24 5 7 0 13 25 6 25 10 9 6 4 67 65 78 64 81 52 73 71 92 84 54 88 68 54 80 88 63 50 77 64 97 62 79 61 58
23 22 17 3 19 17 3 19 5 10 23 22 7 4 25 23 13 0 20 9 6 10 12 14 20 75 51 58 51 74 56 69 92 92 51 67 66 77 50 92 90 71 78 63 90 82 81 95 74 79
20 24 10 9 15 12 12 14 13 17 21 12 8 16 15 24 25 20 0 1 3 10 5 2 4 80 51 52 73 77 63 69 93 78 79 75 51 96 95 75 69 86 62 99 57 69 75 91 91 74
17 25 1 2 23 6 7 7 1 15 10 11 20 5 11 13 6 9 1 0 7 1 17 23 13 85 75 80 62 89 66 85 81 51 66 60 63 81 89 100 76 61 74 63 67 57 76 97 56 83
17 22 19 17 5 18 13 25 10 24 10 1 14 19 9 21 25 6 3 7 0 3 20 12 15 80 100 83 87 80 61 68 74 74 58 61 67 60 87 62 66 65 84 54 59 55 50 68 97 57
25 15 14 12 13 25 9 21 2 13 9 23 6 1 10 6 10 10 10 1 3 0 12 16 15 66 59 57 59 61 58 99 55 52 72 83 79 98 80 73 74 66 62 74 89 55 76 91 55 76
6 12 6 8 19 7 14 15 24 13 21 19 24 5 3 11 9 12 5 17 20 12 0 9 12 89 87 67 72 84 61 51 67 87 56 84 73 82 74 69 65 78 88 70 58 98 63 73 56 72
1 13 22 7 4 13 2 9 16 3 7 5 1 20 3 25 6 14 2 23 12 16 9 0 10 83 61 60 59 52 58 82 94 78 57 76 81 96 65 85 77 51 82 85 69 59 84 66 96 59
2 7 5 7 5 11 23 8 7 14 13 11 1 22 1 20 4 20 4 13 15 15 12 10 0 53 94 58 70 58 60 97 75 74 96 97 89 89 52 95 88 65 67 86 63 63 96 69 62 64
85 51 51 83 92 80 66 62 70 67 57 52 70 81 98 66 67 75 80 85 80 66 89 83 53 0 20 15 17 15 8 12 23 12 15 17 15 2 4 12 6 3 5 10 19 21 25 10 4 3
71 60 78 86 89 59 67 66 78 52 57 92 85 94 95 90 65 51 51 75 100 59 87 61 94 20 0 6 3 25 2 14 3 25 2 23 8 17 7 20 23 23 1 17 14 3 11 23 21 2
86 73 50 86 81 99 56 92 76 86 57 90 80 80 58 54 78 58 52 80 83 57 67 60 58 15 6 0 12 10 15 18 22 19 17 12 4 2 13 7 22 16 24 24 7 8 24 9 20 7
64 79 78 92 62 100 85 94 76 63 76 97 73 63 98 93 64 51 73 62 87 59 72 59 70 17 3 12 0 5 21 9 19 2 21 10 11 13 15 13 12 3 19 4 6 9 6 24 21 22
88 76 79 99 53 73 75 59 62 75 76 67 58 100 76 86 81 74 77 89 80 61 84 52 58 15 25 10 5 0 8 4 19 11 10 23 3 25 14 13 4 17 12 12 5 19 6 20 4 11
74 98 99 62 88 80 77 87 54 77 97 66 98 72 52 75 52 56 63 66 61 58 61 58 60 8 2 15 21 8 0 4 5 19 23 19 9 13 20 14 14 8 24 12 13 11 13 10 3 6
58 72 70 75 98 70 82 58 80 70 56 90 72 65 82 61 73 69 69 85 68 99 51 82 97 12 14 18 9 4 4 0 4 19 20 15 16 22 11 19 20 12 9 7 17 22 13 4 17 24
66 77 65 70 79 80 51 71 69 85 70 62 75 82 86 83 71 92 93 81 74 55 67 94 75 23 3 22 19 19 5 4 0 5 16 1 10 3 25 6 19 11 7 1 3 3 14 21 7 13
79 93 56 53 91 93 86 76 86 71 98 75 75 81 100 99 92 92 78 51 74 52 87 78 74 12 25 19 2 11 19 19 5 0 9 13 2 8 4 22 10 25 11 18 14 5 15 7 13 9
85 80 54 57 72 66 59 81 90 69 94 91 94 65 97 50 84 51 79 66 58 72 56 57 96 15 2 17 21 10 23 20 16 9 0 2 15 13 13 8 3 13 1 25 6 1 5 1 20 3
70 99 79 88 75 99 81 80 54 76 66 80 94 72 68 80 54 67 75 60 61 83 84 76 97 17 23 12 10 23 19 15 1 13 2 0 23 1 18 22 24 20 10 6 25 16 10 23 23 7
96 71 81 88 78 77 96 71 54 57 96 64 60 59 87 59 88 66 51 63 67 79 73 81 89 15 8 4 11 3 9 16 10 2 15 23 0 7 11 3 9 9 6 22 8 21 6 7 23 17
88 61 78 53 61 53 81 51 72 62 80 94 57 66 94 93 68 77 96 81 60 98 82 96 89 2 17 2 13 25 13 22 3 8 13 1 7 0 19 22 22 23 15 21 21 10 19 5 2 20
90 56 63 91 79 54 96 54 69 60 67 80 95 67 52 87 54 50 95 89 87 80 74 65 52 4 7 13 15 14 20 11 25 4 13 18 11 19 0 23 22 24 24 21 16 5 1 23 4 18
66 66 91 67 77 65 51 85 66 69 67 100 59 66 67 63 80 92 75 100 62 73 69 85 95 12 20 7 13 13 14 19 6 22 8 22 3 22 23 0 22 16 16 11 25 12 10 1 22 12
57 76 75 70 54 57 97 68 63 89 58 59 61 61 89 60 88 90 69 76 66 74 65 77 88 6 23 22 12 4 14 20 19 10 3 24 9 22 22 22 0 10 2 3 24 1 21 24 1 25
99 78 74 67 70 73 96 57 79 71 83 74 77 98 96 54 63 71 86 61 65 66 78 51 65 3 23 16 3 17 8 12 11 25 13 20 9 23 24 16 10 0 21 2 13 10 15 12 2 5
96 56 84 62 79 76 69 92 66 72 64 79 99 96 70 82 50 78 62 74 84 62 88 82 67 5 1 24 19 12 24 9 7 11 1 10 6 15 24 16 2 21 0 23 8 1 13 17 11 23
59 60 82 72 91 90 60 52 79 96 60 66 84 87 96 72 77 63 99 63 54 74 70 85 86 10 17 24 4 12 12 7 1 18 25 6 22 21 21 11 3 2 23 0 5 18 4 18 22 14
57 69 90 73 93 90 58 64 90 61 70 65 51 81 67 84 64 90 57 67 59 89 58 69 63 19 14 7 6 5 13 17 3 14 6 25 8 21 16 25 24 13 8 5 0 24 7 24 4 23
69 100 74 74 60 54 65 72 82 69 94 87 91 75 59 74 97 82 69 57 55 55 98 59 63 21 3 8 9 19 11 22 3 5 1 16 21 10 5 12 1 10 1 18 24 0 13 25 18 25
57 89 54 80 84 90 58 65 74 99 94 100 76 99 99 83 62 81 75 76 50 76 63 84 96 25 11 24 6 6 13 13 14 15 5 10 6 19 1 10 21 15 13 4 7 13 0 21 6 14
55 61 53 95 64 53 74 52 64 57 88 97 65 92 50 68 79 95 91 97 68 91 73 66 69 10 23 9 24 20 10 4 21 7 1 23 7 5 23 1 24 12 17 18 24 25 21 0 18 23
92 73 82 74 98 81 50 82 64 61 65 87 78 85 50 73 61 74 91 56 97 55 56 96 62 4 21 20 21 4 3 17 7 13 20 23 23 2 4 22 1 2 11 22 4 18 6 18 0 11
51 91 74 74 51 60 83 99 82 79 60 57 100 67 91 80 58 79 74 83 57 76 72 59 64 3 2 7 22 11 6 24 13 9 3 7 17 20 18 12 25 5 23 14 23 25 14 23 11 0
RRRRRRRRRRRRRRRRRRRRRRRRRBBBBBBBBBBBBBBBBBBBBBBBBB