50
0 24 53 56 31 38 13 94 92 2 51 87 86 68 74 9 61 53 1 56 79 29 89 36 30 81 48 1 94 35 16 94 72 60 55 47 65 73 68 42 33 99 26 64 65 70 76 73 56 69
24 0 7 50 95 48 20 69 27 63 98 50 71 98 16 28 34 1 95 11 35 46 8 26 47 97 8 9 50 74 49 28 42 19 50 96 72 39 61 86 51 28 12 35 83 33 16 80 8 77
53 7 0 85 34 68 29 62 90 41 88 2 100 67 35 15 65 43 42 79 83 12 90 3 99 20 62 23 41 50 89 63 99 31 47 69 25 18 92 47 66 72 49 76 100 23 16 91 5 39
56 50 85 0 83 69 43 38 43 16 44 13 92 11 41 50 82 34 5 39 24 15 73 98 14 13 9 82 40 76 57 65 31 77 86 43 47 59 20 31 34 20 25 12 77 31 67 37 72 58
31 95 34 83 0 62 44 32 70 36 40 56 74 4 83 88 30 8 11 80 15 43 70 70 45 69 5 26 22 8 63 22 5 12 51 6 74 35 22 5 24 100 97 94 50 61 66 49 6 98
38 48 68 69 62 0 98 56 75 81 69 34 21 34 98 33 73 71 4 21 25 96 4 67 51 63 73 93 66 25 0 49 30 56 43 11 29 95 58 28 23 63 10 93 16 13 0 72 8 16
13 20 29 43 44 98 0 42 76 48 25 45 36 69 20 8 49 13 35 94 35 51 31 7 31 65 32 15 68 32 100 64 56 0 20 52 33 32 66 69 74 9 78 24 63 76 42 87 86 28
94 69 62 38 32 56 42 0 7 72 87 79 62 61 50 90 43 21 46 23 32 33 69 100 51 16 73 47 43 45 75 44 55 41 96 31 82 58 87 59 7 60 34 57 12 76 66 67 66 4
92 27 90 43 70 75 76 7 0 26 60 71 12 71 6 4 90 58 12 91 8 18 35 23 31 68 98 29 93 62 80 19 48 20 33 6 64 45 3 22 91 17 9 68 2 23 57 10 62 56
2 63 41 16 36 81 48 72 26 0 47 40 94 16 71 81 6 97 32 39 40 20 14 77 36 9 70 93 70 6 52 75 43 28 9 82 86 18 20 25 57 78 20 63 58 78 49 29 49 52
51 98 88 44 40 69 25 87 60 47 0 67 67 83 40 16 68 96 1 76 0 76 81 26 53 3 74 6 24 39 96 35 57 36 31 11 61 68 87 28 29 46 87 34 20 37 100 14 95 55
87 50 2 13 56 34 45 79 71 40 67 0 7 49 14 57 2 33 27 38 61 42 47 12 30 4 81 22 8 60 58 24 49 94 62 64 19 26 86 84 89 86 55 79 81 10 40 24 40 62
86 71 100 92 74 21 36 62 12 94 67 7 0 58 10 16 10 57 69 71 61 35 12 32 40 32 0 53 83 83 12 23 60 77 19 88 25 25 13 18 7 71 15 75 25 7 37 73 53 57
68 98 67 11 4 34 69 61 71 16 83 49 58 0 54 58 85 48 34 41 57 29 97 75 86 74 25 41 13 65 60 10 82 25 96 80 97 74 11 19 69 18 57 87 69 37 22 11 63 72
74 16 35 41 83 98 20 50 6 71 40 14 10 54 0 3 86 39 5 46 79 5 25 70 26 7 32 33 53 80 41 84 13 22 76 80 85 84 87 59 79 16 50 93 18 28 49 27 19 22
9 28 15 50 88 33 8 90 4 81 16 57 16 58 3 0 46 48 100 32 21 88 39 66 82 23 94 84 82 100 75 26 10 26 49 82 32 56 53 20 74 0 93 60 9 26 56 87 60 42
61 34 65 82 30 73 49 43 90 6 68 2 10 85 86 46 0 51 3 26 8 99 78 38 53 8 86 15 25 24 78 1 86 45 4 21 72 98 38 98 28 92 26 79 20 87 9 5 10 44
53 1 43 34 8 71 13 21 58 97 96 33 57 48 39 48 51 0 64 57 66 16 35 16 27 5 61 16 15 65 18 45 97 16 70 44 0 7 63 47 96 37 34 35 39 35 9 61 96 73
1 95 42 5 11 4 35 46 12 32 1 27 69 34 5 100 3 64 0 88 64 87 35 77 45 73 46 54 46 78 22 87 27 61 62 44 50 66 98 59 16 68 16 9 47 75 12 16 12 2
56 11 79 39 80 21 94 23 91 39 76 38 71 41 46 32 26 57 88 0 31 60 65 31 49 46 46 71 9 80 70 52 57 41 33 40 29 74 21 6 62 100 70 92 21 85 51 98 65 41
79 35 83 24 15 25 35 32 8 40 0 61 61 57 79 21 8 66 64 31 0 96 15 55 36 7 77 27 51 36 31 25 73 27 25 13 52 9 65 86 71 4 95 62 30 13 54 2 13 25
29 46 12 15 43 96 51 33 18 20 76 42 35 29 5 88 99 16 87 60 96 0 4 25 78 94 96 71 37 73 96 73 63 9 90 2 94 90 80 74 93 83 30 92 100 39 76 84 32 19
89 8 90 73 70 4 31 69 35 14 81 47 12 97 25 39 78 35 35 65 15 4 0 56 38 98 91 10 46 54 51 68 23 27 98 84 86 43 6 35 53 1 58 21 6 11 18 63 65 48
36 26 3 98 70 67 7 100 23 77 26 12 32 75 70 66 38 16 77 31 55 25 56 0 89 92 73 46 47 100 11 37 72 56 2 1 96 84 34 36 62 80 89 29 48 40 100 68 82 35
30 47 99 14 45 51 31 51 31 36 53 30 40 86 26 82 53 27 45 49 36 78 38 89 0 52 71 84 61 90 75 29 66 32 93 33 28 77 24 26 35 89 30 30 29 28 14 44 77 20
81 97 20 13 69 63 65 16 68 9 3 4 32 74 7 23 8 5 73 46 7 94 98 92 52 0 44 5 5 6 58 86 22 57 15 48 6 93 42 64 74 82 35 38 47 92 63 55 20 30
48 8 62 9 5 73 32 73 98 70 74 81 0 25 32 94 86 61 46 46 77 96 91 73 71 44 0 6 50 23 97 22 18 10 36 88 3 79 14 54 72 99 99 22 24 70 80 41 53 86
1 9 23 82 26 93 15 47 29 93 6 22 53 41 33 84 15 16 54 71 27 71 10 46 84 5 6 0 53 83 65 86 17 87 51 73 59 100 51 46 0 4 83 75 98 35 16 25 32 90
94 50 41 40 22 66 68 43 93 70 24 8 83 13 53 82 25 15 46 9 51 37 46 47 61 5 50 53 0 85 77 44 88 24 98 40 56 41 51 91 100 32 61 8 79 30 80 24 84 39
35 74 50 76 8 25 32 45 62 6 39 60 83 65 80 100 24 65 78 80 36 73 54 100 90 6 23 83 85 0 39 10 73 43 36 27 63 24 16 51 48 2 89 28 31 51 57 21 75 19
16 49 89 57 63 0 100 75 80 52 96 58 12 60 41 75 78 18 22 70 31 96 51 11 75 58 97 65 77 39 0 18 62 51 74 92 5 42 22 23 48 43 40 38 95 30 26 95 75 67
94 28 63 65 22 49 64 44 19 75 35 24 23 10 84 26 1 45 87 52 25 73 68 37 29 86 22 86 44 10 18 0 6 6 99 91 69 2 13 53 45 24 55 73 37 6 71 7 35 76
72 42 99 31 5 30 56 55 48 43 57 49 60 82 13 10 86 97 27 57 73 63 23 72 66 22 18 17 88 73 62 6 0 80 23 69 87 70 66 37 42 33 9 13 14 56 48 67 27 34
60 19 31 77 12 56 0 41 20 28 36 94 77 25 22 26 45 16 61 41 27 9 27 56 32 57 10 87 24 43 51 6 80 0 20 97 53 66 58 24 40 17 39 8 33 47 57 7 79 90
55 50 47 86 51 43 20 96 33 9 31 62 19 96 76 49 4 70 62 33 25 90 98 2 93 15 36 51 98 36 74 99 23 20 0 7 71 10 66 84 0 63 10 14 25 42 43 86 21 32
47 96 69 43 6 11 52 31 6 82 11 64 88 80 80 82 21 44 44 40 13 2 84 1 33 48 88 73 40 27 92 91 69 97 7 0 5 20 97 44 44 8 20 66 27 26 8 3 36 16
65 72 25 47 74 29 33 82 64 86 61 19 25 97 85 32 72 0 50 29 52 94 86 96 28 6 3 59 56 63 5 69 87 53 71 5 0 74 97 8 89 79 19 54 96 77 27 91 96 75
73 39 18 59 35 95 32 58 45 18 68 26 25 74 84 56 98 7 66 74 9 90 43 84 77 93 79 100 41 24 42 2 70 66 10 20 74 0 53 81 38 73 70 66 48 85 0 7 89 61
68 61 92 20 22 58 66 87 3 20 87 86 13 11 87 53 38 63 98 21 65 80 6 34 24 42 14 51 51 16 22 13 66 58 66 97 97 53 0 26 42 75 77 32 27 34 34 8 5 81
42 86 47 31 5 28 69 59 22 25 28 84 18 19 59 20 98 47 59 6 86 74 35 36 26 64 54 46 91 51 23 53 37 24 84 44 8 81 26 0 47 7 3 43 99 0 63 95 9 71
33 51 66 34 24 23 74 7 91 57 29 89 7 69 79 74 28 96 16 62 71 93 53 62 35 74 72 0 100 48 48 45 42 40 0 44 89 38 42 47 0 63 76 91 35 51 24 62 59 35
99 28 72 20 100 63 9 60 17 78 46 86 71 18 16 0 92 37 68 100 4 83 1 80 89 82 99 4 32 2 43 24 33 17 63 8 79 73 75 7 63 0 15 34 98 76 87 28 5 26
26 12 49 25 97 10 78 34 9 20 87 55 15 57 50 93 26 34 16 70 95 30 58 89 30 35 99 83 61 89 40 55 9 39 10 20 19 70 77 3 76 15 0 63 55 40 47 42 43 17
64 35 76 12 94 93 24 57 68 63 34 79 75 87 93 60 79 35 9 92 62 92 21 29 30 38 22 75 8 28 38 73 13 8 14 66 54 66 32 43 91 34 63 0 85 37 38 28 10 51
65 83 100 77 50 16 63 12 2 58 20 81 25 69 18 9 20 39 47 21 30 100 6 48 29 47 24 98 79 31 95 37 14 33 25 27 96 48 27 99 35 98 55 85 0 57 0 15 96 92
70 33 23 31 61 13 76 76 23 78 37 10 7 37 28 26 87 35 75 85 13 39 11 40 28 92 70 35 30 51 30 6 56 47 42 26 77 85 34 0 51 76 40 37 57 0 60 29 3 95
76 16 16 67 66 0 42 66 57 49 100 40 37 22 49 56 9 9 12 51 54 76 18 100 14 63 80 16 80 57 26 71 48 57 43 8 27 0 34 63 24 87 47 38 0 60 0 5 44 28
73 80 91 37 49 72 87 67 10 29 14 24 73 11 27 87 5 61 16 98 2 84 63 68 44 55 41 25 24 21 95 7 67 7 86 3 91 7 8 95 62 28 42 28 15 29 5 0 0 37
56 8 5 72 6 8 86 66 62 49 95 40 53 63 19 60 10 96 12 65 13 32 65 82 77 20 53 32 84 75 75 35 27 79 21 36 96 89 5 9 59 5 43 10 96 3 44 0 0 4
69 77 39 58 98 16 28 4 56 52 55 62 57 72 22 42 44 73 2 41 25 19 48 35 20 30 86 90 39 19 67 76 34 90 32 16 75 61 81 71 35 26 17 51 92 95 28 37 4 0
BRBBRRRRBRBBBRRRRBBRRBBBRRBRBBRBRRRBBBBRRRRBBRBBRB