50
0 6 5 0 10 9 6 5 8 4 2 1 5 1 3 5 4 8 7 1 0 7 0 4 0 9 7 0 1 2 8 2 9 5 4 0 10 3 5 3 3 4 9 10 8 8 0 2 6 10 
6 0 14 6 21 25 20 16 16 14 12 7 15 7 10 13 16 14 18 14 9 20 12 20 12 19 14 10 16 8 16 9 16 20 12 6 18 16 14 9 10 14 20 17 19 24 13 14 20 25 
5 14 0 30 38 16 42 31 39 33 30 16 38 24 10 12 34 20 32 10 7 34 15 34 10 20 17 13 10 26 40 9 39 20 27 10 40 34 20 31 16 15 43 19 17 22 27 31 18 23 
0 6 30 0 12 35 10 15 13 14 6 47 74 2 50 49 73 59 11 44 7 73 54 6 24 29 17 19 49 7 12 10 73 60 67 19 73 68 8 16 3 4 9 11 48 32 1 11 11 54 
10 21 38 12 0 49 24 41 37 17 16 67 25 29 17 57 44 62 25 16 47 20 55 15 42 47 56 54 69 29 45 39 86 65 17 51 23 41 25 31 62 58 30 59 48 63 18 27 33 25 
9 25 16 35 49 0 54 99 49 59 17 15 17 84 93 91 59 42 50 49 23 45 14 67 45 65 41 19 35 14 48 90 48 43 16 63 74 59 45 21 32 35 62 50 48 68 13 48 23 29 
6 20 42 10 24 54 0 35 65 81 10 30 93 11 42 81 87 42 20 50 34 46 71 19 76 76 23 80 99 17 46 52 44 73 71 35 42 79 56 16 12 67 57 39 48 46 46 25 69 16 
5 16 31 15 41 99 35 0 39 65 51 67 35 56 26 31 11 14 73 92 8 13 12 29 50 88 97 96 71 60 37 91 39 58 84 97 41 11 100 8 11 21 32 50 96 54 14 70 17 24 
8 16 39 13 37 49 65 39 0 33 63 65 64 32 60 70 33 75 80 55 21 24 60 85 89 66 65 36 55 20 35 80 82 68 56 35 89 34 62 13 18 17 83 94 45 62 73 74 32 18 
4 14 33 14 17 59 81 65 33 0 79 62 18 100 96 70 14 22 38 64 27 96 76 68 12 100 16 38 11 23 81 29 40 18 86 76 90 67 96 24 58 78 22 35 15 57 30 29 44 57 
2 12 30 6 16 17 10 51 63 79 0 46 72 27 29 79 100 35 43 70 2 38 81 8 89 55 62 7 93 45 61 24 28 40 13 76 92 80 35 40 10 16 21 13 38 13 32 12 85 30 
1 7 16 47 67 15 30 67 65 62 46 0 8 9 19 6 10 63 60 93 94 59 84 54 7 76 59 72 79 5 67 7 17 10 88 66 20 60 83 52 49 86 80 24 16 19 55 66 40 53 
5 15 38 74 25 17 93 35 64 18 72 8 0 84 33 98 98 40 12 7 47 40 33 65 72 72 29 46 95 91 83 21 60 10 32 76 52 46 12 27 80 33 84 69 37 48 71 12 66 67 
1 7 24 2 29 84 11 56 32 100 27 9 84 0 82 43 69 59 60 61 46 49 83 45 36 52 25 43 100 60 61 22 64 11 90 43 14 66 100 64 14 24 30 17 16 50 64 79 66 15 
3 10 10 50 17 93 42 26 60 96 29 19 33 82 0 75 39 48 29 94 29 45 28 74 21 90 65 73 89 32 88 7 19 36 38 68 49 42 49 67 80 49 62 85 41 35 75 47 33 37 
5 13 12 49 57 91 81 31 70 70 79 6 98 43 75 0 29 31 88 26 94 34 8 12 80 37 68 13 90 12 29 99 77 57 12 24 54 38 33 60 33 89 64 35 88 98 13 84 18 64 
4 16 34 73 44 59 87 11 33 14 100 10 98 69 39 29 0 61 74 61 90 68 44 49 44 54 98 26 85 8 21 56 16 40 38 90 93 83 54 99 76 49 42 51 12 37 53 91 55 87 
8 14 20 59 62 42 42 14 75 22 35 63 40 59 48 31 61 0 98 92 84 97 26 74 37 47 66 61 18 94 66 57 22 76 66 87 82 93 67 95 33 42 23 75 94 95 45 80 40 69 
7 18 32 11 25 50 20 73 80 38 43 60 12 60 29 88 74 98 0 58 80 87 45 20 33 43 42 78 85 11 70 33 77 75 78 34 70 80 83 84 17 24 87 76 100 62 8 84 85 66 
1 14 10 44 16 49 50 92 55 64 70 93 7 61 94 26 61 92 58 0 77 11 40 9 75 43 86 40 27 72 31 98 10 84 89 98 93 68 36 44 36 28 60 37 41 87 41 4 76 43 
0 9 7 7 47 23 34 8 21 27 2 94 47 46 29 94 90 84 80 77 0 43 62 96 66 93 12 98 64 60 50 23 48 66 75 72 82 77 68 26 18 46 52 20 95 14 88 4 62 37 
7 20 34 73 20 45 46 13 24 96 38 59 40 49 45 34 68 97 87 11 43 0 84 74 92 54 51 48 47 62 45 64 74 99 49 33 79 61 62 42 70 98 42 58 83 99 29 99 57 76 
0 12 15 54 55 14 71 12 60 76 81 84 33 83 28 8 44 26 45 40 62 84 0 34 64 99 71 24 99 4 75 29 58 69 97 85 92 52 78 80 71 100 35 95 85 43 89 79 72 89 
4 20 34 6 15 67 19 29 85 68 8 54 65 45 74 12 49 74 20 9 96 74 34 0 51 49 97 12 48 96 72 80 40 68 38 44 74 77 37 37 81 58 19 87 63 22 7 99 55 51 
0 12 10 24 42 45 76 50 89 12 89 7 72 36 21 80 44 37 33 75 66 92 64 51 0 90 77 99 76 30 95 31 62 92 66 52 29 38 91 25 32 79 82 99 33 87 26 51 69 74 
9 19 20 29 47 65 76 88 66 100 55 76 72 52 90 37 54 47 43 43 93 54 99 49 90 0 81 86 76 86 41 98 55 47 52 19 39 17 74 28 73 71 45 74 94 93 54 100 40 87 
7 14 17 17 56 41 23 97 65 16 62 59 29 25 65 68 98 66 42 86 12 51 71 97 77 81 0 89 86 80 96 41 96 40 14 22 87 96 51 70 77 86 88 92 38 44 54 94 42 75 
0 10 13 19 54 19 80 96 36 38 7 72 46 43 73 13 26 61 78 40 98 48 24 12 99 86 89 0 69 34 61 84 60 85 93 79 56 91 8 70 32 72 87 60 32 72 76 74 8 89 
1 16 10 49 69 35 99 71 55 11 93 79 95 100 89 90 85 18 85 27 64 47 99 48 76 76 86 69 0 40 100 33 98 94 52 93 97 85 13 61 83 69 93 84 83 47 2 47 67 88 
2 8 26 7 29 14 17 60 20 23 45 5 91 60 32 12 8 94 11 72 60 62 4 96 30 86 80 34 40 0 90 77 30 97 33 53 83 84 42 75 47 54 85 33 67 53 98 85 47 80 
8 16 40 12 45 48 46 37 35 81 61 67 83 61 88 29 21 66 70 31 50 45 75 72 95 41 96 61 100 90 0 87 39 65 77 70 94 77 65 14 74 67 99 70 61 96 78 97 36 23 
2 9 9 10 39 90 52 91 80 29 24 7 21 22 7 99 56 57 33 98 23 64 29 80 31 98 41 84 33 77 87 0 85 35 58 100 55 29 95 63 28 54 83 99 68 70 83 90 56 89 
9 16 39 73 86 48 44 39 82 40 28 17 60 64 19 77 16 22 77 10 48 74 58 40 62 55 96 60 98 30 39 85 0 76 50 94 86 72 77 76 57 69 91 47 43 63 100 77 59 19 
5 20 20 60 65 43 73 58 68 18 40 10 10 11 36 57 40 76 75 84 66 99 69 68 92 47 40 85 94 97 65 35 76 0 44 36 69 78 27 70 66 56 93 47 49 83 68 96 14 92 
4 12 27 67 17 16 71 84 56 86 13 88 32 90 38 12 38 66 78 89 75 49 97 38 66 52 14 93 52 33 77 58 50 44 0 82 47 83 75 91 81 59 85 14 34 46 27 33 45 86 
0 6 10 19 51 63 35 97 35 76 76 66 76 43 68 24 90 87 34 98 72 33 85 44 52 19 22 79 93 53 70 100 94 36 82 0 51 31 91 11 97 27 55 36 85 94 51 83 77 97 
10 18 40 73 23 74 42 41 89 90 92 20 52 14 49 54 93 82 70 93 82 79 92 74 29 39 87 56 97 83 94 55 86 69 47 51 0 34 97 58 100 67 74 21 98 97 15 90 61 51 
3 16 34 68 41 59 79 11 34 67 80 60 46 66 42 38 83 93 80 68 77 61 52 77 38 17 96 91 85 84 77 29 72 78 83 31 34 0 70 75 53 55 89 81 44 78 89 78 34 39 
5 14 20 8 25 45 56 100 62 96 35 83 12 100 49 33 54 67 83 36 68 62 78 37 91 74 51 8 13 42 65 95 77 27 75 91 97 70 0 31 20 45 18 85 65 96 9 62 66 94 
3 9 31 16 31 21 16 8 13 24 40 52 27 64 67 60 99 95 84 44 26 42 80 37 25 28 70 70 61 75 14 63 76 70 91 11 58 75 31 0 86 41 38 32 61 48 54 97 95 97 
3 10 16 3 62 32 12 11 18 58 10 49 80 14 80 33 76 33 17 36 18 70 71 81 32 73 77 32 83 47 74 28 57 66 81 97 100 53 20 86 0 83 76 63 60 46 27 12 24 42 
4 14 15 4 58 35 67 21 17 78 16 86 33 24 49 89 49 42 24 28 46 98 100 58 79 71 86 72 69 54 67 54 69 56 59 27 67 55 45 41 83 0 91 72 61 91 79 90 95 50 
9 20 43 9 30 62 57 32 83 22 21 80 84 30 62 64 42 23 87 60 52 42 35 19 82 45 88 87 93 85 99 83 91 93 85 55 74 89 18 38 76 91 0 64 67 86 46 59 86 82 
10 17 19 11 59 50 39 50 94 35 13 24 69 17 85 35 51 75 76 37 20 58 95 87 99 74 92 60 84 33 70 99 47 47 14 36 21 81 85 32 63 72 64 0 22 92 18 21 58 29 
8 19 17 48 48 48 48 96 45 15 38 16 37 16 41 88 12 94 100 41 95 83 85 63 33 94 38 32 83 67 61 68 43 49 34 85 98 44 65 61 60 61 67 22 0 44 11 94 89 73 
8 24 22 32 63 68 46 54 62 57 13 19 48 50 35 98 37 95 62 87 14 99 43 22 87 93 44 72 47 53 96 70 63 83 46 94 97 78 96 48 46 91 86 92 44 0 85 87 46 72 
0 13 27 1 18 13 46 14 73 30 32 55 71 64 75 13 53 45 8 41 88 29 89 7 26 54 54 76 2 98 78 83 100 68 27 51 15 89 9 54 27 79 46 18 11 85 0 16 96 93 
2 14 31 11 27 48 25 70 74 29 12 66 12 79 47 84 91 80 84 4 4 99 79 99 51 100 94 74 47 85 97 90 77 96 33 83 90 78 62 97 12 90 59 21 94 87 16 0 79 93 
6 20 18 11 33 23 69 17 32 44 85 40 66 66 33 18 55 40 85 76 62 57 72 55 69 40 42 8 67 47 36 56 59 14 45 77 61 34 66 95 24 95 86 58 89 46 96 79 0 63 
10 25 23 54 25 29 16 24 18 57 30 53 67 15 37 64 87 69 66 43 37 76 89 51 74 87 75 89 88 80 23 89 19 92 86 97 51 39 94 97 42 50 82 29 73 72 93 93 63 0 
RBRBRBRBRBRBRBRBRBRBRBRBRBRBRBRBRBRBRBRBRBRBRBRBRB