50
0 97 4 81 2 4 2 96 0 1 2 8 0 9 1 3 6 3 3 4 6 6 2 10 7 3 85 0 10 76 77 96 10 86 86 3 3 3 7 6 90 80 1 4 8 78 7 2 0 1
97 0 9 97 83 80 6 95 70 7 8 92 94 93 6 10 96 6 99 9 97 95 10 92 96 98 95 83 97 99 99 91 96 91 90 77 78 9 97 94 96 91 83 8 91 90 92 8 83 8
4 9 0 10 4 2 0 8 3 2 3 95 3 73 3 3 70 1 3 2 76 88 3 96 71 0 8 3 74 10 6 7 99 10 9 4 1 3 99 70 10 9 1 3 89 7 96 1 3 2
81 97 10 0 85 76 9 91 81 6 9 99 72 99 7 8 95 9 75 8 93 91 6 99 99 93 99 82 97 99 98 92 93 91 99 90 95 6 97 99 90 92 82 10 99 97 95 8 96 7
2 83 4 85 0 3 2 91 1 1 4 7 4 8 1 4 6 2 3 3 10 9 3 6 7 4 74 0 6 98 77 92 7 89 96 4 0 2 10 9 87 81 0 2 9 92 9 3 1 3
4 80 2 76 3 0 4 91 3 3 1 10 4 8 2 4 9 0 1 1 10 6 2 7 8 0 82 0 6 77 82 94 9 98 97 4 0 3 8 6 95 81 2 3 8 100 10 0 2 4
2 6 0 9 2 4 0 7 1 2 4 71 2 70 3 0 84 2 2 1 85 73 2 71 80 2 7 2 94 8 7 10 72 8 7 2 2 2 81 70 8 9 3 1 81 6 92 4 4 4
96 95 8 91 91 91 7 0 82 9 8 100 83 93 8 6 97 9 87 8 95 100 8 98 91 98 97 70 95 99 100 90 96 95 95 93 74 8 96 96 93 93 80 6 99 91 94 6 87 9
0 70 3 81 1 3 1 82 0 4 4 8 2 6 0 1 6 0 0 4 6 10 4 6 8 4 96 2 9 74 71 84 9 90 84 3 1 0 7 6 85 88 0 2 7 87 8 1 3 1
1 7 2 6 1 3 2 9 4 0 3 74 1 83 4 2 97 2 4 2 76 91 3 92 79 3 7 3 72 8 8 7 94 10 6 1 2 3 93 24 7 10 4 1 100 10 86 2 3 2
2 8 3 9 4 1 4 8 4 3 0 94 2 77 4 3 77 2 0 3 71 71 2 82 97 2 8 2 85 10 10 8 79 10 9 2 4 3 70 78 8 7 0 2 87 8 92 4 3 3
8 92 95 99 7 10 71 100 8 74 94 0 6 91 70 84 96 82 6 92 94 99 97 91 98 9 93 9 91 94 93 97 98 90 90 6 9 97 90 95 95 92 6 73 100 93 100 70 10 90
0 94 3 72 4 4 2 83 2 1 2 6 0 6 1 3 9 4 3 4 7 6 2 10 10 4 85 2 9 77 94 87 9 88 84 2 2 0 6 8 88 85 3 2 9 96 7 0 3 1
9 93 73 99 8 8 70 93 6 83 77 91 6 0 95 99 99 99 9 79 97 96 86 93 97 7 94 8 99 98 97 100 95 94 97 6 9 74 99 92 93 94 6 96 92 100 92 86 9 83
1 6 3 7 1 2 3 8 0 4 4 70 1 95 0 2 80 0 2 2 97 93 0 81 92 2 8 0 77 6 7 8 88 8 8 1 4 1 73 99 9 9 4 1 92 8 87 0 1 4
3 10 3 8 4 4 0 6 1 2 3 84 3 99 2 0 90 2 1 1 73 87 2 97 76 2 7 2 98 7 6 10 90 7 10 4 3 2 90 83 9 10 3 0 82 8 93 1 0 3
6 96 70 95 6 9 84 97 6 97 77 96 9 99 80 90 0 100 7 76 91 94 96 97 90 6 100 10 97 97 94 100 90 96 90 6 8 86 91 96 99 90 8 94 99 93 97 76 7 71
3 6 1 9 2 0 2 9 0 2 2 82 4 99 0 2 100 0 4 3 74 92 4 85 74 1 8 4 96 10 10 8 94 7 7 1 0 4 83 78 6 7 1 2 80 10 87 3 0 0
3 99 3 75 3 1 2 87 0 4 0 6 3 9 2 1 7 4 0 3 7 7 2 7 9 0 79 4 7 89 72 96 10 73 74 2 3 1 10 9 82 98 1 4 9 91 8 3 4 2
4 9 2 8 3 1 1 8 4 2 3 92 4 79 2 1 76 3 3 0 77 96 0 76 74 2 6 1 86 10 6 8 79 9 10 3 0 0 91 78 10 10 1 4 79 9 84 2 1 1
6 97 76 93 10 10 85 95 6 76 71 94 7 97 97 73 91 74 7 77 0 98 96 97 98 8 94 9 97 93 95 94 98 95 94 7 10 80 90 98 99 92 8 77 92 91 99 87 9 82
6 95 88 91 9 6 73 100 10 91 71 99 6 96 93 87 94 92 7 96 98 0 96 94 92 10 92 6 98 96 97 94 94 94 93 9 10 79 97 95 93 93 9 75 93 94 94 87 8 98
2 10 3 6 3 2 2 8 4 3 2 97 2 86 0 2 96 4 2 0 96 96 0 82 86 4 7 3 97 6 7 8 88 9 10 3 3 2 95 72 9 6 2 3 98 8 97 2 1 3
10 92 96 99 6 7 71 98 6 92 82 91 10 93 81 97 97 85 7 76 97 94 82 0 91 7 95 7 91 91 92 98 94 92 96 10 6 83 97 91 90 100 6 75 99 96 99 82 6 87
7 96 71 99 7 8 80 91 8 79 97 98 10 97 92 76 90 74 9 74 98 92 86 91 0 6 94 7 100 95 94 93 97 100 92 7 8 89 99 100 98 92 8 94 100 98 94 92 10 78
3 98 0 93 4 0 2 98 4 3 2 9 4 7 2 2 6 1 0 2 8 10 4 7 6 0 97 4 6 71 90 100 9 75 91 1 3 4 10 6 95 70 0 0 8 85 7 3 2 1
85 95 8 99 74 82 7 97 96 7 8 93 85 94 8 7 100 8 79 6 94 92 7 95 94 97 0 90 91 91 96 99 97 99 97 87 82 6 96 90 90 98 81 10 98 96 98 10 91 6
0 83 3 82 0 0 2 70 2 3 2 9 2 8 0 2 10 4 4 1 9 6 3 7 7 4 90 0 8 95 99 99 10 83 85 3 4 2 7 9 86 97 3 1 6 87 10 0 0 2
10 97 74 97 6 6 94 95 9 72 85 91 9 99 77 98 97 96 7 86 97 98 97 91 100 6 91 8 0 99 91 91 90 90 90 10 8 86 95 90 96 93 9 92 93 97 91 84 6 91
76 99 10 99 98 77 8 99 74 8 10 94 77 98 6 7 97 10 89 10 93 96 6 91 95 71 91 95 99 0 96 92 90 92 95 88 81 8 96 90 91 97 86 10 99 97 90 6 98 8
77 99 6 98 77 82 7 100 71 8 10 93 94 97 7 6 94 10 72 6 95 97 7 92 94 90 96 99 91 96 0 100 93 96 90 99 78 7 90 96 99 96 79 7 93 93 93 6 77 7
96 91 7 92 92 94 10 90 84 7 8 97 87 100 8 10 100 8 96 8 94 94 8 98 93 100 99 99 91 92 100 0 95 92 93 77 82 10 99 90 90 95 87 9 92 100 97 10 84 6
10 96 99 93 7 9 72 96 9 94 79 98 9 95 88 90 90 94 10 79 98 94 88 94 97 9 97 10 90 90 93 95 0 96 90 8 9 86 95 97 99 91 6 98 95 93 94 75 10 93
86 91 10 91 89 98 8 95 90 10 10 90 88 94 8 7 96 7 73 9 95 94 9 92 100 75 99 83 90 92 96 92 96 0 99 70 93 10 96 98 92 91 73 8 100 91 95 9 95 8
86 90 9 99 96 97 7 95 84 6 9 90 84 97 8 10 90 7 74 10 94 93 10 96 92 91 97 85 90 95 90 93 90 99 0 71 79 7 97 98 92 90 81 9 97 97 100 9 78 10
3 77 4 90 4 4 2 93 3 1 2 6 2 6 1 4 6 1 2 3 7 9 3 10 7 1 87 3 10 88 99 77 8 70 71 0 2 3 8 7 71 83 4 0 9 100 8 3 3 2
3 78 1 95 0 0 2 74 1 2 4 9 2 9 4 3 8 0 3 0 10 10 3 6 8 3 82 4 8 81 78 82 9 93 79 2 0 0 6 7 98 75 3 1 6 78 10 3 2 3
3 9 3 6 2 3 2 8 0 3 3 97 0 74 1 2 86 4 1 0 80 79 2 83 89 4 6 2 86 8 7 10 86 10 7 3 0 0 70 94 8 7 2 1 87 9 85 3 1 3
7 97 99 97 10 8 81 96 7 93 70 90 6 99 73 90 91 83 10 91 90 97 95 97 99 10 96 7 95 96 90 99 95 96 97 8 6 70 0 93 93 93 10 73 99 94 99 74 6 74
6 94 70 99 9 6 70 96 6 24 78 95 8 92 99 83 96 78 9 78 98 95 72 91 100 6 90 9 90 90 96 90 97 98 98 7 7 94 93 0 91 95 10 89 92 100 98 98 7 90
90 96 10 90 87 95 8 93 85 7 8 95 88 93 9 9 99 6 82 10 99 93 9 90 98 95 90 86 96 91 99 90 99 92 92 71 98 8 93 91 0 96 95 9 91 96 92 9 85 8
80 91 9 92 81 81 9 93 88 10 7 92 85 94 9 10 90 7 98 10 92 93 6 100 92 70 98 97 93 97 96 95 91 91 90 83 75 7 93 95 96 0 92 8 96 94 97 8 91 10
1 83 1 82 0 2 3 80 0 4 0 6 3 6 4 3 8 1 1 1 8 9 2 6 8 0 81 3 9 86 79 87 6 73 81 4 3 2 10 10 95 92 0 4 7 76 9 4 2 0
4 8 3 10 2 3 1 6 2 1 2 73 2 96 1 0 94 2 4 4 77 75 3 75 94 0 10 1 92 10 7 9 98 8 9 0 1 1 73 89 9 8 4 0 97 6 96 1 0 4
8 91 89 99 9 8 81 99 7 100 87 100 9 92 92 82 99 80 9 79 92 93 98 99 100 8 98 6 93 99 93 92 95 100 97 9 6 87 99 92 91 96 7 97 0 90 92 77 8 88
78 90 7 97 92 100 6 91 87 10 8 93 96 100 8 8 93 10 91 9 91 94 8 96 98 85 96 87 97 97 93 100 93 91 97 100 78 9 94 100 96 94 76 6 90 0 96 7 83 7
7 92 96 95 9 10 92 94 8 86 92 100 7 92 87 93 97 87 8 84 99 94 97 99 94 7 98 10 91 90 93 97 94 95 100 8 10 85 99 98 92 97 9 96 92 96 0 99 8 70
2 8 1 8 3 0 4 6 1 2 4 70 0 86 0 1 76 3 3 2 87 87 2 82 92 3 10 0 84 6 6 10 75 9 9 3 3 3 74 98 9 8 4 1 77 7 99 0 1 4
0 83 3 96 1 2 4 87 3 3 3 10 3 9 1 0 7 0 4 1 9 8 1 6 10 2 91 0 6 98 77 84 10 95 78 3 2 1 6 7 85 91 2 0 8 83 8 1 0 1
1 8 2 7 3 4 4 9 1 2 3 90 1 83 4 3 71 0 2 1 82 98 3 87 78 1 6 2 91 8 7 6 93 8 10 2 3 3 74 90 8 10 0 4 88 7 70 4 1 0
RRRRRRRBBBRRBRRBBBBRBBBBRBRBRBBBRBBRBRBRRBBBBRRRRR
