50
0 77 3 25 70 66 62 98 98 63 46 3 24 60 85 37 6 35 78 39 47 69 65 28 16 45 89 65 29 49 60 45 65 84 45 43 13 44 37 77 80 66 53 52 54 88 31 27 82 41
77 0 66 100 1 5 41 25 19 41 75 99 82 2 41 76 62 72 36 84 55 13 10 58 73 90 25 15 86 83 33 87 21 45 53 75 63 100 90 44 43 27 30 44 6 5 87 51 39 51
3 66 0 4 74 100 96 79 55 87 49 45 37 71 63 3 28 10 72 5 38 65 63 8 22 37 52 54 45 4 66 22 70 83 35 8 47 38 29 74 93 78 82 51 59 61 25 36 61 18
25 100 4 0 65 59 91 63 96 70 23 11 37 94 76 38 12 12 76 39 11 68 77 31 17 17 96 99 4 35 69 37 84 65 1 17 41 12 5 69 52 76 90 61 95 68 8 48 57 4
70 1 74 65 0 40 8 42 42 46 54 84 83 42 32 77 94 94 27 53 66 37 42 53 81 76 25 47 84 78 31 74 36 23 76 92 93 73 95 14 1 23 20 22 39 35 68 71 14 65
66 5 100 59 40 0 36 3 17 24 99 65 76 22 18 100 57 91 36 79 97 3 36 67 92 62 14 19 88 88 7 95 36 17 51 89 68 72 60 5 34 47 32 25 6 9 89 85 42 78
62 41 96 91 8 36 0 37 1 43 91 68 88 32 26 93 77 64 1 91 93 2 32 68 69 82 4 12 100 69 17 76 34 18 94 90 59 82 90 13 15 43 44 12 49 33 100 83 35 56
98 25 79 63 42 3 37 0 38 9 68 79 86 34 3 87 65 65 12 69 61 34 45 76 60 54 47 42 51 95 13 80 12 20 90 60 96 98 93 46 30 2 17 20 11 17 97 82 49 67
98 19 55 96 42 17 1 38 0 27 59 77 77 17 21 95 62 78 34 95 80 38 42 93 66 56 32 17 91 57 20 60 19 27 70 79 77 70 96 42 32 12 36 46 31 46 95 57 17 98
63 41 87 70 46 24 43 9 27 0 75 77 88 44 10 77 53 54 6 76 76 9 19 90 51 68 43 45 86 63 13 91 33 26 55 55 67 69 86 32 4 22 22 20 34 46 63 94 6 51
46 75 49 23 54 99 91 68 59 75 0 40 23 58 63 34 31 40 92 10 26 97 51 5 11 22 61 54 41 9 58 19 70 91 25 47 19 30 2 61 98 86 97 82 96 99 13 18 82 4
3 99 45 11 84 65 68 79 77 77 40 0 18 59 98 28 8 35 54 34 22 54 59 39 12 1 51 51 44 5 59 14 97 72 3 36 41 23 11 97 77 51 85 98 65 100 19 35 93 43
24 82 37 37 83 76 88 86 77 88 23 18 0 89 77 2 49 10 96 15 19 74 75 22 47 2 86 94 18 44 79 7 55 92 11 1 3 37 35 91 88 65 93 56 68 73 43 45 89 42
60 2 71 94 42 22 32 34 17 44 58 59 89 0 3 77 55 60 38 56 84 14 11 65 80 98 9 20 62 55 48 91 37 32 88 68 77 58 78 17 28 23 40 35 7 22 80 94 35 54
85 41 63 76 32 18 26 3 21 10 63 98 77 3 0 73 98 62 24 51 95 14 4 87 54 71 23 31 83 78 8 99 3 49 94 69 63 59 55 42 37 48 35 15 27 30 90 84 38 79
37 76 3 38 77 100 93 87 95 77 34 28 2 77 73 0 34 6 79 47 24 93 64 6 35 36 54 99 30 30 55 43 87 71 18 27 37 27 39 91 79 66 61 77 61 69 3 33 84 5
6 62 28 12 94 57 77 65 62 53 31 8 49 55 98 34 0 41 53 35 31 95 67 46 11 29 64 65 20 33 99 33 100 88 15 25 23 27 33 78 63 57 98 86 83 61 35 2 79 48
35 72 10 12 94 91 64 65 78 54 40 35 10 60 62 6 41 0 81 10 18 83 58 48 12 3 77 57 32 22 95 20 96 91 14 42 11 24 6 85 78 65 58 88 53 75 43 2 82 6
78 36 72 76 27 36 1 12 34 6 92 54 96 38 24 79 53 81 0 79 97 4 11 52 98 70 28 27 99 95 30 89 26 27 89 78 85 68 77 13 48 16 42 31 11 30 59 97 9 68
39 84 5 39 53 79 91 69 95 76 10 34 15 56 51 47 35 10 79 0 24 97 87 33 33 48 69 67 17 5 61 32 59 96 33 29 41 38 17 82 81 86 66 74 63 54 40 1 88 28
47 55 38 11 66 97 93 61 80 76 26 22 19 84 95 24 31 18 97 24 0 51 81 33 15 21 82 95 10 1 79 49 100 56 16 32 11 1 3 84 90 71 66 63 79 93 24 3 100 44
69 13 65 68 37 3 2 34 38 9 97 54 74 14 14 93 95 83 4 97 51 0 17 98 61 66 33 14 52 52 15 91 24 46 72 100 87 92 63 25 29 10 47 30 49 9 78 54 27 79
65 10 63 77 42 36 32 45 42 19 51 59 75 11 4 64 67 58 11 87 81 17 0 81 51 95 31 17 73 71 5 72 7 11 96 73 86 94 97 15 21 36 3 24 37 10 67 54 2 89
28 58 8 31 53 67 68 76 93 90 5 39 22 65 87 6 46 48 52 33 33 98 81 0 19 7 88 73 15 1 70 23 75 60 39 43 29 27 17 94 69 61 56 96 87 88 16 34 51 32
16 73 22 17 81 92 69 60 66 51 11 12 47 80 54 35 11 12 98 33 15 61 51 19 0 36 89 92 48 16 84 43 83 89 32 28 19 30 1 56 78 62 78 88 96 60 19 37 81 25
45 90 37 17 76 62 82 54 56 68 22 1 2 98 71 36 29 3 70 48 21 66 95 7 36 0 59 56 24 16 87 43 78 66 39 6 17 9 18 91 91 94 66 59 51 80 34 14 89 37
89 25 52 96 25 14 4 47 32 43 61 51 86 9 23 54 64 77 28 69 82 33 31 88 89 59 0 21 82 51 33 94 12 47 52 84 66 62 74 42 28 21 35 31 30 23 95 59 13 68
65 15 54 99 47 19 12 42 17 45 54 51 94 20 31 99 65 57 27 67 95 14 17 73 92 56 21 0 71 88 27 76 32 17 70 99 56 67 100 47 23 41 22 25 2 46 62 64 4 54
29 86 45 4 84 88 100 51 91 86 41 44 18 62 83 30 20 32 99 17 10 52 73 15 48 24 82 71 0 14 87 12 56 84 40 6 1 34 17 74 79 68 86 89 100 88 48 18 88 37
49 83 4 35 78 88 69 95 57 63 9 5 44 55 78 30 33 22 95 5 1 52 71 1 16 16 51 88 14 0 73 24 85 59 20 32 44 19 22 91 52 71 90 73 96 54 9 6 73 30
60 33 66 69 31 7 17 13 20 13 58 59 79 48 8 55 99 95 30 61 79 15 5 70 84 87 33 27 87 73 0 61 36 9 73 86 92 72 63 9 10 13 11 15 14 14 59 57 39 68
45 87 22 37 74 95 76 80 60 91 19 14 7 91 99 43 33 20 89 32 49 91 72 23 43 43 94 76 12 24 61 0 62 95 49 12 25 2 11 88 51 81 54 89 73 98 27 32 91 8
65 21 70 84 36 36 34 12 19 33 70 97 55 37 3 87 100 96 26 59 100 24 7 75 83 78 12 32 56 85 36 62 0 32 68 66 96 100 51 7 4 25 23 2 4 13 57 65 25 84
84 45 83 65 23 17 18 20 27 26 91 72 92 32 49 71 88 91 27 96 56 46 11 60 89 66 47 17 84 59 9 95 32 0 66 53 82 69 69 31 47 9 32 25 20 24 74 99 23 52
45 53 35 1 76 51 94 90 70 55 25 3 11 88 94 18 15 14 89 33 16 72 96 39 32 39 52 70 40 20 73 49 68 66 0 41 48 2 14 85 89 88 92 85 76 84 41 38 52 23
43 75 8 17 92 89 90 60 79 55 47 36 1 68 69 27 25 42 78 29 32 100 73 43 28 6 84 99 6 32 86 12 66 53 41 0 3 30 12 91 85 60 71 78 67 77 1 47 66 36
13 63 47 41 93 68 59 96 77 67 19 41 3 77 63 37 23 11 85 41 11 87 86 29 19 17 66 56 1 44 92 25 96 82 48 3 0 14 19 61 59 99 76 60 58 70 32 19 81 4
44 100 38 12 73 72 82 98 70 69 30 23 37 58 59 27 27 24 68 38 1 92 94 27 30 9 62 67 34 19 72 2 100 69 2 30 14 0 24 87 96 89 81 84 55 84 42 32 55 11
37 90 29 5 95 60 90 93 96 86 2 11 35 78 55 39 33 6 77 17 3 63 97 17 1 18 74 100 17 22 63 11 51 69 14 12 19 24 0 63 80 98 86 87 98 88 32 22 79 18
77 44 74 69 14 5 13 46 42 32 61 97 91 17 42 91 78 85 13 82 84 25 15 94 56 91 42 47 74 91 9 88 7 31 85 91 61 87 63 0 46 33 22 6 13 41 88 96 43 96
80 43 93 52 1 34 15 30 32 4 98 77 88 28 37 79 63 78 48 81 90 29 21 69 78 91 28 23 79 52 10 51 4 47 89 85 59 96 80 46 0 42 40 29 14 42 66 85 25 69
66 27 78 76 23 47 43 2 12 22 86 51 65 23 48 66 57 65 16 86 71 10 36 61 62 94 21 41 68 71 13 81 25 9 88 60 99 89 98 33 42 0 27 40 5 19 100 89 44 64
53 30 82 90 20 32 44 17 36 22 97 85 93 40 35 61 98 58 42 66 66 47 3 56 78 66 35 22 86 90 11 54 23 32 92 71 76 81 86 22 40 27 0 28 38 12 71 96 10 80
52 44 51 61 22 25 12 20 46 20 82 98 56 35 15 77 86 88 31 74 63 30 24 96 88 59 31 25 89 73 15 89 2 25 85 78 60 84 87 6 29 40 28 0 38 38 54 97 46 81
54 6 59 95 39 6 49 11 31 34 96 65 68 7 27 61 83 53 11 63 79 49 37 87 96 51 30 2 100 96 14 73 4 20 76 67 58 55 98 13 14 5 38 38 0 49 98 52 28 81
88 5 61 68 35 9 33 17 46 46 99 100 73 22 30 69 61 75 30 54 93 9 10 88 60 80 23 46 88 54 14 98 13 24 84 77 70 84 88 41 42 19 12 38 49 0 88 57 9 83
31 87 25 8 68 89 100 97 95 63 13 19 43 80 90 3 35 43 59 40 24 78 67 16 19 34 95 62 48 9 59 27 57 74 41 1 32 42 32 88 66 100 71 54 98 88 0 36 58 25
27 51 36 48 71 85 83 82 57 94 18 35 45 94 84 33 2 2 97 1 3 54 54 34 37 14 59 64 18 6 57 32 65 99 38 47 19 32 22 96 85 89 96 97 52 57 36 0 61 48
82 39 61 57 14 42 35 49 17 6 82 93 89 35 38 84 79 82 9 88 100 27 2 51 81 89 13 4 88 73 39 91 25 23 52 66 81 55 79 43 25 44 10 46 28 9 58 61 0 59
41 51 18 4 65 78 56 67 98 51 4 43 42 54 79 5 48 6 68 28 44 79 89 32 25 37 68 54 37 30 68 8 84 52 23 36 4 11 18 96 69 64 80 81 81 83 25 48 59 0
BRBBRRRRRRBBBRRBBBRBBRRBBBRRBBRBRRBBBBBRRRRRRRBBRB
