50
0 51 27 97 26 79 81 79 78 98 24 56 79 80 13 79 97 66 44 32 4 54 44 88 43 11 62 34 51 28 31 11 53 65 23 39 97 29 63 45 63 95 45 97 48 36 79 8 30 73 
51 0 85 69 3 27 91 77 33 18 74 64 57 8 8 25 80 53 64 21 27 14 82 21 74 95 29 63 73 51 59 93 94 51 32 7 48 10 30 33 57 12 80 51 97 65 20 64 49 14 
27 85 0 42 57 47 91 10 6 45 23 3 48 90 21 93 40 59 70 56 17 13 52 7 67 96 14 87 78 9 54 87 79 16 95 29 13 30 57 22 59 55 38 51 9 63 55 22 31 61 
97 69 42 0 99 39 40 27 9 8 79 23 51 47 68 20 95 75 8 9 67 43 49 43 34 43 90 42 80 20 96 78 9 96 21 73 38 36 5 12 86 42 59 37 73 90 1 96 98 59 
26 3 57 99 0 55 41 47 68 59 6 60 49 16 18 51 57 28 8 53 60 100 95 37 97 28 62 74 79 57 40 81 54 89 21 98 94 57 30 37 36 13 59 59 65 86 51 96 72 70 
79 27 47 39 55 0 84 89 28 91 80 81 61 99 20 7 89 71 86 35 29 59 44 29 21 53 39 32 13 8 7 33 11 37 22 27 64 61 78 97 90 26 56 14 54 97 92 92 87 68 
81 91 91 40 41 84 0 10 66 55 72 83 4 8 95 53 89 34 59 64 41 61 86 53 96 60 16 55 61 90 58 30 96 90 52 79 10 32 54 73 90 11 42 51 3 54 19 45 71 25 
79 77 10 27 47 89 10 0 28 99 57 13 100 47 3 50 25 20 88 40 37 29 15 76 92 70 94 87 49 47 39 36 10 40 97 46 20 2 82 48 76 72 58 54 83 75 26 40 12 50 
78 33 6 9 68 28 66 28 0 40 41 30 96 58 76 90 15 78 82 6 100 19 75 36 100 14 66 97 72 48 97 95 18 31 13 87 64 97 32 87 5 5 78 57 3 11 66 13 94 83 
98 18 45 8 59 91 55 99 40 0 40 26 25 8 27 94 54 62 64 91 43 82 84 76 7 21 92 50 1 40 100 35 30 86 87 88 19 99 77 23 52 51 31 82 51 21 61 56 89 40 
24 74 23 79 6 80 72 57 41 40 0 24 8 66 55 71 40 80 37 37 24 15 28 75 59 45 36 79 91 32 42 99 47 45 41 14 76 36 68 32 60 66 93 16 86 66 2 13 8 53 
56 64 3 23 60 81 83 13 30 26 24 0 23 76 99 29 27 95 58 48 75 11 90 71 53 73 17 24 57 85 90 31 65 68 73 30 25 19 26 11 76 54 12 82 38 67 39 24 51 59 
79 57 48 51 49 61 4 100 96 25 8 23 0 96 17 90 96 52 75 45 19 36 30 71 12 53 43 13 44 21 6 28 34 63 35 65 49 35 18 93 50 53 89 83 32 74 62 99 58 94 
80 8 90 47 16 99 8 47 58 8 66 76 96 0 33 92 63 29 85 97 66 70 71 99 46 39 58 62 62 19 13 6 81 21 34 88 13 17 86 33 82 33 16 36 89 87 66 94 78 61 
13 8 21 68 18 20 95 3 76 27 55 99 17 33 0 13 14 47 80 86 57 37 28 73 43 5 73 78 64 60 16 49 91 72 26 88 99 96 5 17 91 46 31 21 43 97 14 56 41 29 
79 25 93 20 51 7 53 50 90 94 71 29 90 92 13 0 100 36 45 25 92 73 93 72 95 35 54 20 18 15 44 66 23 8 36 27 86 73 58 71 62 26 72 11 60 13 25 79 41 44 
97 80 40 95 57 89 89 25 15 54 40 27 96 63 14 100 0 92 56 98 42 14 4 52 21 14 85 17 71 26 32 77 32 94 10 38 50 66 99 55 43 76 65 46 75 47 44 93 75 83 
66 53 59 75 28 71 34 20 78 62 80 95 52 29 47 36 92 0 92 59 68 92 41 35 81 8 99 41 23 40 94 36 4 83 81 100 64 70 96 59 43 13 5 69 29 57 78 2 26 89 
44 64 70 8 8 86 59 88 82 64 37 58 75 85 80 45 56 92 0 52 91 69 75 31 35 53 22 72 9 85 65 67 66 34 46 60 80 47 56 31 70 57 56 41 30 63 76 4 77 98 
32 21 56 9 53 35 64 40 6 91 37 48 45 97 86 25 98 59 52 0 73 56 48 62 86 38 57 93 35 62 1 2 19 83 26 77 98 34 68 70 69 72 73 74 93 89 87 100 94 95 
4 27 17 67 60 29 41 37 100 43 24 75 19 66 57 92 42 68 91 73 0 29 97 16 95 35 58 93 86 50 2 50 96 45 4 56 68 54 80 22 38 75 60 75 9 45 82 78 20 40 
54 14 13 43 100 59 61 29 19 82 15 11 36 70 37 73 14 92 69 56 29 0 85 43 48 9 54 1 57 93 8 72 20 58 74 76 100 83 83 13 81 26 80 91 33 32 82 38 82 41 
44 82 52 49 95 44 86 15 75 84 28 90 30 71 28 93 4 41 75 48 97 85 0 27 33 76 52 55 48 14 58 99 100 86 18 49 37 74 25 77 93 89 98 54 46 58 11 30 20 91 
88 21 7 43 37 29 53 76 36 76 75 71 71 99 73 72 52 35 31 62 16 43 27 0 48 100 40 73 59 15 21 66 18 71 100 92 26 74 44 44 92 25 56 42 56 37 3 32 75 47 
43 74 67 34 97 21 96 92 100 7 59 53 12 46 43 95 21 81 35 86 95 48 33 48 0 79 51 94 90 15 18 22 48 84 79 59 92 46 41 3 91 50 22 19 46 45 6 91 96 2 
11 95 96 43 28 53 60 70 14 21 45 73 53 39 5 35 14 8 53 38 35 9 76 100 79 0 62 45 23 67 27 57 86 100 34 41 27 94 42 42 41 83 37 35 20 30 86 59 22 97 
62 29 14 90 62 39 16 94 66 92 36 17 43 58 73 54 85 99 22 57 58 54 52 40 51 62 0 39 91 93 38 18 63 49 79 34 56 61 4 89 23 80 99 34 62 60 37 6 85 10 
34 63 87 42 74 32 55 87 97 50 79 24 13 62 78 20 17 41 72 93 93 1 55 73 94 45 39 0 76 14 49 48 32 60 51 88 52 13 3 25 37 49 28 53 99 17 60 57 26 46 
51 73 78 80 79 13 61 49 72 1 91 57 44 62 64 18 71 23 9 35 86 57 48 59 90 23 91 76 0 35 46 94 91 54 85 52 42 13 3 50 25 95 61 41 57 11 8 19 85 13 
28 51 9 20 57 8 90 47 48 40 32 85 21 19 60 15 26 40 85 62 50 93 14 15 15 67 93 14 35 0 16 84 66 26 37 22 95 81 98 11 59 12 49 50 97 29 20 47 24 51 
31 59 54 96 40 7 58 39 97 100 42 90 6 13 16 44 32 94 65 1 2 8 58 21 18 27 38 49 46 16 0 27 85 94 74 76 64 25 49 63 31 84 27 3 18 75 60 1 96 70 
11 93 87 78 81 33 30 36 95 35 99 31 28 6 49 66 77 36 67 2 50 72 99 66 22 57 18 48 94 84 27 0 44 47 56 55 2 91 24 91 91 36 63 17 83 44 86 80 40 17 
53 94 79 9 54 11 96 10 18 30 47 65 34 81 91 23 32 4 66 19 96 20 100 18 48 86 63 32 91 66 85 44 0 66 5 24 65 39 21 91 53 5 24 94 42 1 81 2 19 44 
65 51 16 96 89 37 90 40 31 86 45 68 63 21 72 8 94 83 34 83 45 58 86 71 84 100 49 60 54 26 94 47 66 0 39 70 64 1 26 70 76 77 12 14 34 87 2 31 75 63 
23 32 95 21 21 22 52 97 13 87 41 73 35 34 26 36 10 81 46 26 4 74 18 100 79 34 79 51 85 37 74 56 5 39 0 49 16 89 58 62 26 96 95 12 67 16 59 67 89 75 
39 7 29 73 98 27 79 46 87 88 14 30 65 88 88 27 38 100 60 77 56 76 49 92 59 41 34 88 52 22 76 55 24 70 49 0 3 23 49 58 40 82 98 39 45 52 51 97 54 37 
97 48 13 38 94 64 10 20 64 19 76 25 49 13 99 86 50 64 80 98 68 100 37 26 92 27 56 52 42 95 64 2 65 64 16 3 0 43 82 85 4 63 1 12 2 69 8 12 40 94 
29 10 30 36 57 61 32 2 97 99 36 19 35 17 96 73 66 70 47 34 54 83 74 74 46 94 61 13 13 81 25 91 39 1 89 23 43 0 51 71 69 72 90 12 67 20 49 49 1 92 
63 30 57 5 30 78 54 82 32 77 68 26 18 86 5 58 99 96 56 68 80 83 25 44 41 42 4 3 3 98 49 24 21 26 58 49 82 51 0 2 41 1 73 82 85 5 55 53 43 87 
45 33 22 12 37 97 73 48 87 23 32 11 93 33 17 71 55 59 31 70 22 13 77 44 3 42 89 25 50 11 63 91 91 70 62 58 85 71 2 0 15 60 86 13 64 16 65 8 87 12 
63 57 59 86 36 90 90 76 5 52 60 76 50 82 91 62 43 43 70 69 38 81 93 92 91 41 23 37 25 59 31 91 53 76 26 40 4 69 41 15 0 23 51 63 11 43 78 7 81 80 
95 12 55 42 13 26 11 72 5 51 66 54 53 33 46 26 76 13 57 72 75 26 89 25 50 83 80 49 95 12 84 36 5 77 96 82 63 72 1 60 23 0 100 87 21 40 41 96 79 22 
45 80 38 59 59 56 42 58 78 31 93 12 89 16 31 72 65 5 56 73 60 80 98 56 22 37 99 28 61 49 27 63 24 12 95 98 1 90 73 86 51 100 0 46 53 9 5 28 19 81 
97 51 51 37 59 14 51 54 57 82 16 82 83 36 21 11 46 69 41 74 75 91 54 42 19 35 34 53 41 50 3 17 94 14 12 39 12 12 82 13 63 87 46 0 5 85 89 21 55 44 
48 97 9 73 65 54 3 83 3 51 86 38 32 89 43 60 75 29 30 93 9 33 46 56 46 20 62 99 57 97 18 83 42 34 67 45 2 67 85 64 11 21 53 5 0 4 75 2 37 85 
36 65 63 90 86 97 54 75 11 21 66 67 74 87 97 13 47 57 63 89 45 32 58 37 45 30 60 17 11 29 75 44 1 87 16 52 69 20 5 16 43 40 9 85 4 0 79 11 73 17 
79 20 55 1 51 92 19 26 66 61 2 39 62 66 14 25 44 78 76 87 82 82 11 3 6 86 37 60 8 20 60 86 81 2 59 51 8 49 55 65 78 41 5 89 75 79 0 37 87 48 
8 64 22 96 96 92 45 40 13 56 13 24 99 94 56 79 93 2 4 100 78 38 30 32 91 59 6 57 19 47 1 80 2 31 67 97 12 49 53 8 7 96 28 21 2 11 37 0 85 91 
30 49 31 98 72 87 71 12 94 89 8 51 58 78 41 41 75 26 77 94 20 82 20 75 96 22 85 26 85 24 96 40 19 75 89 54 40 1 43 87 81 79 19 55 37 73 87 85 0 33 
73 14 61 59 70 68 25 50 83 40 53 59 94 61 29 44 83 89 98 95 40 41 91 47 2 97 10 46 13 51 70 17 44 63 75 37 94 92 87 12 80 22 81 44 85 17 48 91 33 0 
BRBRBRRRBBBBBRBBBBBBBRRRBBBRBRBRRRRRBRRRRRBRBRBBRR