50
0 11 84 31 31 49 77 5 43 98 29 8 99 97 90 68 13 23 59 59 93 49 79 45 41 48 52 89 91 84 44 22 31 61 6 46 23 39 40 6 99 22 80 1 44 78 71 47 8 40
11 0 5 22 2 28 27 83 93 87 8 77 8 84 20 3 94 34 0 83 75 92 34 85 55 8 38 59 42 3 17 30 13 3 23 23 63 46 5 81 92 77 10 35 63 67 12 86 41 39
84 5 0 36 69 75 29 49 58 16 58 47 29 44 76 70 23 20 2 52 24 63 17 78 5 99 14 88 30 73 10 75 78 97 45 24 7 84 93 45 40 82 29 5 51 3 100 39 24 93
31 22 36 0 25 76 19 77 59 43 58 24 55 0 73 86 69 42 50 79 7 66 18 4 50 30 44 40 2 69 100 28 14 20 75 33 63 12 41 65 98 74 21 21 85 97 21 12 45 99
31 2 69 25 0 69 63 0 9 27 51 92 3 69 15 9 29 32 27 55 57 85 54 18 1 85 51 65 59 24 34 33 39 71 89 98 34 74 64 42 3 62 83 50 21 35 22 26 73 84
49 28 75 76 69 0 67 13 49 12 1 95 71 71 30 53 6 32 45 92 54 8 93 7 24 27 94 33 87 8 64 55 36 41 39 78 34 26 81 64 75 94 35 8 75 77 99 85 24 13
77 27 29 19 63 67 0 54 73 65 90 48 15 89 26 68 54 48 24 74 68 34 97 93 26 65 24 0 18 39 56 29 23 77 58 9 62 91 28 13 66 73 86 0 1 2 56 85 26 98
5 83 49 77 0 13 54 0 72 56 100 33 73 31 10 42 64 5 22 35 95 48 51 60 78 96 75 51 98 48 19 95 80 100 97 91 10 50 3 2 91 51 79 82 0 27 68 1 91 27
43 93 58 59 9 49 73 72 0 71 29 45 70 82 47 17 28 86 43 2 87 49 50 5 39 57 12 46 52 84 0 72 58 45 26 4 94 52 13 93 27 98 85 60 49 24 72 100 16 39
98 87 16 43 27 12 65 56 71 0 87 60 80 70 53 18 94 37 34 63 61 57 30 90 50 85 45 77 72 9 31 81 89 15 79 19 27 22 30 87 59 82 23 7 41 95 3 30 100 13
29 8 58 58 51 1 90 100 29 87 0 47 65 36 60 98 98 39 1 82 77 47 39 71 38 46 25 53 16 95 50 25 6 10 69 65 76 88 16 47 28 31 83 0 11 57 5 56 36 0
8 77 47 24 92 95 48 33 45 60 47 0 33 56 2 64 36 33 16 95 86 73 71 7 3 37 48 13 87 91 97 84 26 71 62 55 98 84 3 95 69 83 37 59 45 32 96 46 8 47
99 8 29 55 3 71 15 73 70 80 65 33 0 7 82 91 77 35 88 100 58 84 11 40 53 51 28 39 3 6 45 97 32 79 72 27 85 55 75 66 44 73 61 9 35 35 76 55 54 0
97 84 44 0 69 71 89 31 82 70 36 56 7 0 23 95 73 94 5 12 78 35 16 36 53 59 74 37 14 15 68 80 66 31 61 74 30 96 60 63 84 7 14 73 14 78 38 3 80 86
90 20 76 73 15 30 26 10 47 53 60 2 82 23 0 41 43 96 0 52 10 98 92 79 10 8 68 9 10 17 34 84 65 10 61 96 34 2 100 26 30 2 4 81 40 63 99 59 26 57
68 3 70 86 9 53 68 42 17 18 98 64 91 95 41 0 41 71 64 89 87 67 36 82 82 41 53 59 54 39 91 51 60 6 97 63 21 77 11 14 78 14 28 60 53 59 43 55 80 96
13 94 23 69 29 6 54 64 28 94 98 36 77 73 43 41 0 50 77 38 21 24 96 89 85 68 74 40 54 87 6 96 7 90 24 19 58 85 79 37 13 58 68 87 68 53 51 59 40 62
23 34 20 42 32 32 48 5 86 37 39 33 35 94 96 71 50 0 55 32 46 53 2 64 90 25 75 98 20 0 66 25 52 45 19 85 20 49 22 60 12 42 85 5 90 14 44 97 70 24
59 0 2 50 27 45 24 22 43 34 1 16 88 5 0 64 77 55 0 42 13 54 71 79 88 80 71 39 30 90 51 24 9 76 59 24 20 55 88 39 98 64 53 22 22 100 6 47 59 75
59 83 52 79 55 92 74 35 2 63 82 95 100 12 52 89 38 32 42 0 41 93 33 58 70 42 24 84 52 84 72 14 76 61 41 88 99 4 24 76 79 13 52 27 26 36 41 38 74 39
93 75 24 7 57 54 68 95 87 61 77 86 58 78 10 87 21 46 13 41 0 18 80 26 79 9 72 46 54 31 70 64 63 78 71 4 5 50 100 7 20 4 86 3 41 84 20 89 99 14
49 92 63 66 85 8 34 48 49 57 47 73 84 35 98 67 24 53 54 93 18 0 85 93 14 33 49 49 26 99 22 55 85 100 89 7 86 15 18 1 71 17 30 59 3 80 94 27 44 32
79 34 17 18 54 93 97 51 50 30 39 71 11 16 92 36 96 2 71 33 80 85 0 45 61 4 28 72 3 51 94 42 34 49 41 80 4 0 97 40 86 51 92 89 4 19 100 69 18 83
45 85 78 4 18 7 93 60 5 90 71 7 40 36 79 82 89 64 79 58 26 93 45 0 99 72 82 73 70 42 24 12 25 63 97 95 54 37 61 95 91 64 100 67 7 8 68 43 92 23
41 55 5 50 1 24 26 78 39 50 38 3 53 53 10 82 85 90 88 70 79 14 61 99 0 19 41 77 34 95 35 64 82 37 22 59 46 79 84 99 24 50 96 64 34 4 45 22 70 79
48 8 99 30 85 27 65 96 57 85 46 37 51 59 8 41 68 25 80 42 9 33 4 72 19 0 70 1 100 10 20 75 9 29 21 76 24 21 72 48 78 46 36 41 7 86 66 87 71 1
52 38 14 44 51 94 24 75 12 45 25 48 28 74 68 53 74 75 71 24 72 49 28 82 41 70 0 65 63 46 1 51 93 91 38 74 1 20 3 5 51 1 93 68 59 39 73 37 96 63
89 59 88 40 65 33 0 51 46 77 53 13 39 37 9 59 40 98 39 84 46 49 72 73 77 1 65 0 72 69 79 17 15 67 69 51 57 10 9 72 9 97 9 53 31 46 2 22 97 32
91 42 30 2 59 87 18 98 52 72 16 87 3 14 10 54 54 20 30 52 54 26 3 70 34 100 63 72 0 7 49 38 42 89 26 32 32 31 73 39 62 12 21 78 25 35 93 97 57 75
84 3 73 69 24 8 39 48 84 9 95 91 6 15 17 39 87 0 90 84 31 99 51 42 95 10 46 69 7 0 66 29 97 18 5 19 15 77 96 16 46 91 11 51 26 52 24 91 73 60
44 17 10 100 34 64 56 19 0 31 50 97 45 68 34 91 6 66 51 72 70 22 94 24 35 20 1 79 49 66 0 27 38 29 5 69 59 71 98 86 95 52 69 81 21 0 74 23 44 4
22 30 75 28 33 55 29 95 72 81 25 84 97 80 84 51 96 25 24 14 64 55 42 12 64 75 51 17 38 29 27 0 88 79 12 27 2 57 53 16 94 79 76 61 91 97 63 23 79 12
31 13 78 14 39 36 23 80 58 89 6 26 32 66 65 60 7 52 9 76 63 85 34 25 82 9 93 15 42 97 38 88 0 73 77 68 54 100 86 56 27 45 96 85 19 37 24 38 32 55
61 3 97 20 71 41 77 100 45 15 10 71 79 31 10 6 90 45 76 61 78 100 49 63 37 29 91 67 89 18 29 79 73 0 92 81 64 79 76 45 8 15 14 90 34 6 59 34 64 79
6 23 45 75 89 39 58 97 26 79 69 62 72 61 61 97 24 19 59 41 71 89 41 97 22 21 38 69 26 5 5 12 77 92 0 15 89 5 75 100 31 4 46 62 23 70 40 31 7 61
46 23 24 33 98 78 9 91 4 19 65 55 27 74 96 63 19 85 24 88 4 7 80 95 59 76 74 51 32 19 69 27 68 81 15 0 64 0 100 58 41 8 77 54 19 85 62 51 8 2
23 63 7 63 34 34 62 10 94 27 76 98 85 30 34 21 58 20 20 99 5 86 4 54 46 24 1 57 32 15 59 2 54 64 89 64 0 5 77 61 77 99 31 62 83 86 50 79 42 83
39 46 84 12 74 26 91 50 52 22 88 84 55 96 2 77 85 49 55 4 50 15 0 37 79 21 20 10 31 77 71 57 100 79 5 0 5 0 7 66 2 65 71 86 53 42 76 66 80 75
40 5 93 41 64 81 28 3 13 30 16 3 75 60 100 11 79 22 88 24 100 18 97 61 84 72 3 9 73 96 98 53 86 76 75 100 77 7 0 99 33 32 19 11 33 55 3 73 77 71
6 81 45 65 42 64 13 2 93 87 47 95 66 63 26 14 37 60 39 76 7 1 40 95 99 48 5 72 39 16 86 16 56 45 100 58 61 66 99 0 53 98 9 100 67 100 45 45 7 32
99 92 40 98 3 75 66 91 27 59 28 69 44 84 30 78 13 12 98 79 20 71 86 91 24 78 51 9 62 46 95 94 27 8 31 41 77 2 33 53 0 80 20 47 95 88 33 57 54 81
22 77 82 74 62 94 73 51 98 82 31 83 73 7 2 14 58 42 64 13 4 17 51 64 50 46 1 97 12 91 52 79 45 15 4 8 99 65 32 98 80 0 4 15 63 30 42 3 43 67
80 10 29 21 83 35 86 79 85 23 83 37 61 14 4 28 68 85 53 52 86 30 92 100 96 36 93 9 21 11 69 76 96 14 46 77 31 71 19 9 20 4 0 49 52 54 55 73 30 73
1 35 5 21 50 8 0 82 60 7 0 59 9 73 81 60 87 5 22 27 3 59 89 67 64 41 68 53 78 51 81 61 85 90 62 54 62 86 11 100 47 15 49 0 71 62 75 94 24 25
44 63 51 85 21 75 1 0 49 41 11 45 35 14 40 53 68 90 22 26 41 3 4 7 34 7 59 31 25 26 21 91 19 34 23 19 83 53 33 67 95 63 52 71 0 0 11 25 28 75
78 67 3 97 35 77 2 27 24 95 57 32 35 78 63 59 53 14 100 36 84 80 19 8 4 86 39 46 35 52 0 97 37 6 70 85 86 42 55 100 88 30 54 62 0 0 55 36 86 93
71 12 100 21 22 99 56 68 72 3 5 96 76 38 99 43 51 44 6 41 20 94 100 68 45 66 73 2 93 24 74 63 24 59 40 62 50 76 3 45 33 42 55 75 11 55 0 46 74 17
47 86 39 12 26 85 85 1 100 30 56 46 55 3 59 55 59 97 47 38 89 27 69 43 22 87 37 22 97 91 23 23 38 34 31 51 79 66 73 45 57 3 73 94 25 36 46 0 88 0
8 41 24 45 73 24 26 91 16 100 36 8 54 80 26 80 40 70 59 74 99 44 18 92 70 71 96 97 57 73 44 79 32 64 7 8 42 80 77 7 54 43 30 24 28 86 74 88 0 38
40 39 93 99 84 13 98 27 39 13 0 47 0 86 57 96 62 24 75 39 14 32 83 23 79 1 63 32 75 60 4 12 55 79 61 2 83 75 71 32 81 67 73 25 75 93 17 0 38 0
BRRRRRBBBBRBRRBBRRBBRBRRBRRBRBRRBRBRRBBBBRRRBBBBRB