50
0 56 4 54 96 6 46 73 80 97 63 64 2 25 21 34 22 46 31 38 100 79 88 21 76 12 20 62 45 23 13 73 10 15 20 82 56 6 22 11 0 52 58 47 60 10 20 14 0 12 
56 0 62 40 9 5 63 35 32 10 55 91 83 27 63 25 42 78 14 31 83 3 82 17 52 59 53 98 20 100 33 5 15 17 82 47 68 59 18 5 78 82 24 94 11 80 21 17 21 43 
4 62 0 1 58 41 34 8 17 33 83 45 0 81 84 61 41 1 84 20 79 25 0 24 98 29 21 3 79 10 50 43 29 48 54 84 64 96 98 55 50 51 83 18 87 33 36 88 28 30 
54 40 1 0 19 66 69 65 5 89 85 9 36 36 27 44 51 29 26 69 49 82 18 71 68 9 75 18 54 72 37 47 73 48 99 35 66 13 12 89 84 33 45 87 14 65 43 77 95 0 
96 9 58 19 0 80 53 71 3 96 77 70 10 62 27 3 92 84 27 43 62 21 45 71 38 44 0 0 69 88 85 81 75 95 27 22 24 13 93 78 4 71 22 81 19 3 77 21 53 32 
6 5 41 66 80 0 84 24 77 48 64 87 55 36 7 76 49 86 17 90 36 67 17 61 7 69 86 92 64 11 57 28 19 53 74 0 24 87 28 95 80 76 21 23 75 7 95 49 71 80 
46 63 34 69 53 84 0 94 12 77 80 46 81 99 83 48 63 59 58 82 87 29 5 27 98 80 6 13 53 77 79 91 87 43 92 85 49 73 72 86 43 78 81 6 20 4 6 7 41 44 
73 35 8 65 71 24 94 0 71 86 72 43 12 19 97 68 2 24 66 14 72 28 69 94 68 24 65 53 47 14 82 18 22 69 79 25 62 38 80 11 100 45 28 70 83 57 60 68 12 96 
80 32 17 5 3 77 12 71 0 60 92 50 75 52 76 7 86 88 17 13 40 38 4 19 68 20 6 60 9 29 54 2 20 76 94 1 91 63 30 59 72 91 58 33 45 59 82 38 24 1 
97 10 33 89 96 48 77 86 60 0 14 11 74 96 69 11 35 76 53 37 82 57 7 65 27 89 65 89 63 45 62 37 86 80 19 6 66 77 11 23 75 15 80 84 97 19 39 64 98 77 
63 55 83 85 77 64 80 72 92 14 0 97 73 69 64 88 75 100 36 58 12 81 43 66 90 44 48 28 73 54 58 55 86 9 30 40 100 19 53 23 20 72 51 30 36 75 96 76 56 39 
64 91 45 9 70 87 46 43 50 11 97 0 72 95 33 29 81 47 94 57 82 45 96 43 83 49 70 20 57 19 92 4 59 14 1 2 34 29 33 8 96 22 9 10 60 16 70 6 56 63 
2 83 0 36 10 55 81 12 75 74 73 72 0 87 7 33 65 83 15 85 75 14 23 46 59 12 31 37 76 80 58 53 73 82 12 62 32 75 9 15 83 24 8 46 56 32 84 60 33 36 
25 27 81 36 62 36 99 19 52 96 69 95 87 0 91 90 92 69 52 72 4 58 81 87 10 20 37 99 40 90 16 87 47 17 9 65 17 65 54 8 36 43 13 63 74 22 4 15 100 79 
21 63 84 27 27 7 83 97 76 69 64 33 7 91 0 23 3 35 85 96 8 69 38 31 94 71 25 51 42 83 26 69 38 11 48 75 85 38 83 16 67 14 12 42 63 57 100 65 18 96 
34 25 61 44 3 76 48 68 7 11 88 29 33 90 23 0 33 41 2 61 50 92 85 88 57 29 83 16 80 36 51 22 20 76 11 18 53 38 97 72 34 34 77 67 71 76 96 27 14 47 
22 42 41 51 92 49 63 2 86 35 75 81 65 92 3 33 0 36 2 52 58 2 43 21 88 90 39 10 55 7 65 2 12 43 16 60 0 17 48 30 83 12 21 98 11 51 47 27 27 39 
46 78 1 29 84 86 59 24 88 76 100 47 83 69 35 41 36 0 73 66 14 56 81 64 40 5 68 44 78 76 9 81 84 38 7 47 65 99 65 31 58 40 6 95 88 35 85 45 49 82 
31 14 84 26 27 17 58 66 17 53 36 94 15 52 85 2 2 73 0 43 76 98 46 52 31 20 13 5 49 81 46 53 44 52 7 100 16 79 64 16 64 31 11 43 49 3 42 100 31 24 
38 31 20 69 43 90 82 14 13 37 58 57 85 72 96 61 52 66 43 0 62 47 77 79 47 69 3 49 13 11 66 97 39 81 79 22 100 70 96 72 25 23 46 73 83 79 16 97 17 60 
100 83 79 49 62 36 87 72 40 82 12 82 75 4 8 50 58 14 76 62 0 38 37 81 75 44 88 72 87 20 41 76 4 63 96 37 80 61 59 57 47 39 53 16 20 53 8 87 89 16 
79 3 25 82 21 67 29 28 38 57 81 45 14 58 69 92 2 56 98 47 38 0 45 79 99 14 9 87 65 18 39 64 75 32 77 1 48 59 36 40 67 44 78 24 83 100 86 54 43 75 
88 82 0 18 45 17 5 69 4 7 43 96 23 81 38 85 43 81 46 77 37 45 0 7 86 75 83 61 19 58 93 87 62 39 1 29 18 73 32 90 44 71 97 50 92 34 0 28 35 12 
21 17 24 71 71 61 27 94 19 65 66 43 46 87 31 88 21 64 52 79 81 79 7 0 91 11 55 32 40 36 63 87 60 18 82 52 38 44 21 100 88 20 97 68 23 95 65 1 80 42 
76 52 98 68 38 7 98 68 68 27 90 83 59 10 94 57 88 40 31 47 75 99 86 91 0 18 14 44 26 30 99 8 68 65 55 25 88 96 79 21 62 38 94 45 40 45 47 48 22 85 
12 59 29 9 44 69 80 24 20 89 44 49 12 20 71 29 90 5 20 69 44 14 75 11 18 0 76 79 2 14 95 52 5 76 23 69 51 17 10 41 55 81 13 94 83 60 23 89 36 17 
20 53 21 75 0 86 6 65 6 65 48 70 31 37 25 83 39 68 13 3 88 9 83 55 14 76 0 91 39 42 58 53 16 86 11 60 53 26 20 24 5 38 84 18 10 13 74 79 96 74 
62 98 3 18 0 92 13 53 60 89 28 20 37 99 51 16 10 44 5 49 72 87 61 32 44 79 91 0 63 11 89 89 99 42 98 85 71 86 45 78 69 68 100 0 45 51 38 85 41 2 
45 20 79 54 69 64 53 47 9 63 73 57 76 40 42 80 55 78 49 13 87 65 19 40 26 2 39 63 0 78 57 26 86 72 7 16 25 97 26 17 42 23 24 85 63 80 9 76 43 42 
23 100 10 72 88 11 77 14 29 45 54 19 80 90 83 36 7 76 81 11 20 18 58 36 30 14 42 11 78 0 1 20 10 55 48 26 27 80 75 51 46 55 76 38 44 81 57 67 74 50 
13 33 50 37 85 57 79 82 54 62 58 92 58 16 26 51 65 9 46 66 41 39 93 63 99 95 58 89 57 1 0 18 44 28 14 70 98 55 8 46 96 84 72 12 53 57 45 58 95 35 
73 5 43 47 81 28 91 18 2 37 55 4 53 87 69 22 2 81 53 97 76 64 87 87 8 52 53 89 26 20 18 0 92 62 55 26 58 4 43 74 66 21 26 3 83 16 62 75 74 17 
10 15 29 73 75 19 87 22 20 86 86 59 73 47 38 20 12 84 44 39 4 75 62 60 68 5 16 99 86 10 44 92 0 49 32 50 83 49 37 63 83 19 97 76 5 88 85 66 70 100 
15 17 48 48 95 53 43 69 76 80 9 14 82 17 11 76 43 38 52 81 63 32 39 18 65 76 86 42 72 55 28 62 49 0 40 21 15 63 88 85 37 15 32 12 60 2 9 43 32 82 
20 82 54 99 27 74 92 79 94 19 30 1 12 9 48 11 16 7 7 79 96 77 1 82 55 23 11 98 7 48 14 55 32 40 0 89 14 89 94 6 89 17 16 9 47 95 3 80 86 69 
82 47 84 35 22 0 85 25 1 6 40 2 62 65 75 18 60 47 100 22 37 1 29 52 25 69 60 85 16 26 70 26 50 21 89 0 55 46 83 65 84 8 70 38 75 19 89 42 2 68 
56 68 64 66 24 24 49 62 91 66 100 34 32 17 85 53 0 65 16 100 80 48 18 38 88 51 53 71 25 27 98 58 83 15 14 55 0 76 50 62 60 77 73 18 68 12 68 87 7 93 
6 59 96 13 13 87 73 38 63 77 19 29 75 65 38 38 17 99 79 70 61 59 73 44 96 17 26 86 97 80 55 4 49 63 89 46 76 0 1 39 54 21 89 90 8 51 22 12 61 22 
22 18 98 12 93 28 72 80 30 11 53 33 9 54 83 97 48 65 64 96 59 36 32 21 79 10 20 45 26 75 8 43 37 88 94 83 50 1 0 36 36 81 95 12 61 97 81 46 31 17 
11 5 55 89 78 95 86 11 59 23 23 8 15 8 16 72 30 31 16 72 57 40 90 100 21 41 24 78 17 51 46 74 63 85 6 65 62 39 36 0 77 97 72 33 40 7 15 21 85 28 
0 78 50 84 4 80 43 100 72 75 20 96 83 36 67 34 83 58 64 25 47 67 44 88 62 55 5 69 42 46 96 66 83 37 89 84 60 54 36 77 0 42 91 61 11 70 23 53 19 51 
52 82 51 33 71 76 78 45 91 15 72 22 24 43 14 34 12 40 31 23 39 44 71 20 38 81 38 68 23 55 84 21 19 15 17 8 77 21 81 97 42 0 100 21 35 24 23 7 93 4 
58 24 83 45 22 21 81 28 58 80 51 9 8 13 12 77 21 6 11 46 53 78 97 97 94 13 84 100 24 76 72 26 97 32 16 70 73 89 95 72 91 100 0 53 49 65 80 37 60 70 
47 94 18 87 81 23 6 70 33 84 30 10 46 63 42 67 98 95 43 73 16 24 50 68 45 94 18 0 85 38 12 3 76 12 9 38 18 90 12 33 61 21 53 0 51 18 10 54 54 93 
60 11 87 14 19 75 20 83 45 97 36 60 56 74 63 71 11 88 49 83 20 83 92 23 40 83 10 45 63 44 53 83 5 60 47 75 68 8 61 40 11 35 49 51 0 51 53 13 14 52 
10 80 33 65 3 7 4 57 59 19 75 16 32 22 57 76 51 35 3 79 53 100 34 95 45 60 13 51 80 81 57 16 88 2 95 19 12 51 97 7 70 24 65 18 51 0 40 14 0 64 
20 21 36 43 77 95 6 60 82 39 96 70 84 4 100 96 47 85 42 16 8 86 0 65 47 23 74 38 9 57 45 62 85 9 3 89 68 22 81 15 23 23 80 10 53 40 0 74 0 72 
14 17 88 77 21 49 7 68 38 64 76 6 60 15 65 27 27 45 100 97 87 54 28 1 48 89 79 85 76 67 58 75 66 43 80 42 87 12 46 21 53 7 37 54 13 14 74 0 4 5 
0 21 28 95 53 71 41 12 24 98 56 56 33 100 18 14 27 49 31 17 89 43 35 80 22 36 96 41 43 74 95 74 70 32 86 2 7 61 31 85 19 93 60 54 14 0 0 4 0 74 
12 43 30 0 32 80 44 96 1 77 39 63 36 79 96 47 39 82 24 60 16 75 12 42 85 17 74 2 42 50 35 17 100 82 69 68 93 22 17 28 51 4 70 93 52 64 72 5 74 0 
BRRBBBBRBRRRBBRRBBBBRRRBBRRBRRBRRRBRRRRBRRBRBBBBBB
