50
0 42 26 69 41 90 9 33 60 57 22 7 10 23 89 95 75 49 91 60 61 56 80 83 30 11 71 88 58 16 90 46 97 9 81 59 67 15 8 45 1 75 68 84 57 62 78 88 51 23 
42 0 100 19 34 78 53 31 88 72 88 85 31 88 58 94 62 17 100 50 27 84 21 58 62 4 13 93 70 87 100 39 4 20 47 17 28 88 1 74 9 37 95 5 60 67 4 45 35 44 
26 100 0 89 60 81 35 95 48 81 46 3 9 98 99 15 19 47 56 70 20 10 15 73 21 57 89 97 73 17 97 46 24 43 36 16 33 36 48 79 51 9 66 91 25 6 10 16 70 99 
69 19 89 0 21 98 47 33 62 47 72 96 25 21 66 33 54 70 26 82 15 64 40 85 77 91 66 85 75 32 27 22 91 38 49 8 31 13 72 79 93 91 70 82 51 44 65 52 3 4 
41 34 60 21 0 68 43 69 97 71 44 23 14 87 2 71 92 84 41 52 7 58 46 92 23 42 13 97 5 15 24 66 3 89 64 73 9 26 97 74 88 80 63 23 24 61 9 96 9 23 
90 78 81 98 68 0 70 95 25 86 60 97 92 38 51 99 10 62 19 22 89 71 30 14 45 85 58 62 72 25 93 61 31 77 37 47 10 83 2 54 31 48 33 33 57 33 45 85 53 66 
9 53 35 47 43 70 0 20 26 89 50 5 19 69 25 73 77 76 62 31 24 26 91 7 33 70 73 50 39 62 80 46 95 30 27 49 66 54 68 21 73 90 79 9 11 93 47 62 90 10 
33 31 95 33 69 95 20 0 36 27 44 68 3 16 61 15 95 90 95 4 74 21 55 15 5 88 17 72 15 53 47 66 71 68 61 2 72 87 82 80 17 69 82 5 64 21 90 25 78 23 
60 88 48 62 97 25 26 36 0 40 91 48 67 62 87 45 86 59 94 49 49 50 7 25 37 8 10 33 61 25 2 56 46 6 13 37 40 83 34 22 9 97 71 40 65 75 8 46 10 19 
57 72 81 47 71 86 89 27 40 0 5 88 21 25 37 72 49 75 79 74 16 23 80 50 39 72 15 51 89 43 14 51 86 24 28 78 8 71 23 43 10 41 7 66 78 45 27 78 36 57 
22 88 46 72 44 60 50 44 91 5 0 85 66 69 62 79 58 57 61 93 28 11 17 12 78 31 2 27 83 81 72 23 32 1 26 28 71 16 27 67 28 15 80 24 9 25 19 64 46 50 
7 85 3 96 23 97 5 68 48 88 85 0 15 35 41 23 62 17 89 96 36 69 26 92 84 42 91 88 72 32 68 51 12 29 7 81 90 31 15 61 80 4 39 57 11 22 12 33 55 97 
10 31 9 25 14 92 19 3 67 21 66 15 0 38 81 59 39 97 87 79 28 79 36 76 79 87 28 9 11 76 80 58 55 100 36 90 87 59 83 81 40 81 67 15 26 50 37 7 40 55 
23 88 98 21 87 38 69 16 62 25 69 35 38 0 83 67 31 100 56 73 40 98 95 51 78 4 46 22 88 74 34 18 15 30 74 3 16 71 71 30 52 70 56 73 29 4 37 78 10 72 
89 58 99 66 2 51 25 61 87 37 62 41 81 83 0 27 3 8 2 58 71 73 44 16 79 97 73 10 88 20 8 95 8 13 95 27 70 70 50 43 50 8 20 43 86 26 52 26 32 16 
95 94 15 33 71 99 73 15 45 72 79 23 59 67 27 0 92 34 17 54 54 34 19 84 37 13 26 19 6 3 56 32 96 10 24 82 12 81 44 87 18 79 60 4 40 27 10 9 88 57 
75 62 19 54 92 10 77 95 86 49 58 62 39 31 3 92 0 4 100 76 3 56 99 59 98 96 5 32 92 97 18 78 39 41 67 59 89 28 94 60 40 11 35 82 30 97 85 23 29 54 
49 17 47 70 84 62 76 90 59 75 57 17 97 100 8 34 4 0 41 54 33 70 68 98 18 29 48 16 11 45 12 59 92 11 78 56 28 6 31 77 91 75 54 7 28 16 35 27 67 27 
91 100 56 26 41 19 62 95 94 79 61 89 87 56 2 17 100 41 0 20 10 4 43 46 87 61 16 38 84 17 41 47 11 55 100 20 25 88 78 47 96 75 1 10 35 84 23 71 99 65 
60 50 70 82 52 22 31 4 49 74 93 96 79 73 58 54 76 54 20 0 83 71 26 8 69 51 87 9 48 17 32 62 98 41 79 77 96 6 31 55 44 72 34 46 22 42 13 50 30 86 
61 27 20 15 7 89 24 74 49 16 28 36 28 40 71 54 3 33 10 83 0 26 83 9 93 62 6 56 52 26 72 24 55 5 46 32 18 43 49 39 74 97 67 87 67 62 42 18 56 69 
56 84 10 64 58 71 26 21 50 23 11 69 79 98 73 34 56 70 4 71 26 0 15 27 76 36 84 70 47 2 54 83 35 90 9 97 100 68 86 62 100 100 24 38 72 54 73 39 57 77 
80 21 15 40 46 30 91 55 7 80 17 26 36 95 44 19 99 68 43 26 83 15 0 45 5 46 64 33 39 62 84 75 99 19 73 60 53 76 50 54 35 43 46 78 2 67 59 39 43 75 
83 58 73 85 92 14 7 15 25 50 12 92 76 51 16 84 59 98 46 8 9 27 45 0 69 50 7 79 68 43 24 96 89 8 2 34 98 44 58 53 10 93 88 29 65 25 27 10 62 96 
30 62 21 77 23 45 33 5 37 39 78 84 79 78 79 37 98 18 87 69 93 76 5 69 0 75 83 35 54 47 15 13 33 33 81 3 65 42 28 56 51 4 20 42 40 83 84 100 21 74 
11 4 57 91 42 85 70 88 8 72 31 42 87 4 97 13 96 29 61 51 62 36 46 50 75 0 85 51 18 6 33 75 96 46 10 7 88 96 20 94 45 92 62 20 41 96 58 10 53 31 
71 13 89 66 13 58 73 17 10 15 2 91 28 46 73 26 5 48 16 87 6 84 64 7 83 85 0 20 15 25 57 36 77 71 8 26 19 12 88 70 25 81 27 79 43 70 67 5 29 77 
88 93 97 85 97 62 50 72 33 51 27 88 9 22 10 19 32 16 38 9 56 70 33 79 35 51 20 0 87 62 48 83 69 93 69 86 55 26 58 68 85 90 73 42 97 21 74 67 19 85 
58 70 73 75 5 72 39 15 61 89 83 72 11 88 88 6 92 11 84 48 52 47 39 68 54 18 15 87 0 82 71 4 47 41 22 49 51 88 10 53 41 52 29 2 38 67 31 24 9 95 
16 87 17 32 15 25 62 53 25 43 81 32 76 74 20 3 97 45 17 17 26 2 62 43 47 6 25 62 82 0 34 65 52 20 58 6 46 57 28 14 93 19 79 62 21 9 19 99 73 52 
90 100 97 27 24 93 80 47 2 14 72 68 80 34 8 56 18 12 41 32 72 54 84 24 15 33 57 48 71 34 0 95 100 71 94 13 45 29 88 13 85 69 6 96 90 26 16 29 76 89 
46 39 46 22 66 61 46 66 56 51 23 51 58 18 95 32 78 59 47 62 24 83 75 96 13 75 36 83 4 65 95 0 14 58 32 51 66 41 30 94 32 20 51 90 60 90 35 81 29 76 
97 4 24 91 3 31 95 71 46 86 32 12 55 15 8 96 39 92 11 98 55 35 99 89 33 96 77 69 47 52 100 14 0 23 15 64 38 49 13 15 5 97 6 80 23 84 25 66 82 20 
9 20 43 38 89 77 30 68 6 24 1 29 100 30 13 10 41 11 55 41 5 90 19 8 33 46 71 93 41 20 71 58 23 0 78 90 92 8 70 42 18 92 31 25 17 14 65 45 56 6 
81 47 36 49 64 37 27 61 13 28 26 7 36 74 95 24 67 78 100 79 46 9 73 2 81 10 8 69 22 58 94 32 15 78 0 33 57 89 17 95 46 88 92 86 11 80 54 13 43 77 
59 17 16 8 73 47 49 2 37 78 28 81 90 3 27 82 59 56 20 77 32 97 60 34 3 7 26 86 49 6 13 51 64 90 33 0 90 29 36 52 11 73 10 86 9 10 72 97 10 41 
67 28 33 31 9 10 66 72 40 8 71 90 87 16 70 12 89 28 25 96 18 100 53 98 65 88 19 55 51 46 45 66 38 92 57 90 0 3 17 49 55 46 98 75 74 64 27 24 58 73 
15 88 36 13 26 83 54 87 83 71 16 31 59 71 70 81 28 6 88 6 43 68 76 44 42 96 12 26 88 57 29 41 49 8 89 29 3 0 63 10 32 63 4 95 23 12 58 78 33 66 
8 1 48 72 97 2 68 82 34 23 27 15 83 71 50 44 94 31 78 31 49 86 50 58 28 20 88 58 10 28 88 30 13 70 17 36 17 63 0 6 27 57 35 83 80 37 20 83 52 71 
45 74 79 79 74 54 21 80 22 43 67 61 81 30 43 87 60 77 47 55 39 62 54 53 56 94 70 68 53 14 13 94 15 42 95 52 49 10 6 0 41 99 98 20 89 69 100 59 31 67 
1 9 51 93 88 31 73 17 9 10 28 80 40 52 50 18 40 91 96 44 74 100 35 10 51 45 25 85 41 93 85 32 5 18 46 11 55 32 27 41 0 93 18 60 8 17 98 75 89 12 
75 37 9 91 80 48 90 69 97 41 15 4 81 70 8 79 11 75 75 72 97 100 43 93 4 92 81 90 52 19 69 20 97 92 88 73 46 63 57 99 93 0 69 79 58 52 17 98 72 35 
68 95 66 70 63 33 79 82 71 7 80 39 67 56 20 60 35 54 1 34 67 24 46 88 20 62 27 73 29 79 6 51 6 31 92 10 98 4 35 98 18 69 0 44 19 16 3 31 96 7 
84 5 91 82 23 33 9 5 40 66 24 57 15 73 43 4 82 7 10 46 87 38 78 29 42 20 79 42 2 62 96 90 80 25 86 86 75 95 83 20 60 79 44 0 42 7 30 45 48 90 
57 60 25 51 24 57 11 64 65 78 9 11 26 29 86 40 30 28 35 22 67 72 2 65 40 41 43 97 38 21 90 60 23 17 11 9 74 23 80 89 8 58 19 42 0 18 20 13 17 58 
62 67 6 44 61 33 93 21 75 45 25 22 50 4 26 27 97 16 84 42 62 54 67 25 83 96 70 21 67 9 26 90 84 14 80 10 64 12 37 69 17 52 16 7 18 0 19 90 23 36 
78 4 10 65 9 45 47 90 8 27 19 12 37 37 52 10 85 35 23 13 42 73 59 27 84 58 67 74 31 19 16 35 25 65 54 72 27 58 20 100 98 17 3 30 20 19 0 85 60 22 
88 45 16 52 96 85 62 25 46 78 64 33 7 78 26 9 23 27 71 50 18 39 39 10 100 10 5 67 24 99 29 81 66 45 13 97 24 78 83 59 75 98 31 45 13 90 85 0 71 11 
51 35 70 3 9 53 90 78 10 36 46 55 40 10 32 88 29 67 99 30 56 57 43 62 21 53 29 19 9 73 76 29 82 56 43 10 58 33 52 31 89 72 96 48 17 23 60 71 0 81 
23 44 99 4 23 66 10 23 19 57 50 97 55 72 16 57 54 27 65 86 69 77 75 96 74 31 77 85 95 52 89 76 20 6 77 41 73 66 71 67 12 35 7 90 58 36 22 11 81 0 
RRRRRRRRRRRRRRRRRRRRRRRRRBBBBBBBBBBBBBBBBBBBBBBBBB
