50
0 34 57 65 72 56 8 41 89 24 49 60 27 5 52 19 65 89 34 8 8 38 50 40 82 79 99 10 91 87 68 64 3 85 14 19 90 26 72 76 99 94 9 19 27 2 100 70 36 12
34 0 13 88 18 83 95 22 69 22 8 41 84 82 21 30 65 71 53 49 42 19 20 62 33 8 72 78 17 31 49 25 66 24 80 35 32 73 92 4 85 94 74 38 46 30 98 21 93 18
57 13 0 62 12 52 20 48 38 73 68 56 16 22 60 41 77 33 9 6 72 92 1 6 63 14 99 73 20 79 2 32 41 30 74 56 98 24 3 48 9 9 72 14 20 44 23 69 81 62
65 88 62 0 27 84 42 84 9 49 55 5 40 77 92 100 10 59 53 37 99 13 95 46 38 58 5 94 52 34 27 15 41 65 62 52 70 71 29 51 2 16 7 37 40 86 37 40 99 70
72 18 12 27 0 56 19 81 73 12 86 46 94 93 73 26 93 68 94 9 88 8 73 51 89 2 87 69 50 20 83 74 38 40 39 62 47 24 93 34 77 77 31 2 55 96 78 77 32 61
56 83 52 84 56 0 77 32 19 17 21 75 14 24 44 69 74 94 2 90 33 44 51 74 5 29 65 38 93 16 91 87 0 30 23 71 95 57 49 34 52 88 3 29 74 30 5 17 100 18
8 95 20 42 19 77 0 59 4 12 69 99 94 77 9 56 60 49 61 96 43 69 39 12 11 83 69 82 94 90 17 88 28 2 39 38 95 57 55 3 51 14 93 91 44 63 39 46 14 21
41 22 48 84 81 32 59 0 8 48 71 19 66 65 93 91 25 13 31 62 41 88 46 70 54 20 46 21 16 69 99 36 56 7 83 42 38 41 63 28 45 86 91 35 47 40 90 87 46 64
89 69 38 9 73 19 4 8 0 77 97 17 29 27 92 63 3 72 34 64 75 81 77 21 63 65 22 86 89 60 95 34 65 77 18 72 48 57 90 4 77 58 19 26 13 0 40 97 65 94
24 22 73 49 12 17 12 48 77 0 9 91 73 85 100 11 79 66 57 0 75 10 25 50 97 69 18 6 74 14 64 99 74 15 64 69 88 67 100 56 31 75 69 11 12 15 57 10 20 24
49 8 68 55 86 21 69 71 97 9 0 1 45 40 81 84 79 6 22 27 67 78 31 85 100 3 3 77 26 92 32 22 83 12 46 12 20 70 44 39 97 6 1 62 43 16 4 48 37 22
60 41 56 5 46 75 99 19 17 91 1 0 30 21 78 51 86 36 48 21 31 36 95 36 76 83 17 86 91 46 100 72 95 0 37 17 71 47 26 34 18 86 44 75 7 90 54 32 59 0
27 84 16 40 94 14 94 66 29 73 45 30 0 75 25 47 81 74 49 32 7 4 44 88 95 93 5 13 90 95 92 78 0 91 71 75 2 23 96 2 27 36 86 72 60 1 37 4 86 9
5 82 22 77 93 24 77 65 27 85 40 21 75 0 30 37 73 61 17 60 98 8 46 74 28 94 37 83 78 35 50 57 17 87 78 79 42 95 89 20 71 51 43 4 42 84 74 71 18 42
52 21 60 92 73 44 9 93 92 100 81 78 25 30 0 53 3 22 96 76 24 87 83 50 4 91 78 68 64 60 40 87 65 86 25 25 70 70 93 71 94 50 17 13 52 75 73 0 76 87
19 30 41 100 26 69 56 91 63 11 84 51 47 37 53 0 94 13 66 87 59 9 19 62 5 70 37 49 73 27 12 17 58 12 8 27 26 90 6 37 18 15 99 76 16 94 99 75 91 18
65 65 77 10 93 74 60 25 3 79 79 86 81 73 3 94 0 84 52 76 38 94 65 100 2 89 97 93 40 34 82 34 84 2 62 38 41 50 34 99 3 14 57 45 99 17 33 37 11 75
89 71 33 59 68 94 49 13 72 66 6 36 74 61 22 13 84 0 66 18 51 44 100 32 64 45 55 35 82 55 23 33 25 49 9 12 0 26 51 81 20 76 54 32 20 64 45 82 86 10
34 53 9 53 94 2 61 31 34 57 22 48 49 17 96 66 52 66 0 16 93 32 33 32 86 88 5 40 11 50 46 47 7 88 89 19 91 15 34 25 95 11 5 16 90 82 4 65 68 6
8 49 6 37 9 90 96 62 64 0 27 21 32 60 76 87 76 18 16 0 38 84 61 47 27 61 8 24 44 81 27 97 62 82 36 14 98 42 72 74 42 100 31 10 23 49 17 55 67 87
8 42 72 99 88 33 43 41 75 75 67 31 7 98 24 59 38 51 93 38 0 90 22 93 90 94 33 90 19 20 15 32 34 61 30 44 64 8 97 32 8 96 17 9 43 79 56 7 66 39
38 19 92 13 8 44 69 88 81 10 78 36 4 8 87 9 94 44 32 84 90 0 75 20 9 32 95 42 78 55 94 42 41 36 51 52 44 49 20 54 14 0 69 78 47 10 1 84 83 4
50 20 1 95 73 51 39 46 77 25 31 95 44 46 83 19 65 100 33 61 22 75 0 81 48 75 68 47 63 56 6 25 39 25 71 79 93 62 58 54 59 26 42 85 37 13 29 27 94 72
40 62 6 46 51 74 12 70 21 50 85 36 88 74 50 62 100 32 32 47 93 20 81 0 4 41 92 84 63 71 29 43 36 56 94 44 62 91 97 88 85 45 30 56 38 29 32 48 54 64
82 33 63 38 89 5 11 54 63 97 100 76 95 28 4 5 2 64 86 27 90 9 48 4 0 32 83 48 97 11 85 57 36 65 64 22 91 69 2 66 27 28 63 3 57 97 60 71 58 76
79 8 14 58 2 29 83 20 65 69 3 83 93 94 91 70 89 45 88 61 94 32 75 41 32 0 86 1 5 3 52 72 37 73 58 60 62 83 83 41 84 3 70 41 61 96 47 66 53 48
99 72 99 5 87 65 69 46 22 18 3 17 5 37 78 37 97 55 5 8 33 95 68 92 83 86 0 4 29 93 26 25 58 29 6 100 1 26 55 91 71 91 31 11 98 72 60 65 14 55
10 78 73 94 69 38 82 21 86 6 77 86 13 83 68 49 93 35 40 24 90 42 47 84 48 1 4 0 21 14 86 44 76 99 63 100 71 19 27 58 34 29 40 15 22 71 65 58 65 100
91 17 20 52 50 93 94 16 89 74 26 91 90 78 64 73 40 82 11 44 19 78 63 63 97 5 29 21 0 96 17 47 63 49 78 5 92 46 28 37 14 23 98 44 76 43 85 15 99 11
87 31 79 34 20 16 90 69 60 14 92 46 95 35 60 27 34 55 50 81 20 55 56 71 11 3 93 14 96 0 87 45 73 36 49 77 52 96 54 84 82 74 52 100 72 9 41 83 84 2
68 49 2 27 83 91 17 99 95 64 32 100 92 50 40 12 82 23 46 27 15 94 6 29 85 52 26 86 17 87 0 9 100 67 15 67 94 16 12 68 77 15 45 40 43 30 67 70 32 88
64 25 32 15 74 87 88 36 34 99 22 72 78 57 87 17 34 33 47 97 32 42 25 43 57 72 25 44 47 45 9 0 76 85 64 22 95 95 85 54 82 84 87 37 20 94 94 21 2 25
3 66 41 41 38 0 28 56 65 74 83 95 0 17 65 58 84 25 7 62 34 41 39 36 36 37 58 76 63 73 100 76 0 0 47 80 25 81 82 11 3 80 14 30 12 11 54 71 74 65
85 24 30 65 40 30 2 7 77 15 12 0 91 87 86 12 2 49 88 82 61 36 25 56 65 73 29 99 49 36 67 85 0 0 24 45 80 54 19 51 65 73 99 83 86 59 36 34 66 48
14 80 74 62 39 23 39 83 18 64 46 37 71 78 25 8 62 9 89 36 30 51 71 94 64 58 6 63 78 49 15 64 47 24 0 7 8 31 37 34 33 68 58 65 48 26 81 31 98 68
19 35 56 52 62 71 38 42 72 69 12 17 75 79 25 27 38 12 19 14 44 52 79 44 22 60 100 100 5 77 67 22 80 45 7 0 30 25 0 41 12 62 24 81 85 31 40 19 54 93
90 32 98 70 47 95 95 38 48 88 20 71 2 42 70 26 41 0 91 98 64 44 93 62 91 62 1 71 92 52 94 95 25 80 8 30 0 69 64 99 18 15 77 99 37 33 32 15 60 76
26 73 24 71 24 57 57 41 57 67 70 47 23 95 70 90 50 26 15 42 8 49 62 91 69 83 26 19 46 96 16 95 81 54 31 25 69 0 51 80 43 59 24 2 90 87 60 7 20 75
72 92 3 29 93 49 55 63 90 100 44 26 96 89 93 6 34 51 34 72 97 20 58 97 2 83 55 27 28 54 12 85 82 19 37 0 64 51 0 89 19 87 35 52 75 96 10 84 49 16
76 4 48 51 34 34 3 28 4 56 39 34 2 20 71 37 99 81 25 74 32 54 54 88 66 41 91 58 37 84 68 54 11 51 34 41 99 80 89 0 55 73 43 16 45 21 24 42 93 15
99 85 9 2 77 52 51 45 77 31 97 18 27 71 94 18 3 20 95 42 8 14 59 85 27 84 71 34 14 82 77 82 3 65 33 12 18 43 19 55 0 84 73 41 1 78 37 86 14 15
94 94 9 16 77 88 14 86 58 75 6 86 36 51 50 15 14 76 11 100 96 0 26 45 28 3 91 29 23 74 15 84 80 73 68 62 15 59 87 73 84 0 60 9 34 100 72 19 45 78
9 74 72 7 31 3 93 91 19 69 1 44 86 43 17 99 57 54 5 31 17 69 42 30 63 70 31 40 98 52 45 87 14 99 58 24 77 24 35 43 73 60 0 26 15 6 23 80 46 95
19 38 14 37 2 29 91 35 26 11 62 75 72 4 13 76 45 32 16 10 9 78 85 56 3 41 11 15 44 100 40 37 30 83 65 81 99 2 52 16 41 9 26 0 65 27 38 45 4 84
27 46 20 40 55 74 44 47 13 12 43 7 60 42 52 16 99 20 90 23 43 47 37 38 57 61 98 22 76 72 43 20 12 86 48 85 37 90 75 45 1 34 15 65 0 6 29 50 70 45
2 30 44 86 96 30 63 40 0 15 16 90 1 84 75 94 17 64 82 49 79 10 13 29 97 96 72 71 43 9 30 94 11 59 26 31 33 87 96 21 78 100 6 27 6 0 65 1 89 89
100 98 23 37 78 5 39 90 40 57 4 54 37 74 73 99 33 45 4 17 56 1 29 32 60 47 60 65 85 41 67 94 54 36 81 40 32 60 10 24 37 72 23 38 29 65 0 0 58 84
70 21 69 40 77 17 46 87 97 10 48 32 4 71 0 75 37 82 65 55 7 84 27 48 71 66 65 58 15 83 70 21 71 34 31 19 15 7 84 42 86 19 80 45 50 1 0 0 96 60
36 93 81 99 32 100 14 46 65 20 37 59 86 18 76 91 11 86 68 67 66 83 94 54 58 53 14 65 99 84 32 2 74 66 98 54 60 20 49 93 14 45 46 4 70 89 58 96 0 72
12 18 62 70 61 18 21 64 94 24 22 0 9 42 87 18 75 10 6 87 39 4 72 64 76 48 55 100 11 2 88 25 65 48 68 93 76 75 16 15 15 78 95 84 45 89 84 60 72 0
RBRRBBBRBRRBBBBBRBBBBRBBRBBBRRRRRRBBRRRRRRRBBBRRBR
