50
0 20 48 20 48 20 48 20 48 20 48 20 48 20 48 20 48 20 48 20 48 20 48 20 48 20 48 20 48 20 48 20 48 20 48 20 48 20 48 20 48 20 48 20 48 20 48 20 48 20
20 0 20 20 20 48 48 20 20 48 48 20 20 48 48 20 20 48 48 20 20 48 48 20 20 48 48 20 20 48 48 20 20 48 48 20 20 48 48 20 20 48 48 20 20 48 48 20 20 48
48 20 0 20 20 48 48 20 20 48 48 20 20 48 48 20 20 48 48 20 20 48 48 20 20 48 48 20 20 48 48 20 20 48 48 20 20 48 48 20 20 48 48 20 20 48 48 20 20 48
20 20 20 0 20 20 20 20 20 20 20 48 48 48 48 20 20 20 20 48 48 48 48 20 20 20 20 48 48 48 48 20 20 20 20 48 48 48 48 20 20 20 20 48 48 48 48 20 20 20
48 20 20 20 0 20 20 20 20 20 20 48 48 48 48 20 20 20 20 48 48 48 48 20 20 20 20 48 48 48 48 20 20 20 20 48 48 48 48 20 20 20 20 48 48 48 48 20 20 20
20 48 48 20 20 0 20 20 20 20 20 48 48 48 48 20 20 20 20 48 48 48 48 20 20 20 20 48 48 48 48 20 20 20 20 48 48 48 48 20 20 20 20 48 48 48 48 20 20 20
48 48 48 20 20 20 0 20 20 20 20 48 48 48 48 20 20 20 20 48 48 48 48 20 20 20 20 48 48 48 48 20 20 20 20 48 48 48 48 20 20 20 20 48 48 48 48 20 20 20
20 20 20 20 20 20 20 0 20 20 20 20 20 20 20 20 20 20 20 20 20 20 20 48 48 48 48 48 48 48 48 20 20 20 20 20 20 20 20 48 48 48 48 48 48 48 48 20 20 20
48 20 20 20 20 20 20 20 0 20 20 20 20 20 20 20 20 20 20 20 20 20 20 48 48 48 48 48 48 48 48 20 20 20 20 20 20 20 20 48 48 48 48 48 48 48 48 20 20 20
20 48 48 20 20 20 20 20 20 0 20 20 20 20 20 20 20 20 20 20 20 20 20 48 48 48 48 48 48 48 48 20 20 20 20 20 20 20 20 48 48 48 48 48 48 48 48 20 20 20
48 48 48 20 20 20 20 20 20 20 0 20 20 20 20 20 20 20 20 20 20 20 20 48 48 48 48 48 48 48 48 20 20 20 20 20 20 20 20 48 48 48 48 48 48 48 48 20 20 20
20 20 20 48 48 48 48 20 20 20 20 0 20 20 20 20 20 20 20 20 20 20 20 48 48 48 48 48 48 48 48 20 20 20 20 20 20 20 20 48 48 48 48 48 48 48 48 20 20 20
48 20 20 48 48 48 48 20 20 20 20 20 0 20 20 20 20 20 20 20 20 20 20 48 48 48 48 48 48 48 48 20 20 20 20 20 20 20 20 48 48 48 48 48 48 48 48 20 20 20
20 48 48 48 48 48 48 20 20 20 20 20 20 0 20 20 20 20 20 20 20 20 20 48 48 48 48 48 48 48 48 20 20 20 20 20 20 20 20 48 48 48 48 48 48 48 48 20 20 20
48 48 48 48 48 48 48 20 20 20 20 20 20 20 0 20 20 20 20 20 20 20 20 48 48 48 48 48 48 48 48 20 20 20 20 20 20 20 20 48 48 48 48 48 48 48 48 20 20 20
20 20 20 20 20 20 20 20 20 20 20 20 20 20 20 0 20 20 20 20 20 20 20 20 20 20 20 20 20 20 20 20 20 20 20 20 20 20 20 20 20 20 20 20 20 20 20 48 48 48
48 20 20 20 20 20 20 20 20 20 20 20 20 20 20 20 0 20 20 20 20 20 20 20 20 20 20 20 20 20 20 20 20 20 20 20 20 20 20 20 20 20 20 20 20 20 20 48 48 48
20 48 48 20 20 20 20 20 20 20 20 20 20 20 20 20 20 0 20 20 20 20 20 20 20 20 20 20 20 20 20 20 20 20 20 20 20 20 20 20 20 20 20 20 20 20 20 48 48 48
48 48 48 20 20 20 20 20 20 20 20 20 20 20 20 20 20 20 0 20 20 20 20 20 20 20 20 20 20 20 20 20 20 20 20 20 20 20 20 20 20 20 20 20 20 20 20 48 48 48
20 20 20 48 48 48 48 20 20 20 20 20 20 20 20 20 20 20 20 0 20 20 20 20 20 20 20 20 20 20 20 20 20 20 20 20 20 20 20 20 20 20 20 20 20 20 20 48 48 48
48 20 20 48 48 48 48 20 20 20 20 20 20 20 20 20 20 20 20 20 0 20 20 20 20 20 20 20 20 20 20 20 20 20 20 20 20 20 20 20 20 20 20 20 20 20 20 48 48 48
20 48 48 48 48 48 48 20 20 20 20 20 20 20 20 20 20 20 20 20 20 0 20 20 20 20 20 20 20 20 20 20 20 20 20 20 20 20 20 20 20 20 20 20 20 20 20 48 48 48
48 48 48 48 48 48 48 20 20 20 20 20 20 20 20 20 20 20 20 20 20 20 0 20 20 20 20 20 20 20 20 20 20 20 20 20 20 20 20 20 20 20 20 20 20 20 20 48 48 48
20 20 20 20 20 20 20 48 48 48 48 48 48 48 48 20 20 20 20 20 20 20 20 0 20 20 20 20 20 20 20 20 20 20 20 20 20 20 20 20 20 20 20 20 20 20 20 48 48 48
48 20 20 20 20 20 20 48 48 48 48 48 48 48 48 20 20 20 20 20 20 20 20 20 0 20 20 20 20 20 20 20 20 20 20 20 20 20 20 20 20 20 20 20 20 20 20 48 48 48
20 48 48 20 20 20 20 48 48 48 48 48 48 48 48 20 20 20 20 20 20 20 20 20 20 0 20 20 20 20 20 20 20 20 20 20 20 20 20 20 20 20 20 20 20 20 20 48 48 48
48 48 48 20 20 20 20 48 48 48 48 48 48 48 48 20 20 20 20 20 20 20 20 20 20 20 0 20 20 20 20 20 20 20 20 20 20 20 20 20 20 20 20 20 20 20 20 48 48 48
20 20 20 48 48 48 48 48 48 48 48 48 48 48 48 20 20 20 20 20 20 20 20 20 20 20 20 0 20 20 20 20 20 20 20 20 20 20 20 20 20 20 20 20 20 20 20 48 48 48
48 20 20 48 48 48 48 48 48 48 48 48 48 48 48 20 20 20 20 20 20 20 20 20 20 20 20 20 0 20 20 20 20 20 20 20 20 20 20 20 20 20 20 20 20 20 20 48 48 48
20 48 48 48 48 48 48 48 48 48 48 48 48 48 48 20 20 20 20 20 20 20 20 20 20 20 20 20 20 0 20 20 20 20 20 20 20 20 20 20 20 20 20 20 20 20 20 48 48 48
48 48 48 48 48 48 48 48 48 48 48 48 48 48 48 20 20 20 20 20 20 20 20 20 20 20 20 20 20 20 0 20 20 20 20 20 20 20 20 20 20 20 20 20 20 20 20 48 48 48
20 20 20 20 20 20 20 20 20 20 20 20 20 20 20 20 20 20 20 20 20 20 20 20 20 20 20 20 20 20 20 0 20 20 20 20 20 20 20 20 20 20 20 20 20 20 20 20 20 20
48 20 20 20 20 20 20 20 20 20 20 20 20 20 20 20 20 20 20 20 20 20 20 20 20 20 20 20 20 20 20 20 0 20 20 20 20 20 20 20 20 20 20 20 20 20 20 20 20 20
20 48 48 20 20 20 20 20 20 20 20 20 20 20 20 20 20 20 20 20 20 20 20 20 20 20 20 20 20 20 20 20 20 0 20 20 20 20 20 20 20 20 20 20 20 20 20 20 20 20
48 48 48 20 20 20 20 20 20 20 20 20 20 20 20 20 20 20 20 20 20 20 20 20 20 20 20 20 20 20 20 20 20 20 0 20 20 20 20 20 20 20 20 20 20 20 20 20 20 20
20 20 20 48 48 48 48 20 20 20 20 20 20 20 20 20 20 20 20 20 20 20 20 20 20 20 20 20 20 20 20 20 20 20 20 0 20 20 20 20 20 20 20 20 20 20 20 20 20 20
48 20 20 48 48 48 48 20 20 20 20 20 20 20 20 20 20 20 20 20 20 20 20 20 20 20 20 20 20 20 20 20 20 20 20 20 0 20 20 20 20 20 20 20 20 20 20 20 20 20
20 48 48 48 48 48 48 20 20 20 20 20 20 20 20 20 20 20 20 20 20 20 20 20 20 20 20 20 20 20 20 20 20 20 20 20 20 0 20 20 20 20 20 20 20 20 20 20 20 20
48 48 48 48 48 48 48 20 20 20 20 20 20 20 20 20 20 20 20 20 20 20 20 20 20 20 20 20 20 20 20 20 20 20 20 20 20 20 0 20 20 20 20 20 20 20 20 20 20 20
20 20 20 20 20 20 20 48 48 48 48 48 48 48 48 20 20 20 20 20 20 20 20 20 20 20 20 20 20 20 20 20 20 20 20 20 20 20 20 0 20 20 20 20 20 20 20 20 20 20
48 20 20 20 20 20 20 48 48 48 48 48 48 48 48 20 20 20 20 20 20 20 20 20 20 20 20 20 20 20 20 20 20 20 20 20 20 20 20 20 0 20 20 20 20 20 20 20 20 20
20 48 48 20 20 20 20 48 48 48 48 48 48 48 48 20 20 20 20 20 20 20 20 20 20 20 20 20 20 20 20 20 20 20 20 20 20 20 20 20 20 0 20 20 20 20 20 20 20 20
48 48 48 20 20 20 20 48 48 48 48 48 48 48 48 20 20 20 20 20 20 20 20 20 20 20 20 20 20 20 20 20 20 20 20 20 20 20 20 20 20 20 0 20 20 20 20 20 20 20
20 20 20 48 48 48 48 48 48 48 48 48 48 48 48 20 20 20 20 20 20 20 20 20 20 20 20 20 20 20 20 20 20 20 20 20 20 20 20 20 20 20 20 0 20 20 20 20 20 20
48 20 20 48 48 48 48 48 48 48 48 48 48 48 48 20 20 20 20 20 20 20 20 20 20 20 20 20 20 20 20 20 20 20 20 20 20 20 20 20 20 20 20 20 0 20 20 20 20 20
20 48 48 48 48 48 48 48 48 48 48 48 48 48 48 20 20 20 20 20 20 20 20 20 20 20 20 20 20 20 20 20 20 20 20 20 20 20 20 20 20 20 20 20 20 0 20 20 20 20
48 48 48 48 48 48 48 48 48 48 48 48 48 48 48 20 20 20 20 20 20 20 20 20 20 20 20 20 20 20 20 20 20 20 20 20 20 20 20 20 20 20 20 20 20 20 0 20 20 20
20 20 20 20 20 20 20 20 20 20 20 20 20 20 20 48 48 48 48 48 48 48 48 48 48 48 48 48 48 48 48 20 20 20 20 20 20 20 20 20 20 20 20 20 20 20 20 0 20 20
48 20 20 20 20 20 20 20 20 20 20 20 20 20 20 48 48 48 48 48 48 48 48 48 48 48 48 48 48 48 48 20 20 20 20 20 20 20 20 20 20 20 20 20 20 20 20 20 0 20
20 48 48 20 20 20 20 20 20 20 20 20 20 20 20 48 48 48 48 48 48 48 48 48 48 48 48 48 48 48 48 20 20 20 20 20 20 20 20 20 20 20 20 20 20 20 20 20 20 0
BRBRBRBRBRBRBRBRBRBRBRBRBRBRBRBRBRBRBRBRBRBRBRBRBR
