34
0 3 4 5 5 5 5 5 5 5 5 5 5 5 5 5 5 5 5 5 5 5 5 5 5 5 5 5 5 5 5 5 5 5
3 0 6 7 8 8 8 8 8 8 8 8 8 8 8 8 8 8 8 8 8 8 8 8 8 8 8 8 8 8 8 8 8 8
4 6 0 9 10 11 11 11 11 11 11 11 11 11 11 11 11 11 11 11 11 11 11 11 11 11 11 11 11 11 11 11 11 11
5 7 9 0 12 13 14 14 14 14 14 14 14 14 14 14 14 14 14 14 14 14 14 14 14 14 14 14 14 14 14 14 14 14
5 8 10 12 0 15 16 17 17 17 17 17 17 17 17 17 17 17 17 17 17 17 17 17 17 17 17 17 17 17 17 17 17 17
5 8 11 13 15 0 18 19 20 20 20 20 20 20 20 20 20 20 20 20 20 20 20 20 20 20 20 20 20 20 20 20 20 20
5 8 11 14 16 18 0 21 22 23 23 23 23 23 23 23 23 23 23 23 23 23 23 23 23 23 23 23 23 23 23 23 23 23
5 8 11 14 17 19 21 0 24 25 26 26 26 26 26 26 26 26 26 26 26 26 26 26 26 26 26 26 26 26 26 26 26 26
5 8 11 14 17 20 22 24 0 27 28 29 29 29 29 29 29 29 29 29 29 29 29 29 29 29 29 29 29 29 29 29 29 29
5 8 11 14 17 20 23 25 27 0 30 31 32 32 32 32 32 32 32 32 32 32 32 32 32 32 32 32 32 32 32 32 32 32
5 8 11 14 17 20 23 26 28 30 0 33 34 35 35 35 35 35 35 35 35 35 35 35 35 35 35 35 35 35 35 35 35 35
5 8 11 14 17 20 23 26 29 31 33 0 36 37 38 38 38 38 38 38 38 38 38 38 38 38 38 38 38 38 38 38 38 38
5 8 11 14 17 20 23 26 29 32 34 36 0 39 40 41 41 41 41 41 41 41 41 41 41 41 41 41 41 41 41 41 41 41
5 8 11 14 17 20 23 26 29 32 35 37 39 0 42 43 44 44 44 44 44 44 44 44 44 44 44 44 44 44 44 44 44 44
5 8 11 14 17 20 23 26 29 32 35 38 40 42 0 45 46 47 47 47 47 47 47 47 47 47 47 47 47 47 47 47 47 47
5 8 11 14 17 20 23 26 29 32 35 38 41 43 45 0 48 49 50 50 50 50 50 50 50 50 50 50 50 50 50 50 50 50
5 8 11 14 17 20 23 26 29 32 35 38 41 44 46 48 0 51 52 53 53 53 53 53 53 53 53 53 53 53 53 53 53 53
5 8 11 14 17 20 23 26 29 32 35 38 41 44 47 49 51 0 54 55 56 56 56 56 56 56 56 56 56 56 56 56 56 56
5 8 11 14 17 20 23 26 29 32 35 38 41 44 47 50 52 54 0 57 58 59 59 59 59 59 59 59 59 59 59 59 59 59
5 8 11 14 17 20 23 26 29 32 35 38 41 44 47 50 53 55 57 0 60 61 62 62 62 62 62 62 62 62 62 62 62 62
5 8 11 14 17 20 23 26 29 32 35 38 41 44 47 50 53 56 58 60 0 63 64 65 65 65 65 65 65 65 65 65 65 65
5 8 11 14 17 20 23 26 29 32 35 38 41 44 47 50 53 56 59 61 63 0 66 67 68 68 68 68 68 68 68 68 68 68
5 8 11 14 17 20 23 26 29 32 35 38 41 44 47 50 53 56 59 62 64 66 0 69 70 71 71 71 71 71 71 71 71 71
5 8 11 14 17 20 23 26 29 32 35 38 41 44 47 50 53 56 59 62 65 67 69 0 72 73 74 74 74 74 74 74 74 74
5 8 11 14 17 20 23 26 29 32 35 38 41 44 47 50 53 56 59 62 65 68 70 72 0 75 76 77 77 77 77 77 77 77
5 8 11 14 17 20 23 26 29 32 35 38 41 44 47 50 53 56 59 62 65 68 71 73 75 0 78 79 80 80 80 80 80 80
5 8 11 14 17 20 23 26 29 32 35 38 41 44 47 50 53 56 59 62 65 68 71 74 76 78 0 81 82 83 83 83 83 83
5 8 11 14 17 20 23 26 29 32 35 38 41 44 47 50 53 56 59 62 65 68 71 74 77 79 81 0 84 85 86 86 86 86
5 8 11 14 17 20 23 26 29 32 35 38 41 44 47 50 53 56 59 62 65 68 71 74 77 80 82 84 0 87 88 89 89 89
5 8 11 14 17 20 23 26 29 32 35 38 41 44 47 50 53 56 59 62 65 68 71 74 77 80 83 85 87 0 90 91 92 92
5 8 11 14 17 20 23 26 29 32 35 38 41 44 47 50 53 56 59 62 65 68 71 74 77 80 83 86 88 90 0 93 94 95
5 8 11 14 17 20 23 26 29 32 35 38 41 44 47 50 53 56 59 62 65 68 71 74 77 80 83 86 89 91 93 0 96 97
5 8 11 14 17 20 23 26 29 32 35 38 41 44 47 50 53 56 59 62 65 68 71 74 77 80 83 86 89 92 94 96 0 99
5 8 11 14 17 20 23 26 29 32 35 38 41 44 47 50 53 56 59 62 65 68 71 74 77 80 83 86 89 92 95 97 99 0
RBRBRBRBRBRBRBRBRBRBRBRBRBRBRBRBRB