50
0 83 61 49 68 50 23 65 49 41 9 58 98 31 82 99 27 0 75 46 81 88 39 16 50 34 98 54 49 97 98 11 16 80 42 58 71 12 98 46 18 33 68 54 42 32 67 29 61 18
83 0 95 94 55 86 44 23 80 36 57 43 30 80 93 11 32 56 24 17 69 64 90 97 32 12 34 4 84 37 5 80 87 91 51 37 50 64 57 69 54 35 28 81 52 9 19 49 12 29
61 95 0 12 58 25 32 39 64 62 69 97 13 56 12 79 40 24 26 1 89 57 78 86 29 77 63 2 91 18 30 59 19 65 94 81 71 54 97 67 27 45 11 63 61 75 66 29 4 19
49 94 12 0 48 34 70 6 0 60 96 6 93 46 44 33 94 89 31 97 74 97 8 36 36 17 20 27 87 66 40 83 2 4 1 65 95 18 68 22 95 41 49 21 82 81 12 29 92 5
68 55 58 48 0 42 40 69 98 80 91 22 97 13 80 29 63 74 27 50 55 81 86 14 15 27 69 16 10 13 36 39 64 12 53 53 3 14 24 5 93 72 41 54 47 13 8 45 34 97
50 86 25 34 42 0 97 15 22 16 15 94 15 60 15 34 32 99 36 77 81 69 4 79 10 71 7 96 99 60 95 67 90 99 14 72 13 21 10 53 89 58 33 34 11 99 81 9 22 77
23 44 32 70 40 97 0 23 62 19 28 96 0 98 98 46 82 22 47 78 97 54 27 33 1 4 20 43 17 5 23 10 16 99 18 62 54 8 6 42 74 37 72 40 75 50 92 5 21 77
65 23 39 6 69 15 23 0 1 87 42 40 96 38 48 78 13 97 94 24 58 41 49 21 24 32 21 68 69 59 35 76 66 3 75 35 73 45 74 94 29 36 89 58 19 33 6 52 49 83
49 80 64 0 98 22 62 1 0 6 49 45 5 36 93 33 95 6 86 9 97 6 48 0 16 25 63 12 9 7 99 96 10 46 7 61 19 8 26 16 66 10 90 41 22 77 4 62 45 95
41 36 62 60 80 16 19 87 6 0 54 52 8 37 15 99 99 53 92 3 97 42 33 75 16 48 19 68 15 7 37 35 27 46 14 45 0 56 4 56 38 34 6 9 9 89 20 6 5 33
9 57 69 96 91 15 28 42 49 54 0 38 36 97 40 74 41 90 97 55 72 84 70 79 46 70 55 37 72 44 40 28 26 73 41 65 31 12 69 69 32 2 38 39 23 36 49 70 6 93
58 43 97 6 22 94 96 40 45 52 38 0 45 36 54 78 68 63 75 85 21 29 94 63 71 83 98 31 70 4 64 89 71 34 43 52 18 45 2 41 13 51 2 83 47 54 1 77 2 46
98 30 13 93 97 15 0 96 5 8 36 45 0 84 34 40 43 68 51 97 6 32 6 44 14 43 88 4 49 5 25 63 4 15 8 30 82 42 70 24 8 66 94 6 72 14 59 21 82 37
31 80 56 46 13 60 98 38 36 37 97 36 84 0 88 8 54 65 12 76 85 20 9 53 6 6 14 75 27 62 3 89 50 78 40 88 39 37 30 99 42 20 28 29 95 83 56 82 59 60
82 93 12 44 80 15 98 48 93 15 40 54 34 88 0 97 44 24 53 49 26 35 28 32 78 83 31 49 20 15 99 13 34 56 97 48 57 41 44 14 5 94 90 14 47 56 10 5 91 74
99 11 79 33 29 34 46 78 33 99 74 78 40 8 97 0 57 61 50 18 70 18 7 80 14 85 6 74 30 10 14 93 12 34 96 37 97 19 60 69 81 2 23 77 42 20 92 66 15 83
27 32 40 94 63 32 82 13 95 99 41 68 43 54 44 57 0 6 48 10 83 73 45 89 60 57 20 72 20 72 34 5 32 59 97 48 1 7 0 4 99 4 26 84 56 44 57 24 55 96
0 56 24 89 74 99 22 97 6 53 90 63 68 65 24 61 6 0 52 75 65 59 98 43 82 6 61 22 20 64 68 62 79 13 3 35 55 6 48 5 9 43 14 68 11 17 90 88 6 86
75 24 26 31 27 36 47 94 86 92 97 75 51 12 53 50 48 52 0 41 35 51 64 29 62 99 15 70 71 81 4 10 77 78 76 50 77 71 7 29 88 12 26 14 13 28 54 48 70 87
46 17 1 97 50 77 78 24 9 3 55 85 97 76 49 18 10 75 41 0 35 53 49 13 68 38 55 89 16 93 25 18 56 18 39 8 68 63 23 90 5 33 28 52 56 19 97 62 2 31
81 69 89 74 55 81 97 58 97 97 72 21 6 85 26 70 83 65 35 35 0 5 88 16 23 50 28 96 10 39 27 42 68 76 30 70 25 42 55 9 48 35 95 18 85 35 34 92 50 76
88 64 57 97 81 69 54 41 6 42 84 29 32 20 35 18 73 59 51 53 5 0 21 72 71 34 45 6 71 26 18 99 54 35 84 38 78 62 93 52 15 76 51 20 96 42 28 95 5 3
39 90 78 8 86 4 27 49 48 33 70 94 6 9 28 7 45 98 64 49 88 21 0 99 20 21 68 36 29 14 60 75 14 55 28 66 6 31 1 39 68 98 41 65 10 71 58 36 4 95
16 97 86 36 14 79 33 21 0 75 79 63 44 53 32 80 89 43 29 13 16 72 99 0 84 28 84 81 65 4 88 64 16 35 85 15 87 86 71 13 80 19 50 72 58 99 31 99 59 48
50 32 29 36 15 10 1 24 16 16 46 71 14 6 78 14 60 82 62 68 23 71 20 84 0 15 57 85 15 48 37 76 55 17 33 63 51 1 69 64 89 84 12 81 87 18 59 4 34 32
34 12 77 17 27 71 4 32 25 48 70 83 43 6 83 85 57 6 99 38 50 34 21 28 15 0 22 78 25 58 97 29 72 67 18 55 62 86 0 41 36 21 35 56 2 41 0 85 22 17
98 34 63 20 69 7 20 21 63 19 55 98 88 14 31 6 20 61 15 55 28 45 68 84 57 22 0 21 79 31 30 76 8 55 64 28 45 55 29 79 27 73 41 51 79 61 50 7 19 29
54 4 2 27 16 96 43 68 12 68 37 31 4 75 49 74 72 22 70 89 96 6 36 81 85 78 21 0 40 97 49 65 66 11 0 72 90 89 71 60 6 78 13 82 90 5 42 92 34 96
49 84 91 87 10 99 17 69 9 15 72 70 49 27 20 30 20 20 71 16 10 71 29 65 15 25 79 40 0 51 30 27 51 59 2 62 53 31 1 43 51 65 97 72 11 38 51 50 91 98
97 37 18 66 13 60 5 59 7 7 44 4 5 62 15 10 72 64 81 93 39 26 14 4 48 58 31 97 51 0 59 54 17 69 14 99 61 93 84 46 76 25 14 86 13 7 42 26 62 9
98 5 30 40 36 95 23 35 99 37 40 64 25 3 99 14 34 68 4 25 27 18 60 88 37 97 30 49 30 59 0 84 74 57 1 59 42 4 21 4 26 73 1 36 92 58 72 93 9 53
11 80 59 83 39 67 10 76 96 35 28 89 63 89 13 93 5 62 10 18 42 99 75 64 76 29 76 65 27 54 84 0 18 9 40 10 69 30 42 29 4 40 59 63 99 36 48 69 49 46
16 87 19 2 64 90 16 66 10 27 26 71 4 50 34 12 32 79 77 56 68 54 14 16 55 72 8 66 51 17 74 18 0 13 73 34 88 61 66 83 86 0 37 4 68 29 12 9 38 18
80 91 65 4 12 99 99 3 46 46 73 34 15 78 56 34 59 13 78 18 76 35 55 35 17 67 55 11 59 69 57 9 13 0 82 72 50 46 88 43 96 56 99 31 39 16 90 87 59 48
42 51 94 1 53 14 18 75 7 14 41 43 8 40 97 96 97 3 76 39 30 84 28 85 33 18 64 0 2 14 1 40 73 82 0 35 96 84 8 38 48 49 75 98 98 56 55 49 42 99
58 37 81 65 53 72 62 35 61 45 65 52 30 88 48 37 48 35 50 8 70 38 66 15 63 55 28 72 62 99 59 10 34 72 35 0 24 56 12 5 44 2 69 20 89 6 14 35 42 8
71 50 71 95 3 13 54 73 19 0 31 18 82 39 57 97 1 55 77 68 25 78 6 87 51 62 45 90 53 61 42 69 88 50 96 24 0 26 35 6 99 64 64 69 93 73 91 96 14 59
12 64 54 18 14 21 8 45 8 56 12 45 42 37 41 19 7 6 71 63 42 62 31 86 1 86 55 89 31 93 4 30 61 46 84 56 26 0 0 1 11 83 44 68 55 22 41 87 45 46
98 57 97 68 24 10 6 74 26 4 69 2 70 30 44 60 0 48 7 23 55 93 1 71 69 0 29 71 1 84 21 42 66 88 8 12 35 0 0 10 76 5 36 90 77 10 26 40 64 28
46 69 67 22 5 53 42 94 16 56 69 41 24 99 14 69 4 5 29 90 9 52 39 13 64 41 79 60 43 46 4 29 83 43 38 5 6 1 10 0 19 55 83 6 93 73 8 47 52 70
18 54 27 95 93 89 74 29 66 38 32 13 8 42 5 81 99 9 88 5 48 15 68 80 89 36 27 6 51 76 26 4 86 96 48 44 99 11 76 19 0 26 41 62 76 42 28 25 51 25
33 35 45 41 72 58 37 36 10 34 2 51 66 20 94 2 4 43 12 33 35 76 98 19 84 21 73 78 65 25 73 40 0 56 49 2 64 83 5 55 26 0 86 80 53 87 34 39 22 16
68 28 11 49 41 33 72 89 90 6 38 2 94 28 90 23 26 14 26 28 95 51 41 50 12 35 41 13 97 14 1 59 37 99 75 69 64 44 36 83 41 86 0 75 51 30 32 71 17 97
54 81 63 21 54 34 40 58 41 9 39 83 6 29 14 77 84 68 14 52 18 20 65 72 81 56 51 82 72 86 36 63 4 31 98 20 69 68 90 6 62 80 75 0 13 85 0 99 74 76
42 52 61 82 47 11 75 19 22 9 23 47 72 95 47 42 56 11 13 56 85 96 10 58 87 2 79 90 11 13 92 99 68 39 98 89 93 55 77 93 76 53 51 13 0 36 43 56 57 73
32 9 75 81 13 99 50 33 77 89 36 54 14 83 56 20 44 17 28 19 35 42 71 99 18 41 61 5 38 7 58 36 29 16 56 6 73 22 10 73 42 87 30 85 36 0 70 38 13 92
67 19 66 12 8 81 92 6 4 20 49 1 59 56 10 92 57 90 54 97 34 28 58 31 59 0 50 42 51 42 72 48 12 90 55 14 91 41 26 8 28 34 32 0 43 70 0 90 88 38
29 49 29 29 45 9 5 52 62 6 70 77 21 82 5 66 24 88 48 62 92 95 36 99 4 85 7 92 50 26 93 69 9 87 49 35 96 87 40 47 25 39 71 99 56 38 90 0 72 92
61 12 4 92 34 22 21 49 45 5 6 2 82 59 91 15 55 6 70 2 50 5 4 59 34 22 19 34 91 62 9 49 38 59 42 42 14 45 64 52 51 22 17 74 57 13 88 72 0 79
18 29 19 5 97 77 77 83 95 33 93 46 37 60 74 83 96 86 87 31 76 3 95 48 32 17 29 96 98 9 53 46 18 48 99 8 59 46 28 70 25 16 97 76 73 92 38 92 79 0
RRRBBBBBRRBBBBRBBRRRBRBRRRBBRRRRBBBBBBRBRRBRBRRRBR
