50
0 10 5 0 0 0 100 90 70 20 20 70 15 20 60 5 80 5 20 10 100 10 15 70 15 60 100 5 60 90 70 70 5 60 80 60 0 0 100 15 90 15 80 10 100 100 90 5 100 90
10 0 15 10 10 15 80 90 60 15 15 70 20 10 90 20 60 15 20 5 80 20 15 100 20 90 70 5 90 60 70 80 15 80 70 90 0 10 70 15 70 10 60 20 80 80 80 15 80 60
5 15 0 15 20 5 60 80 80 20 20 90 20 20 60 5 80 5 5 0 90 20 15 90 15 100 90 0 100 80 80 90 15 90 70 80 5 15 60 0 80 5 80 10 70 100 90 10 60 90
0 10 15 0 15 5 60 80 100 5 0 70 15 0 90 15 80 10 10 0 80 0 10 80 5 80 100 5 60 80 90 80 10 60 80 80 5 15 80 20 80 0 60 20 90 100 60 5 90 70
0 10 20 15 0 10 80 90 90 20 0 100 10 10 80 20 100 5 10 15 70 5 15 90 0 80 60 0 90 100 80 70 0 80 100 60 10 0 60 10 60 20 80 0 90 60 90 0 90 60
0 15 5 5 10 0 80 80 60 0 10 100 0 0 90 5 60 15 20 5 80 0 10 80 5 70 90 20 70 70 80 60 20 70 90 80 20 5 90 15 100 20 60 20 60 70 90 10 80 100
100 80 60 60 80 80 0 20 0 100 80 15 60 80 5 80 10 60 100 100 20 90 90 0 70 15 5 90 5 10 20 5 80 20 15 0 60 60 20 100 0 100 15 90 10 0 10 100 0 15
90 90 80 80 90 80 20 0 0 70 60 20 80 90 10 80 5 80 90 60 15 70 80 5 100 20 15 60 0 0 10 0 70 20 15 10 90 70 5 90 20 70 20 90 5 15 0 80 15 15
70 60 80 100 90 60 0 0 0 100 60 10 80 90 0 90 15 70 90 60 10 60 100 15 70 0 20 90 5 0 5 5 70 0 10 15 70 60 10 60 15 100 0 100 0 5 5 70 0 5
20 15 20 5 20 0 100 70 100 0 5 100 15 10 90 5 100 10 0 15 70 0 0 60 15 60 60 20 60 60 60 100 20 90 90 70 5 5 100 10 90 5 60 20 100 70 100 15 80 60
20 15 20 0 0 10 80 60 60 5 0 60 10 20 100 5 80 0 10 10 100 10 20 90 0 70 80 10 80 60 60 90 20 70 60 100 20 20 90 0 90 5 70 0 80 100 60 5 60 90
70 70 90 70 100 100 15 20 10 100 60 0 70 100 15 60 15 80 70 90 0 100 90 10 70 5 15 90 5 5 10 0 90 5 0 10 60 90 0 90 10 70 5 90 20 20 15 100 0 20
15 20 20 15 10 0 60 80 80 15 10 70 0 5 100 15 80 15 20 0 80 0 10 90 0 100 90 0 60 60 70 70 10 70 90 60 5 0 100 20 70 0 70 20 100 80 60 10 70 80
20 10 20 0 10 0 80 90 90 10 20 100 5 0 60 20 90 15 20 20 70 5 0 90 20 90 70 0 80 60 90 90 15 80 80 80 15 20 90 15 60 20 80 10 60 60 100 15 90 70
60 90 60 90 80 90 5 10 0 90 100 15 100 60 0 70 0 60 70 100 15 60 60 5 70 5 20 100 15 10 15 0 70 5 20 0 70 70 20 100 5 70 10 70 10 5 5 70 15 0
5 20 5 15 20 5 80 80 90 5 5 60 15 20 70 0 80 15 0 20 70 20 0 70 0 100 60 20 80 90 60 80 20 80 80 80 15 0 70 0 90 0 90 5 80 80 60 0 70 70
80 60 80 80 100 60 10 5 15 100 80 15 80 90 0 80 0 100 80 100 15 80 60 20 60 5 5 60 15 20 10 0 60 20 15 0 80 90 5 60 10 90 0 90 5 20 0 60 15 15
5 15 5 10 5 15 60 80 70 10 0 80 15 15 60 15 100 0 20 5 70 10 0 80 5 100 100 10 60 70 90 100 15 70 90 100 15 10 60 10 60 0 100 5 100 70 70 20 100 60
20 20 5 10 10 20 100 90 90 0 10 70 20 20 70 0 80 20 0 0 70 5 10 100 0 100 60 5 80 70 90 100 15 70 80 100 15 15 100 5 60 10 80 5 80 100 80 15 100 90
10 5 0 0 15 5 100 60 60 15 10 90 0 20 100 20 100 5 0 0 100 15 5 80 15 100 100 20 70 70 100 60 20 90 70 100 0 20 80 0 90 5 90 15 80 70 100 5 90 70
100 80 90 80 70 80 20 15 10 70 100 0 80 70 15 70 15 70 70 100 0 90 80 20 60 10 5 80 5 5 0 5 100 0 10 15 100 100 20 90 15 70 10 100 15 20 5 100 20 10
10 20 20 0 5 0 90 70 60 0 10 100 0 5 60 20 80 10 5 15 90 0 15 100 5 100 100 0 80 100 80 60 5 70 70 100 10 5 90 20 80 5 70 10 100 100 100 5 60 70
15 15 15 10 15 10 90 80 100 0 20 90 10 0 60 0 60 0 10 5 80 15 0 70 10 70 100 15 70 100 60 60 10 60 100 80 0 10 100 5 80 0 70 15 60 100 80 10 60 90
70 100 90 80 90 80 0 5 15 60 90 10 90 90 5 70 20 80 100 80 20 100 70 0 70 10 15 80 0 20 0 5 70 5 5 5 60 80 5 90 10 100 5 60 15 15 15 60 15 5
15 20 15 5 0 5 70 100 70 15 0 70 0 20 70 0 60 5 0 15 60 5 10 70 0 90 80 10 70 70 80 60 10 70 70 100 0 0 80 15 80 10 70 5 100 60 60 20 70 80
60 90 100 80 80 70 15 20 0 60 70 5 100 90 5 100 5 100 100 100 10 100 70 10 90 0 20 100 10 5 5 5 80 5 0 10 100 80 15 60 10 70 10 100 15 10 20 90 15 20
100 70 90 100 60 90 5 15 20 60 80 15 90 70 20 60 5 100 60 100 5 100 100 15 80 20 0 100 20 0 20 10 100 20 0 10 90 60 20 90 20 70 10 70 15 0 0 80 0 10
5 5 0 5 0 20 90 60 90 20 10 90 0 0 100 20 60 10 5 20 80 0 15 80 10 100 100 0 100 80 70 60 5 80 70 70 20 20 60 20 70 20 70 10 100 70 80 0 80 60
60 90 100 60 90 70 5 0 5 60 80 5 60 80 15 80 15 60 80 70 5 80 70 0 70 10 20 100 0 5 5 20 60 15 5 20 90 80 5 80 20 80 0 90 20 20 0 90 0 0
90 60 80 80 100 70 10 0 0 60 60 5 60 60 10 90 20 70 70 70 5 100 100 20 70 5 0 80 5 0 20 15 60 10 15 10 60 80 15 100 20 60 15 70 15 15 20 60 15 20
70 70 80 90 80 80 20 10 5 60 60 10 70 90 15 60 10 90 90 100 0 80 60 0 80 5 20 70 5 20 0 10 80 20 15 5 70 70 5 70 15 60 20 80 5 20 5 60 15 0
70 80 90 80 70 60 5 0 5 100 90 0 70 90 0 80 0 100 100 60 5 60 60 5 60 5 10 60 20 15 10 0 90 10 20 10 100 60 15 70 10 60 0 60 5 0 0 70 20 5
5 15 15 10 0 20 80 70 70 20 20 90 10 15 70 20 60 15 15 20 100 5 10 70 10 80 100 5 60 60 80 90 0 100 100 60 10 15 100 0 100 20 90 10 80 90 80 5 80 60
60 80 90 60 80 70 20 20 0 90 70 5 70 80 5 80 20 70 70 90 0 70 60 5 70 5 20 80 15 10 20 10 100 0 0 5 80 80 15 80 15 70 10 60 0 15 5 70 0 10
80 70 70 80 100 90 15 15 10 90 60 0 90 80 20 80 15 90 80 70 10 70 100 5 70 0 0 70 5 15 15 20 100 0 0 0 70 90 0 60 0 60 10 80 0 0 0 80 5 5
60 90 80 80 60 80 0 10 15 70 100 10 60 80 0 80 0 100 100 100 15 100 80 5 100 10 10 70 20 10 5 10 60 5 0 0 90 100 15 70 15 90 5 100 15 20 10 60 15 15
0 0 5 5 10 20 60 90 70 5 20 60 5 15 70 15 80 15 15 0 100 10 0 60 0 100 90 20 90 60 70 100 10 80 70 90 0 5 80 0 60 15 70 15 70 60 70 10 60 80
0 10 15 15 0 5 60 70 60 5 20 90 0 20 70 0 90 10 15 20 100 5 10 80 0 80 60 20 80 80 70 60 15 80 90 100 5 0 80 5 70 20 90 10 90 100 80 15 80 80
100 70 60 80 60 90 20 5 10 100 90 0 100 90 20 70 5 60 100 80 20 90 100 5 80 15 20 60 5 15 5 15 100 15 0 15 80 80 0 90 10 70 0 90 10 10 10 60 15 20
15 15 0 20 10 15 100 90 60 10 0 90 20 15 100 0 60 10 5 0 90 20 5 90 15 60 90 20 80 100 70 70 0 80 60 70 0 5 90 0 70 15 60 15 70 60 80 15 70 80
90 70 80 80 60 100 0 20 15 90 90 10 70 60 5 90 10 60 60 90 15 80 80 10 80 10 20 70 20 20 15 10 100 15 0 15 60 70 10 70 0 60 20 80 10 20 20 80 10 0
15 10 5 0 20 20 100 70 100 5 5 70 0 20 70 0 90 0 10 5 70 5 0 100 10 70 70 20 80 60 60 60 20 70 60 90 15 20 70 15 60 0 80 20 80 60 90 15 90 90
80 60 80 60 80 60 15 20 0 60 70 5 70 80 10 90 0 100 80 90 10 70 70 5 70 10 10 70 0 15 20 0 90 10 10 5 70 90 0 60 20 80 0 70 5 0 20 70 10 10
10 20 10 20 0 20 90 90 100 20 0 90 20 10 70 5 90 5 5 15 100 10 15 60 5 100 70 10 90 70 80 60 10 60 80 100 15 10 90 15 80 20 70 0 100 60 90 20 90 60
100 80 70 90 90 60 10 5 0 100 80 20 100 60 10 80 5 100 80 80 15 100 60 15 100 15 15 100 20 15 5 5 80 0 0 15 70 90 10 70 10 80 5 100 0 20 20 100 10 0
100 80 100 100 60 70 0 15 5 70 100 20 80 60 5 80 20 70 100 70 20 100 100 15 60 10 0 70 20 15 20 0 90 15 0 20 60 100 10 60 20 60 0 60 20 0 5 90 10 5
90 80 90 60 90 90 10 0 5 100 60 15 60 100 5 60 0 70 80 100 5 100 80 15 60 20 0 80 0 20 5 0 80 5 0 10 70 80 10 80 20 90 20 90 20 5 0 90 5 20
5 15 10 5 0 10 100 80 70 15 5 100 10 15 70 0 60 20 15 5 100 5 10 60 20 90 80 0 90 60 60 70 5 70 80 60 10 15 60 15 80 15 70 20 100 90 90 0 70 70
100 80 60 90 90 80 0 15 0 80 60 0 70 90 15 70 15 100 100 90 20 60 60 15 70 15 0 80 0 15 15 20 80 0 5 15 60 80 15 70 10 90 10 90 10 10 5 70 0 5
90 60 90 70 60 100 15 15 5 60 90 20 80 70 0 70 15 60 90 70 10 70 90 5 80 20 10 60 0 20 0 5 60 10 5 15 80 80 20 80 0 90 10 60 0 5 20 70 5 0
RRRRRRBBBRRBRRBRBRRRBRRBRBBRBBBBRBBBRRBRBRBRBBBRBB
