50
0 16 8 8 10 8 96 8 8 12 94 16 14 10 98 14 14 94 10 96 94 8 26 8 14 96 92 10 12 14 8 12 12 8 10 8 14 8 14 92 10 10 10 8 12 10 8 16 14 16
16 0 12 14 8 12 98 8 14 16 92 12 16 10 98 8 8 92 12 26 96 12 96 16 14 92 92 8 10 10 10 10 14 10 10 12 14 14 8 92 8 8 8 10 12 12 8 16 8 12
8 12 0 12 12 14 92 8 10 14 100 8 14 14 92 10 16 92 8 94 94 12 96 10 12 94 98 12 10 12 16 14 14 12 12 12 10 8 16 96 16 10 8 14 8 14 10 12 8 12
8 14 12 0 14 8 94 14 10 12 92 12 14 12 92 8 8 92 16 98 96 14 94 10 16 96 98 12 8 12 14 16 16 14 10 12 10 8 10 94 14 14 12 8 8 10 12 8 10 16
10 8 12 14 0 16 98 12 14 14 94 14 14 14 92 16 10 98 10 92 96 12 98 14 14 92 92 8 12 8 12 14 10 12 8 14 14 14 8 96 14 8 8 10 10 10 10 10 10 14
8 12 14 8 16 0 100 12 8 8 98 8 14 12 100 12 14 94 14 96 96 14 94 16 12 94 98 8 10 16 12 12 8 10 14 8 8 10 12 92 14 8 12 12 16 16 14 12 10 12
96 98 92 94 98 100 0 96 28 92 98 98 96 92 94 100 94 96 94 92 98 96 100 94 92 92 98 96 96 94 96 96 96 98 96 98 92 94 96 98 92 98 94 100 96 96 28 92 100 98
8 8 8 14 12 12 96 0 8 10 100 14 14 10 92 8 14 92 14 92 92 14 30 10 12 98 98 10 14 12 16 8 8 16 16 10 16 10 10 96 16 14 8 8 10 12 12 10 8 12
8 14 10 10 14 8 28 8 0 14 96 12 8 10 94 12 12 92 10 94 98 10 100 12 12 96 96 10 16 8 12 8 14 12 14 16 8 16 14 94 10 12 16 10 12 10 10 10 12 16
12 16 14 12 14 8 92 10 14 0 94 8 16 14 98 8 12 96 12 98 32 16 100 10 16 98 100 8 8 10 10 12 16 10 12 14 12 10 14 100 10 12 12 14 10 14 14 8 14 12
94 92 100 92 94 98 98 100 96 94 0 100 100 94 92 92 94 94 92 94 96 92 98 94 98 98 96 94 94 96 94 94 94 92 98 96 92 32 100 94 98 98 98 30 98 98 100 92 96 92
16 12 8 12 14 8 98 14 12 8 100 0 14 10 98 10 12 96 8 98 94 16 98 16 12 92 32 12 10 8 8 14 8 8 10 14 10 10 8 96 14 14 12 16 14 14 10 14 12 12
14 16 14 14 14 14 96 14 8 16 100 14 0 16 32 12 10 98 14 94 92 10 96 8 16 96 92 12 8 10 16 12 16 14 12 12 10 14 14 98 10 14 12 14 14 12 14 12 12 12
10 10 14 12 14 12 92 10 10 14 94 10 16 0 98 12 14 94 12 92 96 10 94 10 14 96 98 16 14 16 14 12 12 16 14 8 14 14 10 100 12 8 12 12 10 12 16 16 12 10
98 98 92 92 92 100 94 92 94 98 92 98 32 98 0 92 94 92 100 100 96 98 100 94 100 92 92 28 94 92 96 94 98 94 96 96 92 94 94 98 100 96 96 96 92 94 98 100 96 92
14 8 10 8 16 12 100 8 12 8 92 10 12 12 92 0 14 96 10 92 96 10 96 10 8 100 92 16 10 12 12 10 8 16 16 8 12 10 8 92 12 12 8 8 8 8 8 16 14 12
14 8 16 8 10 14 94 14 12 12 94 12 10 14 94 14 0 92 12 98 98 12 96 8 8 94 94 12 14 14 8 8 12 12 10 12 10 12 10 94 8 14 16 12 10 12 14 10 14 8
94 92 92 92 98 94 96 92 92 96 94 96 98 94 92 96 92 0 96 100 94 96 94 98 96 98 98 96 98 96 98 92 92 94 28 94 98 92 100 92 96 98 96 98 26 98 92 98 94 98
10 12 8 16 10 14 94 14 10 12 92 8 14 12 100 10 12 96 0 100 100 16 98 10 16 100 98 10 8 12 10 14 10 12 8 10 12 10 14 92 12 10 10 12 8 8 10 12 8 16
96 26 94 98 92 96 92 92 94 98 94 98 94 92 100 92 98 100 100 0 96 92 94 96 94 98 92 94 96 94 92 98 92 98 96 96 98 96 100 98 96 96 98 96 96 98 98 94 24 92
94 96 94 96 96 96 98 92 98 32 96 94 92 96 96 96 98 94 100 96 0 94 94 96 98 98 98 96 94 94 94 96 92 94 96 98 92 92 92 94 32 94 98 94 94 96 96 98 98 98
8 12 12 14 12 14 96 14 10 16 92 16 10 10 98 10 12 96 16 92 94 0 94 8 10 92 94 12 10 16 12 8 12 14 10 10 8 14 12 96 16 14 12 16 8 8 10 12 14 10
26 96 96 94 98 94 100 30 100 100 98 98 96 94 100 96 96 94 98 94 94 94 0 94 92 98 98 96 96 94 92 92 94 92 100 100 96 96 100 94 96 92 98 92 100 96 96 92 98 92
8 16 10 10 14 16 94 10 12 10 94 16 8 10 94 10 8 98 10 96 96 8 94 0 8 96 94 12 10 14 14 12 16 12 10 8 14 8 10 96 12 8 10 14 8 14 14 12 10 10
14 14 12 16 14 12 92 12 12 16 98 12 16 14 100 8 8 96 16 94 98 10 92 8 0 92 96 12 14 12 12 14 14 14 16 8 8 12 16 96 14 14 12 8 10 14 8 8 12 10
96 92 94 96 92 94 92 98 96 98 98 92 96 96 92 100 94 98 100 98 98 92 98 96 92 0 98 98 94 96 92 92 100 92 96 30 92 100 92 100 94 98 100 94 94 96 98 100 92 28
92 92 98 98 92 98 98 98 96 100 96 32 92 98 92 92 94 98 98 92 98 94 98 94 96 98 0 92 94 100 98 96 96 92 94 98 96 94 98 94 100 24 98 96 92 94 92 92 92 92
10 8 12 12 8 8 96 10 10 8 94 12 12 16 28 16 12 96 10 94 96 12 96 12 12 98 92 0 8 8 16 12 12 14 10 12 8 10 14 98 8 10 12 12 16 10 8 12 12 12
12 10 10 8 12 10 96 14 16 8 94 10 8 14 94 10 14 98 8 96 94 10 96 10 14 94 94 8 0 10 14 10 8 10 16 12 12 14 10 98 14 14 14 10 10 10 12 14 8 14
14 10 12 12 8 16 94 12 8 10 96 8 10 16 92 12 14 96 12 94 94 16 94 14 12 96 100 8 10 0 14 12 16 8 14 10 14 10 12 96 16 14 12 14 8 10 16 14 12 8
8 10 16 14 12 12 96 16 12 10 94 8 16 14 96 12 8 98 10 92 94 12 92 14 12 92 98 16 14 14 0 8 14 16 12 12 10 16 14 96 8 8 14 10 10 14 14 10 14 8
12 10 14 16 14 12 96 8 8 12 94 14 12 12 94 10 8 92 14 98 96 8 92 12 14 92 96 12 10 12 8 0 12 14 12 8 10 12 10 94 10 14 16 14 14 14 14 12 8 8
12 14 14 16 10 8 96 8 14 16 94 8 16 12 98 8 12 92 10 92 92 12 94 16 14 100 96 12 8 16 14 12 0 12 12 14 10 12 10 98 12 16 8 14 10 12 8 12 12 12
8 10 12 14 12 10 98 16 12 10 92 8 14 16 94 16 12 94 12 98 94 14 92 12 14 92 92 14 10 8 16 14 12 0 14 10 16 14 10 98 12 10 14 8 10 14 10 12 10 12
10 10 12 10 8 14 96 16 14 12 98 10 12 14 96 16 10 28 8 96 96 10 100 10 16 96 94 10 16 14 12 12 12 14 0 12 8 12 16 96 12 10 8 10 14 8 12 10 10 10
8 12 12 12 14 8 98 10 16 14 96 14 12 8 96 8 12 94 10 96 98 10 100 8 8 30 98 12 12 10 12 8 14 10 12 0 14 10 8 100 12 12 10 8 16 8 12 10 12 16
14 14 10 10 14 8 92 16 8 12 92 10 10 14 92 12 10 98 12 98 92 8 96 14 8 92 96 8 12 14 10 10 10 16 8 14 0 12 16 100 14 8 8 12 10 10 8 16 10 16
8 14 8 8 14 10 94 10 16 10 32 10 14 14 94 10 12 92 10 96 92 14 96 8 12 100 94 10 14 10 16 12 12 14 12 10 12 0 10 92 8 14 14 8 10 10 12 14 14 8
14 8 16 10 8 12 96 10 14 14 100 8 14 10 94 8 10 100 14 100 92 12 100 10 16 92 98 14 10 12 14 10 10 10 16 8 16 10 0 26 12 8 14 14 14 12 14 8 10 8
92 92 96 94 96 92 98 96 94 100 94 96 98 100 98 92 94 92 92 98 94 96 94 96 96 100 94 98 98 96 96 94 98 98 96 100 100 92 26 0 98 96 96 98 100 98 96 32 94 94
10 8 16 14 14 14 92 16 10 10 98 14 10 12 100 12 8 96 12 96 32 16 96 12 14 94 100 8 14 16 8 10 12 12 12 12 14 8 12 98 0 8 10 10 16 8 8 14 10 8
10 8 10 14 8 8 98 14 12 12 98 14 14 8 96 12 14 98 10 96 94 14 92 8 14 98 24 10 14 14 8 14 16 10 10 12 8 14 8 96 8 0 12 10 12 8 14 10 12 8
10 8 8 12 8 12 94 8 16 12 98 12 12 12 96 8 16 96 10 98 98 12 98 10 12 100 98 12 14 12 14 16 8 14 8 10 8 14 14 96 10 12 0 8 14 14 14 14 12 14
8 10 14 8 10 12 100 8 10 14 30 16 14 12 96 8 12 98 12 96 94 16 92 14 8 94 96 12 10 14 10 14 14 8 10 8 12 8 14 98 10 10 8 0 10 8 10 10 14 10
12 12 8 8 10 16 96 10 12 10 98 14 14 10 92 8 10 26 8 96 94 8 100 8 10 94 92 16 10 8 10 14 10 10 14 16 10 10 14 100 16 12 14 10 0 8 8 14 14 12
10 12 14 10 10 16 96 12 10 14 98 14 12 12 94 8 12 98 8 98 96 8 96 14 14 96 94 10 10 10 14 14 12 14 8 8 10 10 12 98 8 8 14 8 8 0 14 8 14 12
8 8 10 12 10 14 28 12 10 14 100 10 14 16 98 8 14 92 10 98 96 10 96 14 8 98 92 8 12 16 14 14 8 10 12 12 8 12 14 96 8 14 14 10 8 14 0 16 14 14
16 16 12 8 10 12 92 10 10 8 92 14 12 16 100 16 10 98 12 94 98 12 92 12 8 100 92 12 14 14 10 12 12 12 10 10 16 14 8 32 14 10 14 10 14 8 16 0 16 12
14 8 8 10 10 10 100 8 12 14 96 12 12 12 96 14 14 94 8 24 98 14 98 10 12 92 92 12 8 12 14 8 12 10 10 12 10 14 10 94 10 12 12 14 14 14 14 16 0 8
16 12 12 16 14 12 98 12 16 12 92 12 12 10 92 12 8 98 16 92 98 10 92 10 10 28 92 12 14 8 8 8 12 12 10 16 16 8 8 94 8 8 14 10 12 12 14 12 8 0
RRRRBBRRRBRBBBBRBBBRBBRRRRBBBRRBRRBRRRBBBBBRBBRBRR
