50
0 8 95 30 86 99 94 89 16 31 28 9 91 97 19 3 75 49 2 14 83 78 86 11 72 82 62 95 96 78 18 21 68 50 92 44 87 97 28 62 19 61 75 15 2 89 32 6 28 50
8 0 0 28 72 22 18 13 56 58 72 95 0 37 6 24 51 50 28 40 16 83 66 43 57 49 69 60 37 6 98 74 69 52 14 16 52 54 75 59 96 72 83 46 99 94 43 47 93 57
95 0 0 44 81 36 77 19 69 98 43 71 93 91 25 61 91 99 10 88 26 19 14 36 57 1 48 79 1 31 59 98 80 77 46 80 51 21 80 60 79 38 34 3 98 51 13 50 69 11
30 28 44 0 94 96 47 33 62 42 2 76 32 16 78 10 94 26 32 96 48 77 75 77 99 27 36 28 84 78 72 74 8 29 97 84 89 40 12 17 82 19 23 75 21 96 72 33 42 35
86 72 81 94 0 82 89 41 32 59 10 95 92 18 82 90 63 53 70 65 18 25 67 81 74 87 93 99 14 85 68 19 23 81 38 88 42 99 68 62 41 98 77 84 75 3 87 65 64 16
99 22 36 96 82 0 69 45 29 51 3 48 90 17 8 56 56 74 100 96 72 85 58 47 24 36 16 84 7 97 32 0 71 41 83 79 70 16 97 39 53 12 37 98 96 81 97 68 63 2
94 18 77 47 89 69 0 42 47 1 6 47 2 12 90 47 6 68 81 2 46 92 64 22 43 28 6 36 40 76 6 93 52 53 39 19 53 53 46 6 25 13 83 92 12 28 71 94 58 79
89 13 19 33 41 45 42 0 3 10 84 60 80 79 79 28 84 6 10 86 57 2 67 33 84 12 50 99 57 95 13 60 51 7 54 5 25 12 78 83 68 37 86 4 88 39 68 32 88 100
16 56 69 62 32 29 47 3 0 38 48 40 3 93 78 90 32 100 24 96 9 31 34 94 11 25 46 50 23 4 13 59 29 88 57 3 16 26 25 16 22 26 26 60 31 62 90 85 97 19
31 58 98 42 59 51 1 10 38 0 25 52 67 6 84 93 97 57 26 55 18 91 64 28 92 83 18 45 83 26 68 96 9 27 58 23 54 6 93 85 86 16 38 7 59 19 60 79 43 81
28 72 43 2 10 3 6 84 48 25 0 48 34 32 61 80 91 74 86 2 2 19 32 82 55 96 96 81 10 79 100 45 16 36 71 61 54 12 41 8 64 64 100 18 19 45 10 8 72 34
9 95 71 76 95 48 47 60 40 52 48 0 5 38 25 83 1 42 61 88 27 63 49 43 37 65 66 76 21 83 69 17 23 15 34 50 68 37 75 38 55 1 47 28 61 51 83 73 55 45
91 0 93 32 92 90 2 80 3 67 34 5 0 47 87 30 69 40 85 68 74 49 40 50 39 34 29 98 88 23 96 83 15 87 9 63 78 27 17 97 38 1 29 100 61 13 12 58 43 6
97 37 91 16 18 17 12 79 93 6 32 38 47 0 88 17 24 10 45 57 11 41 12 21 54 2 81 93 75 94 76 86 38 24 60 19 47 68 50 27 21 16 80 23 30 2 74 8 61 14
19 6 25 78 82 8 90 79 78 84 61 25 87 88 0 0 8 6 68 76 33 5 25 84 97 45 38 10 66 95 31 23 82 38 61 76 30 53 84 63 49 100 65 74 31 44 25 41 36 28
3 24 61 10 90 56 47 28 90 93 80 83 30 17 0 0 31 30 79 34 54 59 66 69 75 7 79 54 55 66 69 87 99 18 22 7 79 39 63 49 89 95 3 69 6 97 15 2 21 81
75 51 91 94 63 56 6 84 32 97 91 1 69 24 8 31 0 15 54 1 33 32 57 16 93 19 84 96 43 15 30 53 39 97 59 73 81 25 42 30 60 3 85 6 41 99 5 76 13 74
49 50 99 26 53 74 68 6 100 57 74 42 40 10 6 30 15 0 37 77 65 25 16 41 21 16 2 89 45 7 55 65 59 82 95 97 98 24 65 19 25 33 75 94 53 1 67 6 82 7
2 28 10 32 70 100 81 10 24 26 86 61 85 45 68 79 54 37 0 86 46 33 38 84 41 11 7 84 46 79 90 31 65 44 78 27 37 22 43 48 22 54 34 85 71 30 13 62 89 94
14 40 88 96 65 96 2 86 96 55 2 88 68 57 76 34 1 77 86 0 63 73 74 17 18 42 22 95 60 43 97 68 55 51 81 73 72 90 5 48 85 11 14 36 28 63 37 92 16 100
83 16 26 48 18 72 46 57 9 18 2 27 74 11 33 54 33 65 46 63 0 76 72 86 24 45 24 96 75 77 64 93 14 79 61 39 54 18 13 23 47 90 0 65 2 42 38 41 42 86
78 83 19 77 25 85 92 2 31 91 19 63 49 41 5 59 32 25 33 73 76 0 64 34 51 31 8 51 49 66 57 56 73 89 21 31 41 98 50 69 41 79 73 95 29 55 63 81 37 3
86 66 14 75 67 58 64 67 34 64 32 49 40 12 25 66 57 16 38 74 72 64 0 70 21 37 90 95 37 0 9 23 77 77 24 48 5 97 43 88 25 52 65 81 81 2 50 61 34 81
11 43 36 77 81 47 22 33 94 28 82 43 50 21 84 69 16 41 84 17 86 34 70 0 65 11 4 36 49 46 11 23 15 27 79 39 6 78 70 0 15 44 13 60 35 54 78 94 94 3
72 57 57 99 74 24 43 84 11 92 55 37 39 54 97 75 93 21 41 18 24 51 21 65 0 73 28 30 72 65 32 43 92 57 31 44 65 98 60 76 56 64 91 72 40 79 34 8 16 17
82 49 1 27 87 36 28 12 25 83 96 65 34 2 45 7 19 16 11 42 45 31 37 11 73 0 20 38 14 44 99 62 15 10 30 86 43 99 47 22 100 15 25 43 55 69 23 21 77 72
62 69 48 36 93 16 6 50 46 18 96 66 29 81 38 79 84 2 7 22 24 8 90 4 28 20 0 47 49 65 40 95 93 82 28 46 84 12 82 59 41 4 39 49 9 31 17 92 21 3
95 60 79 28 99 84 36 99 50 45 81 76 98 93 10 54 96 89 84 95 96 51 95 36 30 38 47 0 5 63 37 47 64 1 66 87 13 17 89 70 95 69 68 91 63 90 47 31 87 39
96 37 1 84 14 7 40 57 23 83 10 21 88 75 66 55 43 45 46 60 75 49 37 49 72 14 49 5 0 58 59 74 88 80 32 56 22 49 51 89 6 0 45 54 86 56 59 46 8 31
78 6 31 78 85 97 76 95 4 26 79 83 23 94 95 66 15 7 79 43 77 66 0 46 65 44 65 63 58 0 79 15 28 98 47 3 55 58 5 56 91 70 83 28 38 62 15 86 87 21
18 98 59 72 68 32 6 13 13 68 100 69 96 76 31 69 30 55 90 97 64 57 9 11 32 99 40 37 59 79 0 14 63 23 60 12 85 25 46 6 56 46 33 48 18 14 72 85 95 98
21 74 98 74 19 0 93 60 59 96 45 17 83 86 23 87 53 65 31 68 93 56 23 23 43 62 95 47 74 15 14 0 96 92 55 68 41 79 74 39 40 47 52 59 76 38 32 17 54 22
68 69 80 8 23 71 52 51 29 9 16 23 15 38 82 99 39 59 65 55 14 73 77 15 92 15 93 64 88 28 63 96 0 39 47 5 80 62 53 94 9 89 59 19 88 65 97 51 80 35
50 52 77 29 81 41 53 7 88 27 36 15 87 24 38 18 97 82 44 51 79 89 77 27 57 10 82 1 80 98 23 92 39 0 25 82 32 48 14 3 48 62 54 99 34 6 75 21 30 87
92 14 46 97 38 83 39 54 57 58 71 34 9 60 61 22 59 95 78 81 61 21 24 79 31 30 28 66 32 47 60 55 47 25 0 17 71 33 51 87 21 20 60 43 38 58 50 8 6 57
44 16 80 84 88 79 19 5 3 23 61 50 63 19 76 7 73 97 27 73 39 31 48 39 44 86 46 87 56 3 12 68 5 82 17 0 17 37 29 66 4 37 41 53 35 45 28 53 49 92
87 52 51 89 42 70 53 25 16 54 54 68 78 47 30 79 81 98 37 72 54 41 5 6 65 43 84 13 22 55 85 41 80 32 71 17 0 57 48 55 95 15 89 86 56 38 85 22 94 48
97 54 21 40 99 16 53 12 26 6 12 37 27 68 53 39 25 24 22 90 18 98 97 78 98 99 12 17 49 58 25 79 62 48 33 37 57 0 88 14 38 71 70 44 24 97 30 13 30 59
28 75 80 12 68 97 46 78 25 93 41 75 17 50 84 63 42 65 43 5 13 50 43 70 60 47 82 89 51 5 46 74 53 14 51 29 48 88 0 74 41 59 89 99 30 35 22 29 58 70
62 59 60 17 62 39 6 83 16 85 8 38 97 27 63 49 30 19 48 48 23 69 88 0 76 22 59 70 89 56 6 39 94 3 87 66 55 14 74 0 64 45 91 9 10 95 80 2 32 1
19 96 79 82 41 53 25 68 22 86 64 55 38 21 49 89 60 25 22 85 47 41 25 15 56 100 41 95 6 91 56 40 9 48 21 4 95 38 41 64 0 28 42 82 31 41 24 39 38 13
61 72 38 19 98 12 13 37 26 16 64 1 1 16 100 95 3 33 54 11 90 79 52 44 64 15 4 69 0 70 46 47 89 62 20 37 15 71 59 45 28 0 88 50 29 72 24 87 70 99
75 83 34 23 77 37 83 86 26 38 100 47 29 80 65 3 85 75 34 14 0 73 65 13 91 25 39 68 45 83 33 52 59 54 60 41 89 70 89 91 42 88 0 33 28 60 55 2 92 61
15 46 3 75 84 98 92 4 60 7 18 28 100 23 74 69 6 94 85 36 65 95 81 60 72 43 49 91 54 28 48 59 19 99 43 53 86 44 99 9 82 50 33 0 62 44 75 23 88 18
2 99 98 21 75 96 12 88 31 59 19 61 61 30 31 6 41 53 71 28 2 29 81 35 40 55 9 63 86 38 18 76 88 34 38 35 56 24 30 10 31 29 28 62 0 86 69 91 61 14
89 94 51 96 3 81 28 39 62 19 45 51 13 2 44 97 99 1 30 63 42 55 2 54 79 69 31 90 56 62 14 38 65 6 58 45 38 97 35 95 41 72 60 44 86 0 44 24 98 20
32 43 13 72 87 97 71 68 90 60 10 83 12 74 25 15 5 67 13 37 38 63 50 78 34 23 17 47 59 15 72 32 97 75 50 28 85 30 22 80 24 24 55 75 69 44 0 95 44 7
6 47 50 33 65 68 94 32 85 79 8 73 58 8 41 2 76 6 62 92 41 81 61 94 8 21 92 31 46 86 85 17 51 21 8 53 22 13 29 2 39 87 2 23 91 24 95 0 68 89
28 93 69 42 64 63 58 88 97 43 72 55 43 61 36 21 13 82 89 16 42 37 34 94 16 77 21 87 8 87 95 54 80 30 6 49 94 30 58 32 38 70 92 88 61 98 44 68 0 53
50 57 11 35 16 2 79 100 19 81 34 45 6 14 28 81 74 7 94 100 86 3 81 3 17 72 3 39 31 21 98 22 35 87 57 92 48 59 70 1 13 99 61 18 14 20 7 89 53 0
BRRBBRBRRRRRRBRBBBBBRBBBRBBBBBBRRRRRBRBRBRRBRRRBRB
