50
0 62 62 5 25 29 56 19 78 10 43 63 19 81 81 90 9 86 55 92 54 54 20 48 30 29 67 0 0 100 51 29 60 86 47 58 39 84 87 30 83 92 42 38 13 34 10 65 49 93 
62 0 85 88 89 16 35 27 11 57 11 21 25 59 5 63 49 1 43 85 2 71 78 97 25 26 72 67 51 72 60 11 22 21 80 44 56 70 7 2 61 97 92 26 41 0 10 81 60 48 
62 85 0 38 0 88 77 25 30 38 1 11 7 49 64 73 18 39 4 9 75 35 74 49 28 18 45 89 99 9 25 91 51 33 43 92 14 99 65 81 19 15 39 0 17 49 2 23 47 32 
5 88 38 0 47 62 13 53 72 26 100 64 11 8 47 64 23 25 71 93 44 0 34 45 16 88 63 5 14 9 65 12 24 94 88 36 57 83 44 5 78 83 16 1 0 98 46 30 10 84 
25 89 0 47 0 72 60 6 69 22 33 75 97 36 55 47 11 49 61 73 69 77 33 23 51 44 3 57 12 72 24 0 79 83 75 79 19 38 36 15 89 86 17 87 31 45 30 2 34 88 
29 16 88 62 72 0 52 47 17 5 1 82 71 73 12 55 60 76 0 38 88 32 63 79 46 42 8 38 97 29 44 97 1 24 79 74 98 99 89 43 72 14 58 49 70 11 5 29 0 100 
56 35 77 13 60 52 0 94 34 38 16 65 74 27 68 90 44 81 48 36 58 39 6 10 15 75 93 33 17 56 85 82 44 99 98 50 15 51 14 55 26 1 58 10 0 46 64 0 76 33 
19 27 25 53 6 47 94 0 78 9 7 56 48 59 32 59 66 14 69 48 74 83 88 43 63 18 10 43 54 95 88 70 84 68 58 59 25 81 8 92 21 2 67 3 97 72 95 82 29 55 
78 11 30 72 69 17 34 78 0 22 0 79 16 29 92 67 91 64 65 100 74 5 82 88 19 6 100 26 93 97 2 87 3 69 3 3 83 90 45 50 96 66 30 2 34 93 48 21 74 4 
10 57 38 26 22 5 38 9 22 0 6 3 79 67 48 50 33 19 28 15 68 39 87 13 6 46 32 70 100 91 13 100 50 92 15 75 92 9 70 95 53 32 7 20 61 98 16 6 57 96 
43 11 1 100 33 1 16 7 0 6 0 48 17 18 65 78 71 34 90 10 67 85 17 27 29 18 41 9 63 29 61 78 97 7 27 1 69 69 4 56 20 39 10 73 49 34 2 70 29 30 
63 21 11 64 75 82 65 56 79 3 48 0 78 23 32 0 84 3 51 32 71 35 20 44 36 98 48 57 35 62 30 65 46 73 88 55 50 61 53 8 76 33 64 95 22 94 73 55 73 48 
19 25 7 11 97 71 74 48 16 79 17 78 0 28 42 54 100 90 33 15 70 31 41 46 18 61 15 37 97 18 49 76 38 11 37 41 45 5 20 72 53 51 75 57 62 92 26 1 3 14 
81 59 49 8 36 73 27 59 29 67 18 23 28 0 82 58 31 97 13 0 82 38 71 58 72 42 63 24 60 7 7 85 92 24 69 13 95 37 65 66 96 39 68 1 44 75 97 44 34 51 
81 5 64 47 55 12 68 32 92 48 65 32 42 82 0 42 18 99 87 34 100 42 76 1 0 83 9 30 32 45 31 52 92 88 98 18 98 92 67 41 51 26 99 44 51 79 43 11 15 11 
90 63 73 64 47 55 90 59 67 50 78 0 54 58 42 0 78 75 61 42 84 36 16 45 85 85 37 32 80 80 27 55 53 59 59 1 31 94 74 26 62 32 77 50 27 53 17 20 94 41 
9 49 18 23 11 60 44 66 91 33 71 84 100 31 18 78 0 71 94 4 90 66 46 35 58 46 4 11 79 12 51 9 80 31 8 25 85 45 57 36 44 57 42 16 13 44 79 20 6 21 
86 1 39 25 49 76 81 14 64 19 34 3 90 97 99 75 71 0 28 64 46 37 41 47 56 42 20 21 75 11 77 75 50 8 82 29 21 100 17 74 50 41 9 15 71 77 60 40 30 100 
55 43 4 71 61 0 48 69 65 28 90 51 33 13 87 61 94 28 0 86 41 79 41 71 84 21 12 97 65 69 20 83 95 98 52 40 52 77 67 88 99 18 25 14 69 99 32 94 59 97 
92 85 9 93 73 38 36 48 100 15 10 32 15 0 34 42 4 64 86 0 72 46 100 21 40 77 1 96 30 14 95 17 46 77 2 60 75 37 60 18 57 94 84 96 61 94 63 84 73 82 
54 2 75 44 69 88 58 74 74 68 67 71 70 82 100 84 90 46 41 72 0 85 0 82 21 55 50 24 89 6 45 95 14 39 55 12 50 9 46 37 42 73 14 82 81 82 40 92 99 86 
54 71 35 0 77 32 39 83 5 39 85 35 31 38 42 36 66 37 79 46 85 0 40 58 63 44 97 5 52 84 73 33 9 49 74 93 80 33 15 44 48 82 23 24 82 86 32 71 77 35 
20 78 74 34 33 63 6 88 82 87 17 20 41 71 76 16 46 41 41 100 0 40 0 81 66 33 17 19 60 46 4 86 76 25 14 42 49 13 63 73 29 89 80 13 40 14 24 99 32 49 
48 97 49 45 23 79 10 43 88 13 27 44 46 58 1 45 35 47 71 21 82 58 81 0 1 3 37 57 64 15 65 3 49 45 87 23 3 71 88 27 77 91 55 42 70 43 1 12 54 20 
30 25 28 16 51 46 15 63 19 6 29 36 18 72 0 85 58 56 84 40 21 63 66 1 0 42 25 37 94 17 40 90 84 72 39 31 29 2 16 70 79 61 2 54 65 23 18 73 35 52 
29 26 18 88 44 42 75 18 6 46 18 98 61 42 83 85 46 42 21 77 55 44 33 3 42 0 57 65 34 67 9 19 8 28 10 16 79 93 82 89 15 81 41 5 90 68 46 84 85 53 
67 72 45 63 3 8 93 10 100 32 41 48 15 63 9 37 4 20 12 1 50 97 17 37 25 57 0 49 87 9 99 46 75 0 62 80 68 75 12 26 17 92 21 41 95 17 35 84 80 50 
0 67 89 5 57 38 33 43 26 70 9 57 37 24 30 32 11 21 97 96 24 5 19 57 37 65 49 0 11 92 73 40 12 75 77 8 69 23 8 68 15 79 93 45 25 96 52 9 22 12 
0 51 99 14 12 97 17 54 93 100 63 35 97 60 32 80 79 75 65 30 89 52 60 64 94 34 87 11 0 62 66 86 68 97 13 87 5 77 56 96 68 63 21 14 12 35 12 14 79 7 
100 72 9 9 72 29 56 95 97 91 29 62 18 7 45 80 12 11 69 14 6 84 46 15 17 67 9 92 62 0 75 5 2 71 20 29 69 63 13 89 49 19 86 8 15 34 77 74 100 64 
51 60 25 65 24 44 85 88 2 13 61 30 49 7 31 27 51 77 20 95 45 73 4 65 40 9 99 73 66 75 0 61 54 92 33 95 53 5 23 12 84 49 92 95 96 38 0 4 69 82 
29 11 91 12 0 97 82 70 87 100 78 65 76 85 52 55 9 75 83 17 95 33 86 3 90 19 46 40 86 5 61 0 73 44 72 24 40 31 19 8 26 52 41 3 17 50 27 59 75 64 
60 22 51 24 79 1 44 84 3 50 97 46 38 92 92 53 80 50 95 46 14 9 76 49 84 8 75 12 68 2 54 73 0 78 5 41 17 20 13 15 24 4 68 86 92 79 6 52 0 45 
86 21 33 94 83 24 99 68 69 92 7 73 11 24 88 59 31 8 98 77 39 49 25 45 72 28 0 75 97 71 92 44 78 0 22 5 11 5 50 96 65 68 7 30 79 31 88 62 82 35 
47 80 43 88 75 79 98 58 3 15 27 88 37 69 98 59 8 82 52 2 55 74 14 87 39 10 62 77 13 20 33 72 5 22 0 5 43 86 72 98 41 26 41 39 74 75 94 12 82 89 
58 44 92 36 79 74 50 59 3 75 1 55 41 13 18 1 25 29 40 60 12 93 42 23 31 16 80 8 87 29 95 24 41 5 5 0 94 26 35 56 85 43 71 29 57 34 4 21 25 39 
39 56 14 57 19 98 15 25 83 92 69 50 45 95 98 31 85 21 52 75 50 80 49 3 29 79 68 69 5 69 53 40 17 11 43 94 0 33 97 72 51 77 60 90 55 50 45 75 68 89 
84 70 99 83 38 99 51 81 90 9 69 61 5 37 92 94 45 100 77 37 9 33 13 71 2 93 75 23 77 63 5 31 20 5 86 26 33 0 30 97 5 27 2 25 9 84 55 96 43 5 
87 7 65 44 36 89 14 8 45 70 4 53 20 65 67 74 57 17 67 60 46 15 63 88 16 82 12 8 56 13 23 19 13 50 72 35 97 30 0 70 15 39 90 14 52 6 81 25 24 72 
30 2 81 5 15 43 55 92 50 95 56 8 72 66 41 26 36 74 88 18 37 44 73 27 70 89 26 68 96 89 12 8 15 96 98 56 72 97 70 0 61 56 63 46 32 84 30 9 77 63 
83 61 19 78 89 72 26 21 96 53 20 76 53 96 51 62 44 50 99 57 42 48 29 77 79 15 17 15 68 49 84 26 24 65 41 85 51 5 15 61 0 27 5 92 16 51 68 40 10 14 
92 97 15 83 86 14 1 2 66 32 39 33 51 39 26 32 57 41 18 94 73 82 89 91 61 81 92 79 63 19 49 52 4 68 26 43 77 27 39 56 27 0 30 48 17 44 48 39 98 88 
42 92 39 16 17 58 58 67 30 7 10 64 75 68 99 77 42 9 25 84 14 23 80 55 2 41 21 93 21 86 92 41 68 7 41 71 60 2 90 63 5 30 0 98 52 41 45 79 14 24 
38 26 0 1 87 49 10 3 2 20 73 95 57 1 44 50 16 15 14 96 82 24 13 42 54 5 41 45 14 8 95 3 86 30 39 29 90 25 14 46 92 48 98 0 8 65 23 99 72 32 
13 41 17 0 31 70 0 97 34 61 49 22 62 44 51 27 13 71 69 61 81 82 40 70 65 90 95 25 12 15 96 17 92 79 74 57 55 9 52 32 16 17 52 8 0 41 56 77 58 79 
34 0 49 98 45 11 46 72 93 98 34 94 92 75 79 53 44 77 99 94 82 86 14 43 23 68 17 96 35 34 38 50 79 31 75 34 50 84 6 84 51 44 41 65 41 0 44 42 51 96 
10 10 2 46 30 5 64 95 48 16 2 73 26 97 43 17 79 60 32 63 40 32 24 1 18 46 35 52 12 77 0 27 6 88 94 4 45 55 81 30 68 48 45 23 56 44 0 10 68 44 
65 81 23 30 2 29 0 82 21 6 70 55 1 44 11 20 20 40 94 84 92 71 99 12 73 84 84 9 14 74 4 59 52 62 12 21 75 96 25 9 40 39 79 99 77 42 10 0 59 96 
49 60 47 10 34 0 76 29 74 57 29 73 3 34 15 94 6 30 59 73 99 77 32 54 35 85 80 22 79 100 69 75 0 82 82 25 68 43 24 77 10 98 14 72 58 51 68 59 0 93 
93 48 32 84 88 100 33 55 4 96 30 48 14 51 11 41 21 100 97 82 86 35 49 20 52 53 50 12 7 64 82 64 45 35 89 39 89 5 72 63 14 88 24 32 79 96 44 96 93 0 
RBBBBRRRRBRRRRRBRBBRBBRRBBBRBBBRBBBRRRBBRBRRRRRBBB