46
0 12 65 46 65 81 21 77 42 31 82 86 22 56 60 72 41 3 8 16 58 91 16 28 17 78 95 32 48 30 73 61 87 43 51 27 92 53 1 11 67 96 54 99 50 40
12 0 60 42 84 15 7 81 34 30 59 62 10 84 32 81 67 41 51 73 74 32 43 97 15 68 25 73 73 19 8 68 54 6 43 53 27 15 18 27 2 57 58 53 73 68
65 60 0 27 89 29 29 71 68 32 11 84 10 63 100 52 5 41 21 100 91 61 96 77 42 89 38 62 39 96 96 6 36 69 9 31 88 60 36 80 92 4 91 63 62 28
46 42 27 0 43 62 91 22 14 26 30 50 94 63 19 95 83 68 81 33 67 24 28 44 52 35 46 47 89 25 48 82 98 59 41 34 33 78 92 49 38 15 87 4 6 23
65 84 89 43 0 23 3 51 13 22 26 71 32 33 63 24 51 16 54 80 43 27 99 12 11 53 24 26 39 77 66 85 53 17 37 32 85 26 23 14 15 36 92 46 14 71
81 15 29 62 23 0 54 70 39 83 62 72 64 27 63 28 88 88 52 95 25 60 48 37 91 71 29 60 4 78 28 51 48 5 65 85 81 63 37 95 72 52 51 19 19 33
21 7 29 91 3 54 0 65 98 16 34 96 97 42 85 75 74 100 66 29 19 90 64 72 11 78 42 63 82 17 46 62 12 56 79 77 0 66 80 13 73 16 89 41 68 16
77 81 71 22 51 70 65 0 35 15 76 90 62 53 47 48 16 32 20 23 81 39 12 8 76 50 52 100 73 51 57 5 67 98 36 91 75 92 7 21 55 75 100 87 23 31
42 34 68 14 13 39 98 35 0 0 9 58 60 70 71 17 80 75 12 91 26 58 38 67 18 3 22 36 72 86 86 57 74 82 80 90 85 63 39 95 86 28 77 72 84 54
31 30 32 26 22 83 16 15 0 0 78 30 44 59 37 24 14 88 5 67 74 63 52 22 20 16 77 62 37 15 96 38 21 25 80 92 40 22 79 39 54 63 35 99 69 21
82 59 11 30 26 62 34 76 9 78 0 74 27 22 0 98 5 41 87 6 43 67 82 56 96 58 75 34 62 68 5 50 99 4 18 15 62 13 45 80 10 10 5 31 62 95
86 62 84 50 71 72 96 90 58 30 74 0 13 37 33 87 75 51 90 47 92 80 38 98 36 24 1 37 39 16 31 39 83 81 63 71 61 33 5 33 51 23 69 86 75 54
22 10 10 94 32 64 97 62 60 44 27 13 0 17 32 23 13 55 98 92 82 95 62 78 44 88 39 6 49 91 93 22 8 34 100 54 60 71 24 38 32 85 63 46 77 48
56 84 63 63 33 27 42 53 70 59 22 37 17 0 40 53 81 4 10 71 20 97 52 26 33 57 6 87 58 57 13 1 87 92 43 30 54 1 88 89 83 51 75 31 16 47
60 32 100 19 63 63 85 47 71 37 0 33 32 40 0 26 80 19 76 1 21 84 91 53 24 50 29 71 96 87 70 6 49 41 84 43 54 39 18 43 76 27 21 41 13 30
72 81 52 95 24 28 75 48 17 24 98 87 23 53 26 0 52 44 30 53 93 11 30 27 72 41 23 95 90 93 18 36 21 25 17 14 37 8 67 63 15 22 78 80 52 3
41 67 5 83 51 88 74 16 80 14 5 75 13 81 80 52 0 74 9 41 29 26 68 68 19 21 44 48 32 23 3 66 6 13 85 64 89 92 81 54 5 46 46 97 8 88
3 41 41 68 16 88 100 32 75 88 41 51 55 4 19 44 74 0 26 87 79 88 10 61 57 89 37 66 27 25 67 78 51 46 10 74 55 15 89 62 82 79 55 21 91 18
8 51 21 81 54 52 66 20 12 5 87 90 98 10 76 30 9 26 0 56 80 85 24 47 5 90 93 74 97 84 73 44 44 82 68 95 34 65 17 21 67 9 86 25 35 90
16 73 100 33 80 95 29 23 91 67 6 47 92 71 1 53 41 87 56 0 89 42 96 0 51 62 54 41 34 49 89 79 79 69 42 6 23 20 86 42 55 21 17 19 82 76
58 74 91 67 43 25 19 81 26 74 43 92 82 20 21 93 29 79 80 89 0 11 78 53 84 35 58 90 13 2 74 97 55 69 32 1 48 78 94 14 9 23 38 64 83 90
91 32 61 24 27 60 90 39 58 63 67 80 95 97 84 11 26 88 85 42 11 0 85 47 60 54 95 34 32 33 87 31 20 83 1 62 14 19 11 81 51 47 31 36 89 30
16 43 96 28 99 48 64 12 38 52 82 38 62 52 91 30 68 10 24 96 78 85 0 19 18 33 75 34 33 88 75 78 51 2 11 64 71 38 65 36 4 42 11 18 17 49
28 97 77 44 12 37 72 8 67 22 56 98 78 26 53 27 68 61 47 0 53 47 19 0 23 29 48 53 94 63 49 21 26 91 15 22 74 3 66 54 78 0 13 98 39 85
17 15 42 52 11 91 11 76 18 20 96 36 44 33 24 72 19 57 5 51 84 60 18 23 0 35 83 56 89 50 80 30 86 54 44 6 73 43 28 61 26 99 9 71 38 97
78 68 89 35 53 71 78 50 3 16 58 24 88 57 50 41 21 89 90 62 35 54 33 29 35 0 88 3 31 74 29 31 3 28 8 17 6 77 83 84 17 27 17 96 88 51
95 25 38 46 24 29 42 52 22 77 75 1 39 6 29 23 44 37 93 54 58 95 75 48 83 88 0 3 13 8 55 20 83 11 58 28 56 96 95 57 24 99 81 25 70 68
32 73 62 47 26 60 63 100 36 62 34 37 6 87 71 95 48 66 74 41 90 34 34 53 56 3 3 0 35 55 34 93 46 34 2 79 44 30 74 64 54 6 46 67 65 37
48 73 39 89 39 4 82 73 72 37 62 39 49 58 96 90 32 27 97 34 13 32 33 94 89 31 13 35 0 57 99 26 67 75 65 0 94 89 66 95 38 21 81 90 96 74
30 19 96 25 77 78 17 51 86 15 68 16 91 57 87 93 23 25 84 49 2 33 88 63 50 74 8 55 57 0 54 57 9 85 61 47 60 3 20 0 57 27 25 52 3 64
73 8 96 48 66 28 46 57 86 96 5 31 93 13 70 18 3 67 73 89 74 87 75 49 80 29 55 34 99 54 0 41 18 80 36 80 100 23 19 94 83 29 16 46 96 30
61 68 6 82 85 51 62 5 57 38 50 39 22 1 6 36 66 78 44 79 97 31 78 21 30 31 20 93 26 57 41 0 65 93 57 49 32 90 97 71 92 63 81 80 96 54
87 54 36 98 53 48 12 67 74 21 99 83 8 87 49 21 6 51 44 79 55 20 51 26 86 3 83 46 67 9 18 65 0 43 63 43 50 71 16 25 57 39 21 42 33 39
43 6 69 59 17 5 56 98 82 25 4 81 34 92 41 25 13 46 82 69 69 83 2 91 54 28 11 34 75 85 80 93 43 0 30 82 66 62 45 6 100 43 66 92 61 62
51 43 9 41 37 65 79 36 80 80 18 63 100 43 84 17 85 10 68 42 32 1 11 15 44 8 58 2 65 61 36 57 63 30 0 14 34 92 32 38 28 58 44 43 96 82
27 53 31 34 32 85 77 91 90 92 15 71 54 30 43 14 64 74 95 6 1 62 64 22 6 17 28 79 0 47 80 49 43 82 14 0 58 62 69 80 85 77 37 41 9 38
92 27 88 33 85 81 0 75 85 40 62 61 60 54 54 37 89 55 34 23 48 14 71 74 73 6 56 44 94 60 100 32 50 66 34 58 0 37 67 20 11 14 91 2 9 96
53 15 60 78 26 63 66 92 63 22 13 33 71 1 39 8 92 15 65 20 78 19 38 3 43 77 96 30 89 3 23 90 71 62 92 62 37 0 39 69 5 7 19 63 30 29
1 18 36 92 23 37 80 7 39 79 45 5 24 88 18 67 81 89 17 86 94 11 65 66 28 83 95 74 66 20 19 97 16 45 32 69 67 39 0 90 57 34 78 100 60 54
11 27 80 49 14 95 13 21 95 39 80 33 38 89 43 63 54 62 21 42 14 81 36 54 61 84 57 64 95 0 94 71 25 6 38 80 20 69 90 0 51 47 53 16 23 72
67 2 92 38 15 72 73 55 86 54 10 51 32 83 76 15 5 82 67 55 9 51 4 78 26 17 24 54 38 57 83 92 57 100 28 85 11 5 57 51 0 72 100 25 63 86
96 57 4 15 36 52 16 75 28 63 10 23 85 51 27 22 46 79 9 21 23 47 42 0 99 27 99 6 21 27 29 63 39 43 58 77 14 7 34 47 72 0 21 22 94 1
54 58 91 87 92 51 89 100 77 35 5 69 63 75 21 78 46 55 86 17 38 31 11 13 9 17 81 46 81 25 16 81 21 66 44 37 91 19 78 53 100 21 0 42 73 0
99 53 63 4 46 19 41 87 72 99 31 86 46 31 41 80 97 21 25 19 64 36 18 98 71 96 25 67 90 52 46 80 42 92 43 41 2 63 100 16 25 22 42 0 5 6
50 73 62 6 14 19 68 23 84 69 62 75 77 16 13 52 8 91 35 82 83 89 17 39 38 88 70 65 96 3 96 96 33 61 96 9 9 30 60 23 63 94 73 5 0 58
40 68 28 23 71 33 16 31 54 21 95 54 48 47 30 3 88 18 90 76 90 30 49 85 97 51 68 37 74 64 30 54 39 62 82 38 96 29 54 72 86 1 0 6 58 0
BBRRRRBRRRRRRBBBRBRBBRBRRBBBRRRBRBBBRBRRBBRBBB