42
0 96 32 56 64 82 36 51 79 56 45 61 55 5 59 43 86 62 30 91 91 2 63 99 33 85 100 19 65 81 52 49 79 27 85 21 48 52 81 99 6 100
96 0 11 58 10 58 89 36 67 84 15 43 25 8 20 81 10 17 37 88 23 72 64 31 22 66 46 1 84 85 18 73 55 92 6 26 14 87 30 3 87 16
32 11 0 91 35 51 78 58 95 46 68 75 38 83 96 14 37 63 33 50 89 72 9 7 62 9 98 39 77 48 37 46 56 13 27 90 32 84 16 28 44 38
56 58 91 0 83 86 57 33 23 87 8 33 88 24 54 51 13 49 7 69 35 40 22 89 72 93 95 61 61 67 5 0 59 81 19 61 12 37 24 34 70 32
64 10 35 83 0 17 39 51 76 48 51 79 29 20 19 82 36 77 71 32 58 76 30 39 49 26 28 87 49 1 98 48 46 66 28 27 69 33 33 55 94 33
82 58 51 86 17 0 36 85 3 52 8 91 25 12 17 81 33 74 42 19 83 76 64 56 92 14 21 81 33 6 48 31 23 79 64 18 49 64 49 21 45 57
36 89 78 57 39 36 0 58 57 20 81 66 71 87 44 75 91 47 96 59 46 3 11 96 70 90 10 7 5 62 40 41 61 15 60 91 78 90 61 63 85 73
51 36 58 33 51 85 58 0 33 31 46 48 76 41 81 100 74 18 26 71 29 27 4 37 32 38 87 38 14 49 62 38 13 25 63 10 13 48 33 61 71 86
79 67 95 23 76 3 57 33 0 42 69 75 1 84 75 42 4 6 91 52 41 85 85 43 76 71 56 43 79 81 79 74 8 82 73 15 19 13 34 34 35 18
56 84 46 87 48 52 20 31 42 0 3 50 61 56 77 68 87 16 30 51 99 97 23 90 51 5 47 5 51 77 34 88 32 68 60 64 46 12 42 88 40 63
45 15 68 8 51 8 81 46 69 3 0 92 55 39 46 45 11 92 81 35 60 52 35 20 67 80 76 59 18 46 75 66 94 73 46 86 70 61 89 3 80 24
61 43 75 33 79 91 66 48 75 50 92 0 99 78 27 77 91 86 94 89 88 86 52 7 100 62 34 49 68 18 23 2 79 48 3 29 28 84 23 89 68 97
55 25 38 88 29 25 71 76 1 61 55 99 0 0 74 0 25 9 21 74 12 75 15 41 15 9 87 60 33 54 62 84 32 67 57 44 68 66 30 29 48 55
5 8 83 24 20 12 87 41 84 56 39 78 0 0 65 2 33 52 58 78 75 67 16 27 66 72 89 39 30 32 77 52 52 20 40 7 66 14 31 42 71 72
59 20 96 54 19 17 44 81 75 77 46 27 74 65 0 69 36 42 31 65 64 18 68 63 98 78 82 22 89 52 62 98 21 57 31 65 32 40 68 82 96 4
43 81 14 51 82 81 75 100 42 68 45 77 0 2 69 0 20 77 59 83 100 60 82 18 46 6 77 79 29 36 46 63 98 29 13 87 99 20 30 99 91 16
86 10 37 13 36 33 91 74 4 87 11 91 25 33 36 20 0 92 92 26 80 63 94 5 93 97 99 1 43 74 65 77 15 52 58 47 41 27 7 19 92 39
62 17 63 49 77 74 47 18 6 16 92 86 9 52 42 77 92 0 74 44 25 60 51 63 86 33 90 16 21 87 79 56 95 75 18 51 55 64 72 15 96 27
30 37 33 7 71 42 96 26 91 30 81 94 21 58 31 59 92 74 0 75 23 48 14 2 98 97 20 54 12 29 62 94 54 90 25 26 47 52 88 31 11 88
91 88 50 69 32 19 59 71 52 51 35 89 74 78 65 83 26 44 75 0 71 52 62 66 46 33 85 26 86 92 52 7 64 12 52 9 73 82 77 47 73 2
91 23 89 35 58 83 46 29 41 99 60 88 12 75 64 100 80 25 23 71 0 3 15 24 89 65 51 3 18 30 72 5 30 0 23 29 1 75 0 57 55 59
2 72 72 40 76 76 3 27 85 97 52 86 75 67 18 60 63 60 48 52 3 0 53 79 69 29 23 49 17 97 78 9 41 37 64 64 26 18 81 63 10 59
63 64 9 22 30 64 11 4 85 23 35 52 15 16 68 82 94 51 14 62 15 53 0 78 79 77 87 9 7 41 78 93 88 1 2 96 96 21 53 8 52 3
99 31 7 89 39 56 96 37 43 90 20 7 41 27 63 18 5 63 2 66 24 79 78 0 45 14 98 46 14 43 80 6 20 23 71 7 63 77 61 7 28 8
33 22 62 72 49 92 70 32 76 51 67 100 15 66 98 46 93 86 98 46 89 69 79 45 0 33 69 38 29 54 4 25 62 67 81 35 49 46 71 89 52 81
85 66 9 93 26 14 90 38 71 5 80 62 9 72 78 6 97 33 97 33 65 29 77 14 33 0 90 63 8 70 78 16 23 30 21 60 36 46 30 52 25 2
100 46 98 95 28 21 10 87 56 47 76 34 87 89 82 77 99 90 20 85 51 23 87 98 69 90 0 15 85 6 46 69 51 92 43 98 95 22 87 63 17 30
19 1 39 61 87 81 7 38 43 5 59 49 60 39 22 79 1 16 54 26 3 49 9 46 38 63 15 0 78 33 30 25 19 72 13 49 7 31 77 64 42 68
65 84 77 61 49 33 5 14 79 51 18 68 33 30 89 29 43 21 12 86 18 17 7 14 29 8 85 78 0 82 73 94 26 5 25 43 92 3 41 67 88 12
81 85 48 67 1 6 62 49 81 77 46 18 54 32 52 36 74 87 29 92 30 97 41 43 54 70 6 33 82 0 27 50 64 51 90 91 73 46 36 92 58 24
52 18 37 5 98 48 40 62 79 34 75 23 62 77 62 46 65 79 62 52 72 78 78 80 4 78 46 30 73 27 0 0 51 39 13 92 75 84 50 22 21 60
49 73 46 0 48 31 41 38 74 88 66 2 84 52 98 63 77 56 94 7 5 9 93 6 25 16 69 25 94 50 0 0 33 92 0 72 22 85 56 55 1 9
79 55 56 59 46 23 61 13 8 32 94 79 32 52 21 98 15 95 54 64 30 41 88 20 62 23 51 19 26 64 51 33 0 53 92 5 72 74 25 19 73 17
27 92 13 81 66 79 15 25 82 68 73 48 67 20 57 29 52 75 90 12 0 37 1 23 67 30 92 72 5 51 39 92 53 0 18 55 45 32 97 92 76 45
85 6 27 19 28 64 60 63 73 60 46 3 57 40 31 13 58 18 25 52 23 64 2 71 81 21 43 13 25 90 13 0 92 18 0 79 14 89 30 22 40 19
21 26 90 61 27 18 91 10 15 64 86 29 44 7 65 87 47 51 26 9 29 64 96 7 35 60 98 49 43 91 92 72 5 55 79 0 62 100 60 72 74 2
48 14 32 12 69 49 78 13 19 46 70 28 68 66 32 99 41 55 47 73 1 26 96 63 49 36 95 7 92 73 75 22 72 45 14 62 0 47 98 99 43 99
52 87 84 37 33 64 90 48 13 12 61 84 66 14 40 20 27 64 52 82 75 18 21 77 46 46 22 31 3 46 84 85 74 32 89 100 47 0 84 96 82 62
81 30 16 24 33 49 61 33 34 42 89 23 30 31 68 30 7 72 88 77 0 81 53 61 71 30 87 77 41 36 50 56 25 97 30 60 98 84 0 99 24 29
99 3 28 34 55 21 63 61 34 88 3 89 29 42 82 99 19 15 31 47 57 63 8 7 89 52 63 64 67 92 22 55 19 92 22 72 99 96 99 0 77 73
6 87 44 70 94 45 85 71 35 40 80 68 48 71 96 91 92 96 11 73 55 10 52 28 52 25 17 42 88 58 21 1 73 76 40 74 43 82 24 77 0 92
100 16 38 32 33 57 73 86 18 63 24 97 55 72 4 16 39 27 88 2 59 59 3 8 81 2 30 68 12 24 60 9 17 45 19 2 99 62 29 73 92 0
BRBRRRRBBBBRRRRBBBBBBBRBRBBRBRRBRBBBRRRRRR
