50
0	1	7	37	95	97	13	71	65	15	12	90	10	2	70	59	75	28	40	62	23	99	20	66	26	99	69	69	22	19	68	71	28	58	32	73	76	52	5	87	92	41	44	58	96	92	18	12	79	14
1	0	59	68	63	71	47	84	65	6	29	43	80	48	89	52	74	81	89	91	26	76	89	96	95	86	11	70	23	65	91	2	67	100	1	69	5	35	3	24	65	8	23	73	6	73	93	85	27	1
7	59	0	1	18	10	18	80	88	93	0	15	99	19	33	90	77	50	69	13	56	28	6	41	32	20	1	59	11	12	25	15	49	74	8	3	87	51	92	1	12	97	86	83	20	70	54	85	1	22
37	68	1	0	71	82	14	71	64	75	57	76	94	80	99	67	41	85	100	54	50	80	59	96	61	99	91	17	81	19	29	48	82	35	14	68	8	78	38	36	95	19	73	72	71	81	88	1	52	90
95	63	18	71	0	1	66	37	76	80	10	1	57	55	36	2	100	57	84	46	40	15	45	11	44	25	75	81	4	58	81	58	41	60	53	82	9	21	9	22	82	47	94	14	36	86	75	1	8	80
97	71	10	82	1	0	34	14	97	76	76	71	12	32	50	54	5	32	56	71	98	79	3	59	76	66	77	19	78	75	55	31	8	61	94	14	9	62	92	83	28	71	64	1	92	1	30	61	27	49
13	47	18	14	66	34	0	1	97	46	66	34	51	74	66	16	56	17	61	54	38	83	52	77	10	24	96	56	35	17	19	89	99	89	91	29	37	17	85	31	52	15	41	47	1	1	36	53	58	7
71	84	80	71	37	14	1	0	99	24	8	94	28	22	8	41	60	83	95	54	62	50	19	46	97	75	78	11	36	90	12	13	45	50	67	97	7	9	96	91	69	21	74	1	82	62	35	20	61	2
65	65	88	64	76	97	97	99	0	1	49	41	100	38	46	75	49	95	63	67	78	74	88	11	45	43	56	18	35	93	65	10	58	74	2	81	31	44	4	26	52	10	67	1	96	14	76	7	60	55
15	6	93	75	80	76	46	24	1	0	2	40	85	14	30	4	66	1	58	18	59	47	57	72	98	38	82	84	76	90	86	51	82	36	64	59	37	52	74	75	20	1	39	33	16	54	90	23	81	25
12	29	0	57	10	76	66	8	49	2	0	1	75	89	40	47	49	83	3	56	28	85	56	99	2	6	20	55	87	23	69	1	19	74	34	27	64	35	51	74	1	46	70	37	87	61	38	47	27	24
90	43	15	76	1	71	34	94	41	40	1	0	52	89	40	23	74	80	87	86	7	75	91	81	69	16	94	50	90	69	50	89	68	41	80	82	31	81	29	1	46	45	6	99	29	77	29	46	28	82
10	80	99	94	57	12	51	28	100	85	75	52	0	1	12	24	48	1	81	96	49	17	55	98	7	42	60	27	53	54	88	89	88	44	54	98	13	10	1	67	42	77	22	28	29	21	16	95	4	70
2	48	19	80	55	32	74	22	38	14	89	89	1	0	90	71	13	21	19	66	92	95	6	63	20	51	21	54	61	76	12	87	57	49	38	33	28	1	84	64	2	26	9	73	75	26	16	94	42	71
70	89	33	99	36	50	66	8	46	30	40	40	12	90	0	1	4	69	25	96	23	88	71	91	63	90	50	9	15	11	4	28	79	57	33	41	1	99	62	5	66	33	36	64	71	73	15	78	59	70
59	52	90	67	2	54	16	41	75	4	47	23	24	71	1	0	34	11	2	59	58	64	47	61	5	24	62	37	34	80	77	87	1	18	71	1	88	90	93	55	62	11	90	32	45	91	75	34	39	2
75	74	77	41	100	5	56	60	49	66	49	74	48	13	4	34	0	1	16	46	77	62	21	22	52	19	99	67	38	31	6	33	92	60	84	1	45	27	32	80	4	85	80	23	49	20	57	34	57	32
28	81	50	85	57	32	17	83	95	1	83	80	1	21	69	11	1	0	89	81	88	9	20	33	89	100	15	39	99	32	96	53	75	1	42	76	18	80	100	34	68	29	92	92	70	13	0	18	53	70
40	89	69	100	84	56	61	95	63	58	3	87	81	19	25	2	16	89	0	1	34	46	93	45	13	72	68	16	13	86	33	20	1	53	61	74	35	85	83	35	27	14	46	7	91	0	4	3	11	40
62	91	13	54	46	71	54	54	67	18	56	86	96	66	96	59	46	81	1	0	14	16	57	50	77	1	28	28	5	5	80	1	39	72	55	98	26	68	24	53	12	72	59	88	1	18	81	29	95	14
23	26	56	50	40	98	38	62	78	59	28	7	49	92	23	58	77	88	34	14	0	1	100	68	18	93	49	42	91	5	1	19	75	35	90	34	21	7	16	53	80	72	46	89	51	2	91	30	11	45
99	76	28	80	15	79	83	50	74	47	85	75	17	95	88	64	62	9	46	16	1	0	55	61	21	67	71	51	10	1	89	32	25	42	40	22	46	74	21	20	68	90	1	23	27	87	49	21	93	5
20	89	6	59	45	3	52	19	88	57	56	91	55	6	71	47	21	20	93	57	100	55	0	1	79	41	40	17	1	62	100	39	12	83	36	14	26	36	97	36	21	16	81	52	73	26	31	46	90	85
66	96	41	96	11	59	77	46	11	72	99	81	98	63	91	61	22	33	45	50	68	61	1	0	5	30	52	1	16	30	91	71	70	1	73	85	72	75	50	90	64	60	73	85	9	98	24	5	0	32
26	95	32	61	44	76	10	97	45	98	2	69	7	20	63	5	52	89	13	77	18	21	79	5	0	1	1	32	64	35	10	74	23	88	81	42	69	85	49	75	79	98	89	30	52	39	70	45	4	95
99	86	20	99	25	66	24	75	43	38	6	16	42	51	90	24	19	100	72	1	93	67	41	30	1	0	52	16	8	71	14	96	63	94	20	42	4	18	78	53	58	5	33	10	63	75	75	36	54	77
69	11	1	91	75	77	96	78	56	82	20	94	60	21	50	62	99	15	68	28	49	71	40	52	1	52	0	1	64	10	14	34	22	70	77	89	84	5	21	63	74	55	6	76	81	54	84	50	82	92
69	70	59	17	81	19	56	11	18	84	55	50	27	54	9	37	67	39	16	28	42	51	17	1	32	16	1	0	95	93	66	68	85	12	84	32	100	96	39	1	91	87	59	60	2	20	99	55	25	32
22	23	11	81	4	78	35	36	35	76	87	90	53	61	15	34	38	99	13	5	91	10	1	16	64	8	64	95	0	1	6	30	45	98	89	11	10	50	90	61	90	85	66	83	91	93	27	60	20	40
19	65	12	19	58	75	17	90	93	90	23	69	54	76	11	80	31	32	86	5	5	1	62	30	35	71	10	93	1	0	22	7	19	9	87	87	62	55	100	99	36	66	90	24	66	42	14	1	32	68
68	91	25	29	81	55	19	12	65	86	69	50	88	12	4	77	6	96	33	80	1	89	100	91	10	14	14	66	6	22	0	1	9	1	85	58	39	7	10	77	2	19	96	44	89	33	0	72	22	37
71	2	15	48	58	31	89	13	10	51	1	89	89	87	28	87	33	53	20	1	19	32	39	71	74	96	34	68	30	7	1	0	25	72	46	63	99	19	15	98	8	51	89	98	78	31	1	60	45	60
28	67	49	82	41	8	99	45	58	82	19	68	88	57	79	1	92	75	1	39	75	25	12	70	23	63	22	85	45	19	9	25	0	1	23	13	86	20	26	8	39	18	79	18	99	24	58	95	59	54
58	100	74	35	60	61	89	50	74	36	74	41	44	49	57	18	60	1	53	72	35	42	83	1	88	94	70	12	98	9	1	72	1	0	18	58	44	83	68	56	67	73	40	90	36	14	4	32	63	23
32	1	8	14	53	94	91	67	2	64	34	80	54	38	33	71	84	42	61	55	90	40	36	73	81	20	77	84	89	87	85	46	23	18	0	1	45	88	28	28	76	10	91	96	15	17	75	2	90	17
73	69	3	68	82	14	29	97	81	59	27	82	98	33	41	1	1	76	74	98	34	22	14	85	42	42	89	32	11	87	58	63	13	58	1	0	94	92	3	48	25	77	53	49	55	5	1	72	78	88
76	5	87	8	9	9	37	7	31	37	64	31	13	28	1	88	45	18	35	26	21	46	26	72	69	4	84	100	10	62	39	99	86	44	45	94	0	1	47	25	23	23	4	37	76	81	42	92	81	39
52	35	51	78	21	62	17	9	44	52	35	81	10	1	99	90	27	80	85	68	7	74	36	75	85	18	5	96	50	55	7	19	20	83	88	92	1	0	23	10	4	42	74	89	50	77	25	96	46	39
5	3	92	38	9	92	85	96	4	74	51	29	1	84	62	93	32	100	83	24	16	21	97	50	49	78	21	39	90	100	10	15	26	68	28	3	47	23	0	1	93	75	32	55	67	45	23	56	32	94
87	24	1	36	22	83	31	91	26	75	74	1	67	64	5	55	80	34	35	53	53	20	36	90	75	53	63	1	61	99	77	98	8	56	28	48	25	10	1	0	27	81	75	55	5	99	9	27	13	3
92	65	12	95	82	28	52	69	52	20	1	46	42	2	66	62	4	68	27	12	80	68	21	64	79	58	74	91	90	36	2	8	39	67	76	25	23	4	93	27	0	1	50	41	58	26	25	38	64	10
41	8	97	19	47	71	15	21	10	1	46	45	77	26	33	11	85	29	14	72	72	90	16	60	98	5	55	87	85	66	19	51	18	73	10	77	23	42	75	81	1	0	23	31	75	2	2	21	41	92
44	23	86	73	94	64	41	74	67	39	70	6	22	9	36	90	80	92	46	59	46	1	81	73	89	33	6	59	66	90	96	89	79	40	91	53	4	74	32	75	50	23	0	1	86	64	28	25	86	82
58	73	83	72	14	1	47	1	1	33	37	99	28	73	64	32	23	92	7	88	89	23	52	85	30	10	76	60	83	24	44	98	18	90	96	49	37	89	55	55	41	31	1	0	87	0	78	48	13	80
96	6	20	71	36	92	1	82	96	16	87	29	29	75	71	45	49	70	91	1	51	27	73	9	52	63	81	2	91	66	89	78	99	36	15	55	76	50	67	5	58	75	86	87	0	1	57	0	74	22
92	73	70	81	86	1	1	62	14	54	61	77	21	26	73	91	20	13	0	18	2	87	26	98	39	75	54	20	93	42	33	31	24	14	17	5	81	77	45	99	26	2	64	0	1	0	65	17	49	82
18	93	54	88	75	30	36	35	76	90	38	29	16	16	15	75	57	0	4	81	91	49	31	24	70	75	84	99	27	14	0	1	58	4	75	1	42	25	23	9	25	2	28	78	57	65	0	1	60	19
12	85	85	1	1	61	53	20	7	23	47	46	95	94	78	34	34	18	3	29	30	21	46	5	45	36	50	55	60	1	72	60	95	32	2	72	92	96	56	27	38	21	25	48	0	17	1	0	8	50
79	27	1	52	8	27	58	61	60	81	27	28	4	42	59	39	57	53	11	95	11	93	90	0	4	54	82	25	20	32	22	45	59	63	90	78	81	46	32	13	64	41	86	13	74	49	60	8	0	1
14	1	22	90	80	49	7	2	55	25	24	82	70	71	70	2	32	70	40	14	45	5	85	32	95	77	92	32	40	68	37	60	54	23	17	88	39	39	94	3	10	92	82	80	22	82	19	50	1	0
RBRBRBRBRBRBRBRBRBRBRBRBRBRBRBRBRBRBRBRBRBRBRBRBRB