50
0 59 87 69 14 34 29 73 69 88 26 98 12 67 73 8 63 72 31 74 76 15 73 50 52 57 98 66 94 85 21 96 35 79 52 25 74 100 58 65 25 38 88 91 19 14 11 56 89 51 
59 0 75 24 86 55 4 52 40 21 64 29 26 65 55 6 5 53 5 80 21 4 6 93 41 5 46 18 49 68 9 21 87 23 92 37 21 23 29 60 6 59 66 23 97 37 52 49 26 84 
87 75 0 98 45 17 22 3 33 50 33 35 0 5 1 31 96 97 45 61 11 35 62 84 51 84 10 93 33 31 7 0 92 4 68 21 63 32 49 29 26 43 3 17 88 2 32 94 69 63 
69 24 98 0 81 56 19 73 97 7 15 59 4 76 22 7 23 15 29 4 62 45 13 36 29 14 72 99 19 95 55 72 68 67 8 94 2 45 39 29 55 36 52 12 57 39 12 76 8 66 
14 86 45 81 0 36 57 74 58 98 52 47 3 18 27 54 87 84 30 53 69 65 74 46 82 15 69 27 54 26 22 99 26 48 0 6 13 62 85 84 78 72 13 80 10 31 19 97 99 94 
34 55 17 56 36 0 34 95 22 10 75 90 14 14 27 51 76 74 88 95 22 79 77 64 77 52 40 28 92 97 45 79 87 32 60 1 61 69 64 70 79 58 82 92 20 53 72 47 53 67 
29 4 22 19 57 34 0 53 32 0 9 12 18 73 83 94 18 100 53 14 9 63 38 39 63 97 14 51 61 62 59 96 59 1 24 36 20 13 85 9 3 85 83 1 92 98 12 100 29 83 
73 52 3 73 74 95 53 0 85 29 67 99 21 4 51 91 28 83 27 4 88 49 94 45 71 86 91 10 28 95 25 6 55 40 21 61 52 14 77 46 7 96 94 5 4 96 86 77 94 32 
69 40 33 97 58 22 32 85 0 27 20 40 88 18 12 95 28 10 10 87 79 52 13 38 96 2 33 11 4 50 31 33 13 32 20 88 81 44 26 64 91 61 63 15 53 20 96 70 23 45 
88 21 50 7 98 10 0 29 27 0 95 33 10 78 43 92 89 48 74 85 28 29 41 38 27 41 28 19 1 4 94 46 49 84 17 21 72 75 23 31 49 98 90 84 27 30 76 55 2 60 
26 64 33 15 52 75 9 67 20 95 0 9 84 8 18 48 3 58 38 9 14 45 74 45 9 17 53 20 5 88 28 17 88 27 58 38 92 76 69 34 64 45 50 21 29 38 72 64 84 8 
98 29 35 59 47 90 12 99 40 33 9 0 19 45 45 83 49 4 9 100 53 63 34 91 42 16 96 48 33 52 28 29 70 84 69 76 79 27 4 81 39 66 43 32 51 47 33 86 66 80 
12 26 0 4 3 14 18 21 88 10 84 19 0 33 11 71 17 89 27 22 34 1 80 20 95 75 17 43 6 21 92 1 57 14 69 25 61 98 87 15 75 53 38 23 0 42 87 1 89 86 
67 65 5 76 18 14 73 4 18 78 8 45 33 0 29 94 80 83 70 82 54 39 28 6 24 100 2 86 6 38 51 3 74 55 74 0 75 2 74 4 28 66 22 36 55 67 40 57 63 0 
73 55 1 22 27 27 83 51 12 43 18 45 11 29 0 65 84 98 37 24 84 40 47 72 99 67 26 4 82 25 91 84 79 87 72 59 86 56 40 27 59 43 73 17 4 61 78 29 23 33 
8 6 31 7 54 51 94 91 95 92 48 83 71 94 65 0 52 38 90 18 99 70 43 55 27 72 64 32 72 100 34 37 20 98 54 59 4 8 48 93 50 73 56 96 17 97 22 79 10 50 
63 5 96 23 87 76 18 28 28 89 3 49 17 80 84 52 0 67 32 60 80 68 16 3 71 25 69 49 78 76 36 53 40 66 1 55 24 82 46 75 64 87 6 68 8 18 23 23 78 39 
72 53 97 15 84 74 100 83 10 48 58 4 89 83 98 38 67 0 21 12 83 53 56 31 21 54 4 44 46 96 25 51 78 1 15 87 41 39 28 65 41 41 79 53 31 6 24 48 67 7 
31 5 45 29 30 88 53 27 10 74 38 9 27 70 37 90 32 21 0 20 8 28 11 28 1 47 33 4 45 0 59 93 85 39 91 93 97 48 98 88 54 57 42 78 77 68 9 67 58 20 
74 80 61 4 53 95 14 4 87 85 9 100 22 82 24 18 60 12 20 0 51 51 54 7 54 30 37 50 88 6 74 14 49 23 38 67 12 57 92 8 43 69 92 6 73 8 42 93 58 29 
76 21 11 62 69 22 9 88 79 28 14 53 34 54 84 99 80 83 8 51 0 96 96 39 47 41 87 61 88 48 39 16 92 94 60 5 1 2 11 20 4 12 82 96 63 8 54 74 87 48 
15 4 35 45 65 79 63 49 52 29 45 63 1 39 40 70 68 53 28 51 96 0 92 42 58 83 36 37 70 14 27 24 0 99 79 6 96 39 73 11 19 13 43 82 87 24 50 95 6 99 
73 6 62 13 74 77 38 94 13 41 74 34 80 28 47 43 16 56 11 54 96 92 0 46 58 56 32 2 50 100 6 53 5 89 47 61 5 84 51 83 55 83 58 84 52 42 0 16 19 42 
50 93 84 36 46 64 39 45 38 38 45 91 20 6 72 55 3 31 28 7 39 42 46 0 84 37 91 94 21 33 40 31 71 59 94 24 99 82 92 69 95 52 79 80 65 85 40 90 36 19 
52 41 51 29 82 77 63 71 96 27 9 42 95 24 99 27 71 21 1 54 47 58 58 84 0 42 68 1 86 22 7 77 60 46 84 59 2 93 27 98 16 56 22 91 97 17 7 29 12 64 
57 5 84 14 15 52 97 86 2 41 17 16 75 100 67 72 25 54 47 30 41 83 56 37 42 0 63 84 63 0 37 22 13 19 98 45 92 24 76 95 85 33 52 81 32 69 66 60 58 58 
98 46 10 72 69 40 14 91 33 28 53 96 17 2 26 64 69 4 33 37 87 36 32 91 68 63 0 14 13 42 36 50 70 60 5 56 75 82 72 13 50 92 31 37 94 66 7 17 14 2 
66 18 93 99 27 28 51 10 11 19 20 48 43 86 4 32 49 44 4 50 61 37 2 94 1 84 14 0 15 14 22 63 61 11 51 67 77 52 79 16 86 55 61 24 100 23 51 8 79 44 
94 49 33 19 54 92 61 28 4 1 5 33 6 6 82 72 78 46 45 88 88 70 50 21 86 63 13 15 0 18 54 84 88 51 82 0 12 89 18 60 78 0 16 61 47 100 76 87 56 0 
85 68 31 95 26 97 62 95 50 4 88 52 21 38 25 100 76 96 0 6 48 14 100 33 22 0 42 14 18 0 41 26 53 46 31 36 83 86 81 74 76 43 3 48 87 93 42 35 56 27 
21 9 7 55 22 45 59 25 31 94 28 28 92 51 91 34 36 25 59 74 39 27 6 40 7 37 36 22 54 41 0 36 10 6 41 39 11 91 19 28 94 83 0 5 5 72 74 59 27 2 
96 21 0 72 99 79 96 6 33 46 17 29 1 3 84 37 53 51 93 14 16 24 53 31 77 22 50 63 84 26 36 0 97 36 75 84 58 51 54 13 95 13 89 38 22 39 28 94 22 4 
35 87 92 68 26 87 59 55 13 49 88 70 57 74 79 20 40 78 85 49 92 0 5 71 60 13 70 61 88 53 10 97 0 62 34 73 80 4 100 48 51 61 47 12 23 62 83 78 22 52 
79 23 4 67 48 32 1 40 32 84 27 84 14 55 87 98 66 1 39 23 94 99 89 59 46 19 60 11 51 46 6 36 62 0 15 3 61 92 78 63 24 43 83 13 71 57 87 21 47 54 
52 92 68 8 0 60 24 21 20 17 58 69 69 74 72 54 1 15 91 38 60 79 47 94 84 98 5 51 82 31 41 75 34 15 0 89 69 10 73 86 80 19 100 17 76 60 58 73 20 50 
25 37 21 94 6 1 36 61 88 21 38 76 25 0 59 59 55 87 93 67 5 6 61 24 59 45 56 67 0 36 39 84 73 3 89 0 70 80 60 0 90 34 12 56 30 21 4 46 42 76 
74 21 63 2 13 61 20 52 81 72 92 79 61 75 86 4 24 41 97 12 1 96 5 99 2 92 75 77 12 83 11 58 80 61 69 70 0 80 63 67 100 52 96 16 16 88 29 22 11 5 
100 23 32 45 62 69 13 14 44 75 76 27 98 2 56 8 82 39 48 57 2 39 84 82 93 24 82 52 89 86 91 51 4 92 10 80 80 0 30 61 73 27 74 62 31 75 79 49 84 49 
58 29 49 39 85 64 85 77 26 23 69 4 87 74 40 48 46 28 98 92 11 73 51 92 27 76 72 79 18 81 19 54 100 78 73 60 63 30 0 65 69 57 37 24 16 32 11 35 30 38 
65 60 29 29 84 70 9 46 64 31 34 81 15 4 27 93 75 65 88 8 20 11 83 69 98 95 13 16 60 74 28 13 48 63 86 0 67 61 65 0 64 15 29 35 59 71 95 34 40 33 
25 6 26 55 78 79 3 7 91 49 64 39 75 28 59 50 64 41 54 43 4 19 55 95 16 85 50 86 78 76 94 95 51 24 80 90 100 73 69 64 0 66 59 24 38 43 94 13 47 30 
38 59 43 36 72 58 85 96 61 98 45 66 53 66 43 73 87 41 57 69 12 13 83 52 56 33 92 55 0 43 83 13 61 43 19 34 52 27 57 15 66 0 19 2 14 71 14 22 63 1 
88 66 3 52 13 82 83 94 63 90 50 43 38 22 73 56 6 79 42 92 82 43 58 79 22 52 31 61 16 3 0 89 47 83 100 12 96 74 37 29 59 19 0 66 36 74 25 75 59 61 
91 23 17 12 80 92 1 5 15 84 21 32 23 36 17 96 68 53 78 6 96 82 84 80 91 81 37 24 61 48 5 38 12 13 17 56 16 62 24 35 24 2 66 0 65 28 77 48 42 78 
19 97 88 57 10 20 92 4 53 27 29 51 0 55 4 17 8 31 77 73 63 87 52 65 97 32 94 100 47 87 5 22 23 71 76 30 16 31 16 59 38 14 36 65 0 38 42 57 22 8 
14 37 2 39 31 53 98 96 20 30 38 47 42 67 61 97 18 6 68 8 8 24 42 85 17 69 66 23 100 93 72 39 62 57 60 21 88 75 32 71 43 71 74 28 38 0 29 1 1 37 
11 52 32 12 19 72 12 86 96 76 72 33 87 40 78 22 23 24 9 42 54 50 0 40 7 66 7 51 76 42 74 28 83 87 58 4 29 79 11 95 94 14 25 77 42 29 0 53 31 4 
56 49 94 76 97 47 100 77 70 55 64 86 1 57 29 79 23 48 67 93 74 95 16 90 29 60 17 8 87 35 59 94 78 21 73 46 22 49 35 34 13 22 75 48 57 1 53 0 18 46 
89 26 69 8 99 53 29 94 23 2 84 66 89 63 23 10 78 67 58 58 87 6 19 36 12 58 14 79 56 56 27 22 22 47 20 42 11 84 30 40 47 63 59 42 22 1 31 18 0 11 
51 84 63 66 94 67 83 32 45 60 8 80 86 0 33 50 39 7 20 29 48 99 42 19 64 58 2 44 0 27 2 4 52 54 50 76 5 49 38 33 30 1 61 78 8 37 4 46 11 0 
BRBBRRRBBBRBRBRRRBRRBRRBRBRBRRBBRBRBBBRBRBRRRRBBBB