50
0 38 76 62 80 72 92 81 55 55 72 86 63 96 65 65 81 82 95 95 93 70 72 91 56 73 74 86 71 64 92 90 85 84 55 84 67 52 79 51 54 75 64 91 72 76 56 91 99 82
38 0 27 99 55 91 65 93 88 99 51 82 83 76 58 63 98 67 72 87 92 57 59 98 68 54 87 94 69 51 74 51 72 89 57 83 59 55 57 97 77 88 59 72 92 55 100 68 78 96
76 27 0 21 65 61 70 55 76 68 59 81 90 88 83 93 57 67 51 65 96 91 56 92 87 99 68 75 53 52 99 75 76 100 70 52 68 55 54 53 83 78 92 71 51 59 91 62 68 85
62 99 21 0 43 98 68 65 72 85 76 80 70 89 93 83 58 53 99 73 67 97 63 88 93 83 80 93 88 69 77 52 99 72 71 91 68 98 59 86 70 55 70 59 96 90 80 61 56 74
80 55 65 43 0 9 76 53 87 94 53 61 64 94 53 97 98 94 98 55 71 72 78 71 94 72 80 60 83 72 90 95 80 61 84 76 76 54 77 61 68 71 61 69 88 91 63 87 77 83
72 91 61 98 9 0 44 60 96 93 61 85 89 89 85 93 83 80 75 82 71 97 88 83 95 95 68 66 75 80 94 88 54 55 51 99 55 51 75 96 62 100 66 75 63 82 78 69 59 66
92 65 70 68 76 44 0 41 60 78 57 90 88 96 62 76 56 54 80 64 79 64 98 54 73 97 72 56 87 67 61 55 69 84 71 72 67 78 89 85 85 83 58 83 56 100 87 72 55 62
81 93 55 65 53 60 41 0 9 65 77 44 90 24 19 45 63 24 88 19 85 21 99 86 53 18 28 33 47 15 67 74 4 1 53 0 65 74 1 14 0 28 15 97 88 69 19 94 50 19
55 88 76 72 87 96 60 9 0 79 13 91 70 9 5 17 92 43 100 91 47 45 82 50 14 54 53 27 80 60 82 78 79 87 1 20 45 80 54 24 46 83 17 87 61 96 69 22 22 34
55 99 68 85 94 93 78 65 79 0 83 10 34 29 49 2 45 9 94 42 93 17 1 60 30 38 84 49 78 7 51 46 54 37 33 30 10 62 87 90 41 83 48 32 8 55 56 54 12 24
72 51 59 76 53 61 57 77 13 83 0 62 51 73 68 63 15 39 26 7 72 59 46 19 57 44 49 26 61 47 39 86 38 73 1 80 13 73 75 52 100 67 13 89 62 9 44 78 44 93
86 82 81 80 61 85 90 44 91 10 62 0 15 23 38 27 10 69 22 88 28 73 84 25 93 12 44 61 49 38 28 35 28 33 63 53 18 33 94 75 39 21 77 80 13 82 53 94 82 4
63 83 90 70 64 89 88 90 70 34 51 15 0 80 82 98 83 31 8 91 51 97 51 87 26 29 63 72 20 11 11 93 37 63 90 66 78 34 98 64 31 32 96 3 0 54 74 13 98 34
96 76 88 89 94 89 96 24 9 29 73 23 80 0 80 72 66 69 47 6 30 36 38 85 2 40 95 18 36 41 91 99 42 44 57 55 52 73 81 12 50 88 8 67 85 83 68 2 23 26
65 58 83 93 53 85 62 19 5 49 68 38 82 80 0 96 78 65 36 31 28 29 82 21 61 76 19 15 28 88 10 53 91 98 93 36 89 83 18 58 32 28 72 5 85 93 99 49 75 60
65 63 93 83 97 93 76 45 17 2 63 27 98 72 96 0 78 100 14 39 82 61 28 36 44 25 20 27 100 94 20 15 51 16 65 78 26 33 75 20 27 27 49 11 54 36 28 43 38 10
81 98 57 58 98 83 56 63 92 45 15 10 83 66 78 78 0 55 49 65 40 44 35 57 60 18 33 42 39 13 89 79 15 95 43 50 79 70 28 29 90 27 49 26 50 12 21 70 11 3
82 67 67 53 94 80 54 24 43 9 39 69 31 69 65 100 55 0 28 78 40 97 35 82 99 11 9 44 20 20 98 74 98 65 36 89 34 58 55 40 45 33 89 89 51 74 13 44 94 84
95 72 51 99 98 75 80 88 100 94 26 22 8 47 36 14 49 28 0 46 76 2 0 31 60 58 71 65 12 62 91 35 18 27 5 88 50 86 28 67 88 6 60 100 6 92 1 49 84 26
95 87 65 73 55 82 64 19 91 42 7 88 91 6 31 39 65 78 46 0 81 1 68 99 72 22 82 84 50 40 67 11 13 52 64 40 93 8 2 80 22 32 45 15 43 66 81 91 62 94
93 92 96 67 71 71 79 85 47 93 72 28 51 30 28 82 40 40 76 81 0 11 95 63 64 50 38 89 65 65 60 68 63 49 56 39 74 38 55 34 65 33 55 46 14 79 16 8 84 75
70 57 91 97 72 97 64 21 45 17 59 73 97 36 29 61 44 97 2 1 11 0 16 34 49 94 80 99 50 85 34 74 26 12 60 67 19 39 10 10 34 16 37 23 16 34 23 7 71 88
72 59 56 63 78 88 98 99 82 1 46 84 51 38 82 28 35 35 0 68 95 16 0 24 69 62 73 93 92 53 48 17 57 65 32 95 61 99 68 36 66 31 6 7 21 19 20 56 72 59
91 98 92 88 71 83 54 86 50 60 19 25 87 85 21 36 57 82 31 99 63 34 24 0 54 60 52 54 26 69 69 70 50 26 84 92 62 59 48 98 38 41 57 95 32 83 100 24 38 61
56 68 87 93 94 95 73 53 14 30 57 93 26 2 61 44 60 99 60 72 64 49 69 54 0 78 37 83 73 13 15 64 70 3 32 90 89 18 22 42 43 28 74 3 63 84 26 39 50 26
73 54 99 83 72 95 97 18 54 38 44 12 29 40 76 25 18 11 58 22 50 94 62 60 78 0 19 20 17 80 57 93 24 77 0 1 83 62 91 58 15 4 41 12 63 19 92 98 88 0
74 87 68 80 80 68 72 28 53 84 49 44 63 95 19 20 33 9 71 82 38 80 73 52 37 19 0 65 81 79 77 83 79 18 22 34 50 91 26 64 7 9 84 34 28 32 55 37 3 93
86 94 75 93 60 66 56 33 27 49 26 61 72 18 15 27 42 44 65 84 89 99 93 54 83 20 65 0 15 24 31 87 71 73 68 71 26 51 16 83 30 32 15 47 71 49 27 12 62 69
71 69 53 88 83 75 87 47 80 78 61 49 20 36 28 100 39 20 12 50 65 50 92 26 73 17 81 15 0 78 97 31 10 55 37 24 82 21 4 2 26 73 76 36 64 63 85 85 50 24
64 51 52 69 72 80 67 15 60 7 47 38 11 41 88 94 13 20 62 40 65 85 53 69 13 80 79 24 78 0 27 72 23 47 80 94 52 10 43 5 88 45 41 63 42 52 54 97 25 28
92 74 99 77 90 94 61 67 82 51 39 28 11 91 10 20 89 98 91 67 60 34 48 69 15 57 77 31 97 27 0 61 88 76 23 19 63 25 16 52 39 100 43 31 59 75 91 32 4 12
90 51 75 52 95 88 55 74 78 46 86 35 93 99 53 15 79 74 35 11 68 74 17 70 64 93 83 87 31 72 61 0 56 73 66 14 33 86 74 5 100 30 13 58 40 56 73 37 96 62
85 72 76 99 80 54 69 4 79 54 38 28 37 42 91 51 15 98 18 13 63 26 57 50 70 24 79 71 10 23 88 56 0 28 39 31 99 95 44 53 59 76 67 7 72 98 96 59 82 38
84 89 100 72 61 55 84 1 87 37 73 33 63 44 98 16 95 65 27 52 49 12 65 26 3 77 18 73 55 47 76 73 28 0 57 9 33 21 96 4 75 77 67 55 39 83 51 91 17 27
55 57 70 71 84 51 71 53 1 33 1 63 90 57 93 65 43 36 5 64 56 60 32 84 32 0 22 68 37 80 23 66 39 57 0 57 8 78 19 80 100 67 4 91 74 90 77 53 68 34
84 83 52 91 76 99 72 0 20 30 80 53 66 55 36 78 50 89 88 40 39 67 95 92 90 1 34 71 24 94 19 14 31 9 57 0 13 60 24 6 68 65 61 7 81 19 79 31 67 16
67 59 68 68 76 55 67 65 45 10 13 18 78 52 89 26 79 34 50 93 74 19 61 62 89 83 50 26 82 52 63 33 99 33 8 13 0 100 53 88 25 2 71 37 30 80 68 98 70 75
52 55 55 98 54 51 78 74 80 62 73 33 34 73 83 33 70 58 86 8 38 39 99 59 18 62 91 51 21 10 25 86 95 21 78 60 100 0 70 51 77 57 60 2 60 97 100 78 76 76
79 57 54 59 77 75 89 1 54 87 75 94 98 81 18 75 28 55 28 2 55 10 68 48 22 91 26 16 4 43 16 74 44 96 19 24 53 70 0 90 18 11 96 98 31 10 18 24 20 22
51 97 53 86 61 96 85 14 24 90 52 75 64 12 58 20 29 40 67 80 34 10 36 98 42 58 64 83 2 5 52 5 53 4 80 6 88 51 90 0 80 37 89 22 87 56 98 74 31 66
54 77 83 70 68 62 85 0 46 41 100 39 31 50 32 27 90 45 88 22 65 34 66 38 43 15 7 30 26 88 39 100 59 75 100 68 25 77 18 80 0 26 37 96 60 97 62 40 33 40
75 88 78 55 71 100 83 28 83 83 67 21 32 88 28 27 27 33 6 32 33 16 31 41 28 4 9 32 73 45 100 30 76 77 67 65 2 57 11 37 26 0 57 30 40 26 62 81 66 49
64 59 92 70 61 66 58 15 17 48 13 77 96 8 72 49 49 89 60 45 55 37 6 57 74 41 84 15 76 41 43 13 67 67 4 61 71 60 96 89 37 57 0 17 74 18 5 44 37 62
91 72 71 59 69 75 83 97 87 32 89 80 3 67 5 11 26 89 100 15 46 23 7 95 3 12 34 47 36 63 31 58 7 55 91 7 37 2 98 22 96 30 17 0 51 0 29 37 62 21
72 92 51 96 88 63 56 88 61 8 62 13 0 85 85 54 50 51 6 43 14 16 21 32 63 63 28 71 64 42 59 40 72 39 74 81 30 60 31 87 60 40 74 51 0 97 60 64 49 25
76 55 59 90 91 82 100 69 96 55 9 82 54 83 93 36 12 74 92 66 79 34 19 83 84 19 32 49 63 52 75 56 98 83 90 19 80 97 10 56 97 26 18 0 97 0 51 22 68 28
56 100 91 80 63 78 87 19 69 56 44 53 74 68 99 28 21 13 1 81 16 23 20 100 26 92 55 27 85 54 91 73 96 51 77 79 68 100 18 98 62 62 5 29 60 51 0 81 33 23
91 68 62 61 87 69 72 94 22 54 78 94 13 2 49 43 70 44 49 91 8 7 56 24 39 98 37 12 85 97 32 37 59 91 53 31 98 78 24 74 40 81 44 37 64 22 81 0 49 68
99 78 68 56 77 59 55 50 22 12 44 82 98 23 75 38 11 94 84 62 84 71 72 38 50 88 3 62 50 25 4 96 82 17 68 67 70 76 20 31 33 66 37 62 49 68 33 49 0 61
82 96 85 74 83 66 62 19 34 24 93 4 34 26 60 10 3 84 26 94 75 88 59 61 26 0 93 69 24 28 12 62 38 27 34 16 75 76 22 66 40 49 62 21 25 28 23 68 61 0
BBRBBBRBBBBBRBRRRRBRBBBRBRBRBBRRRBBRBRRBBRBRRRRRRR