50
0 0 9 10 10 10 10 18 8 19 7 5 15 14 8 12 14 10 11 9 12 15 7 13 9 13 19 6 9 13 15 12 7 9 17 18 18 6 10 13 8 11 14 7 10 12 14 17 16 100
0 0 2 20 7 9 10 10 14 11 5 10 11 7 13 12 18 20 14 20 11 18 12 6 11 20 18 14 11 20 17 19 19 13 12 5 16 9 16 8 12 5 10 13 18 18 9 16 16 1
9 2 0 3 20 8 15 15 9 7 10 6 12 14 11 15 9 11 17 8 7 20 15 9 7 13 10 12 15 16 6 10 17 10 9 7 11 18 9 6 19 19 12 8 5 9 9 6 19 100
10 20 3 0 18 5 9 11 18 8 9 20 16 14 20 20 14 19 6 17 8 14 18 8 7 10 16 15 18 6 11 5 19 10 19 7 12 14 5 16 6 13 9 5 13 8 5 8 6 13
10 7 20 18 0 14 6 7 14 12 15 14 6 16 20 19 14 20 5 10 19 13 19 5 18 10 16 11 14 10 19 20 7 12 18 20 5 20 15 12 13 14 9 14 19 15 18 15 14 13
10 9 8 5 14 0 15 7 9 19 9 7 14 20 19 20 8 10 14 5 11 8 15 6 19 20 6 17 19 8 14 11 8 12 14 15 13 14 9 15 17 9 13 7 17 9 9 17 10 15
10 10 15 9 6 15 0 10 18 19 6 15 17 5 5 6 5 12 9 12 14 20 18 14 15 7 6 17 14 17 5 8 12 8 8 11 13 6 19 10 20 19 19 17 10 12 19 20 15 100
18 10 15 11 7 7 10 0 11 15 18 10 11 16 14 7 5 5 18 19 14 15 12 5 19 6 20 12 8 12 9 6 20 19 18 7 13 18 17 8 15 16 15 8 15 15 13 8 15 100
8 14 9 18 14 9 18 11 0 10 13 6 18 7 18 7 14 10 17 12 13 7 19 19 7 10 17 15 10 5 11 16 18 14 19 18 9 19 14 18 20 10 14 16 5 8 17 15 18 100
19 11 7 8 12 19 19 15 10 0 6 5 11 16 6 10 7 9 19 9 10 12 13 19 12 8 17 18 7 19 8 6 10 7 7 14 10 19 15 16 16 17 9 18 5 18 17 14 7 8
7 5 10 9 15 9 6 18 13 6 0 6 11 9 17 11 16 6 10 7 12 6 16 5 18 10 11 12 15 15 6 5 13 15 14 12 9 7 20 7 17 6 15 14 16 8 6 13 16 11
5 10 6 20 14 7 15 10 6 5 6 0 16 17 9 5 8 20 6 19 20 12 13 6 7 14 7 18 11 16 9 13 17 6 17 16 7 8 10 10 19 18 16 5 18 11 7 9 20 9
15 11 12 16 6 14 17 11 18 11 11 16 0 9 7 7 9 11 17 20 11 8 15 15 6 6 12 16 15 16 6 9 20 15 14 18 12 16 9 18 20 16 17 18 6 5 5 5 16 100
14 7 14 14 16 20 5 16 7 16 9 17 9 0 17 6 18 20 10 12 12 18 15 15 7 10 19 16 8 7 11 18 17 12 9 13 8 8 16 10 11 16 16 11 12 7 5 19 16 100
8 13 11 20 20 19 5 14 18 6 17 9 7 17 0 6 13 14 9 9 16 19 16 11 12 6 7 18 19 6 15 7 8 5 12 5 19 7 19 8 19 17 12 11 7 9 15 14 7 100
12 12 15 20 19 20 6 7 7 10 11 5 7 6 6 0 17 5 13 16 17 12 11 12 12 8 11 19 19 14 18 10 8 16 14 9 8 9 16 16 13 19 16 17 16 8 17 15 8 9
14 18 9 14 14 8 5 5 14 7 16 8 9 18 13 17 0 6 13 12 5 19 15 7 14 20 7 14 20 18 5 10 17 6 15 6 17 6 14 16 15 6 15 8 18 13 5 18 9 9
10 20 11 19 20 10 12 5 10 9 6 20 11 20 14 5 6 0 20 17 17 8 14 11 10 7 18 13 6 6 16 6 12 13 12 19 10 12 15 14 9 11 6 15 10 11 18 19 7 8
11 14 17 6 5 14 9 18 17 19 10 6 17 10 9 13 13 20 0 18 13 12 14 14 7 13 17 10 16 11 9 14 10 6 20 19 8 16 19 5 20 17 16 8 5 10 7 7 12 100
9 20 8 17 10 5 12 19 12 9 7 19 20 12 9 16 12 17 18 0 20 15 20 10 16 10 8 15 19 12 15 20 8 15 8 17 8 6 12 7 20 5 18 7 7 7 20 16 14 100
12 11 7 8 19 11 14 14 13 10 12 20 11 12 16 17 5 17 13 20 0 5 8 9 10 15 20 5 19 8 8 15 15 6 19 13 7 13 14 14 8 7 17 10 7 18 12 20 16 100
15 18 20 14 13 8 20 15 7 12 6 12 8 18 19 12 19 8 12 15 5 0 8 6 13 11 5 13 6 16 17 9 14 11 16 13 13 6 11 12 20 5 7 13 12 11 11 12 13 10
7 12 15 18 19 15 18 12 19 13 16 13 15 15 16 11 15 14 14 20 8 8 0 11 6 7 10 11 18 6 16 17 9 6 7 15 17 19 19 20 13 14 11 10 10 5 12 19 12 13
13 6 9 8 5 6 14 5 19 19 5 6 15 15 11 12 7 11 14 10 9 6 11 0 14 11 12 12 11 10 12 13 15 16 20 14 14 5 18 20 19 19 19 19 11 14 19 20 8 19
9 11 7 7 18 19 15 19 7 12 18 7 6 7 12 12 14 10 7 16 10 13 6 14 0 14 7 12 16 19 8 19 15 6 19 8 17 12 11 17 19 14 10 8 18 9 13 11 10 100
13 20 13 10 10 20 7 6 10 8 10 14 6 10 6 8 20 7 13 10 15 11 7 11 14 0 5 5 7 14 14 11 17 16 14 18 5 5 14 5 18 10 13 8 20 17 11 7 6 100
19 18 10 16 16 6 6 20 17 17 11 7 12 19 7 11 7 18 17 8 20 5 10 12 7 5 0 20 14 7 6 9 13 16 13 19 10 20 6 16 6 14 19 11 7 8 11 6 15 100
6 14 12 15 11 17 17 12 15 18 12 18 16 16 18 19 14 13 10 15 5 13 11 12 12 5 20 0 14 10 7 16 8 7 7 12 6 19 9 5 14 19 6 13 7 19 19 19 10 11
9 11 15 18 14 19 14 8 10 7 15 11 15 8 19 19 20 6 16 19 19 6 18 11 16 7 14 14 0 10 12 11 15 20 16 12 8 18 7 9 9 5 16 12 13 18 19 11 14 18
13 20 16 6 10 8 17 12 5 19 15 16 16 7 6 14 18 6 11 12 8 16 6 10 19 14 7 10 10 0 13 20 6 20 9 11 14 17 18 17 15 19 14 20 18 14 15 7 19 5
15 17 6 11 19 14 5 9 11 8 6 9 6 11 15 18 5 16 9 15 8 17 16 12 8 14 6 7 12 13 0 9 16 8 5 16 8 20 8 13 5 11 6 11 18 11 12 17 10 100
12 19 10 5 20 11 8 6 16 6 5 13 9 18 7 10 10 6 14 20 15 9 17 13 19 11 9 16 11 20 9 0 18 7 18 7 5 16 20 10 13 9 20 19 16 9 7 7 18 100
7 19 17 19 7 8 12 20 18 10 13 17 20 17 8 8 17 12 10 8 15 14 9 15 15 17 13 8 15 6 16 18 0 7 15 16 11 17 9 18 18 12 6 13 11 5 14 12 12 100
9 13 10 10 12 12 8 19 14 7 15 6 15 12 5 16 6 13 6 15 6 11 6 16 6 16 16 7 20 20 8 7 7 0 9 5 9 9 15 10 13 8 10 18 7 8 8 9 12 8
17 12 9 19 18 14 8 18 19 7 14 17 14 9 12 14 15 12 20 8 19 16 7 20 19 14 13 7 16 9 5 18 15 9 0 20 6 15 13 11 19 16 10 14 5 8 18 18 20 12
18 5 7 7 20 15 11 7 18 14 12 16 18 13 5 9 6 19 19 17 13 13 15 14 8 18 19 12 12 11 16 7 16 5 20 0 16 5 10 12 12 17 15 6 14 18 14 17 14 11
18 16 11 12 5 13 13 13 9 10 9 7 12 8 19 8 17 10 8 8 7 13 17 14 17 5 10 6 8 14 8 5 11 9 6 16 0 12 15 15 18 18 7 13 17 17 19 16 5 100
6 9 18 14 20 14 6 18 19 19 7 8 16 8 7 9 6 12 16 6 13 6 19 5 12 5 20 19 18 17 20 16 17 9 15 5 12 0 18 16 12 14 19 9 12 16 18 11 11 100
10 16 9 5 15 9 19 17 14 15 20 10 9 16 19 16 14 15 19 12 14 11 19 18 11 14 6 9 7 18 8 20 9 15 13 10 15 18 0 15 8 7 20 11 6 18 20 17 17 100
13 8 6 16 12 15 10 8 18 16 7 10 18 10 8 16 16 14 5 7 14 12 20 20 17 5 16 5 9 17 13 10 18 10 11 12 15 16 15 0 15 17 9 13 17 20 6 16 8 11
8 12 19 6 13 17 20 15 20 16 17 19 20 11 19 13 15 9 20 20 8 20 13 19 19 18 6 14 9 15 5 13 18 13 19 12 18 12 8 15 0 12 9 12 11 10 6 5 8 14
11 5 19 13 14 9 19 16 10 17 6 18 16 16 17 19 6 11 17 5 7 5 14 19 14 10 14 19 5 19 11 9 12 8 16 17 18 14 7 17 12 0 10 17 10 6 15 18 16 17
14 10 12 9 9 13 19 15 14 9 15 16 17 16 12 16 15 6 16 18 17 7 11 19 10 13 19 6 16 14 6 20 6 10 10 15 7 19 20 9 9 10 0 13 8 14 8 9 8 100
7 13 8 5 14 7 17 8 16 18 14 5 18 11 11 17 8 15 8 7 10 13 10 19 8 8 11 13 12 20 11 19 13 18 14 6 13 9 11 13 12 17 13 0 19 10 11 5 9 100
10 18 5 13 19 17 10 15 5 5 16 18 6 12 7 16 18 10 5 7 7 12 10 11 18 20 7 7 13 18 18 16 11 7 5 14 17 12 6 17 11 10 8 19 0 16 13 17 5 100
12 18 9 8 15 9 12 15 8 18 8 11 5 7 9 8 13 11 10 7 18 11 5 14 9 17 8 19 18 14 11 9 5 8 8 18 17 16 18 20 10 6 14 10 16 0 11 17 19 9
14 9 9 5 18 9 19 13 17 17 6 7 5 5 15 17 5 18 7 20 12 11 12 19 13 11 11 19 19 15 12 7 14 8 18 14 19 18 20 6 6 15 8 11 13 11 0 18 8 17
17 16 6 8 15 17 20 8 15 14 13 9 5 19 14 15 18 19 7 16 20 12 19 20 11 7 6 19 11 7 17 7 12 9 18 17 16 11 17 16 5 18 9 5 17 17 18 0 11 18
16 16 19 6 14 10 15 15 18 7 16 20 16 16 7 8 9 7 12 14 16 13 12 8 10 6 15 10 14 19 10 18 12 12 20 14 5 11 17 8 8 16 8 9 5 19 8 11 0 19
100 1 100 13 13 15 100 100 100 8 11 9 100 100 100 9 9 8 100 100 100 10 13 19 100 100 100 11 18 5 100 100 100 8 12 11 100 100 100 11 14 17 100 100 100 9 17 18 19 0
BBBRRRBBBRRRBBBRRRBBBRRRBBBRRRBBBRRRBBBRRRBBBRRRRB