50
0 48 0 75 39 64 90 8 45 16 61 96 99 69 70 31 4 83 91 49 25 15 96 55 90 7 30 42 97 6 63 47 42 88 41 84 48 67 96 93 85 93 18 14 88 22 44 26 91 79 
48 0 27 60 85 28 70 82 4 80 41 2 68 78 82 55 76 62 82 60 31 25 98 59 33 35 58 71 9 93 93 44 57 7 24 99 92 33 95 59 94 1 66 35 8 11 92 58 45 50 
0 27 0 16 9 58 33 7 52 4 15 30 51 88 28 24 97 59 68 56 33 99 13 89 22 74 58 57 51 22 15 30 21 34 53 99 10 36 30 21 79 75 83 6 77 83 82 59 38 35 
75 60 16 0 20 18 5 22 18 89 17 35 90 68 34 78 63 91 47 10 64 19 59 13 73 63 6 70 21 52 100 96 62 35 56 8 6 77 76 64 12 77 46 12 83 98 91 41 8 23 
39 85 9 20 0 4 70 65 42 19 61 50 75 31 5 46 100 54 55 85 10 17 58 38 39 77 87 48 47 51 11 6 52 13 48 99 20 32 49 49 11 70 63 99 82 89 49 43 90 6 
64 28 58 18 4 0 15 48 24 99 10 98 0 94 11 34 94 21 42 50 21 18 28 87 84 18 41 40 96 30 94 40 82 68 94 64 28 86 20 81 61 71 22 79 64 59 24 42 83 66 
90 70 33 5 70 15 0 96 65 72 28 51 5 32 99 16 11 29 34 70 34 93 11 28 81 42 19 41 9 9 50 5 20 43 49 78 31 95 99 75 84 15 81 13 49 24 17 34 28 46 
8 82 7 22 65 48 96 0 59 28 82 14 86 99 15 15 20 49 51 52 53 83 55 47 65 18 24 38 23 71 47 14 55 85 6 64 65 94 3 1 95 29 52 33 89 42 29 5 63 57 
45 4 52 18 42 24 65 59 0 84 68 90 90 37 49 37 47 69 57 67 35 19 8 76 50 98 75 27 87 19 29 87 94 10 80 82 40 3 28 17 82 51 69 54 39 53 96 62 78 82 
16 80 4 89 19 99 72 28 84 0 56 82 35 79 4 51 49 17 56 96 74 13 92 37 7 37 91 94 49 17 95 57 48 4 92 60 87 47 21 14 83 69 44 33 11 29 1 60 66 11 
61 41 15 17 61 10 28 82 68 56 0 40 5 80 24 83 81 25 23 88 57 69 1 36 59 48 91 53 47 67 20 5 52 98 54 17 28 58 25 67 53 38 51 48 47 11 37 18 51 29 
96 2 30 35 50 98 51 14 90 82 40 0 61 15 18 29 45 59 61 83 27 54 53 23 28 32 78 82 98 2 38 76 70 38 87 95 79 32 100 50 12 85 58 86 0 94 69 13 21 39 
99 68 51 90 75 0 5 86 90 35 5 61 0 45 57 85 84 16 63 27 15 61 74 69 82 79 0 92 85 55 26 53 78 29 24 25 32 86 57 35 36 34 97 90 67 54 62 42 68 45 
69 78 88 68 31 94 32 99 37 79 80 15 45 0 32 17 87 89 73 14 46 79 23 76 93 70 57 38 57 67 61 21 28 48 32 75 65 71 17 34 56 3 5 39 35 42 10 19 94 17 
70 82 28 34 5 11 99 15 49 4 24 18 57 32 0 17 15 24 16 92 79 41 84 37 77 3 22 22 60 65 3 82 19 51 58 88 48 36 27 48 0 43 54 17 99 11 30 24 49 79 
31 55 24 78 46 34 16 15 37 51 83 29 85 17 17 0 66 28 49 44 39 54 41 0 5 62 22 73 69 88 24 86 98 77 12 44 95 1 96 32 13 19 48 52 64 79 85 46 33 55 
4 76 97 63 100 94 11 20 47 49 81 45 84 87 15 66 0 24 37 26 49 41 36 78 63 18 19 15 18 84 90 93 84 96 24 40 23 11 70 15 87 35 21 7 47 60 38 96 68 71 
83 62 59 91 54 21 29 49 69 17 25 59 16 89 24 28 24 0 60 62 77 78 93 77 12 2 58 98 30 50 6 53 24 2 81 64 21 23 11 68 85 94 88 99 14 19 50 46 10 90 
91 82 68 47 55 42 34 51 57 56 23 61 63 73 16 49 37 60 0 15 25 23 19 35 90 72 86 39 7 23 66 44 30 13 53 77 51 5 91 42 15 92 89 17 17 63 30 27 37 86 
49 60 56 10 85 50 70 52 67 96 88 83 27 14 92 44 26 62 15 0 14 52 12 58 100 64 6 81 84 35 66 52 45 18 91 34 15 8 8 97 7 18 69 78 47 47 32 91 47 69 
25 31 33 64 10 21 34 53 35 74 57 27 15 46 79 39 49 77 25 14 0 32 7 84 76 11 46 42 65 17 66 32 31 84 19 35 49 38 10 77 34 83 39 28 73 93 86 10 89 29 
15 25 99 19 17 18 93 83 19 13 69 54 61 79 41 54 41 78 23 52 32 0 77 5 74 32 94 29 13 61 13 83 9 84 96 71 53 97 76 39 22 65 59 62 28 20 4 67 49 19 
96 98 13 59 58 28 11 55 8 92 1 53 74 23 84 41 36 93 19 12 7 77 0 47 87 35 76 83 62 64 53 3 46 90 61 96 67 22 34 3 54 17 62 1 91 69 12 68 35 4 
55 59 89 13 38 87 28 47 76 37 36 23 69 76 37 0 78 77 35 58 84 5 47 0 56 99 24 96 95 74 54 46 65 88 68 18 22 47 90 14 20 70 79 23 19 72 78 60 75 8 
90 33 22 73 39 84 81 65 50 7 59 28 82 93 77 5 63 12 90 100 76 74 87 56 0 60 22 45 89 10 54 84 68 22 51 11 3 62 10 11 14 84 31 96 18 99 30 80 34 70 
7 35 74 63 77 18 42 18 98 37 48 32 79 70 3 62 18 2 72 64 11 32 35 99 60 0 41 5 83 2 98 34 74 44 28 4 8 55 95 64 8 92 28 82 89 47 77 12 47 99 
30 58 58 6 87 41 19 24 75 91 91 78 0 57 22 22 19 58 86 6 46 94 76 24 22 41 0 65 14 10 74 61 47 89 94 49 33 86 9 26 5 72 99 80 22 71 29 58 0 79 
42 71 57 70 48 40 41 38 27 94 53 82 92 38 22 73 15 98 39 81 42 29 83 96 45 5 65 0 27 43 99 32 94 32 29 14 58 65 48 19 45 29 39 54 32 6 5 5 77 23 
97 9 51 21 47 96 9 23 87 49 47 98 85 57 60 69 18 30 7 84 65 13 62 95 89 83 14 27 0 72 93 44 88 69 94 61 35 23 17 35 36 79 62 71 93 92 35 78 89 59 
6 93 22 52 51 30 9 71 19 17 67 2 55 67 65 88 84 50 23 35 17 61 64 74 10 2 10 43 72 0 24 32 81 76 52 37 55 89 25 60 60 47 93 82 97 75 25 13 11 11 
63 93 15 100 11 94 50 47 29 95 20 38 26 61 3 24 90 6 66 66 66 13 53 54 54 98 74 99 93 24 0 43 2 80 79 91 58 20 69 28 95 45 77 51 3 17 16 12 10 71 
47 44 30 96 6 40 5 14 87 57 5 76 53 21 82 86 93 53 44 52 32 83 3 46 84 34 61 32 44 32 43 0 49 27 91 55 76 29 66 58 70 69 24 47 90 55 1 3 45 46 
42 57 21 62 52 82 20 55 94 48 52 70 78 28 19 98 84 24 30 45 31 9 46 65 68 74 47 94 88 81 2 49 0 40 37 100 33 35 56 65 93 88 39 2 30 37 31 56 51 56 
88 7 34 35 13 68 43 85 10 4 98 38 29 48 51 77 96 2 13 18 84 84 90 88 22 44 89 32 69 76 80 27 40 0 50 9 50 80 50 85 2 52 93 49 96 41 2 24 60 79 
41 24 53 56 48 94 49 6 80 92 54 87 24 32 58 12 24 81 53 91 19 96 61 68 51 28 94 29 94 52 79 91 37 50 0 48 71 38 9 27 28 86 30 84 83 46 62 85 81 40 
84 99 99 8 99 64 78 64 82 60 17 95 25 75 88 44 40 64 77 34 35 71 96 18 11 4 49 14 61 37 91 55 100 9 48 0 3 20 28 45 92 86 52 22 65 36 98 60 21 24 
48 92 10 6 20 28 31 65 40 87 28 79 32 65 48 95 23 21 51 15 49 53 67 22 3 8 33 58 35 55 58 76 33 50 71 3 0 5 37 80 30 78 86 91 91 35 76 33 16 67 
67 33 36 77 32 86 95 94 3 47 58 32 86 71 36 1 11 23 5 8 38 97 22 47 62 55 86 65 23 89 20 29 35 80 38 20 5 0 12 97 66 1 36 76 29 61 59 9 19 100 
96 95 30 76 49 20 99 3 28 21 25 100 57 17 27 96 70 11 91 8 10 76 34 90 10 95 9 48 17 25 69 66 56 50 9 28 37 12 0 26 44 81 3 64 46 65 73 76 87 92 
93 59 21 64 49 81 75 1 17 14 67 50 35 34 48 32 15 68 42 97 77 39 3 14 11 64 26 19 35 60 28 58 65 85 27 45 80 97 26 0 91 12 63 11 58 96 99 42 30 1 
85 94 79 12 11 61 84 95 82 83 53 12 36 56 0 13 87 85 15 7 34 22 54 20 14 8 5 45 36 60 95 70 93 2 28 92 30 66 44 91 0 80 89 11 96 52 12 94 29 50 
93 1 75 77 70 71 15 29 51 69 38 85 34 3 43 19 35 94 92 18 83 65 17 70 84 92 72 29 79 47 45 69 88 52 86 86 78 1 81 12 80 0 86 46 69 34 46 16 51 1 
18 66 83 46 63 22 81 52 69 44 51 58 97 5 54 48 21 88 89 69 39 59 62 79 31 28 99 39 62 93 77 24 39 93 30 52 86 36 3 63 89 86 0 89 89 47 45 79 60 61 
14 35 6 12 99 79 13 33 54 33 48 86 90 39 17 52 7 99 17 78 28 62 1 23 96 82 80 54 71 82 51 47 2 49 84 22 91 76 64 11 11 46 89 0 35 47 95 8 79 47 
88 8 77 83 82 64 49 89 39 11 47 0 67 35 99 64 47 14 17 47 73 28 91 19 18 89 22 32 93 97 3 90 30 96 83 65 91 29 46 58 96 69 89 35 0 55 56 92 37 34 
22 11 83 98 89 59 24 42 53 29 11 94 54 42 11 79 60 19 63 47 93 20 69 72 99 47 71 6 92 75 17 55 37 41 46 36 35 61 65 96 52 34 47 47 55 0 54 95 7 41 
44 92 82 91 49 24 17 29 96 1 37 69 62 10 30 85 38 50 30 32 86 4 12 78 30 77 29 5 35 25 16 1 31 2 62 98 76 59 73 99 12 46 45 95 56 54 0 6 47 68 
26 58 59 41 43 42 34 5 62 60 18 13 42 19 24 46 96 46 27 91 10 67 68 60 80 12 58 5 78 13 12 3 56 24 85 60 33 9 76 42 94 16 79 8 92 95 6 0 99 64 
91 45 38 8 90 83 28 63 78 66 51 21 68 94 49 33 68 10 37 47 89 49 35 75 34 47 0 77 89 11 10 45 51 60 81 21 16 19 87 30 29 51 60 79 37 7 47 99 0 74 
79 50 35 23 6 66 46 57 82 11 29 39 45 17 79 55 71 90 86 69 29 19 4 8 70 99 79 23 59 11 71 46 56 79 40 24 67 100 92 1 50 1 61 47 34 41 68 64 74 0 
RRRRBBRRRBRRRBRBRBRRRRBBRRRRRRRBRBBRBBBBBBBBBBBBBB
