50
0 17 9 100 89 71 67 80 26 89 87 63 94 75 50 26 48 13 93 82 60 93 7 99 23 52 9 91 46 60 35 24 14 49 2 53 99 18 46 91 43 88 69 23 60 7 46 9 42 33 
17 0 23 99 15 75 51 13 54 2 17 95 84 60 80 100 16 27 86 29 76 79 31 97 97 42 5 52 54 97 36 79 76 7 11 3 42 74 45 100 59 13 28 56 10 63 82 9 30 60 
9 23 0 60 35 39 26 50 31 12 85 36 20 43 23 12 87 20 70 33 69 90 92 87 99 56 11 67 49 70 15 85 90 100 2 72 60 95 26 99 62 65 0 94 53 98 58 32 74 90 
100 99 60 0 73 59 64 75 23 32 19 91 24 68 83 18 59 69 19 70 42 39 27 46 92 27 55 95 85 33 56 16 7 71 71 42 71 51 39 60 2 100 30 11 39 24 40 76 65 77 
89 15 35 73 0 20 88 72 60 15 27 44 3 95 98 38 45 7 67 100 94 10 15 30 52 89 59 99 47 46 59 80 98 98 41 49 27 100 75 54 90 97 66 38 38 93 11 17 85 26 
71 75 39 59 20 0 20 93 100 40 89 90 50 37 56 72 77 87 84 64 21 97 20 67 75 91 54 12 68 39 94 0 99 45 12 36 85 17 89 19 35 12 58 35 5 48 75 99 71 0 
67 51 26 64 88 20 0 40 14 50 47 78 78 32 27 64 76 27 43 97 18 30 98 43 60 18 92 95 18 5 23 25 14 67 50 28 66 93 40 60 19 98 13 28 70 8 69 96 94 80 
80 13 50 75 72 93 40 0 2 13 29 9 86 47 57 72 63 73 68 8 74 5 61 62 86 85 80 90 7 51 81 15 73 21 78 6 20 18 11 51 11 13 39 89 2 24 51 73 20 42 
26 54 31 23 60 100 14 2 0 66 99 12 5 13 100 13 24 20 14 98 39 16 29 15 61 20 71 70 19 18 8 19 94 54 4 29 80 34 47 40 9 52 19 96 43 65 94 69 60 3 
89 2 12 32 15 40 50 13 66 0 20 11 75 21 85 21 35 21 80 96 54 75 59 16 76 4 57 12 58 2 94 83 9 52 21 69 100 7 14 41 35 11 85 86 98 80 96 13 6 76 
87 17 85 19 27 89 47 29 99 20 0 42 70 54 14 50 97 12 92 67 1 24 37 50 76 71 57 26 41 50 46 1 66 86 20 85 86 53 67 94 41 99 35 5 87 5 56 31 76 59 
63 95 36 91 44 90 78 9 12 11 42 0 60 65 55 13 47 9 85 26 49 64 25 34 59 55 70 68 62 9 99 44 83 37 14 67 15 69 95 98 84 81 89 7 77 48 4 38 93 90 
94 84 20 24 3 50 78 86 5 75 70 60 0 46 73 66 36 92 49 98 61 89 100 59 18 46 91 50 32 56 38 4 60 86 62 80 14 94 48 68 99 7 21 55 18 21 46 27 41 90 
75 60 43 68 95 37 32 47 13 21 54 65 46 0 36 6 48 15 94 82 26 99 87 57 75 24 63 40 0 54 10 71 70 4 82 85 1 30 57 10 43 84 49 89 20 10 69 4 36 83 
50 80 23 83 98 56 27 57 100 85 14 55 73 36 0 41 87 91 76 49 21 70 56 66 61 24 50 77 48 17 7 51 33 46 73 57 70 66 85 72 14 6 93 49 16 4 3 88 99 25 
26 100 12 18 38 72 64 72 13 21 50 13 66 6 41 0 28 68 2 5 78 100 67 95 55 41 34 58 8 31 50 0 78 70 90 99 24 95 88 41 67 38 7 29 25 72 100 92 45 45 
48 16 87 59 45 77 76 63 24 35 97 47 36 48 87 28 0 41 76 92 25 1 31 9 57 23 80 32 86 29 57 84 92 54 99 43 8 18 21 6 74 95 78 56 39 38 85 81 24 59 
13 27 20 69 7 87 27 73 20 21 12 9 92 15 91 68 41 0 82 51 24 49 36 16 75 92 95 94 65 33 94 5 85 31 22 73 53 33 77 59 5 45 73 10 63 26 52 36 73 14 
93 86 70 19 67 84 43 68 14 80 92 85 49 94 76 2 76 82 0 95 33 12 24 84 93 5 86 87 86 11 66 24 45 45 50 67 68 41 92 50 72 36 71 75 100 33 9 7 53 76 
82 29 33 70 100 64 97 8 98 96 67 26 98 82 49 5 92 51 95 0 26 48 57 57 49 29 33 73 77 10 56 52 9 98 93 29 5 38 22 27 41 3 2 67 5 30 30 42 49 57 
60 76 69 42 94 21 18 74 39 54 1 49 61 26 21 78 25 24 33 26 0 38 83 31 32 62 19 57 87 10 30 59 97 25 65 63 62 92 49 70 74 76 71 25 83 31 2 15 98 94 
93 79 90 39 10 97 30 5 16 75 24 64 89 99 70 100 1 49 12 48 38 0 74 100 3 7 50 95 86 23 52 51 4 28 82 12 0 80 76 83 59 68 71 91 76 91 35 83 36 96 
7 31 92 27 15 20 98 61 29 59 37 25 100 87 56 67 31 36 24 57 83 74 0 92 92 53 89 69 96 91 6 14 56 31 53 67 34 46 49 70 99 67 64 29 29 49 19 42 58 39 
99 97 87 46 30 67 43 62 15 16 50 34 59 57 66 95 9 16 84 57 31 100 92 0 94 55 6 84 52 13 31 82 26 33 73 10 91 20 73 72 53 43 44 53 28 90 50 10 13 2 
23 97 99 92 52 75 60 86 61 76 76 59 18 75 61 55 57 75 93 49 32 3 92 94 0 83 60 51 93 19 40 7 10 45 77 86 46 3 34 35 13 42 88 50 30 63 61 39 27 4 
52 42 56 27 89 91 18 85 20 4 71 55 46 24 24 41 23 92 5 29 62 7 53 55 83 0 78 11 48 57 33 71 67 89 98 9 72 4 33 92 55 64 99 22 96 60 93 56 63 55 
9 5 11 55 59 54 92 80 71 57 57 70 91 63 50 34 80 95 86 33 19 50 89 6 60 78 0 25 2 16 28 29 48 89 29 3 60 96 13 7 37 87 65 58 82 7 10 3 43 35 
91 52 67 95 99 12 95 90 70 12 26 68 50 40 77 58 32 94 87 73 57 95 69 84 51 11 25 0 16 19 98 68 83 9 74 61 73 42 45 67 9 32 4 60 78 90 64 1 14 70 
46 54 49 85 47 68 18 7 19 58 41 62 32 0 48 8 86 65 86 77 87 86 96 52 93 48 2 16 0 27 86 48 18 51 38 96 65 27 97 44 27 44 25 13 30 82 96 13 8 86 
60 97 70 33 46 39 5 51 18 2 50 9 56 54 17 31 29 33 11 10 10 23 91 13 19 57 16 19 27 0 28 94 57 71 27 78 33 62 93 33 98 70 6 77 58 50 2 36 45 87 
35 36 15 56 59 94 23 81 8 94 46 99 38 10 7 50 57 94 66 56 30 52 6 31 40 33 28 98 86 28 0 97 49 26 26 46 71 6 98 21 79 62 22 87 14 81 90 12 68 100 
24 79 85 16 80 0 25 15 19 83 1 44 4 71 51 0 84 5 24 52 59 51 14 82 7 71 29 68 48 94 97 0 75 18 58 45 81 38 63 89 77 53 75 7 11 96 11 46 95 85 
14 76 90 7 98 99 14 73 94 9 66 83 60 70 33 78 92 85 45 9 97 4 56 26 10 67 48 83 18 57 49 75 0 98 44 20 22 26 80 18 57 88 11 64 37 63 0 11 83 7 
49 7 100 71 98 45 67 21 54 52 86 37 86 4 46 70 54 31 45 98 25 28 31 33 45 89 89 9 51 71 26 18 98 0 57 18 98 33 95 14 91 83 54 17 5 52 29 80 27 84 
2 11 2 71 41 12 50 78 4 21 20 14 62 82 73 90 99 22 50 93 65 82 53 73 77 98 29 74 38 27 26 58 44 57 0 9 90 12 28 98 95 5 93 14 75 17 2 27 38 84 
53 3 72 42 49 36 28 6 29 69 85 67 80 85 57 99 43 73 67 29 63 12 67 10 86 9 3 61 96 78 46 45 20 18 9 0 88 90 71 35 14 3 50 86 48 70 3 13 38 78 
99 42 60 71 27 85 66 20 80 100 86 15 14 1 70 24 8 53 68 5 62 0 34 91 46 72 60 73 65 33 71 81 22 98 90 88 0 98 55 14 34 93 27 85 89 73 11 67 40 2 
18 74 95 51 100 17 93 18 34 7 53 69 94 30 66 95 18 33 41 38 92 80 46 20 3 4 96 42 27 62 6 38 26 33 12 90 98 0 26 10 85 91 78 14 58 81 67 45 26 18 
46 45 26 39 75 89 40 11 47 14 67 95 48 57 85 88 21 77 92 22 49 76 49 73 34 33 13 45 97 93 98 63 80 95 28 71 55 26 0 51 73 22 10 97 2 91 98 25 25 50 
91 100 99 60 54 19 60 51 40 41 94 98 68 10 72 41 6 59 50 27 70 83 70 72 35 92 7 67 44 33 21 89 18 14 98 35 14 10 51 0 10 65 62 89 7 87 23 91 15 59 
43 59 62 2 90 35 19 11 9 35 41 84 99 43 14 67 74 5 72 41 74 59 99 53 13 55 37 9 27 98 79 77 57 91 95 14 34 85 73 10 0 42 85 83 22 73 37 60 83 46 
88 13 65 100 97 12 98 13 52 11 99 81 7 84 6 38 95 45 36 3 76 68 67 43 42 64 87 32 44 70 62 53 88 83 5 3 93 91 22 65 42 0 53 59 74 24 97 33 50 91 
69 28 0 30 66 58 13 39 19 85 35 89 21 49 93 7 78 73 71 2 71 71 64 44 88 99 65 4 25 6 22 75 11 54 93 50 27 78 10 62 85 53 0 25 85 30 30 30 28 9 
23 56 94 11 38 35 28 89 96 86 5 7 55 89 49 29 56 10 75 67 25 91 29 53 50 22 58 60 13 77 87 7 64 17 14 86 85 14 97 89 83 59 25 0 83 8 69 41 29 0 
60 10 53 39 38 5 70 2 43 98 87 77 18 20 16 25 39 63 100 5 83 76 29 28 30 96 82 78 30 58 14 11 37 5 75 48 89 58 2 7 22 74 85 83 0 16 27 1 83 21 
7 63 98 24 93 48 8 24 65 80 5 48 21 10 4 72 38 26 33 30 31 91 49 90 63 60 7 90 82 50 81 96 63 52 17 70 73 81 91 87 73 24 30 8 16 0 83 52 86 24 
46 82 58 40 11 75 69 51 94 96 56 4 46 69 3 100 85 52 9 30 2 35 19 50 61 93 10 64 96 2 90 11 0 29 2 3 11 67 98 23 37 97 30 69 27 83 0 31 4 86 
9 9 32 76 17 99 96 73 69 13 31 38 27 4 88 92 81 36 7 42 15 83 42 10 39 56 3 1 13 36 12 46 11 80 27 13 67 45 25 91 60 33 30 41 1 52 31 0 6 84 
42 30 74 65 85 71 94 20 60 6 76 93 41 36 99 45 24 73 53 49 98 36 58 13 27 63 43 14 8 45 68 95 83 27 38 38 40 26 25 15 83 50 28 29 83 86 4 6 0 60 
33 60 90 77 26 0 80 42 3 76 59 90 90 83 25 45 59 14 76 57 94 96 39 2 4 55 35 70 86 87 100 85 7 84 84 78 2 18 50 59 46 91 9 0 21 24 86 84 60 0 
BRRBRRBRBBBBRRRBBRRBRBBRBRBRRBBRRBRRBBBRBRBBRBBRRR