50
0 93 89 89 91 1 96 100 20 47 46 10 1 11 40 95 91 5 87 6 90 23 10 87 97 85 90 25 4 1 8 17 3 100 99 84 94 81 44 4 91 41 25 85 81 96 8 95 22 24
93 0 91 92 22 81 31 17 99 93 95 82 94 84 87 15 97 88 41 99 29 90 99 81 92 50 83 99 96 89 97 20 82 18 29 83 88 88 83 97 32 94 98 35 27 93 89 99 90 82
89 91 0 86 15 87 31 31 99 88 14 99 86 81 91 46 92 87 28 85 48 92 100 84 86 37 81 85 90 99 98 26 85 92 16 86 99 100 87 96 31 93 82 48 16 92 82 85 100 88
89 92 86 0 97 82 24 85 18 24 28 81 87 90 84 97 95 86 88 87 99 36 91 99 94 18 98 83 95 87 81 39 96 82 90 94 81 87 11 97 16 85 48 15 42 95 82 87 47 93
91 22 15 97 0 15 8 9 93 82 98 98 32 1 93 6 99 89 6 16 1 95 17 46 93 2 81 99 91 18 18 82 16 4 7 91 49 20 98 17 10 99 90 3 4 91 87 85 86 86
1 81 87 82 15 0 97 34 86 83 87 8 4 28 19 38 93 4 14 8 81 97 9 83 100 90 85 37 7 6 1 99 3 31 40 98 91 95 21 7 85 44 14 97 97 88 4 90 100 36
96 31 31 24 8 97 0 2 94 84 89 85 99 5 99 1 40 82 10 91 9 85 97 15 38 9 40 89 83 19 89 98 99 2 2 15 31 45 87 82 4 94 91 2 4 19 94 15 95 94
100 17 31 85 9 34 2 0 98 100 98 94 40 4 85 1 87 16 3 21 10 97 28 31 88 10 92 94 92 17 47 84 31 8 9 89 15 94 94 17 8 85 90 9 7 81 81 86 90 83
20 99 99 18 93 86 94 98 0 4 1 49 97 90 9 85 39 18 90 84 91 2 97 87 25 95 18 1 25 97 89 5 97 91 94 46 91 14 1 90 92 2 3 85 84 17 33 19 10 5
47 93 88 24 82 83 84 100 4 0 8 20 93 94 4 97 22 85 94 93 99 2 94 98 46 85 48 7 21 84 96 9 96 85 90 19 20 42 9 82 95 5 4 97 96 23 38 50 2 8
46 95 14 28 98 87 89 98 1 8 0 97 86 84 3 83 22 91 93 89 87 3 84 17 18 95 32 2 85 96 81 8 92 83 98 37 50 38 6 91 95 3 1 96 100 20 18 30 2 6
10 82 99 81 98 8 85 94 49 20 97 0 5 40 16 17 92 7 96 2 86 50 1 83 100 82 97 21 3 1 10 99 1 44 42 95 96 85 19 7 91 44 47 99 90 81 7 94 86 19
1 94 86 87 32 4 99 40 97 93 86 5 0 25 12 46 88 6 19 9 32 83 6 99 90 83 82 44 3 4 4 88 9 24 31 84 94 92 99 1 86 45 89 11 100 97 4 88 86 31
11 84 81 90 1 28 5 4 90 94 84 40 25 0 90 4 87 17 6 23 5 85 19 92 90 10 96 90 28 47 37 91 28 2 8 87 82 82 82 47 1 85 99 5 4 98 25 86 93 87
40 87 91 84 93 19 99 85 9 4 3 16 12 90 0 86 92 21 94 87 87 10 40 99 23 85 30 10 45 81 97 5 45 90 89 16 86 82 3 99 84 4 2 93 89 87 43 25 4 5
95 15 46 97 6 38 1 1 85 97 83 17 46 4 86 0 95 20 6 42 6 94 15 20 98 8 81 82 96 33 39 84 41 4 5 92 100 84 89 45 2 93 92 8 1 90 81 89 87 81
91 97 92 95 99 93 40 87 39 22 22 92 88 87 92 95 0 84 90 92 14 47 98 99 83 48 89 86 89 90 93 25 84 93 83 90 91 98 90 89 37 87 20 37 45 96 95 98 19 100
5 88 87 86 89 4 82 16 18 85 91 7 6 17 21 20 84 0 89 9 90 17 4 86 83 91 90 20 7 5 9 88 8 33 47 88 92 81 20 1 94 26 43 92 85 88 5 82 82 21
87 41 28 88 6 14 10 3 90 94 93 96 19 6 94 6 90 89 0 24 9 99 34 22 96 3 82 99 85 34 43 82 92 6 6 96 18 45 82 23 5 98 83 2 6 19 98 82 98 96
6 99 85 87 16 8 91 21 84 93 89 2 9 23 87 42 92 9 24 0 37 89 1 84 84 83 86 34 7 7 9 92 9 19 17 85 92 92 86 4 13 18 90 44 81 98 1 86 97 47
90 29 48 99 1 81 9 10 91 99 87 86 32 5 87 6 14 90 9 37 0 81 11 33 92 4 82 85 83 27 16 87 86 9 4 90 49 15 88 36 3 99 94 4 2 31 95 97 83 99
23 90 92 36 95 97 85 97 2 2 3 50 83 85 10 94 47 17 99 89 81 0 99 96 39 97 36 5 28 91 93 1 15 90 83 23 93 89 6 100 100 1 2 97 99 20 36 48 10 10
10 99 100 91 17 9 97 28 97 94 84 1 6 19 40 15 98 4 34 1 11 99 0 99 84 85 88 39 7 2 1 89 10 25 40 82 97 98 19 5 81 32 97 84 89 97 5 85 96 40
87 81 84 99 46 83 15 31 87 98 17 83 99 92 99 20 99 86 22 84 33 96 99 0 96 39 84 86 93 86 100 35 97 87 98 81 93 93 83 94 17 95 95 26 38 87 96 94 17 83
97 92 86 94 93 100 38 88 25 46 18 100 90 90 23 98 83 83 96 84 92 39 84 96 0 17 88 91 92 97 100 37 93 96 89 100 93 97 30 97 84 20 28 91 31 81 98 100 24 97
85 50 37 18 2 90 9 10 95 85 95 82 83 10 85 8 48 91 3 83 4 97 85 39 17 0 90 100 97 43 16 86 89 2 2 30 40 16 92 41 5 84 82 4 7 25 93 93 95 85
90 83 81 98 81 85 40 92 18 48 32 97 82 96 30 81 89 90 82 86 82 36 88 84 88 90 0 94 94 98 85 21 90 83 82 98 93 94 48 89 87 19 29 90 16 93 92 95 18 12
25 99 85 83 99 37 89 94 1 7 2 21 44 90 10 82 86 20 99 34 85 5 39 86 91 100 94 0 39 97 48 8 45 92 83 98 82 97 4 19 89 9 1 98 84 91 21 13 6 6
4 96 90 95 91 7 83 92 25 21 85 3 3 28 45 96 89 7 85 7 83 28 7 93 92 97 94 39 0 5 5 96 9 16 12 89 100 97 33 4 89 19 50 93 86 86 8 86 17 50
1 89 99 87 18 6 19 17 97 84 96 1 4 47 81 33 90 5 34 7 27 91 2 86 97 43 98 97 5 0 7 82 9 44 45 99 100 94 81 8 43 93 81 40 28 95 5 91 93 98
8 97 98 81 18 1 89 47 89 96 81 10 4 37 97 39 93 9 43 9 16 93 1 100 100 16 85 48 5 7 0 95 4 32 29 83 93 92 87 4 24 84 98 24 92 95 9 91 83 12
17 20 26 39 82 99 98 84 5 9 8 99 88 91 5 84 25 88 82 92 87 1 89 35 37 86 21 8 96 82 95 0 81 93 84 39 36 22 4 82 81 4 6 99 100 47 97 19 10 5
3 82 85 96 16 3 99 31 97 96 92 1 9 28 45 41 84 8 92 9 86 15 10 97 93 89 90 45 9 9 4 81 0 15 23 85 100 94 18 10 91 20 49 87 95 99 5 100 85 34
100 18 92 82 4 31 2 8 91 85 83 44 24 2 90 4 93 33 6 19 9 90 25 87 96 2 83 92 16 44 32 93 15 0 5 100 90 90 98 19 4 100 99 5 1 96 14 81 91 90
99 29 16 90 7 40 2 9 94 90 98 42 31 8 89 5 83 47 6 17 4 83 40 98 89 2 82 83 12 45 29 84 23 5 0 82 98 95 90 33 6 100 96 10 6 100 95 93 83 93
84 83 86 94 91 98 15 89 46 19 37 95 84 87 16 92 90 88 96 85 90 23 82 81 100 30 98 98 89 99 83 39 85 100 82 0 89 99 28 86 19 85 29 83 23 93 84 100 23 92
94 88 99 81 49 91 31 15 91 20 50 96 94 82 86 100 91 92 18 92 49 93 97 93 93 40 93 82 100 100 93 36 100 90 98 89 0 94 87 84 29 83 91 21 19 100 96 87 17 82
81 88 100 87 20 95 45 94 14 42 38 85 92 82 82 84 98 81 45 92 15 89 98 93 97 16 94 97 97 94 92 22 94 90 95 99 94 0 81 83 19 81 96 33 39 95 88 90 35 87
44 83 87 11 98 21 87 94 1 9 6 19 99 82 3 89 90 20 82 86 88 6 19 83 30 92 48 4 33 81 87 4 18 98 90 28 87 81 0 93 81 10 2 85 94 87 42 29 3 2
4 97 96 97 17 7 82 17 90 82 91 7 1 47 99 45 89 1 23 4 36 100 5 94 97 41 89 19 4 8 4 82 10 19 33 86 84 83 93 0 20 92 100 47 13 94 1 81 87 98
91 32 31 16 10 85 4 8 92 95 95 91 86 1 84 2 37 94 5 13 3 100 81 17 84 5 87 89 89 43 24 81 91 4 6 19 29 19 81 20 0 86 94 5 3 28 89 91 87 95
41 94 93 85 99 44 94 85 2 5 3 44 45 85 4 93 87 26 98 18 99 1 32 95 20 84 19 9 19 93 84 4 20 100 100 85 83 81 10 92 86 0 10 95 93 97 35 26 7 7
25 98 82 48 90 14 91 90 3 4 1 47 89 99 2 92 20 43 83 90 94 2 97 95 28 82 29 1 50 81 98 6 49 99 96 29 91 96 2 100 94 10 0 97 96 88 37 43 5 4
85 35 48 15 3 97 2 9 85 97 96 99 11 5 93 8 37 92 2 44 4 97 84 26 91 4 90 98 93 40 24 99 87 5 10 83 21 33 85 47 5 95 97 0 1 41 86 86 95 100
81 27 16 42 4 97 4 7 84 96 100 90 100 4 89 1 45 85 6 81 2 99 89 38 31 7 16 84 86 28 92 100 95 1 6 23 19 39 94 13 3 93 96 1 0 32 97 83 98 100
96 93 92 95 91 88 19 81 17 23 20 81 97 98 87 90 96 88 19 98 31 20 97 87 81 25 93 91 86 95 95 47 99 96 100 93 100 95 87 94 28 97 88 41 32 0 86 85 28 89
8 89 82 82 87 4 94 81 33 38 18 7 4 25 43 81 95 5 98 1 95 36 5 96 98 93 92 21 8 5 9 97 5 14 95 84 96 88 42 1 89 35 37 86 97 86 0 90 26 29
95 99 85 87 85 90 15 86 19 50 30 94 88 86 25 89 98 82 82 86 97 48 85 94 100 93 95 13 86 91 91 19 100 81 93 100 87 90 29 81 91 26 43 86 83 85 90 0 17 32
22 90 100 47 86 100 95 90 10 2 2 86 86 93 4 87 19 82 98 97 83 10 96 17 24 95 18 6 17 93 83 10 85 91 83 23 17 35 3 87 87 7 5 95 98 28 26 17 0 1
24 82 88 93 86 36 94 83 5 8 6 19 31 87 5 81 100 21 96 47 99 10 40 83 97 85 12 6 50 98 12 5 34 90 93 92 82 87 2 98 95 7 4 100 100 89 29 32 1 0
BRBBBBRRBBRBRRBRRBRBBBRBRBBBRBRBRBBRRRRBRBBBRRRRRR
