50
0 100 36 87 54 14 76 77 68 6 32 4 54 42 25 34 72 97 39 35 97 43 41 4 53 26 84 28 38 33 82 37 97 47 53 29 41 3 34 51 76 42 72 23 17 88 27 70 56 66
100 0 9 14 6 20 94 7 91 95 67 68 95 94 80 30 70 0 25 27 8 51 28 20 93 78 0 25 18 68 6 26 44 21 97 9 14 7 52 9 89 43 73 42 9 27 65 88 56 29
36 9 0 8 58 95 28 38 87 20 6 76 4 49 57 97 81 99 89 10 3 24 49 5 5 13 54 66 88 6 30 41 47 2 51 25 42 86 77 65 89 81 75 19 33 44 15 45 51 29
87 14 8 0 60 23 47 76 56 2 35 71 61 43 18 55 18 17 46 78 14 58 93 52 90 0 78 88 34 50 29 30 13 33 88 48 77 68 48 12 83 100 87 84 40 72 4 44 68 51
54 6 58 60 0 66 39 43 71 41 74 88 44 63 89 73 70 73 28 55 28 9 77 86 83 44 50 16 53 74 41 73 64 57 25 45 72 83 56 9 50 57 68 88 68 99 6 40 65 32
14 20 95 23 66 0 60 27 67 43 27 45 9 87 100 86 20 33 28 93 8 51 79 8 71 68 13 44 49 84 49 19 68 50 37 77 31 51 18 38 53 39 36 91 39 69 84 41 18 82
76 94 28 47 39 60 0 77 99 65 45 91 32 90 24 57 37 84 71 40 85 40 54 7 84 86 26 61 37 5 16 35 22 23 23 43 35 84 28 0 38 42 74 59 69 46 12 84 71 11
77 7 38 76 43 27 77 0 99 60 61 15 41 26 83 54 40 49 45 13 13 57 23 75 84 60 98 97 15 13 40 55 32 1 88 93 44 9 86 35 41 27 83 25 84 41 40 61 72 82
68 91 87 56 71 67 99 99 0 22 43 72 84 44 25 37 91 79 33 40 54 32 10 87 41 55 61 96 82 92 1 80 29 61 89 87 31 80 86 85 75 57 77 15 12 40 54 58 2 31
6 95 20 2 41 43 65 60 22 0 94 91 24 28 6 63 67 68 13 16 100 67 16 93 1 72 89 37 48 73 100 31 84 18 93 97 86 63 48 85 25 93 97 7 92 47 33 3 9 74
32 67 6 35 74 27 45 61 43 94 0 76 64 29 59 52 41 37 53 91 3 14 84 87 11 29 45 90 24 56 11 14 43 80 9 68 87 48 67 19 28 98 19 0 73 61 72 80 11 20
4 68 76 71 88 45 91 15 72 91 76 0 41 34 85 85 52 96 45 71 3 42 55 66 83 6 52 16 95 45 17 67 39 65 42 41 70 98 30 40 52 9 58 58 90 98 19 61 62 71
54 95 4 61 44 9 32 41 84 24 64 41 0 18 54 77 8 5 47 45 93 76 33 84 39 89 78 41 17 90 54 79 69 48 88 40 24 15 68 15 62 19 44 16 48 37 20 46 12 97
42 94 49 43 63 87 90 26 44 28 29 34 18 0 3 17 58 13 57 22 48 47 50 1 15 63 6 76 65 47 62 27 43 18 40 87 28 33 16 39 97 23 95 94 31 77 31 17 13 60
25 80 57 18 89 100 24 83 25 6 59 85 54 3 0 94 47 7 41 100 58 47 87 68 56 43 4 89 71 34 34 33 34 54 54 69 40 82 28 52 13 32 32 55 38 74 57 30 2 62
34 30 97 55 73 86 57 54 37 63 52 85 77 17 94 0 72 68 70 83 38 39 22 60 0 28 19 54 96 45 31 95 62 24 46 22 52 18 60 19 47 86 27 67 95 1 9 67 2 90
72 70 81 18 70 20 37 40 91 67 41 52 8 58 47 72 0 9 92 15 9 18 32 20 45 98 54 34 63 84 32 33 43 8 55 65 88 53 79 85 5 96 31 12 22 36 14 20 56 24
97 0 99 17 73 33 84 49 79 68 37 96 5 13 7 68 9 0 92 14 60 10 13 29 34 15 26 94 55 69 65 42 27 49 34 13 51 99 63 58 27 77 29 29 52 86 90 62 40 59
39 25 89 46 28 28 71 45 33 13 53 45 47 57 41 70 92 92 0 74 26 10 89 22 92 34 7 84 75 33 24 64 34 55 4 9 1 1 71 61 4 22 88 16 92 90 61 51 0 14
35 27 10 78 55 93 40 13 40 16 91 71 45 22 100 83 15 14 74 0 74 3 78 34 65 16 68 34 88 100 93 75 18 56 100 45 68 35 10 86 1 71 91 96 28 18 47 18 40 20
97 8 3 14 28 8 85 13 54 100 3 3 93 48 58 38 9 60 26 74 0 67 23 71 63 49 7 29 71 65 20 81 94 7 50 78 83 29 47 37 45 73 7 94 65 68 37 7 22 82
43 51 24 58 9 51 40 57 32 67 14 42 76 47 47 39 18 10 10 3 67 0 0 4 42 78 34 11 10 99 69 93 98 62 0 61 100 34 34 43 41 94 54 39 85 43 46 21 46 30
41 28 49 93 77 79 54 23 10 16 84 55 33 50 87 22 32 13 89 78 23 0 0 72 91 39 40 54 73 10 85 69 62 52 97 93 48 26 91 98 86 73 80 31 60 48 95 81 83 25
4 20 5 52 86 8 7 75 87 93 87 66 84 1 68 60 20 29 22 34 71 4 72 0 33 4 72 69 89 6 0 40 7 56 61 53 97 86 64 38 71 13 96 44 63 5 25 76 86 85
53 93 5 90 83 71 84 84 41 1 11 83 39 15 56 0 45 34 92 65 63 42 91 33 0 6 18 48 60 89 99 56 47 21 35 35 21 6 67 17 3 34 25 84 29 6 21 3 41 18
26 78 13 0 44 68 86 60 55 72 29 6 89 63 43 28 98 15 34 16 49 78 39 4 6 0 37 65 15 43 84 83 59 99 93 14 80 56 31 57 77 43 16 83 43 67 55 1 24 5
84 0 54 78 50 13 26 98 61 89 45 52 78 6 4 19 54 26 7 68 7 34 40 72 18 37 0 25 62 10 100 82 63 17 44 9 25 60 16 57 18 5 83 64 26 93 95 89 63 80
28 25 66 88 16 44 61 97 96 37 90 16 41 76 89 54 34 94 84 34 29 11 54 69 48 65 25 0 93 44 89 67 49 33 86 74 86 68 48 70 62 0 22 80 71 80 52 21 97 17
38 18 88 34 53 49 37 15 82 48 24 95 17 65 71 96 63 55 75 88 71 10 73 89 60 15 62 93 0 77 71 94 33 43 62 13 91 44 31 89 84 13 45 77 63 60 65 30 91 13
33 68 6 50 74 84 5 13 92 73 56 45 90 47 34 45 84 69 33 100 65 99 10 6 89 43 10 44 77 0 28 7 99 43 15 12 71 62 49 45 79 73 36 43 1 78 28 69 6 33
82 6 30 29 41 49 16 40 1 100 11 17 54 62 34 31 32 65 24 93 20 69 85 0 99 84 100 89 71 28 0 48 77 25 32 90 49 72 12 89 39 78 26 67 54 25 5 63 85 82
37 26 41 30 73 19 35 55 80 31 14 67 79 27 33 95 33 42 64 75 81 93 69 40 56 83 82 67 94 7 48 0 6 28 46 4 57 75 28 28 58 24 21 78 30 3 73 4 2 87
97 44 47 13 64 68 22 32 29 84 43 39 69 43 34 62 43 27 34 18 94 98 62 7 47 59 63 49 33 99 77 6 0 60 81 23 88 16 98 46 17 72 5 89 7 93 36 65 1 88
47 21 2 33 57 50 23 1 61 18 80 65 48 18 54 24 8 49 55 56 7 62 52 56 21 99 17 33 43 43 25 28 60 0 37 29 50 10 90 55 73 0 53 70 12 20 83 9 32 27
53 97 51 88 25 37 23 88 89 93 9 42 88 40 54 46 55 34 4 100 50 0 97 61 35 93 44 86 62 15 32 46 81 37 0 13 21 97 49 38 91 88 28 0 94 29 78 52 8 43
29 9 25 48 45 77 43 93 87 97 68 41 40 87 69 22 65 13 9 45 78 61 93 53 35 14 9 74 13 12 90 4 23 29 13 0 8 33 2 33 52 73 42 38 21 50 79 1 81 81
41 14 42 77 72 31 35 44 31 86 87 70 24 28 40 52 88 51 1 68 83 100 48 97 21 80 25 86 91 71 49 57 88 50 21 8 0 17 70 59 51 9 31 14 11 16 0 38 44 58
3 7 86 68 83 51 84 9 80 63 48 98 15 33 82 18 53 99 1 35 29 34 26 86 6 56 60 68 44 62 72 75 16 10 97 33 17 0 95 18 55 64 45 71 9 78 91 48 33 64
34 52 77 48 56 18 28 86 86 48 67 30 68 16 28 60 79 63 71 10 47 34 91 64 67 31 16 48 31 49 12 28 98 90 49 2 70 95 0 83 2 79 88 53 21 37 90 70 40 73
51 9 65 12 9 38 0 35 85 85 19 40 15 39 52 19 85 58 61 86 37 43 98 38 17 57 57 70 89 45 89 28 46 55 38 33 59 18 83 0 52 71 88 44 91 43 9 28 40 84
76 89 89 83 50 53 38 41 75 25 28 52 62 97 13 47 5 27 4 1 45 41 86 71 3 77 18 62 84 79 39 58 17 73 91 52 51 55 2 52 0 24 54 97 69 48 53 13 68 43
42 43 81 100 57 39 42 27 57 93 98 9 19 23 32 86 96 77 22 71 73 94 73 13 34 43 5 0 13 73 78 24 72 0 88 73 9 64 79 71 24 0 13 71 40 1 82 34 21 8
72 73 75 87 68 36 74 83 77 97 19 58 44 95 32 27 31 29 88 91 7 54 80 96 25 16 83 22 45 36 26 21 5 53 28 42 31 45 88 88 54 13 0 29 77 93 58 56 43 90
23 42 19 84 88 91 59 25 15 7 0 58 16 94 55 67 12 29 16 96 94 39 31 44 84 83 64 80 77 43 67 78 89 70 0 38 14 71 53 44 97 71 29 0 11 72 68 15 36 28
17 9 33 40 68 39 69 84 12 92 73 90 48 31 38 95 22 52 92 28 65 85 60 63 29 43 26 71 63 1 54 30 7 12 94 21 11 9 21 91 69 40 77 11 0 92 99 48 62 44
88 27 44 72 99 69 46 41 40 47 61 98 37 77 74 1 36 86 90 18 68 43 48 5 6 67 93 80 60 78 25 3 93 20 29 50 16 78 37 43 48 1 93 72 92 0 7 5 47 7
27 65 15 4 6 84 12 40 54 33 72 19 20 31 57 9 14 90 61 47 37 46 95 25 21 55 95 52 65 28 5 73 36 83 78 79 0 91 90 9 53 82 58 68 99 7 0 38 32 30
70 88 45 44 40 41 84 61 58 3 80 61 46 17 30 67 20 62 51 18 7 21 81 76 3 1 89 21 30 69 63 4 65 9 52 1 38 48 70 28 13 34 56 15 48 5 38 0 75 94
56 56 51 68 65 18 71 72 2 9 11 62 12 13 2 2 56 40 0 40 22 46 83 86 41 24 63 97 91 6 85 2 1 32 8 81 44 33 40 40 68 21 43 36 62 47 32 75 0 49
66 29 29 51 32 82 11 82 31 74 20 71 97 60 62 90 24 59 14 20 82 30 25 85 18 5 80 17 13 33 82 87 88 27 43 81 58 64 73 84 43 8 90 28 44 7 30 94 49 0
RBBRBBRRRRBRBRBBBBRBRRRRBRRBRBBBBBBBRRBBRRRBBRRRRB
