50
0 92 94 96 100 100 96 100 98 94 96 96 94 98 94 96 98 98 94 100 96 96 94 100 98 98 92 98 96 96 96 96 92 96 94 94 98 94 94 94 96 98 98 94 92 86 94 92 92 96
92 0 92 100 94 98 96 94 100 96 96 92 96 92 92 98 92 92 100 98 94 100 94 92 86 96 98 22 98 98 96 92 96 24 96 98 98 98 92 100 100 94 94 96 94 98 98 96 96 98
94 92 0 98 100 98 96 24 94 96 92 94 24 96 98 94 94 96 96 96 98 98 98 100 94 94 98 94 94 98 96 100 0 96 100 96 98 96 96 96 94 98 98 6 96 92 92 94 96 96
96 100 98 0 98 92 96 92 94 98 92 22 96 94 94 94 92 92 94 94 94 96 94 96 96 100 98 92 96 100 22 94 96 98 94 92 94 86 98 98 100 92 94 94 100 96 84 98 94 96
100 94 100 98 0 94 100 100 94 94 94 98 100 96 98 22 100 96 92 94 96 98 92 98 96 94 96 98 92 96 94 94 92 94 98 96 96 98 98 100 92 100 98 100 96 94 100 94 94 20
100 98 98 92 94 0 94 98 98 92 94 98 98 94 98 94 92 98 92 96 94 100 96 98 92 94 92 94 94 98 98 6 100 96 92 94 0 94 98 98 94 94 98 98 96 94 94 96 98 94
96 96 96 96 100 94 0 92 92 94 92 96 94 96 90 100 92 96 94 22 18 96 96 98 88 98 96 98 92 94 100 100 100 94 96 92 98 96 98 98 98 94 94 98 94 94 96 98 96 92
100 94 24 92 100 98 92 0 94 98 84 98 88 94 96 92 92 98 96 96 100 94 96 94 98 98 94 98 92 100 94 94 96 94 98 96 100 96 98 94 98 98 96 18 94 92 98 96 96 94
98 100 94 94 94 98 92 94 0 96 98 98 96 98 92 96 92 98 86 96 96 100 94 98 100 100 18 98 92 94 94 100 98 96 100 98 96 96 96 94 18 98 94 100 86 96 98 100 94 94
94 96 96 98 94 92 94 98 96 0 22 98 96 94 100 100 96 96 96 96 96 94 100 94 98 98 94 98 98 96 98 94 96 94 22 96 92 94 98 6 94 98 92 2 100 96 98 94 100 94
96 96 92 92 94 94 92 84 98 22 0 92 94 94 98 98 94 98 92 96 100 100 94 98 92 100 98 98 100 94 98 92 100 94 90 98 96 100 98 100 94 98 94 24 94 100 98 98 98 100
96 92 94 22 98 98 96 98 98 98 92 0 96 94 98 100 98 100 92 94 96 94 96 94 96 94 96 98 92 94 8 100 92 96 92 94 94 20 96 92 96 98 94 94 100 92 92 98 6 94
94 96 24 96 100 98 94 88 96 96 94 96 0 100 94 92 92 90 92 92 96 94 96 96 96 98 92 98 98 100 92 92 18 98 98 94 94 100 92 94 92 98 94 98 100 98 96 92 100 94
98 92 96 94 96 94 96 94 98 94 94 94 100 0 98 96 94 94 100 92 94 0 98 92 92 96 96 98 94 96 6 94 94 100 94 92 96 100 94 96 94 98 16 96 96 92 20 98 94 98
94 92 98 94 98 98 90 96 92 100 98 98 94 98 0 94 94 94 96 96 20 100 94 98 96 98 96 98 96 100 94 94 98 100 96 94 22 98 94 94 96 92 92 100 94 98 100 98 96 94
96 98 94 94 22 94 100 92 96 100 98 100 92 96 94 0 94 96 20 98 92 92 100 92 98 96 2 100 100 96 98 98 100 98 96 96 96 98 98 96 94 96 98 94 92 98 100 94 100 0
98 92 94 92 100 92 92 92 92 96 94 98 92 94 94 94 0 94 94 94 92 96 98 4 96 96 96 92 16 92 92 94 92 100 98 98 98 96 92 92 98 94 96 100 94 94 94 100 94 92
98 92 96 92 96 98 96 98 98 96 98 100 90 94 94 96 94 0 98 98 100 92 98 96 96 94 92 24 96 98 98 94 24 100 96 98 96 98 94 94 94 96 94 96 98 98 92 100 96 96
94 100 96 94 92 92 94 96 86 96 92 92 92 100 96 20 94 98 0 94 98 98 100 98 96 98 22 94 98 94 98 96 96 98 98 98 100 94 98 100 98 100 94 96 98 94 96 98 96 94
100 98 96 94 94 96 22 96 96 96 96 94 92 92 96 98 94 98 94 0 0 96 94 98 18 92 94 100 98 100 98 96 98 2 100 96 96 96 100 96 94 100 96 96 96 94 94 98 94 94
96 94 98 94 96 94 18 100 96 96 100 96 96 94 20 92 92 100 98 0 0 96 96 96 98 94 94 100 94 98 100 94 96 94 96 100 6 96 96 96 94 94 94 94 96 94 100 96 100 98
96 100 98 96 98 100 96 94 100 94 100 94 94 0 100 92 96 92 98 96 96 0 24 96 92 98 94 98 94 98 96 98 100 94 98 94 96 96 92 94 98 92 24 96 92 92 100 98 98 6
94 94 98 94 92 96 96 96 94 100 94 96 96 98 94 100 98 98 100 94 96 24 0 94 98 94 96 100 94 96 98 98 94 96 100 96 96 100 94 96 100 100 88 94 94 94 98 100 94 18
100 92 100 96 98 98 98 94 98 94 98 94 96 92 98 92 4 96 98 98 96 96 94 0 96 98 98 94 20 94 94 96 100 92 98 92 98 96 96 98 98 0 94 96 96 98 94 18 92 96
98 86 94 96 96 92 88 98 100 98 92 96 96 92 96 98 96 96 96 18 98 92 98 96 0 96 96 98 98 92 96 100 96 24 94 94 96 98 92 94 94 96 94 94 96 92 94 92 98 94
98 96 94 100 94 94 98 98 100 98 100 94 98 96 98 96 96 94 98 92 94 98 94 98 96 0 92 92 96 92 94 96 94 96 100 100 98 98 18 98 2 8 98 92 20 94 98 94 96 100
92 98 98 98 96 92 96 94 18 94 98 96 92 96 96 2 96 92 22 94 94 94 96 98 96 92 0 98 92 94 98 94 96 100 94 94 94 100 94 98 2 98 98 96 100 92 96 98 98 92
98 22 94 92 98 94 98 98 98 98 98 98 98 98 98 100 92 24 94 100 100 98 100 94 98 92 98 0 94 92 96 96 4 0 98 94 100 98 96 92 94 96 98 98 92 100 98 94 96 96
96 98 94 96 92 94 92 92 92 98 100 92 98 94 96 100 16 96 98 98 94 94 94 20 98 96 92 94 0 92 98 96 96 98 96 92 98 92 98 96 100 98 96 100 96 96 96 88 98 94
96 98 98 100 96 98 94 100 94 96 94 94 100 96 100 96 92 98 94 100 98 98 96 94 92 92 94 92 92 0 96 96 98 96 86 100 98 84 94 24 96 94 96 92 94 96 96 96 24 98
96 96 96 22 94 98 100 94 94 98 98 8 92 6 94 98 92 98 98 98 100 96 98 94 96 94 98 96 98 96 0 96 98 96 98 98 98 94 94 98 94 94 98 94 98 98 20 98 94 96
96 92 100 94 94 6 100 94 100 94 92 100 92 94 94 98 94 94 96 96 94 98 98 96 100 96 94 96 96 96 96 0 98 96 98 98 100 100 96 96 100 96 94 92 94 94 98 92 96 96
92 96 0 96 92 100 100 96 98 96 100 92 18 94 98 100 92 24 96 98 96 100 94 100 96 94 96 4 96 98 98 98 0 98 98 96 94 96 98 98 96 92 92 96 94 96 98 98 100 98
96 24 96 98 94 96 94 94 96 94 94 96 98 100 100 98 100 100 98 2 94 94 96 92 24 96 100 0 98 96 96 96 98 0 98 94 92 92 98 98 98 100 96 98 100 94 98 96 94 98
94 96 100 94 98 92 96 98 100 22 90 92 98 94 96 96 98 96 98 100 96 98 100 98 94 100 94 98 96 86 98 98 98 98 0 94 94 100 96 24 96 98 94 98 96 98 96 96 98 96
94 98 96 92 96 94 92 96 98 96 98 94 94 92 94 96 98 98 98 96 100 94 96 92 94 100 94 94 92 100 98 98 96 94 94 0 98 100 96 100 98 100 96 94 96 88 100 94 100 96
98 98 98 94 96 0 98 100 96 92 96 94 94 96 22 96 98 96 100 96 6 96 96 98 96 98 94 100 98 98 98 100 94 92 94 98 0 92 98 98 94 98 94 96 98 94 96 98 100 96
94 98 96 86 98 94 96 96 96 94 100 20 100 100 98 98 96 98 94 96 96 96 100 96 98 98 100 98 92 84 94 100 96 92 100 100 92 0 96 94 94 98 98 92 96 96 98 100 20 92
94 92 96 98 98 98 98 98 96 98 98 96 92 94 94 98 92 94 98 100 96 92 94 96 92 18 94 96 98 94 94 96 98 98 96 96 98 96 0 98 94 22 96 96 86 98 98 84 94 92
94 100 96 98 100 98 98 94 94 6 100 92 94 96 94 96 92 94 100 96 96 94 96 98 94 98 98 92 96 24 98 96 98 98 24 100 98 94 98 0 100 92 96 92 96 94 100 96 2 96
96 100 94 100 92 94 98 98 18 94 94 96 92 94 96 94 98 94 98 94 94 98 100 98 94 2 2 94 100 96 94 100 96 98 96 98 94 94 94 100 0 96 98 96 24 100 92 98 94 94
98 94 98 92 100 94 94 98 98 98 98 98 98 98 92 96 94 96 100 100 94 92 100 0 96 8 98 96 98 94 94 96 92 100 98 100 98 98 22 92 96 0 100 94 92 94 92 20 96 96
98 94 98 94 98 98 94 96 94 92 94 94 94 16 92 98 96 94 94 96 94 24 88 94 94 98 98 98 96 96 98 94 92 96 94 96 94 98 96 96 98 100 0 98 92 98 86 96 92 98
94 96 6 94 100 98 98 18 100 2 24 94 98 96 100 94 100 96 96 96 94 96 94 96 94 92 96 98 100 92 94 92 96 98 98 94 96 92 96 92 96 94 98 0 98 100 96 92 92 94
92 94 96 100 96 96 94 94 86 100 94 100 100 96 94 92 94 98 98 96 96 92 94 96 96 20 100 92 96 94 98 94 94 100 96 96 98 96 86 96 24 92 92 98 0 92 98 94 98 96
86 98 92 96 94 94 94 92 96 96 100 92 98 92 98 98 94 98 94 94 94 92 94 98 92 94 92 100 96 96 98 94 96 94 98 88 94 96 98 94 100 94 98 100 92 0 94 94 98 94
94 98 92 84 100 94 96 98 98 98 98 92 96 20 100 100 94 92 96 94 100 100 98 94 94 98 96 98 96 96 20 98 98 98 96 100 96 98 98 100 92 92 86 96 98 94 0 98 96 92
92 96 94 98 94 96 98 96 100 94 98 98 92 98 98 94 100 100 98 98 96 98 100 18 92 94 98 94 88 96 98 92 98 96 96 94 98 100 84 96 98 20 96 92 94 94 98 0 96 96
92 96 96 94 94 98 96 96 94 100 98 6 100 94 96 100 94 96 96 94 100 98 94 92 98 96 98 96 98 24 94 96 100 94 98 100 100 20 94 2 94 96 92 92 98 98 96 96 0 100
96 98 96 96 20 94 92 94 94 94 100 94 94 98 94 0 92 96 94 94 98 6 18 96 94 100 92 96 94 98 96 96 98 98 96 96 96 92 92 96 94 96 98 94 96 94 92 96 100 0
BBBBRRBRRRRRRBBBRBRRRBBRBRBBBRRRBBRBRBRRRRBBRBBBRB
