50
0 74 41 45 69 74 58 22 68 54 71 24 71 7 33 86 44 23 64 43 64 9 49 42 3 90 8 96 100 59 9 78 13 81 49 65 64 71 8 85 63 5 1 43 66 27 27 35 86 0 
74 0 0 21 15 79 66 5 23 93 31 14 24 50 78 72 34 70 17 86 52 82 64 64 79 44 34 81 69 46 78 67 96 62 4 40 76 3 46 76 11 41 68 33 35 45 47 90 45 21 
41 0 0 88 69 96 40 19 56 21 65 64 36 27 49 99 51 65 73 83 99 29 25 21 10 33 86 72 96 42 70 29 5 4 12 13 43 91 45 65 58 10 67 1 8 19 4 65 90 64 
45 21 88 0 88 35 25 43 50 94 90 79 28 42 60 95 89 78 84 70 77 88 52 40 6 27 66 26 86 25 61 96 84 57 53 57 56 69 9 6 37 70 22 96 1 65 32 70 14 97 
69 15 69 88 0 8 16 88 57 17 18 22 74 11 39 19 36 50 85 1 58 17 20 27 84 45 1 11 84 94 96 90 78 65 8 58 56 23 56 37 89 47 59 11 91 17 26 30 32 76 
74 79 96 35 8 0 30 44 69 16 42 15 98 89 74 93 8 39 51 25 30 11 60 13 11 10 36 79 42 82 99 25 80 17 6 73 33 11 68 26 96 8 14 100 60 6 88 24 39 16 
58 66 40 25 16 30 0 30 92 20 40 80 7 60 95 58 87 28 70 100 56 33 56 46 65 18 68 61 30 38 73 58 79 21 94 70 33 24 93 69 96 87 87 32 3 16 64 54 88 51 
22 5 19 43 88 44 30 0 93 96 75 58 77 58 59 45 12 1 64 97 13 86 42 54 77 47 58 47 47 32 1 93 47 11 86 92 71 87 31 5 33 82 29 71 47 44 87 49 39 38 
68 23 56 50 57 69 92 93 0 95 62 94 61 48 49 87 84 74 50 32 10 80 7 70 5 55 37 45 5 78 8 100 91 56 67 13 97 78 19 39 93 57 59 22 15 96 19 26 5 14 
54 93 21 94 17 16 20 96 95 0 15 88 26 34 77 85 46 7 6 2 77 82 71 73 32 4 90 60 42 100 17 8 77 95 54 59 100 6 56 37 76 45 75 38 72 18 98 35 86 68 
71 31 65 90 18 42 40 75 62 15 0 33 50 88 72 46 48 18 64 10 11 85 63 94 96 20 2 82 23 44 49 45 63 21 44 81 36 35 39 42 75 22 51 100 74 72 26 49 62 30 
24 14 64 79 22 15 80 58 94 88 33 0 90 36 23 95 30 75 11 100 61 85 30 13 30 25 23 24 66 63 61 64 91 49 8 85 39 30 63 55 97 27 89 26 23 18 53 34 88 12 
71 24 36 28 74 98 7 77 61 26 50 90 0 51 52 39 34 78 38 33 95 1 39 93 4 86 92 17 62 3 28 15 24 83 70 96 43 87 61 10 66 70 29 3 75 91 84 41 94 76 
7 50 27 42 11 89 60 58 48 34 88 36 51 0 83 60 14 78 98 59 38 28 35 81 3 82 35 33 56 19 76 59 77 41 5 73 43 88 28 61 63 50 61 44 13 93 67 18 0 46 
33 78 49 60 39 74 95 59 49 77 72 23 52 83 0 28 100 43 53 1 22 0 5 38 65 39 59 3 77 35 42 8 99 48 6 70 6 41 16 7 84 18 100 100 40 76 21 70 74 96 
86 72 99 95 19 93 58 45 87 85 46 95 39 60 28 0 50 55 4 96 38 32 50 72 3 9 28 99 5 67 96 97 8 77 11 55 51 39 5 59 59 29 12 81 36 87 72 40 59 53 
44 34 51 89 36 8 87 12 84 46 48 30 34 14 100 50 0 43 85 81 27 32 37 13 68 60 13 64 59 92 98 98 81 21 99 25 73 97 80 53 36 31 89 14 22 76 23 51 46 22 
23 70 65 78 50 39 28 1 74 7 18 75 78 78 43 55 43 0 84 80 62 44 76 20 23 90 70 0 11 74 78 99 41 10 39 29 68 88 41 36 99 68 91 98 23 37 8 83 3 42 
64 17 73 84 85 51 70 64 50 6 64 11 38 98 53 4 85 84 0 21 65 21 70 70 75 48 14 28 1 62 5 80 72 80 9 34 22 33 29 18 14 40 60 50 84 31 80 82 72 61 
43 86 83 70 1 25 100 97 32 2 10 100 33 59 1 96 81 80 21 0 44 9 37 43 5 85 90 70 40 1 95 68 40 90 17 6 84 38 56 27 4 36 88 48 39 7 26 96 43 74 
64 52 99 77 58 30 56 13 10 77 11 61 95 38 22 38 27 62 65 44 0 71 84 97 22 67 43 78 8 72 83 22 31 3 27 59 46 94 95 43 94 15 23 53 65 97 44 41 15 73 
9 82 29 88 17 11 33 86 80 82 85 85 1 28 0 32 32 44 21 9 71 0 88 14 81 49 100 32 38 8 14 33 42 12 70 81 21 6 17 32 14 57 22 98 39 32 76 67 49 4 
49 64 25 52 20 60 56 42 7 71 63 30 39 35 5 50 37 76 70 37 84 88 0 91 34 6 59 44 46 40 60 74 30 61 55 68 53 66 66 18 75 33 79 84 5 64 7 38 70 72 
42 64 21 40 27 13 46 54 70 73 94 13 93 81 38 72 13 20 70 43 97 14 91 0 75 18 68 76 19 75 13 85 10 23 20 59 2 6 41 63 12 85 20 33 41 17 74 9 37 6 
3 79 10 6 84 11 65 77 5 32 96 30 4 3 65 3 68 23 75 5 22 81 34 75 0 79 96 64 56 28 31 89 44 15 53 33 28 50 33 31 51 37 5 86 34 33 63 60 54 99 
90 44 33 27 45 10 18 47 55 4 20 25 86 82 39 9 60 90 48 85 67 49 6 18 79 0 77 42 71 15 27 95 46 44 31 50 76 38 66 61 29 84 9 1 70 37 64 84 93 10 
8 34 86 66 1 36 68 58 37 90 2 23 92 35 59 28 13 70 14 90 43 100 59 68 96 77 0 88 84 25 76 30 57 87 67 58 59 57 94 14 70 0 37 39 65 96 59 80 95 17 
96 81 72 26 11 79 61 47 45 60 82 24 17 33 3 99 64 0 28 70 78 32 44 76 64 42 88 0 0 30 71 14 61 38 18 8 47 38 44 56 63 72 56 96 51 38 7 97 76 18 
100 69 96 86 84 42 30 47 5 42 23 66 62 56 77 5 59 11 1 40 8 38 46 19 56 71 84 0 0 8 71 52 59 45 76 55 48 72 18 30 3 34 62 4 93 7 37 78 65 46 
59 46 42 25 94 82 38 32 78 100 44 63 3 19 35 67 92 74 62 1 72 8 40 75 28 15 25 30 8 0 68 88 78 24 65 5 79 43 9 96 19 64 80 88 61 82 87 92 70 81 
9 78 70 61 96 99 73 1 8 17 49 61 28 76 42 96 98 78 5 95 83 14 60 13 31 27 76 71 71 68 0 67 75 39 1 49 65 19 43 39 72 46 16 28 18 61 29 9 25 21 
78 67 29 96 90 25 58 93 100 8 45 64 15 59 8 97 98 99 80 68 22 33 74 85 89 95 30 14 52 88 67 0 47 26 88 93 7 0 68 6 26 19 38 43 17 68 49 8 88 58 
13 96 5 84 78 80 79 47 91 77 63 91 24 77 99 8 81 41 72 40 31 42 30 10 44 46 57 61 59 78 75 47 0 57 81 41 20 46 41 51 59 38 51 37 17 22 81 0 36 53 
81 62 4 57 65 17 21 11 56 95 21 49 83 41 48 77 21 10 80 90 3 12 61 23 15 44 87 38 45 24 39 26 57 0 27 7 23 66 79 21 96 2 50 17 65 5 69 32 67 96 
49 4 12 53 8 6 94 86 67 54 44 8 70 5 6 11 99 39 9 17 27 70 55 20 53 31 67 18 76 65 1 88 81 27 0 27 54 69 55 81 55 76 74 9 76 85 90 19 36 53 
65 40 13 57 58 73 70 92 13 59 81 85 96 73 70 55 25 29 34 6 59 81 68 59 33 50 58 8 55 5 49 93 41 7 27 0 76 70 43 39 96 32 82 14 78 67 15 64 65 57 
64 76 43 56 56 33 33 71 97 100 36 39 43 43 6 51 73 68 22 84 46 21 53 2 28 76 59 47 48 79 65 7 20 23 54 76 0 65 55 38 87 10 87 90 34 11 22 24 7 4 
71 3 91 69 23 11 24 87 78 6 35 30 87 88 41 39 97 88 33 38 94 6 66 6 50 38 57 38 72 43 19 0 46 66 69 70 65 0 92 11 6 79 63 81 20 75 69 77 42 69 
8 46 45 9 56 68 93 31 19 56 39 63 61 28 16 5 80 41 29 56 95 17 66 41 33 66 94 44 18 9 43 68 41 79 55 43 55 92 0 60 4 76 60 62 61 27 70 22 94 94 
85 76 65 6 37 26 69 5 39 37 42 55 10 61 7 59 53 36 18 27 43 32 18 63 31 61 14 56 30 96 39 6 51 21 81 39 38 11 60 0 74 95 91 98 31 42 42 51 0 30 
63 11 58 37 89 96 96 33 93 76 75 97 66 63 84 59 36 99 14 4 94 14 75 12 51 29 70 63 3 19 72 26 59 96 55 96 87 6 4 74 0 86 67 16 98 9 22 15 72 0 
5 41 10 70 47 8 87 82 57 45 22 27 70 50 18 29 31 68 40 36 15 57 33 85 37 84 0 72 34 64 46 19 38 2 76 32 10 79 76 95 86 0 45 76 9 16 22 55 31 26 
1 68 67 22 59 14 87 29 59 75 51 89 29 61 100 12 89 91 60 88 23 22 79 20 5 9 37 56 62 80 16 38 51 50 74 82 87 63 60 91 67 45 0 36 75 24 48 92 18 58 
43 33 1 96 11 100 32 71 22 38 100 26 3 44 100 81 14 98 50 48 53 98 84 33 86 1 39 96 4 88 28 43 37 17 9 14 90 81 62 98 16 76 36 0 100 10 57 43 48 37 
66 35 8 1 91 60 3 47 15 72 74 23 75 13 40 36 22 23 84 39 65 39 5 41 34 70 65 51 93 61 18 17 17 65 76 78 34 20 61 31 98 9 75 100 0 37 30 39 20 98 
27 45 19 65 17 6 16 44 96 18 72 18 91 93 76 87 76 37 31 7 97 32 64 17 33 37 96 38 7 82 61 68 22 5 85 67 11 75 27 42 9 16 24 10 37 0 73 45 78 55 
27 47 4 32 26 88 64 87 19 98 26 53 84 67 21 72 23 8 80 26 44 76 7 74 63 64 59 7 37 87 29 49 81 69 90 15 22 69 70 42 22 22 48 57 30 73 0 33 29 80 
35 90 65 70 30 24 54 49 26 35 49 34 41 18 70 40 51 83 82 96 41 67 38 9 60 84 80 97 78 92 9 8 0 32 19 64 24 77 22 51 15 55 92 43 39 45 33 0 47 26 
86 45 90 14 32 39 88 39 5 86 62 88 94 0 74 59 46 3 72 43 15 49 70 37 54 93 95 76 65 70 25 88 36 67 36 65 7 42 94 0 72 31 18 48 20 78 29 47 0 67 
0 21 64 97 76 16 51 38 14 68 30 12 76 46 96 53 22 42 61 74 73 4 72 6 99 10 17 18 46 81 21 58 53 96 53 57 4 69 94 30 0 26 58 37 98 55 80 26 67 0 
BRBBRBBBRBBRRRBBBRRRBBBRRBRRBRBRBBRRRBBBRBBRRBRRRR
