50
0 13 50 27 78 76 82 0 92 57 62 70 25 37 6 94 45 36 65 87 20 18 63 9 3 4 18 19 25 62 88 88 66 2 80 97 31 88 90 11 83 34 50 17 19 49 45 48 68 28
13 0 2 60 66 76 0 60 55 47 55 68 70 3 2 93 66 60 2 15 57 53 7 41 29 42 16 47 88 90 63 7 96 71 84 34 39 52 24 64 58 62 45 65 22 0 49 55 20 61
50 2 0 79 17 71 48 34 86 11 86 74 6 28 84 40 51 52 24 57 62 98 64 46 30 34 62 48 22 57 15 97 73 63 19 70 100 19 85 48 45 29 58 45 61 2 2 27 70 49
27 60 79 0 69 60 71 99 75 90 51 65 97 43 36 27 48 19 24 71 42 34 50 73 45 96 8 34 82 17 61 12 60 61 55 36 15 57 75 19 43 40 96 18 88 12 54 32 82 17
78 66 17 69 0 78 79 60 22 39 16 34 18 20 77 70 50 19 73 60 65 54 81 74 43 14 72 49 87 1 98 28 24 5 34 70 35 50 0 41 99 99 4 75 90 93 14 91 51 59
76 76 71 60 78 0 81 86 4 7 84 90 98 40 75 86 36 3 86 28 15 82 27 82 33 15 22 28 41 45 24 62 15 81 98 22 46 3 38 5 89 7 95 0 4 26 15 70 11 97
82 0 48 71 79 81 0 90 90 18 62 25 99 97 27 44 90 60 79 39 23 14 55 88 83 42 48 12 47 26 91 95 46 19 30 30 12 98 67 11 65 14 85 39 30 61 49 92 19 60
0 60 34 99 60 86 90 0 97 82 100 32 68 21 37 85 62 12 26 32 38 79 88 71 50 81 12 67 24 45 75 6 14 35 54 34 47 78 94 94 93 66 72 1 39 5 25 15 77 71
92 55 86 75 22 4 90 97 0 80 21 10 40 35 46 56 18 7 48 44 86 71 76 47 51 67 82 44 90 5 55 83 38 7 31 79 83 65 87 37 42 16 84 67 87 79 38 22 36 13
57 47 11 90 39 7 18 82 80 0 55 98 6 71 58 6 23 100 66 79 76 91 100 69 58 18 9 60 44 34 41 39 40 39 45 73 59 42 48 3 15 27 11 29 33 65 16 16 44 73
62 55 86 51 16 84 62 100 21 55 0 45 85 18 95 69 61 8 1 75 99 36 68 82 71 24 16 80 70 79 27 50 1 93 75 2 95 14 22 49 32 94 86 40 79 27 1 8 55 38
70 68 74 65 34 90 25 32 10 98 45 0 97 60 43 9 76 45 92 91 60 11 25 72 51 70 90 11 32 40 77 16 44 73 9 0 9 55 5 41 7 92 18 74 96 11 44 5 89 93
25 70 6 97 18 98 99 68 40 6 85 97 0 88 48 23 89 47 84 18 1 19 46 56 34 24 57 81 41 3 46 49 86 86 68 77 1 31 56 89 9 61 18 41 77 78 65 100 93 84
37 3 28 43 20 40 97 21 35 71 18 60 88 0 100 33 4 82 95 13 49 74 29 27 94 6 65 47 33 91 32 88 25 89 82 44 97 86 18 47 89 48 64 9 16 80 27 62 99 61
6 2 84 36 77 75 27 37 46 58 95 43 48 100 0 50 96 12 88 51 16 55 78 83 44 1 82 44 60 64 65 4 54 78 79 22 70 44 34 94 89 7 23 24 31 75 70 7 68 25
94 93 40 27 70 86 44 85 56 6 69 9 23 33 50 0 20 90 96 90 81 27 26 23 89 20 31 56 51 3 73 92 70 33 63 58 45 8 62 81 83 42 4 76 39 44 22 67 57 38
45 66 51 48 50 36 90 62 18 23 61 76 89 4 96 20 0 23 71 48 37 58 51 5 38 53 24 35 17 28 26 14 79 99 57 29 64 23 100 27 56 69 24 68 83 46 2 13 56 26
36 60 52 19 19 3 60 12 7 100 8 45 47 82 12 90 23 0 79 47 41 35 97 96 50 71 65 68 44 27 65 58 31 68 74 79 88 36 96 80 10 29 44 19 42 24 13 18 48 77
65 2 24 24 73 86 79 26 48 66 1 92 84 95 88 96 71 79 0 43 17 38 89 10 57 45 60 57 68 67 99 77 2 19 4 83 13 88 28 77 17 49 81 43 41 83 82 65 13 93
87 15 57 71 60 28 39 32 44 79 75 91 18 13 51 90 48 47 43 0 50 17 34 53 82 9 19 49 65 50 41 21 60 81 31 91 76 87 0 53 18 94 1 95 20 52 9 74 77 100
20 57 62 42 65 15 23 38 86 76 99 60 1 49 16 81 37 41 17 50 0 74 14 87 55 40 85 14 41 1 41 74 74 50 81 92 7 95 35 4 7 54 51 37 8 91 80 38 17 54
18 53 98 34 54 82 14 79 71 91 36 11 19 74 55 27 58 35 38 17 74 0 51 82 68 44 38 94 61 17 100 29 96 43 3 62 90 23 57 1 45 17 91 82 34 38 6 70 0 16
63 7 64 50 81 27 55 88 76 100 68 25 46 29 78 26 51 97 89 34 14 51 0 61 49 56 7 96 29 10 97 87 78 49 45 57 54 24 89 53 35 36 11 84 64 13 80 34 16 68
9 41 46 73 74 82 88 71 47 69 82 72 56 27 83 23 5 96 10 53 87 82 61 0 55 31 71 9 7 50 66 66 11 36 9 21 39 28 26 53 9 30 81 37 12 41 3 76 60 39
3 29 30 45 43 33 83 50 51 58 71 51 34 94 44 89 38 50 57 82 55 68 49 55 0 84 48 40 39 14 58 91 20 61 1 78 29 53 98 70 13 19 25 47 98 88 32 92 48 17
4 42 34 96 14 15 42 81 67 18 24 70 24 6 1 20 53 71 45 9 40 44 56 31 84 0 11 2 6 30 38 90 0 100 26 71 42 77 73 51 35 67 23 99 14 83 7 28 93 90
18 16 62 8 72 22 48 12 82 9 16 90 57 65 82 31 24 65 60 19 85 38 7 71 48 11 0 100 65 72 91 60 11 48 32 4 78 24 9 0 55 31 74 57 100 99 82 94 33 58
19 47 48 34 49 28 12 67 44 60 80 11 81 47 44 56 35 68 57 49 14 94 96 9 40 2 100 0 36 68 66 41 39 52 7 74 71 12 16 86 33 61 83 54 85 82 3 42 77 31
25 88 22 82 87 41 47 24 90 44 70 32 41 33 60 51 17 44 68 65 41 61 29 7 39 6 65 36 0 24 88 29 91 71 4 77 9 41 27 73 63 46 29 66 50 86 18 44 6 47
62 90 57 17 1 45 26 45 5 34 79 40 3 91 64 3 28 27 67 50 1 17 10 50 14 30 72 68 24 0 29 87 11 53 78 74 50 100 80 28 35 25 14 41 78 38 56 79 33 0
88 63 15 61 98 24 91 75 55 41 27 77 46 32 65 73 26 65 99 41 41 100 97 66 58 38 91 66 88 29 0 50 3 7 59 100 81 62 77 74 59 1 27 21 58 19 32 90 6 74
88 7 97 12 28 62 95 6 83 39 50 16 49 88 4 92 14 58 77 21 74 29 87 66 91 90 60 41 29 87 50 0 24 52 98 25 13 78 68 31 76 79 36 19 30 87 99 67 37 37
66 96 73 60 24 15 46 14 38 40 1 44 86 25 54 70 79 31 2 60 74 96 78 11 20 0 11 39 91 11 3 24 0 12 70 50 79 49 0 5 37 98 25 91 66 57 95 7 16 8
2 71 63 61 5 81 19 35 7 39 93 73 86 89 78 33 99 68 19 81 50 43 49 36 61 100 48 52 71 53 7 52 12 0 70 49 85 39 29 66 33 50 74 7 93 39 40 20 17 67
80 84 19 55 34 98 30 54 31 45 75 9 68 82 79 63 57 74 4 31 81 3 45 9 1 26 32 7 4 78 59 98 70 70 0 65 55 0 27 90 19 42 12 26 94 63 67 59 29 44
97 34 70 36 70 22 30 34 79 73 2 0 77 44 22 58 29 79 83 91 92 62 57 21 78 71 4 74 77 74 100 25 50 49 65 0 56 63 53 92 53 48 94 49 94 91 85 53 87 26
31 39 100 15 35 46 12 47 83 59 95 9 1 97 70 45 64 88 13 76 7 90 54 39 29 42 78 71 9 50 81 13 79 85 55 56 0 60 29 18 18 80 22 12 7 9 3 51 22 65
88 52 19 57 50 3 98 78 65 42 14 55 31 86 44 8 23 36 88 87 95 23 24 28 53 77 24 12 41 100 62 78 49 39 0 63 60 0 65 17 35 54 62 60 71 41 76 30 86 84
90 24 85 75 0 38 67 94 87 48 22 5 56 18 34 62 100 96 28 0 35 57 89 26 98 73 9 16 27 80 77 68 0 29 27 53 29 65 0 43 5 56 9 11 70 98 89 70 55 46
11 64 48 19 41 5 11 94 37 3 49 41 89 47 94 81 27 80 77 53 4 1 53 53 70 51 0 86 73 28 74 31 5 66 90 92 18 17 43 0 48 25 36 71 72 91 90 36 83 36
83 58 45 43 99 89 65 93 42 15 32 7 9 89 89 83 56 10 17 18 7 45 35 9 13 35 55 33 63 35 59 76 37 33 19 53 18 35 5 48 0 66 23 96 97 83 0 74 79 71
34 62 29 40 99 7 14 66 16 27 94 92 61 48 7 42 69 29 49 94 54 17 36 30 19 67 31 61 46 25 1 79 98 50 42 48 80 54 56 25 66 0 0 25 98 90 43 19 63 16
50 45 58 96 4 95 85 72 84 11 86 18 18 64 23 4 24 44 81 1 51 91 11 81 25 23 74 83 29 14 27 36 25 74 12 94 22 62 9 36 23 0 0 29 78 42 56 93 58 23
17 65 45 18 75 0 39 1 67 29 40 74 41 9 24 76 68 19 43 95 37 82 84 37 47 99 57 54 66 41 21 19 91 7 26 49 12 60 11 71 96 25 29 0 86 36 16 14 95 75
19 22 61 88 90 4 30 39 87 33 79 96 77 16 31 39 83 42 41 20 8 34 64 12 98 14 100 85 50 78 58 30 66 93 94 94 7 71 70 72 97 98 78 86 0 16 6 55 87 57
49 0 2 12 93 26 61 5 79 65 27 11 78 80 75 44 46 24 83 52 91 38 13 41 88 83 99 82 86 38 19 87 57 39 63 91 9 41 98 91 83 90 42 36 16 0 2 48 76 81
45 49 2 54 14 15 49 25 38 16 1 44 65 27 70 22 2 13 82 9 80 6 80 3 32 7 82 3 18 56 32 99 95 40 67 85 3 76 89 90 0 43 56 16 6 2 0 75 77 78
48 55 27 32 91 70 92 15 22 16 8 5 100 62 7 67 13 18 65 74 38 70 34 76 92 28 94 42 44 79 90 67 7 20 59 53 51 30 70 36 74 19 93 14 55 48 75 0 23 82
68 20 70 82 51 11 19 77 36 44 55 89 93 99 68 57 56 48 13 77 17 0 16 60 48 93 33 77 6 33 6 37 16 17 29 87 22 86 55 83 79 63 58 95 87 76 77 23 0 40
28 61 49 17 59 97 60 71 13 73 38 93 84 61 25 38 26 77 93 100 54 16 68 39 17 90 58 31 47 0 74 37 8 67 44 26 65 84 46 36 71 16 23 75 57 81 78 82 40 0
BBBRBBBRRRBRBBBRBRBRBRBBBBRBBBRRBBBRBBRRRRRRRRRRRR