12
0    2    5   12   15    8    8    2    8     8     8     7
2    0    5    1   11   12    6    3    9    13    10     9
5    5    0   10    4   11   14    3    2    13    15     7
12    1   10    0    7    9    6    7   12     3    12     4
15   11    4    7    0    2   14    9   14     0     6     1
 8   12   11    9    2    0    2    7   10    11    14     7
 8    6   14    6   14    2    0    3   15     7     2     7
 2    3    3    7    9    7    3    0    6     7    13    11
 8    9    2   12   14   10   15    6    0    13    14    15
 8   13   13    3    0   11    7    7   13     0    12     3
 8   10   15   12    6   14    2   13   14    12     0     5
 7    9    7    4    1    7    7   11   15     3     5     0
RRBBRBBBBRRR