50
0 10 10 99 10 85 10 10 10 82 10 60 10 72 10 66 61 10 10 10 90 60 60 62 10 10 10 60 66 70 79 10 72 86 63 95 10 60 96 10 10 10 83 89 95 10 10 10 97 10
10 0 10 97 10 87 10 10 10 75 10 77 10 71 10 63 98 10 10 10 81 74 68 92 10 10 10 63 80 86 84 10 61 92 77 61 10 61 79 10 10 10 94 95 72 10 10 10 65 10
10 10 0 68 10 73 10 10 10 83 10 62 10 64 10 89 61 10 10 10 70 80 97 86 10 10 10 63 84 87 93 10 91 68 68 75 10 72 98 10 10 10 92 95 99 10 10 10 79 10
99 97 68 0 89 10 93 75 76 10 92 10 69 10 66 10 10 94 84 91 10 10 10 10 89 64 85 10 10 10 10 82 10 10 10 10 81 10 10 61 84 65 10 10 10 94 79 62 10 61
10 10 10 89 0 69 10 10 10 72 10 89 10 95 10 74 96 10 10 10 82 78 66 66 10 10 10 61 99 79 96 10 69 71 75 66 10 93 66 10 10 10 60 68 90 10 10 10 63 10
85 87 73 10 69 0 87 61 68 10 60 10 61 10 81 10 10 64 99 96 10 10 10 10 79 67 75 10 10 10 10 91 10 10 10 10 67 10 10 82 79 73 10 10 10 93 97 62 10 78
10 10 10 93 10 87 0 10 10 91 10 65 10 64 10 81 95 10 10 10 85 76 89 67 10 10 10 96 78 73 70 10 63 71 94 74 10 99 63 10 10 10 81 66 83 10 10 10 71 10
10 10 10 75 10 61 10 0 10 97 10 61 10 68 10 68 97 10 10 10 91 96 84 80 10 10 10 83 64 62 68 10 61 71 66 93 10 65 83 10 10 10 65 81 74 10 10 10 61 10
10 10 10 76 10 68 10 10 0 70 10 65 10 74 10 67 79 10 10 10 83 63 86 83 10 10 10 98 94 78 93 10 68 85 78 85 10 77 90 10 10 10 61 98 83 10 10 10 78 10
82 75 83 10 72 10 91 97 70 0 94 10 85 10 72 10 10 64 68 95 10 10 10 10 78 63 60 10 10 10 10 91 10 10 10 10 94 10 10 97 66 80 10 10 10 79 89 88 10 71
10 10 10 92 10 60 10 10 10 94 0 62 10 81 10 96 96 10 10 10 98 99 70 85 10 10 10 72 80 65 94 10 89 89 81 62 10 60 77 10 10 10 99 80 77 10 10 10 60 10
60 77 62 10 89 10 65 61 65 10 62 0 74 10 93 10 10 63 72 75 10 10 10 10 90 73 85 10 10 10 10 61 10 10 10 10 64 10 10 75 97 98 10 10 10 77 85 89 10 81
10 10 10 69 10 61 10 10 10 85 10 74 0 63 10 86 73 10 10 10 69 98 60 99 10 10 10 69 64 96 81 10 73 62 97 89 10 60 74 10 10 10 88 67 97 10 10 10 82 10
72 71 64 10 95 10 64 68 74 10 81 10 63 0 89 10 10 62 79 89 10 10 10 10 65 95 78 10 10 10 10 82 10 10 10 10 75 10 10 93 72 73 10 10 10 86 84 79 10 79
10 10 10 66 10 81 10 10 10 72 10 93 10 89 0 89 98 10 10 10 62 61 83 98 10 10 10 63 76 87 76 10 98 64 93 89 10 62 67 10 10 10 63 70 60 10 10 10 88 10
66 63 89 10 74 10 81 68 67 10 96 10 86 10 89 0 10 76 65 74 10 10 10 10 83 81 86 10 10 10 10 84 10 10 10 10 93 10 10 72 71 96 10 10 10 81 99 66 10 95
61 98 61 10 96 10 95 97 79 10 96 10 73 10 98 10 0 98 86 76 10 10 10 10 71 68 65 10 10 10 10 65 10 10 10 10 60 10 10 84 77 88 10 10 10 89 78 69 10 85
10 10 10 94 10 64 10 10 10 64 10 63 10 62 10 76 98 0 10 10 90 64 68 73 10 10 10 93 80 75 82 10 70 86 69 99 10 67 60 10 10 10 96 70 85 10 10 10 70 10
10 10 10 84 10 99 10 10 10 68 10 72 10 79 10 65 86 10 0 10 73 63 92 87 10 10 10 84 61 84 79 10 92 80 79 99 10 75 64 10 10 10 65 92 84 10 10 10 78 10
10 10 10 91 10 96 10 10 10 95 10 75 10 89 10 74 76 10 10 0 92 84 69 93 10 10 10 90 84 84 67 10 80 78 74 67 10 60 85 10 10 10 83 91 89 10 10 10 64 10
90 81 70 10 82 10 85 91 83 10 98 10 69 10 62 10 10 90 73 92 0 10 10 10 98 88 98 10 10 10 10 98 10 10 10 10 87 10 10 84 93 61 10 10 10 81 86 86 10 66
60 74 80 10 78 10 76 96 63 10 99 10 98 10 61 10 10 64 63 84 10 0 10 10 67 73 96 10 10 10 10 95 10 10 10 10 83 10 10 71 70 76 10 10 10 61 66 66 10 95
60 68 97 10 66 10 89 84 86 10 70 10 60 10 83 10 10 68 92 69 10 10 0 10 97 69 60 10 10 10 10 70 10 10 10 10 76 10 10 80 91 99 10 10 10 68 63 63 10 80
62 92 86 10 66 10 67 80 83 10 85 10 99 10 98 10 10 73 87 93 10 10 10 0 75 82 72 10 10 10 10 68 10 10 10 10 99 10 10 75 62 91 10 10 10 88 65 63 10 60
10 10 10 89 10 79 10 10 10 78 10 90 10 65 10 83 71 10 10 10 98 67 97 75 0 10 10 86 97 67 86 10 77 77 71 88 10 65 83 10 10 10 63 92 71 10 10 10 99 10
10 10 10 64 10 67 10 10 10 63 10 73 10 95 10 81 68 10 10 10 88 73 69 82 10 0 10 92 60 99 90 10 77 79 78 92 10 78 77 10 10 10 95 70 71 10 10 10 68 10
10 10 10 85 10 75 10 10 10 60 10 85 10 78 10 86 65 10 10 10 98 96 60 72 10 10 0 90 86 90 69 10 65 67 67 65 10 98 73 10 10 10 90 82 88 10 10 10 89 10
60 63 63 10 61 10 96 83 98 10 72 10 69 10 63 10 10 93 84 90 10 10 10 10 86 92 90 0 10 10 10 99 10 10 10 10 99 10 10 98 77 93 10 10 10 87 89 64 10 77
66 80 84 10 99 10 78 64 94 10 80 10 64 10 76 10 10 80 61 84 10 10 10 10 97 60 86 10 0 10 10 70 10 10 10 10 87 10 10 91 92 87 10 10 10 81 97 79 10 64
70 86 87 10 79 10 73 62 78 10 65 10 96 10 87 10 10 75 84 84 10 10 10 10 67 99 90 10 10 0 10 97 10 10 10 10 94 10 10 84 76 91 10 10 10 97 79 79 10 81
79 84 93 10 96 10 70 68 93 10 94 10 81 10 76 10 10 82 79 67 10 10 10 10 86 90 69 10 10 10 0 60 10 10 10 10 81 10 10 93 62 79 10 10 10 91 80 67 10 62
10 10 10 82 10 91 10 10 10 91 10 61 10 82 10 84 65 10 10 10 98 95 70 68 10 10 10 99 70 97 60 0 70 90 79 75 10 91 69 10 10 10 98 97 89 10 10 10 95 10
72 61 91 10 69 10 63 61 68 10 89 10 73 10 98 10 10 70 92 80 10 10 10 10 77 77 65 10 10 10 10 70 0 10 10 10 68 10 10 96 73 97 10 10 10 78 72 81 10 66
86 92 68 10 71 10 71 71 85 10 89 10 62 10 64 10 10 86 80 78 10 10 10 10 77 79 67 10 10 10 10 90 10 0 10 10 68 10 10 62 81 75 10 10 10 82 83 80 10 63
63 77 68 10 75 10 94 66 78 10 81 10 97 10 93 10 10 69 79 74 10 10 10 10 71 78 67 10 10 10 10 79 10 10 0 10 71 10 10 98 63 86 10 10 10 86 76 75 10 94
95 61 75 10 66 10 74 93 85 10 62 10 89 10 89 10 10 99 99 67 10 10 10 10 88 92 65 10 10 10 10 75 10 10 10 0 71 10 10 64 88 72 10 10 10 84 73 80 10 62
10 10 10 81 10 67 10 10 10 94 10 64 10 75 10 93 60 10 10 10 87 83 76 99 10 10 10 99 87 94 81 10 68 68 71 71 0 65 89 10 10 10 72 96 73 10 10 10 62 10
60 61 72 10 93 10 99 65 77 10 60 10 60 10 62 10 10 67 75 60 10 10 10 10 65 78 98 10 10 10 10 91 10 10 10 10 65 0 10 91 77 71 10 10 10 98 76 82 10 87
96 79 98 10 66 10 63 83 90 10 77 10 74 10 67 10 10 60 64 85 10 10 10 10 83 77 73 10 10 10 10 69 10 10 10 10 89 10 0 97 94 64 10 10 10 63 76 90 10 99
10 10 10 61 10 82 10 10 10 97 10 75 10 93 10 72 84 10 10 10 84 71 80 75 10 10 10 98 91 84 93 10 96 62 98 64 10 91 97 0 10 10 78 83 98 10 10 10 87 10
10 10 10 84 10 79 10 10 10 66 10 97 10 72 10 71 77 10 10 10 93 70 91 62 10 10 10 77 92 76 62 10 73 81 63 88 10 77 94 10 0 10 97 70 89 10 10 10 64 10
10 10 10 65 10 73 10 10 10 80 10 98 10 73 10 96 88 10 10 10 61 76 99 91 10 10 10 93 87 91 79 10 97 75 86 72 10 71 64 10 10 0 65 65 86 10 10 10 76 10
83 94 92 10 60 10 81 65 61 10 99 10 88 10 63 10 10 96 65 83 10 10 10 10 63 95 90 10 10 10 10 98 10 10 10 10 72 10 10 78 97 65 0 10 10 70 86 95 10 98
89 95 95 10 68 10 66 81 98 10 80 10 67 10 70 10 10 70 92 91 10 10 10 10 92 70 82 10 10 10 10 97 10 10 10 10 96 10 10 83 70 65 10 0 10 84 92 97 10 76
95 72 99 10 90 10 83 74 83 10 77 10 97 10 60 10 10 85 84 89 10 10 10 10 71 71 88 10 10 10 10 89 10 10 10 10 73 10 10 98 89 86 10 10 0 98 64 96 10 68
10 10 10 94 10 93 10 10 10 79 10 77 10 86 10 81 89 10 10 10 81 61 68 88 10 10 10 87 81 97 91 10 78 82 86 84 10 98 63 10 10 10 70 84 98 0 10 10 90 10
10 10 10 79 10 97 10 10 10 89 10 85 10 84 10 99 78 10 10 10 86 66 63 65 10 10 10 89 97 79 80 10 72 83 76 73 10 76 76 10 10 10 86 92 64 10 0 10 79 10
10 10 10 62 10 62 10 10 10 88 10 89 10 79 10 66 69 10 10 10 86 66 63 63 10 10 10 64 79 79 67 10 81 80 75 80 10 82 90 10 10 10 95 97 96 10 10 0 94 10
97 65 79 10 63 10 71 61 78 10 60 10 82 10 88 10 10 70 78 64 10 10 10 10 99 68 89 10 10 10 10 95 10 10 10 10 62 10 10 87 64 76 10 10 10 90 79 94 0 60
10 10 10 61 10 78 10 10 10 71 10 81 10 79 10 95 85 10 10 10 66 95 80 60 10 10 10 77 64 81 62 10 66 63 94 62 10 87 99 10 10 10 98 76 68 10 10 10 60 0
RRRBRBRRRBRBRBRBBRRRBBBBRRRBBBBRBBBBRBBRRRBBBRRRBR