50
0 35 29 26 25 35 69 49 48 28 47 64 29 40 34 29 36 64 74 68 29 48 62 43 59 56 35 63 71 55 58 31 30 44 45 48 74 44 59 64 46 25 71 46 72 42 27 29 63 67
35 0 40 44 28 41 55 47 34 68 64 50 51 51 36 41 52 41 62 30 60 34 51 51 28 71 28 63 59 58 54 67 27 73 28 66 67 25 38 65 36 57 48 58 68 62 39 57 73 27
29 40 0 65 57 43 26 70 55 74 27 29 49 47 72 60 55 35 38 58 68 58 33 26 58 59 65 68 66 25 31 49 32 45 42 38 53 29 41 70 36 61 55 25 44 74 50 42 63 71
26 44 65 0 51 67 34 25 54 68 52 69 67 26 53 41 65 31 39 50 73 60 36 74 41 36 28 43 69 30 27 70 54 31 62 42 26 55 52 64 54 43 70 67 34 64 27 34 71 69
25 28 57 51 0 62 27 51 28 33 29 26 74 69 36 65 54 60 41 70 40 57 48 52 38 67 25 58 37 56 30 27 69 50 59 46 47 67 56 48 59 33 37 57 74 53 30 33 58 25
35 41 43 67 62 0 70 27 48 60 38 43 38 37 34 39 32 74 64 61 38 70 46 30 53 33 36 53 69 51 48 48 50 56 32 58 71 72 31 52 70 50 36 47 31 37 47 72 25 40
69 55 26 34 27 70 0 38 56 48 43 68 46 27 72 45 29 73 29 37 73 55 44 71 66 52 61 42 64 53 47 33 51 61 59 58 55 35 47 47 55 47 64 72 72 34 40 43 31 49
49 47 70 25 51 27 38 0 28 30 73 26 28 31 56 45 37 28 41 71 73 70 38 57 44 60 32 68 42 64 61 53 49 70 72 72 43 25 68 57 25 68 66 69 48 47 45 49 62 46
48 34 55 54 28 48 56 28 0 51 72 31 65 42 52 67 52 32 43 66 49 53 63 68 59 65 63 66 68 39 71 44 26 32 58 73 52 63 40 70 47 71 70 48 40 73 43 58 68 48
28 68 74 68 33 60 48 30 51 0 43 35 65 33 49 42 69 52 31 32 43 51 56 67 62 72 52 66 52 48 49 34 26 53 66 43 59 32 66 47 35 38 72 55 52 41 54 72 66 59
47 64 27 52 29 38 43 73 72 43 0 70 65 67 51 52 56 74 63 56 65 31 72 44 29 64 41 48 43 69 67 61 28 52 35 26 62 46 25 50 71 26 30 45 55 26 38 26 36 59
64 50 29 69 26 43 68 26 31 35 70 0 34 27 63 37 64 47 28 54 67 32 32 47 41 71 54 68 44 68 56 32 41 31 26 46 30 36 65 33 45 51 49 50 29 51 46 49 59 36
29 51 49 67 74 38 46 28 65 65 65 34 0 31 40 31 43 36 40 69 66 34 66 60 73 74 65 25 65 37 51 39 46 50 55 38 25 49 49 29 46 50 54 36 41 68 48 49 26 40
40 51 47 26 69 37 27 31 42 33 67 27 31 0 74 28 25 50 72 55 66 55 40 33 52 53 68 39 47 37 30 37 62 30 66 72 69 37 70 57 63 54 64 36 74 37 68 48 35 53
34 36 72 53 36 34 72 56 52 49 51 63 40 74 0 67 42 29 32 35 25 31 54 64 61 62 55 39 29 62 51 38 57 37 60 35 47 64 34 37 67 57 46 52 40 68 62 29 62 68
29 41 60 41 65 39 45 45 67 42 52 37 31 28 67 0 62 66 66 62 63 70 34 48 31 27 51 27 38 52 26 51 61 51 31 57 32 50 66 67 69 66 54 68 48 33 72 40 50 50
36 52 55 65 54 32 29 37 52 69 56 64 43 25 42 62 0 54 42 42 70 53 28 55 59 32 56 62 46 48 67 47 29 42 63 69 72 62 35 30 57 47 29 50 64 25 39 63 70 68
64 41 35 31 60 74 73 28 32 52 74 47 36 50 29 66 54 0 73 65 25 69 34 69 43 66 54 30 62 43 59 30 55 64 66 60 63 37 53 74 40 63 74 35 71 34 66 68 32 46
74 62 38 39 41 64 29 41 43 31 63 28 40 72 32 66 42 73 0 69 31 46 71 63 73 56 48 53 58 27 36 47 25 32 56 45 28 58 33 63 59 46 57 46 40 25 30 33 63 63
68 30 58 50 70 61 37 71 66 32 56 54 69 55 35 62 42 65 69 0 27 52 65 63 33 42 32 57 61 51 50 43 38 69 36 71 68 45 59 43 33 68 73 44 66 68 34 38 27 53
29 60 68 73 40 38 73 73 49 43 65 67 66 66 25 63 70 25 31 27 0 55 38 37 65 48 51 74 35 59 55 62 54 63 43 36 35 44 59 35 27 32 34 30 62 47 59 56 47 56
48 34 58 60 57 70 55 70 53 51 31 32 34 55 31 70 53 69 46 52 55 0 61 49 70 48 39 43 62 47 25 39 62 64 35 72 43 49 60 55 54 74 34 49 40 50 53 71 58 50
62 51 33 36 48 46 44 38 63 56 72 32 66 40 54 34 28 34 71 65 38 61 0 39 67 38 37 48 52 50 43 71 59 57 61 54 37 57 55 32 63 72 31 48 27 68 58 32 49 66
43 51 26 74 52 30 71 57 68 67 44 47 60 33 64 48 55 69 63 63 37 49 39 0 29 50 27 56 68 34 45 33 63 45 52 31 34 74 25 47 30 25 47 58 47 42 67 70 71 33
59 28 58 41 38 53 66 44 59 62 29 41 73 52 61 31 59 43 73 33 65 70 67 29 0 27 26 58 73 36 44 70 44 54 40 38 55 35 39 43 30 55 74 53 37 69 63 25 39 47
56 71 59 36 67 33 52 60 65 72 64 71 74 53 62 27 32 66 56 42 48 48 38 50 27 0 65 43 74 32 73 36 47 31 61 57 25 34 58 30 36 33 74 71 70 28 51 56 52 56
35 28 65 28 25 36 61 32 63 52 41 54 65 68 55 51 56 54 48 32 51 39 37 27 26 65 0 70 68 69 42 34 57 37 65 37 43 42 69 34 48 40 35 60 26 69 25 61 36 70
63 63 68 43 58 53 42 68 66 66 48 68 25 39 39 27 62 30 53 57 74 43 48 56 58 43 70 0 62 70 54 29 50 30 51 64 35 53 49 51 50 71 72 33 72 40 50 25 43 38
71 59 66 69 37 69 64 42 68 52 43 44 65 47 29 38 46 62 58 61 35 62 52 68 73 74 68 62 0 34 40 69 41 44 58 62 68 37 26 54 74 69 62 40 48 46 56 43 68 56
55 58 25 30 56 51 53 64 39 48 69 68 37 37 62 52 48 43 27 51 59 47 50 34 36 32 69 70 34 0 73 32 49 38 33 65 57 69 34 28 25 28 69 42 38 47 48 37 37 61
58 54 31 27 30 48 47 61 71 49 67 56 51 30 51 26 67 59 36 50 55 25 43 45 44 73 42 54 40 73 0 46 44 62 49 56 70 33 46 68 31 62 45 42 39 46 33 44 62 58
31 67 49 70 27 48 33 53 44 34 61 32 39 37 38 51 47 30 47 43 62 39 71 33 70 36 34 29 69 32 46 0 46 42 68 73 44 62 28 74 71 38 49 37 63 43 26 50 31 54
30 27 32 54 69 50 51 49 26 26 28 41 46 62 57 61 29 55 25 38 54 62 59 63 44 47 57 50 41 49 44 46 0 38 67 57 34 27 64 63 35 69 49 38 44 64 58 68 43 61
44 73 45 31 50 56 61 70 32 53 52 31 50 30 37 51 42 64 32 69 63 64 57 45 54 31 37 30 44 38 62 42 38 0 32 53 68 45 50 67 52 38 51 71 34 71 60 48 65 49
45 28 42 62 59 32 59 72 58 66 35 26 55 66 60 31 63 66 56 36 43 35 61 52 40 61 65 51 58 33 49 68 67 32 0 39 64 61 71 57 53 52 29 61 29 68 39 25 64 35
48 66 38 42 46 58 58 72 73 43 26 46 38 72 35 57 69 60 45 71 36 72 54 31 38 57 37 64 62 65 56 73 57 53 39 0 41 61 70 30 31 37 29 47 38 47 54 46 56 34
74 67 53 26 47 71 55 43 52 59 62 30 25 69 47 32 72 63 28 68 35 43 37 34 55 25 43 35 68 57 70 44 34 68 64 41 0 36 33 57 29 44 30 51 35 58 34 59 57 70
44 25 29 55 67 72 35 25 63 32 46 36 49 37 64 50 62 37 58 45 44 49 57 74 35 34 42 53 37 69 33 62 27 45 61 61 36 0 46 48 52 27 35 50 53 31 72 50 71 39
59 38 41 52 56 31 47 68 40 66 25 65 49 70 34 66 35 53 33 59 59 60 55 25 39 58 69 49 26 34 46 28 64 50 71 70 33 46 0 68 30 68 37 73 41 63 44 45 72 34
64 65 70 64 48 52 47 57 70 47 50 33 29 57 37 67 30 74 63 43 35 55 32 47 43 30 34 51 54 28 68 74 63 67 57 30 57 48 68 0 27 58 59 68 35 57 64 57 46 70
46 36 36 54 59 70 55 25 47 35 71 45 46 63 67 69 57 40 59 33 27 54 63 30 30 36 48 50 74 25 31 71 35 52 53 31 29 52 30 27 0 66 57 25 72 28 38 64 73 44
25 57 61 43 33 50 47 68 71 38 26 51 50 54 57 66 47 63 46 68 32 74 72 25 55 33 40 71 69 28 62 38 69 38 52 37 44 27 68 58 66 0 33 69 36 31 66 60 34 42
71 48 55 70 37 36 64 66 70 72 30 49 54 64 46 54 29 74 57 73 34 34 31 47 74 74 35 72 62 69 45 49 49 51 29 29 30 35 37 59 57 33 0 33 25 35 36 51 29 58
46 58 25 67 57 47 72 69 48 55 45 50 36 36 52 68 50 35 46 44 30 49 48 58 53 71 60 33 40 42 42 37 38 71 61 47 51 50 73 68 25 69 33 0 70 54 29 39 29 44
72 68 44 34 74 31 72 48 40 52 55 29 41 74 40 48 64 71 40 66 62 40 27 47 37 70 26 72 48 38 39 63 44 34 29 38 35 53 41 35 72 36 25 70 0 42 61 43 48 68
42 62 74 64 53 37 34 47 73 41 26 51 68 37 68 33 25 34 25 68 47 50 68 42 69 28 69 40 46 47 46 43 64 71 68 47 58 31 63 57 28 31 35 54 42 0 61 66 34 61
27 39 50 27 30 47 40 45 43 54 38 46 48 68 62 72 39 66 30 34 59 53 58 67 63 51 25 50 56 48 33 26 58 60 39 54 34 72 44 64 38 66 36 29 61 61 0 44 40 59
29 57 42 34 33 72 43 49 58 72 26 49 49 48 29 40 63 68 33 38 56 71 32 70 25 56 61 25 43 37 44 50 68 48 25 46 59 50 45 57 64 60 51 39 43 66 44 0 28 54
63 73 63 71 58 25 31 62 68 66 36 59 26 35 62 50 70 32 63 27 47 58 49 71 39 52 36 43 68 37 62 31 43 65 64 56 57 71 72 46 73 34 29 29 48 34 40 28 0 26
67 27 71 69 25 40 49 46 48 59 59 36 40 53 68 50 68 46 63 53 56 50 66 33 47 56 70 38 56 61 58 54 61 49 35 34 70 39 34 70 44 42 58 44 68 61 59 54 26 0
BBBBRRBBBBRBBRBBBRRBRBBRRBRBRRRBBRBBBRRBRRBRRRRRRR