50 
0 71 35 14 89 78 4 59 34 37 73 18 77 5 22 83 6 21 3 57 62 75 38 24 51 8 23 88 79 83 69 4 68 51 54 24 57 61 92 88 23 26 85 80 41 89 39 11 24 5 
71 0 90 93 54 57 66 9 4 45 57 10 69 41 63 26 79 40 99 83 61 35 4 56 79 35 37 27 30 9 25 49 3 3 34 59 46 72 70 66 77 82 22 31 8 72 1 97 47 6 
35 90 0 73 57 76 20 98 52 56 59 90 3 48 5 36 45 93 21 30 95 61 33 80 26 21 92 78 93 42 85 84 30 47 80 37 77 42 45 65 22 79 52 17 95 10 72 81 44 55 
14 93 73 0 3 69 77 57 45 33 89 20 10 75 47 10 76 44 90 10 56 54 5 64 26 94 24 27 18 67 24 11 14 70 90 71 43 44 39 70 78 90 28 96 33 4 47 23 73 89 
89 54 57 3 0 42 65 60 15 58 31 62 45 36 59 87 48 9 29 40 3 18 94 29 19 18 85 28 42 99 38 26 50 28 8 9 96 97 13 25 92 69 86 38 46 15 36 14 67 36 
78 57 76 69 42 0 26 4 85 34 77 6 5 28 54 83 84 89 53 39 18 72 33 30 83 50 36 13 26 39 81 46 30 66 6 7 53 62 59 98 98 45 1 23 75 36 38 12 39 96 
4 66 20 77 65 26 0 40 44 78 69 23 71 96 84 92 91 48 96 6 8 59 66 73 2 55 78 82 80 9 5 93 41 80 26 6 69 48 49 36 71 47 71 22 12 36 33 87 100 46 
59 9 98 57 60 4 40 0 49 97 97 3 60 54 51 24 15 35 81 61 79 49 34 49 93 73 66 41 81 12 63 51 73 46 69 47 76 43 34 81 87 84 86 98 12 35 21 50 68 20 
34 4 52 45 15 85 44 49 0 51 44 8 12 26 90 72 52 7 31 64 86 30 84 94 5 44 35 30 77 70 51 77 18 66 27 19 72 30 78 35 64 32 20 19 9 22 22 8 39 100 
37 45 56 33 58 34 78 97 51 0 98 91 69 85 69 26 76 100 97 40 8 4 4 75 72 28 71 1 43 67 1 52 41 47 6 64 66 45 71 44 18 49 79 86 60 43 68 5 78 37 
73 57 59 89 31 77 69 97 44 98 0 65 4 78 69 16 46 58 90 96 33 9 89 17 98 45 19 11 76 43 51 62 50 63 98 52 97 91 14 72 57 69 50 32 78 4 16 64 25 70 
18 10 90 20 62 6 23 3 8 91 65 0 62 82 6 71 75 74 79 88 57 29 28 75 19 32 80 54 85 82 63 63 70 37 22 2 45 8 57 79 44 79 93 94 19 98 27 49 64 65 
77 69 3 10 45 5 71 60 12 69 4 62 0 19 29 25 26 68 10 70 20 60 33 83 75 70 94 87 32 1 59 47 41 70 88 5 100 73 88 24 42 24 70 28 68 52 30 56 31 93 
5 41 48 75 36 28 96 54 26 85 78 82 19 0 1 82 71 98 92 96 87 35 56 59 48 2 72 73 97 68 33 82 34 33 3 3 76 5 5 27 44 60 45 100 8 43 45 50 10 41 
22 63 5 47 59 54 84 51 90 69 69 6 29 1 0 6 99 25 17 25 89 3 9 43 32 49 46 13 10 64 70 94 10 19 5 75 73 83 69 61 91 32 58 77 90 47 58 59 21 74 
83 26 36 10 87 83 92 24 72 26 16 71 25 82 6 0 36 15 77 68 83 100 93 1 30 96 26 80 75 92 75 44 41 92 73 85 60 32 14 46 65 33 5 37 71 51 42 89 16 6 
6 79 45 76 48 84 91 15 52 76 46 75 26 71 99 36 0 86 80 96 51 87 99 90 14 55 28 69 15 54 17 70 37 69 40 90 91 77 91 59 99 19 73 36 67 53 3 13 44 63 
21 40 93 44 9 89 48 35 7 100 58 74 68 98 25 15 86 0 91 100 13 47 40 7 53 11 31 26 31 34 31 25 70 74 27 41 14 61 36 61 3 8 39 27 83 42 33 81 11 35 
3 99 21 90 29 53 96 81 31 97 90 79 10 92 17 77 80 91 0 84 81 6 35 34 62 77 11 6 15 38 25 58 70 43 97 65 82 78 14 100 18 82 26 65 28 96 45 28 9 68 
57 83 30 10 40 39 6 61 64 40 96 88 70 96 25 68 96 100 84 0 4 43 87 53 100 28 65 71 56 90 100 17 78 88 64 73 65 23 71 29 86 94 72 85 85 75 63 45 51 20 
62 61 95 56 3 18 8 79 86 8 33 57 20 87 89 83 51 13 81 4 0 85 70 1 83 7 25 45 73 29 18 95 7 96 79 30 98 14 22 33 87 29 88 57 1 11 40 38 59 11 
75 35 61 54 18 72 59 49 30 4 9 29 60 35 3 100 87 47 6 43 85 0 43 45 74 74 99 13 74 61 4 14 20 78 71 9 27 59 52 33 76 51 86 45 7 94 98 79 98 98 
38 4 33 5 94 33 66 34 84 4 89 28 33 56 9 93 99 40 35 87 70 43 0 71 14 74 98 86 33 63 64 61 54 53 91 13 98 67 17 30 66 5 79 50 98 58 81 21 58 21 
24 56 80 64 29 30 73 49 94 75 17 75 83 59 43 1 90 7 34 53 1 45 71 0 13 2 73 44 33 16 32 11 2 48 82 47 18 71 99 7 23 54 31 13 86 71 33 55 92 30 
51 79 26 26 19 83 2 93 5 72 98 19 75 48 32 30 14 53 62 100 83 74 14 13 0 38 74 15 82 11 56 81 42 13 35 30 100 86 73 72 62 42 30 80 80 79 99 49 67 14 
8 35 21 94 18 50 55 73 44 28 45 32 70 2 49 96 55 11 77 28 7 74 74 2 38 0 58 51 32 52 49 51 91 82 96 80 44 73 100 82 36 38 90 77 68 26 59 44 89 100 
23 37 92 24 85 36 78 66 35 71 19 80 94 72 46 26 28 31 11 65 25 99 98 73 74 58 0 2 61 26 79 5 15 3 65 85 18 64 26 7 29 6 34 19 95 48 70 49 75 22 
88 27 78 27 28 13 82 41 30 1 11 54 87 73 13 80 69 26 6 71 45 13 86 44 15 51 2 0 83 79 98 24 54 36 78 46 13 66 41 25 60 52 63 99 43 58 60 94 60 46 
79 30 93 18 42 26 80 81 77 43 76 85 32 97 10 75 15 31 15 56 73 74 33 33 82 32 61 83 0 59 92 21 84 55 52 32 22 46 39 90 21 85 18 76 21 21 84 59 35 67 
83 9 42 67 99 39 9 12 70 67 43 82 1 68 64 92 54 34 38 90 29 61 63 16 11 52 26 79 59 0 5 50 40 91 6 65 15 54 77 18 41 50 23 7 54 71 45 20 15 90 
69 25 85 24 38 81 5 63 51 1 51 63 59 33 70 75 17 31 25 100 18 4 64 32 56 49 79 98 92 5 0 99 9 37 55 52 1 100 42 98 91 29 72 65 5 31 11 96 27 81 
4 49 84 11 26 46 93 51 77 52 62 63 47 82 94 44 70 25 58 17 95 14 61 11 81 51 5 24 21 50 99 0 94 68 44 13 75 47 24 90 55 31 70 60 61 64 68 13 83 40 
68 3 30 14 50 30 41 73 18 41 50 70 41 34 10 41 37 70 70 78 7 20 54 2 42 91 15 54 84 40 9 94 0 23 33 80 52 29 85 22 6 32 93 69 37 52 36 72 52 64 
51 3 47 70 28 66 80 46 66 47 63 37 70 33 19 92 69 74 43 88 96 78 53 48 13 82 3 36 55 91 37 68 23 0 80 48 47 55 34 25 37 22 26 93 65 19 31 35 58 82 
54 34 80 90 8 6 26 69 27 6 98 22 88 3 5 73 40 27 97 64 79 71 91 82 35 96 65 78 52 6 55 44 33 80 0 88 89 87 60 21 65 72 71 73 98 94 9 11 55 91 
24 59 37 71 9 7 6 47 19 64 52 2 5 3 75 85 90 41 65 73 30 9 13 47 30 80 85 46 32 65 52 13 80 48 88 0 72 66 39 6 26 19 75 82 63 68 60 99 67 13 
57 46 77 43 96 53 69 76 72 66 97 45 100 76 73 60 91 14 82 65 98 27 98 18 100 44 18 13 22 15 1 75 52 47 89 72 0 55 5 4 95 49 17 13 92 47 15 34 69 65 
61 72 42 44 97 62 48 43 30 45 91 8 73 5 83 32 77 61 78 23 14 59 67 71 86 73 64 66 46 54 100 47 29 55 87 66 55 0 45 4 86 64 83 61 81 60 32 14 88 16 
92 70 45 39 13 59 49 34 78 71 14 57 88 5 69 14 91 36 14 71 22 52 17 99 73 100 26 41 39 77 42 24 85 34 60 39 5 45 0 8 13 13 36 76 44 83 73 77 53 39 
88 66 65 70 25 98 36 81 35 44 72 79 24 27 61 46 59 61 100 29 33 33 30 7 72 82 7 25 90 18 98 90 22 25 21 6 4 4 8 0 10 46 6 69 73 20 72 44 77 25 
23 77 22 78 92 98 71 87 64 18 57 44 42 44 91 65 99 3 18 86 87 76 66 23 62 36 29 60 21 41 91 55 6 37 65 26 95 86 13 10 0 39 34 54 35 41 81 96 39 44 
26 82 79 90 69 45 47 84 32 49 69 79 24 60 32 33 19 8 82 94 29 51 5 54 42 38 6 52 85 50 29 31 32 22 72 19 49 64 13 46 39 0 2 27 70 93 85 79 63 66 
85 22 52 28 86 1 71 86 20 79 50 93 70 45 58 5 73 39 26 72 88 86 79 31 30 90 34 63 18 23 72 70 93 26 71 75 17 83 36 6 34 2 0 7 28 66 48 66 44 82 
80 31 17 96 38 23 22 98 19 86 32 94 28 100 77 37 36 27 65 85 57 45 50 13 80 77 19 99 76 7 65 60 69 93 73 82 13 61 76 69 54 27 7 0 98 54 57 9 95 84 
41 8 95 33 46 75 12 12 9 60 78 19 68 8 90 71 67 83 28 85 1 7 98 86 80 68 95 43 21 54 5 61 37 65 98 63 92 81 44 73 35 70 28 98 0 92 79 99 29 72 
89 72 10 4 15 36 36 35 22 43 4 98 52 43 47 51 53 42 96 75 11 94 58 71 79 26 48 58 21 71 31 64 52 19 94 68 47 60 83 20 41 93 66 54 92 0 50 56 22 49 
39 1 72 47 36 38 33 21 22 68 16 27 30 45 58 42 3 33 45 63 40 98 81 33 99 59 70 60 84 45 11 68 36 31 9 60 15 32 73 72 81 85 48 57 79 50 0 38 20 19 
11 97 81 23 14 12 87 50 8 5 64 49 56 50 59 89 13 81 28 45 38 79 21 55 49 44 49 94 59 20 96 13 72 35 11 99 34 14 77 44 96 79 66 9 99 56 38 0 70 46 
24 47 44 73 67 39 100 68 39 78 25 64 31 10 21 16 44 11 9 51 59 98 58 92 67 89 75 60 35 15 27 83 52 58 55 67 69 88 53 77 39 63 44 95 29 22 20 70 0 20 
5 6 55 89 36 96 46 20 100 37 70 65 93 41 74 6 63 35 68 20 11 98 21 30 14 100 22 46 67 90 81 40 64 82 91 13 65 16 39 25 44 66 82 84 72 49 19 46 20 0 
BBRRRRBRBBBRRRRRBBBBRRRBBBRBBBRBRRRRBBRBBRBBRBRRRB