50
0 66 79 48 20 69 80 52 99 31 26 32 6 32 27 80 92 27 53 100 66 56 97 77 75 46 80 5 99 66 5 81 51 22 87 67 70 54 61 95 23 75 72 53 33 85 53 64 52 13
66 0 28 31 90 37 55 97 36 37 67 43 35 49 76 79 12 26 51 82 58 42 90 91 25 13 62 99 63 50 21 40 83 73 56 45 29 50 72 14 73 86 36 94 37 61 80 40 14 15
79 28 0 2 83 14 92 30 71 22 65 65 13 47 53 95 76 5 57 48 96 95 45 22 26 8 7 92 49 14 78 89 19 8 51 68 2 20 81 88 29 27 72 28 51 100 87 55 56 50
48 31 2 0 0 48 35 9 5 62 88 39 58 51 1 11 1 96 75 50 94 52 70 95 60 51 7 58 54 0 43 7 47 19 18 79 82 78 20 38 58 53 20 53 43 77 41 88 5 61
20 90 83 0 0 69 86 13 79 40 55 90 86 59 71 50 1 48 64 97 3 84 82 83 94 94 78 76 100 11 62 62 61 74 78 71 96 64 64 98 58 19 6 77 93 98 79 42 85 91
69 37 14 48 69 0 67 16 58 91 74 80 77 5 3 40 0 30 7 15 60 11 5 28 40 81 45 7 31 90 2 67 28 61 92 47 42 90 52 92 47 19 48 19 19 58 74 34 32 3
80 55 92 35 86 67 0 32 94 100 1 14 69 28 89 27 1 61 20 41 74 36 75 17 55 99 94 67 17 50 17 24 92 98 30 65 28 86 80 1 31 86 96 57 39 50 16 61 91 16
52 97 30 9 13 16 32 0 73 23 23 77 12 4 62 97 80 29 39 73 48 94 89 12 45 80 43 80 98 60 36 40 13 21 91 34 41 81 43 25 42 82 61 32 0 13 93 44 40 56
99 36 71 5 79 58 94 73 0 4 19 30 99 50 2 1 10 33 78 37 77 21 19 93 89 38 25 48 48 77 96 58 8 23 15 41 3 22 93 84 66 61 90 24 4 91 94 11 72 90
31 37 22 62 40 91 100 23 4 0 3 66 36 51 97 99 48 14 22 67 19 88 25 85 2 93 91 31 80 17 90 60 62 23 62 26 93 72 1 57 67 15 88 92 33 86 48 78 15 15
26 67 65 88 55 74 1 23 19 3 0 96 35 57 26 85 60 85 11 51 63 63 99 94 90 6 99 24 78 95 3 98 49 29 65 34 44 68 55 78 12 50 80 89 83 25 35 54 61 21
32 43 65 39 90 80 14 77 30 66 96 0 24 52 31 45 10 11 68 69 11 31 14 4 16 19 23 63 19 81 79 89 2 93 31 79 94 37 60 68 81 100 51 7 16 83 69 32 69 85
6 35 13 58 86 77 69 12 99 36 35 24 0 46 39 94 35 50 95 20 0 4 56 8 100 78 100 27 34 93 39 6 12 88 38 99 87 21 63 56 97 48 93 56 56 95 57 25 8 4
32 49 47 51 59 5 28 4 50 51 57 52 46 0 47 27 46 73 47 61 71 88 67 21 88 72 74 50 61 88 2 77 73 90 65 46 51 1 29 42 16 56 8 61 11 74 37 55 2 1
27 76 53 1 71 3 89 62 2 97 26 31 39 47 0 35 41 11 76 68 33 33 99 91 10 52 17 63 34 47 100 90 64 32 46 13 13 44 49 51 9 32 56 21 79 63 86 5 36 67
80 79 95 11 50 40 27 97 1 99 85 45 94 27 35 0 100 85 88 67 21 79 34 95 11 89 100 76 20 99 69 30 40 60 8 45 8 27 82 88 71 87 91 73 87 87 64 77 84 20
92 12 76 1 1 0 1 80 10 48 60 10 35 46 41 100 0 14 53 14 3 91 62 50 62 10 89 48 54 53 93 70 20 81 82 89 61 32 0 13 16 32 88 50 69 40 39 57 2 61
27 26 5 96 48 30 61 29 33 14 85 11 50 73 11 85 14 0 32 69 69 90 12 40 80 11 32 14 100 84 62 26 93 72 62 1 24 40 84 30 6 85 87 59 29 85 41 55 21 40
53 51 57 75 64 7 20 39 78 22 11 68 95 47 76 88 53 32 0 60 45 74 43 96 84 51 38 92 22 44 95 38 69 75 71 18 95 94 75 53 69 0 28 9 64 8 78 80 92 87
100 82 48 50 97 15 41 73 37 67 51 69 20 61 68 67 14 69 60 0 99 6 31 19 49 64 31 56 47 36 10 78 5 96 50 36 75 33 57 88 71 14 98 84 27 1 60 6 59 22
66 58 96 94 3 60 74 48 77 19 63 11 0 71 33 21 3 69 45 99 0 42 98 10 20 47 40 30 30 96 94 94 62 92 41 99 13 75 41 25 33 34 23 32 10 45 88 42 13 18
56 42 95 52 84 11 36 94 21 88 63 31 4 88 33 79 91 90 74 6 42 0 80 72 9 41 1 83 81 18 13 37 62 29 38 40 87 16 0 1 87 26 4 31 18 95 31 56 78 21
97 90 45 70 82 5 75 89 19 25 99 14 56 67 99 34 62 12 43 31 98 80 0 10 23 7 1 87 54 57 40 25 71 57 70 80 76 95 71 90 74 30 36 64 96 71 54 99 95 64
77 91 22 95 83 28 17 12 93 85 94 4 8 21 91 95 50 40 96 19 10 72 10 0 48 75 83 35 52 3 96 75 42 27 71 2 67 46 76 100 90 63 63 99 74 30 41 40 8 37
75 25 26 60 94 40 55 45 89 2 90 16 100 88 10 11 62 80 84 49 20 9 23 48 0 80 100 79 79 78 85 16 0 91 6 15 2 46 14 3 32 30 91 27 18 91 3 46 20 40
46 13 8 51 94 81 99 80 38 93 6 19 78 72 52 89 10 11 51 64 47 41 7 75 80 0 12 31 61 19 62 44 85 50 22 98 96 40 60 83 66 18 30 17 11 1 46 5 59 84
80 62 7 7 78 45 94 43 25 91 99 23 100 74 17 100 89 32 38 31 40 1 1 83 100 12 0 55 58 90 4 0 63 88 30 93 91 41 88 43 22 5 60 3 32 11 2 45 46 26
5 99 92 58 76 7 67 80 48 31 24 63 27 50 63 76 48 14 92 56 30 83 87 35 79 31 55 0 54 85 83 53 24 92 52 91 64 66 81 2 27 44 52 86 94 69 74 74 30 61
99 63 49 54 100 31 17 98 48 80 78 19 34 61 34 20 54 100 22 47 30 81 54 52 79 61 58 54 0 5 44 63 89 34 61 89 36 90 52 5 48 76 70 7 19 60 24 92 60 23
66 50 14 0 11 90 50 60 77 17 95 81 93 88 47 99 53 84 44 36 96 18 57 3 78 19 90 85 5 0 26 41 99 68 97 55 58 35 26 80 30 17 66 25 68 85 54 70 4 31
5 21 78 43 62 2 17 36 96 90 3 79 39 2 100 69 93 62 95 10 94 13 40 96 85 62 4 83 44 26 0 54 12 25 30 79 9 54 4 93 71 34 78 92 25 70 4 88 2 1
81 40 89 7 62 67 24 40 58 60 98 89 6 77 90 30 70 26 38 78 94 37 25 75 16 44 0 53 63 41 54 0 86 52 100 45 40 29 8 39 18 86 36 24 43 26 99 89 2 3
51 83 19 47 61 28 92 13 8 62 49 2 12 73 64 40 20 93 69 5 62 62 71 42 0 85 63 24 89 99 12 86 0 33 36 94 78 70 2 46 65 51 27 23 48 91 41 19 62 17
22 73 8 19 74 61 98 21 23 23 29 93 88 90 32 60 81 72 75 96 92 29 57 27 91 50 88 92 34 68 25 52 33 0 31 31 9 85 67 55 90 9 27 40 43 46 61 53 27 52
87 56 51 18 78 92 30 91 15 62 65 31 38 65 46 8 82 62 71 50 41 38 70 71 6 22 30 52 61 97 30 100 36 31 0 48 9 80 77 38 95 30 100 13 92 78 59 54 53 18
67 45 68 79 71 47 65 34 41 26 34 79 99 46 13 45 89 1 18 36 99 40 80 2 15 98 93 91 89 55 79 45 94 31 48 0 2 16 25 11 45 45 2 23 33 54 42 24 9 21
70 29 2 82 96 42 28 41 3 93 44 94 87 51 13 8 61 24 95 75 13 87 76 67 2 96 91 64 36 58 9 40 78 9 9 2 0 56 96 28 88 53 56 87 43 90 85 84 87 73
54 50 20 78 64 90 86 81 22 72 68 37 21 1 44 27 32 40 94 33 75 16 95 46 46 40 41 66 90 35 54 29 70 85 80 16 56 0 39 51 50 94 40 4 98 49 77 40 24 32
61 72 81 20 64 52 80 43 93 1 55 60 63 29 49 82 0 84 75 57 41 0 71 76 14 60 88 81 52 26 4 8 2 67 77 25 96 39 0 20 2 34 23 61 15 13 63 94 97 32
95 14 88 38 98 92 1 25 84 57 78 68 56 42 51 88 13 30 53 88 25 1 90 100 3 83 43 2 5 80 93 39 46 55 38 11 28 51 20 0 78 16 18 46 18 100 67 64 7 64
23 73 29 58 58 47 31 42 66 67 12 81 97 16 9 71 16 6 69 71 33 87 74 90 32 66 22 27 48 30 71 18 65 90 95 45 88 50 2 78 0 42 67 3 3 66 97 53 4 73
75 86 27 53 19 19 86 82 61 15 50 100 48 56 32 87 32 85 0 14 34 26 30 63 30 18 5 44 76 17 34 86 51 9 30 45 53 94 34 16 42 0 84 44 46 58 69 69 49 90
72 36 72 20 6 48 96 61 90 88 80 51 93 8 56 91 88 87 28 98 23 4 36 63 91 30 60 52 70 66 78 36 27 27 100 2 56 40 23 18 67 84 0 13 21 49 72 2 56 29
53 94 28 53 77 19 57 32 24 92 89 7 56 61 21 73 50 59 9 84 32 31 64 99 27 17 3 86 7 25 92 24 23 40 13 23 87 4 61 46 3 44 13 0 88 61 92 2 45 6
33 37 51 43 93 19 39 0 4 33 83 16 56 11 79 87 69 29 64 27 10 18 96 74 18 11 32 94 19 68 25 43 48 43 92 33 43 98 15 18 3 46 21 88 0 57 63 3 9 74
85 61 100 77 98 58 50 13 91 86 25 83 95 74 63 87 40 85 8 1 45 95 71 30 91 1 11 69 60 85 70 26 91 46 78 54 90 49 13 100 66 58 49 61 57 0 62 2 15 71
53 80 87 41 79 74 16 93 94 48 35 69 57 37 86 64 39 41 78 60 88 31 54 41 3 46 2 74 24 54 4 99 41 61 59 42 85 77 63 67 97 69 72 92 63 62 0 51 30 84
64 40 55 88 42 34 61 44 11 78 54 32 25 55 5 77 57 55 80 6 42 56 99 40 46 5 45 74 92 70 88 89 19 53 54 24 84 40 94 64 53 69 2 2 3 2 51 0 67 91
52 14 56 5 85 32 91 40 72 15 61 69 8 2 36 84 2 21 92 59 13 78 95 8 20 59 46 30 60 4 2 2 62 27 53 9 87 24 97 7 4 49 56 45 9 15 30 67 0 77
13 15 50 61 91 3 16 56 90 15 21 85 4 1 67 20 61 40 87 22 18 21 64 37 40 84 26 61 23 31 1 3 17 52 18 21 73 32 32 64 73 90 29 6 74 71 84 91 77 0
BRRRRBRBRRBRRBBBRRBBBBBRBRRRBRRBRRRRBRBRBBBBBBBRBR