50
0 28 4 66 8 99 78 86 33 77 93 68 99 21 93 84 40 74 72 17 95 3 62 70 78 16 66 67 100 5 94 92 5 92 90 61 43 78 87 68 11 75 48 5 25 88 41 81 23 27
28 0 30 75 89 79 23 65 9 53 50 38 60 66 89 79 37 21 86 38 85 56 6 66 74 47 51 47 70 64 18 29 45 30 46 50 87 76 9 65 15 99 89 65 29 97 34 60 30 89
4 30 0 20 71 83 60 64 90 56 39 96 80 4 46 44 34 67 55 50 38 68 26 38 39 2 73 100 68 36 85 61 46 89 47 44 97 54 14 69 42 52 80 34 15 99 97 71 21 53
66 75 20 0 64 64 29 52 59 28 27 59 34 31 38 31 44 34 12 62 29 18 83 71 70 61 33 18 63 72 60 47 29 87 54 51 82 58 78 100 52 82 39 35 71 68 62 38 27 18
8 89 71 64 0 79 82 31 35 48 22 3 54 63 14 34 37 83 59 27 25 66 13 89 94 30 18 42 87 68 70 44 97 88 11 17 14 39 13 5 48 94 14 54 75 79 48 64 13 64
99 79 83 64 79 0 19 29 4 93 94 81 73 56 77 38 87 1 50 69 60 74 100 45 20 96 56 24 18 46 77 65 1 80 61 2 22 32 10 8 31 97 11 60 62 65 44 97 9 95
78 23 60 29 82 19 0 96 23 43 42 84 28 75 63 62 68 35 3 78 16 50 97 43 18 78 38 41 22 73 89 34 18 93 89 90 4 20 6 71 94 75 15 72 58 60 41 16 5 98
86 65 64 52 31 29 96 0 78 90 49 50 93 39 27 21 52 96 63 4 45 2 58 10 63 73 29 62 63 14 8 31 90 66 97 47 24 6 6 7 70 92 99 60 96 91 99 11 18 70
33 9 90 59 35 4 23 78 0 99 20 78 38 1 39 73 56 44 80 50 36 83 79 32 14 38 35 29 37 67 1 41 92 57 59 95 62 48 39 28 72 48 13 52 72 17 39 32 66 82
77 53 56 28 48 93 43 90 99 0 74 4 55 93 16 97 86 8 10 17 99 16 47 39 74 88 26 56 75 79 89 90 70 96 37 85 97 66 47 79 25 41 87 85 33 14 67 13 47 93
93 50 39 27 22 94 42 49 20 74 0 83 10 20 23 33 51 94 27 22 62 74 25 41 39 45 89 10 67 14 21 98 72 96 34 78 82 42 60 60 45 24 54 42 5 80 59 66 60 14
68 38 96 59 3 81 84 50 78 4 83 0 80 16 71 66 12 50 30 76 86 70 77 56 96 77 50 4 74 65 41 32 73 24 87 91 74 82 75 87 78 25 16 80 33 59 23 26 72 12
99 60 80 34 54 73 28 93 38 55 10 80 0 54 44 93 75 2 88 75 11 19 39 93 25 40 47 76 78 20 66 100 22 38 54 73 9 48 44 93 62 34 44 16 27 11 83 82 59 1
21 66 4 31 63 56 75 39 1 93 20 16 54 0 5 66 14 14 16 42 79 67 75 36 99 100 26 94 20 43 97 38 79 29 19 68 9 60 65 80 25 48 48 5 40 91 78 48 46 19
93 89 46 38 14 77 63 27 39 16 23 71 44 5 0 25 4 55 75 45 54 2 18 78 43 64 89 63 32 76 97 19 47 32 5 2 21 3 33 33 26 36 16 49 25 2 35 19 23 22
84 79 44 31 34 38 62 21 73 97 33 66 93 66 25 0 74 53 97 28 75 48 61 13 79 78 65 45 44 89 66 30 83 23 37 89 71 80 20 11 98 14 2 93 38 2 94 30 9 72
40 37 34 44 37 87 68 52 56 86 51 12 75 14 4 74 0 92 53 98 79 72 8 98 3 81 94 52 21 95 45 14 43 82 11 12 1 95 19 41 74 26 40 100 36 93 5 60 86 42
74 21 67 34 83 1 35 96 44 8 94 50 2 14 55 53 92 0 5 77 78 48 7 66 9 90 14 28 4 37 29 17 37 42 16 54 59 22 49 2 62 95 22 49 40 49 99 23 55 17
72 86 55 12 59 50 3 63 80 10 27 30 88 16 75 97 53 5 0 74 80 71 56 50 56 89 53 79 21 35 39 78 77 4 19 55 34 69 92 94 56 2 3 51 71 84 71 16 11 25
17 38 50 62 27 69 78 4 50 17 22 76 75 42 45 28 98 77 74 0 24 55 67 81 46 30 4 82 85 38 8 16 81 14 95 43 53 27 12 14 68 53 25 20 66 7 92 3 93 90
95 85 38 29 25 60 16 45 36 99 62 86 11 79 54 75 79 78 80 24 0 84 37 69 3 24 64 2 24 17 1 41 58 47 43 76 15 96 11 96 98 19 94 88 68 35 5 72 60 34
3 56 68 18 66 74 50 2 83 16 74 70 19 67 2 48 72 48 71 55 84 0 60 34 91 83 19 53 31 61 2 15 62 41 16 79 39 81 92 67 23 96 26 15 36 99 50 66 3 89
62 6 26 83 13 100 97 58 79 47 25 77 39 75 18 61 8 7 56 67 37 60 0 88 52 81 20 59 41 7 91 75 63 93 35 21 42 15 13 7 91 33 19 100 41 21 90 49 8 9
70 66 38 71 89 45 43 10 32 39 41 56 93 36 78 13 98 66 50 81 69 34 88 0 70 65 76 16 28 43 59 34 27 14 57 29 18 11 22 29 53 48 11 52 60 17 57 69 37 47
78 74 39 70 94 20 18 63 14 74 39 96 25 99 43 79 3 9 56 46 3 91 52 70 0 73 46 7 61 97 71 1 62 57 81 45 93 53 80 31 29 26 48 66 69 49 68 93 73 81
16 47 2 61 30 96 78 73 38 88 45 77 40 100 64 78 81 90 89 30 24 83 81 65 73 0 74 9 7 75 8 13 74 12 32 35 41 23 88 86 6 95 10 5 55 85 68 91 88 35
66 51 73 33 18 56 38 29 35 26 89 50 47 26 89 65 94 14 53 4 64 19 20 76 46 74 0 47 85 8 43 56 7 23 94 46 68 87 17 34 84 59 68 33 69 13 23 39 13 83
67 47 100 18 42 24 41 62 29 56 10 4 76 94 63 45 52 28 79 82 2 53 59 16 7 9 47 0 43 41 26 33 49 52 1 58 94 57 66 49 72 4 78 55 32 59 87 28 74 9
100 70 68 63 87 18 22 63 37 75 67 74 78 20 32 44 21 4 21 85 24 31 41 28 61 7 85 43 0 93 41 13 37 39 60 69 49 95 100 99 81 68 31 69 32 14 15 89 68 96
5 64 36 72 68 46 73 14 67 79 14 65 20 43 76 89 95 37 35 38 17 61 7 43 97 75 8 41 93 0 6 99 95 56 62 49 22 4 43 96 23 73 82 54 90 57 29 70 5 81
94 18 85 60 70 77 89 8 1 89 21 41 66 97 97 66 45 29 39 8 1 2 91 59 71 8 43 26 41 6 0 74 57 42 18 26 83 46 70 66 65 3 53 58 24 42 26 8 50 11
92 29 61 47 44 65 34 31 41 90 98 32 100 38 19 30 14 17 78 16 41 15 75 34 1 13 56 33 13 99 74 0 40 71 64 87 51 36 35 78 76 47 41 73 58 20 86 50 86 83
5 45 46 29 97 1 18 90 92 70 72 73 22 79 47 83 43 37 77 81 58 62 63 27 62 74 7 49 37 95 57 40 0 97 54 18 67 47 70 48 37 24 83 51 30 80 81 75 43 37
92 30 89 87 88 80 93 66 57 96 96 24 38 29 32 23 82 42 4 14 47 41 93 14 57 12 23 52 39 56 42 71 97 0 46 19 77 77 28 77 59 20 55 12 45 80 98 80 35 36
90 46 47 54 11 61 89 97 59 37 34 87 54 19 5 37 11 16 19 95 43 16 35 57 81 32 94 1 60 62 18 64 54 46 0 16 89 10 62 70 81 4 73 79 22 47 90 13 27 18
61 50 44 51 17 2 90 47 95 85 78 91 73 68 2 89 12 54 55 43 76 79 21 29 45 35 46 58 69 49 26 87 18 19 16 0 84 92 28 8 52 35 3 71 7 57 2 60 6 85
43 87 97 82 14 22 4 24 62 97 82 74 9 9 21 71 1 59 34 53 15 39 42 18 93 41 68 94 49 22 83 51 67 77 89 84 0 100 60 38 44 7 85 32 82 8 92 2 9 61
78 76 54 58 39 32 20 6 48 66 42 82 48 60 3 80 95 22 69 27 96 81 15 11 53 23 87 57 95 4 46 36 47 77 10 92 100 0 53 99 32 9 24 29 91 84 47 98 60 13
87 9 14 78 13 10 6 6 39 47 60 75 44 65 33 20 19 49 92 12 11 92 13 22 80 88 17 66 100 43 70 35 70 28 62 28 60 53 0 12 90 42 83 95 76 84 67 87 6 14
68 65 69 100 5 8 71 7 28 79 60 87 93 80 33 11 41 2 94 14 96 67 7 29 31 86 34 49 99 96 66 78 48 77 70 8 38 99 12 0 48 27 8 87 82 96 40 15 100 61
11 15 42 52 48 31 94 70 72 25 45 78 62 25 26 98 74 62 56 68 98 23 91 53 29 6 84 72 81 23 65 76 37 59 81 52 44 32 90 48 0 67 14 30 3 25 19 66 71 95
75 99 52 82 94 97 75 92 48 41 24 25 34 48 36 14 26 95 2 53 19 96 33 48 26 95 59 4 68 73 3 47 24 20 4 35 7 9 42 27 67 0 52 62 38 30 67 99 93 15
48 89 80 39 14 11 15 99 13 87 54 16 44 48 16 2 40 22 3 25 94 26 19 11 48 10 68 78 31 82 53 41 83 55 73 3 85 24 83 8 14 52 0 36 3 19 24 59 91 29
5 65 34 35 54 60 72 60 52 85 42 80 16 5 49 93 100 49 51 20 88 15 100 52 66 5 33 55 69 54 58 73 51 12 79 71 32 29 95 87 30 62 36 0 17 83 38 39 25 52
25 29 15 71 75 62 58 96 72 33 5 33 27 40 25 38 36 40 71 66 68 36 41 60 69 55 69 32 32 90 24 58 30 45 22 7 82 91 76 82 3 38 3 17 0 100 37 2 65 69
88 97 99 68 79 65 60 91 17 14 80 59 11 91 2 2 93 49 84 7 35 99 21 17 49 85 13 59 14 57 42 20 80 80 47 57 8 84 84 96 25 30 19 83 100 0 97 18 51 53
41 34 97 62 48 44 41 99 39 67 59 23 83 78 35 94 5 99 71 92 5 50 90 57 68 68 23 87 15 29 26 86 81 98 90 2 92 47 67 40 19 67 24 38 37 97 0 33 82 65
81 60 71 38 64 97 16 11 32 13 66 26 82 48 19 30 60 23 16 3 72 66 49 69 93 91 39 28 89 70 8 50 75 80 13 60 2 98 87 15 66 99 59 39 2 18 33 0 10 41
23 30 21 27 13 9 5 18 66 47 60 72 59 46 23 9 86 55 11 93 60 3 8 37 73 88 13 74 68 5 50 86 43 35 27 6 9 60 6 100 71 93 91 25 65 51 82 10 0 7
27 89 53 18 64 95 98 70 82 93 14 12 1 19 22 72 42 17 25 90 34 89 9 47 81 35 83 9 96 81 11 83 37 36 18 85 61 13 14 61 95 15 29 52 69 53 65 41 7 0
RRRRRRRRRRRRRRRRRRRRRRRRRBBBBBBBBBBBBBBBBBBBBBBBBB