50
0  35  47  98  39  55  56  25  93  78  61  58  1  64  46  22  42  36  83  27  98  32  89  28  25  57  6  90  23  79  64  70  14  12  20  5  67  77  30  13  55  43  71  8  7  17  30  1  53  66 
35  0  28  3  50  69  32  27  79  38  17  2  17  82  24  83  94  45  88  13  22  71  26  29  14  50  90  74  67  72  75  73  38  56  28  40  77  60  68  56  50  85  11  19  19  35  2  13  32  43 
47  28  0  79  6  66  57  88  32  7  78  6  27  50  34  52  41  90  80  81  67  41  1  76  91  87  87  63  58  74  17  72  59  60  3  65  78  60  53  11  68  31  69  95  34  3  99  75  93  79 
98  3  79  0  8  13  20  10  89  64  49  76  79  59  2  96  83  61  57  86  27  35  47  32  98  15  16  68  62  50  71  61  77  65  92  37  30  13  99  19  29  0  47  60  60  49  56  43  63  65 
39  50  6  8  0  30  42  1  77  74  51  44  90  19  58  92  43  71  69  60  63  59  90  28  58  9  9  11  56  69  71  57  26  14  72  91  96  14  44  25  41  96  21  31  67  31  76  10  2  97 
55  69  66  13  30  0  70  66  56  60  46  67  21  56  78  29  77  49  87  3  15  11  47  64  26  91  89  67  39  63  50  7  94  78  69  97  76  92  15  84  52  61  51  74  69  29  55  47  30  42 
56  32  57  20  42  70  0  2  98  6  49  62  32  93  3  51  32  66  53  91  61  84  13  10  60  5  25  44  57  38  48  83  60  29  39  7  12  33  9  10  91  11  24  23  4  27  26  88  46  32 
25  27  88  10  1  66  2  0  80  7  16  93  17  28  98  94  24  7  84  72  43  44  54  34  51  66  19  13  76  11  76  52  86  80  79  65  68  25  97  0  84  65  45  53  93  95  99  69  55  84 
93  79  32  89  77  56  98  80  0  94  98  28  48  84  32  14  3  97  42  14  73  46  53  5  25  18  25  3  67  78  39  32  23  45  77  19  44  98  26  28  92  24  9  92  8  93  6  63  90  0 
78  38  7  64  74  60  6  7  94  0  30  15  98  83  20  76  53  97  79  20  75  70  4  99  15  33  70  12  31  96  92  24  72  1  16  32  94  75  47  36  27  77  51  26  12  23  2  65  21  33 
61  17  78  49  51  46  49  16  98  30  0  37  48  55  41  47  23  74  69  35  58  17  27  34  41  81  50  25  27  77  73  16  57  2  19  35  15  43  89  80  16  74  70  64  29  11  64  4  38  85 
58  2  6  76  44  67  62  93  28  15  37  0  39  96  55  19  30  96  0  32  74  79  62  47  95  19  49  15  6  64  10  95  97  26  69  67  42  50  30  58  55  68  44  46  16  51  17  46  99  69 
1  17  27  79  90  21  32  17  48  98  48  39  0  79  73  49  41  20  96  12  22  11  18  38  21  65  87  99  86  6  94  36  37  4  43  57  48  42  74  51  59  72  51  29  51  24  30  44  97  26 
64  82  50  59  19  56  93  28  84  83  55  96  79  0  8  19  38  78  57  11  43  97  63  29  3  9  18  92  13  61  50  14  55  24  65  67  48  16  48  0  93  78  96  90  4  57  61  94  35  70 
46  24  34  2  58  78  3  98  32  20  41  55  73  8  0  58  79  67  73  8  71  82  26  63  47  40  65  61  47  41  79  14  90  47  62  42  40  40  38  82  97  95  43  43  31  14  1  62  81  26 
22  83  52  96  92  29  51  94  14  76  47  19  49  19  58  0  70  4  60  49  68  8  89  85  21  88  27  0  3  17  0  17  59  40  58  49  23  7  97  66  50  80  80  4  42  14  30  64  18  91 
42  94  41  83  43  77  32  24  3  53  23  30  41  38  79  70  0  13  38  51  54  24  72  43  51  25  98  20  25  15  31  17  25  80  92  32  29  59  35  9  91  39  3  57  21  20  76  64  33  14 
36  45  90  61  71  49  66  7  97  97  74  96  20  78  67  4  13  0  15  40  90  40  35  93  17  33  13  94  0  96  11  26  77  4  10  58  15  45  20  58  84  23  16  6  43  44  70  29  10  38 
83  88  80  57  69  87  53  84  42  79  69  0  96  57  73  60  38  15  0  21  1  78  56  94  47  41  60  41  41  56  52  19  85  8  30  44  75  75  16  34  12  91  2  70  87  46  92  68  56  30 
27  13  81  86  60  3  91  72  14  20  35  32  12  11  8  49  51  40  21  0  89  9  60  97  4  7  38  16  0  31  24  5  3  10  13  33  6  41  60  22  75  24  65  29  94  52  75  39  20  83 
98  22  67  27  63  15  61  43  73  75  58  74  22  43  71  68  54  90  1  89  0  21  61  93  82  58  49  41  48  17  42  80  41  47  35  51  12  68  9  53  80  83  80  57  49  9  3  53  36  42 
32  71  41  35  59  11  84  44  46  70  17  79  11  97  82  8  24  40  78  9  21  0  26  20  64  87  65  98  46  66  91  94  83  85  26  24  84  61  28  49  81  37  2  14  73  35  71  22  96  74 
89  26  1  47  90  47  13  54  53  4  27  62  18  63  26  89  72  35  56  60  61  26  0  27  33  69  53  5  85  41  70  83  39  36  26  85  71  12  64  95  48  25  23  97  59  13  52  25  86  87 
28  29  76  32  28  64  10  34  5  99  34  47  38  29  63  85  43  93  94  97  93  20  27  0  96  60  83  22  87  68  91  41  73  76  34  95  11  73  83  38  10  54  2  74  2  2  52  25  0  11 
25  14  91  98  58  26  60  51  25  15  41  95  21  3  47  21  51  17  47  4  82  64  33  96  0  90  4  36  28  43  84  88  26  58  76  47  50  69  20  78  55  68  42  28  51  32  38  6  86  13 
57  50  87  15  9  91  5  66  18  33  81  19  65  9  40  88  25  33  41  7  58  87  69  60  90  0  8  88  17  85  88  28  28  44  16  56  87  52  45  66  10  73  13  12  94  33  91  49  53  85 
6  90  87  16  9  89  25  19  25  70  50  49  87  18  65  27  98  13  60  38  49  65  53  83  4  8  0  29  5  17  19  63  3  84  71  91  1  8  32  29  36  28  97  45  16  49  90  82  60  15 
90  74  63  68  11  67  44  13  3  12  25  15  99  92  61  0  20  94  41  16  41  98  5  22  36  88  29  0  95  72  9  80  15  10  34  0  39  91  69  58  54  24  43  77  68  44  85  52  26  74 
23  67  58  62  56  39  57  76  67  31  27  6  86  13  47  3  25  0  41  0  48  46  85  87  28  17  5  95  0  80  23  19  96  73  61  78  85  28  25  9  89  58  25  99  92  77  38  83  47  48 
79  72  74  50  69  63  38  11  78  96  77  64  6  61  41  17  15  96  56  31  17  66  41  68  43  85  17  72  80  0  89  23  91  66  91  88  3  43  14  77  24  89  48  72  14  9  3  99  89  28 
64  75  17  71  71  50  48  76  39  92  73  10  94  50  79  0  31  11  52  24  42  91  70  91  84  88  19  9  23  89  0  9  78  86  34  77  30  63  67  65  62  68  54  86  59  20  77  99  24  73 
70  73  72  61  57  7  83  52  32  24  16  95  36  14  14  17  17  26  19  5  80  94  83  41  88  28  63  80  19  23  9  0  65  53  97  55  2  69  69  63  72  69  53  53  30  31  91  16  61  22 
14  38  59  77  26  94  60  86  23  72  57  97  37  55  90  59  25  77  85  3  41  83  39  73  26  28  3  15  96  91  78  65  0  79  28  87  42  96  94  80  8  66  9  59  90  82  25  96  79  32 
12  56  60  65  14  78  29  80  45  1  2  26  4  24  47  40  80  4  8  10  47  85  36  76  58  44  84  10  73  66  86  53  79  0  98  1  1  13  25  22  66  30  52  50  22  20  11  96  0  91 
20  28  3  92  72  69  39  79  77  16  19  69  43  65  62  58  92  10  30  13  35  26  26  34  76  16  71  34  61  91  34  97  28  98  0  35  94  40  29  26  0  96  35  11  38  18  36  34  49  20 
5  40  65  37  91  97  7  65  19  32  35  67  57  67  42  49  32  58  44  33  51  24  85  95  47  56  91  0  78  88  77  55  87  1  35  0  32  2  22  46  28  96  64  10  1  66  32  21  29  28 
67  77  78  30  96  76  12  68  44  94  15  42  48  48  40  23  29  15  75  6  12  84  71  11  50  87  1  39  85  3  30  2  42  1  94  32  0  73  21  16  67  13  45  93  65  41  29  76  32  99 
77  60  60  13  14  92  33  25  98  75  43  50  42  16  40  7  59  45  75  41  68  61  12  73  69  52  8  91  28  43  63  69  96  13  40  2  73  0  65  66  48  85  51  51  59  97  31  8  13  93 
30  68  53  99  44  15  9  97  26  47  89  30  74  48  38  97  35  20  16  60  9  28  64  83  20  45  32  69  25  14  67  69  94  25  29  22  21  65  0  9  80  26  30  9  6  56  82  22  23  47 
13  56  11  19  25  84  10  0  28  36  80  58  51  0  82  66  9  58  34  22  53  49  95  38  78  66  29  58  9  77  65  63  80  22  26  46  16  66  9  0  20  69  12  13  50  89  45  49  6  12 
55  50  68  29  41  52  91  84  92  27  16  55  59  93  97  50  91  84  12  75  80  81  48  10  55  10  36  54  89  24  62  72  8  66  0  28  67  48  80  20  0  49  91  63  52  3  12  35  11  77 
43  85  31  0  96  61  11  65  24  77  74  68  72  78  95  80  39  23  91  24  83  37  25  54  68  73  28  24  58  89  68  69  66  30  96  96  13  85  26  69  49  0  29  20  57  7  2  19  13  58 
71  11  69  47  21  51  24  45  9  51  70  44  51  96  43  80  3  16  2  65  80  2  23  2  42  13  97  43  25  48  54  53  9  52  35  64  45  51  30  12  91  29  0  53  88  34  1  8  3  13 
8  19  95  60  31  74  23  53  92  26  64  46  29  90  43  4  57  6  70  29  57  14  97  74  28  12  45  77  99  72  86  53  59  50  11  10  93  51  9  13  63  20  53  0  73  5  54  19  6  60 
7  19  34  60  67  69  4  93  8  12  29  16  51  4  31  42  21  43  87  94  49  73  59  2  51  94  16  68  92  14  59  30  90  22  38  1  65  59  6  50  52  57  88  73  0  31  7  4  46  60 
17  35  3  49  31  29  27  95  93  23  11  51  24  57  14  14  20  44  46  52  9  35  13  2  32  33  49  44  77  9  20  31  82  20  18  66  41  97  56  89  3  7  34  5  31  0  7  10  95  18 
30  2  99  56  76  55  26  99  6  2  64  17  30  61  1  30  76  70  92  75  3  71  52  52  38  91  90  85  38  3  77  91  25  11  36  32  29  31  82  45  12  2  1  54  7  7  0  87  76  90 
1  13  75  43  10  47  88  69  63  65  4  46  44  94  62  64  64  29  68  39  53  22  25  25  6  49  82  52  83  99  99  16  96  96  34  21  76  8  22  49  35  19  8  19  4  10  87  0  45  83 
53  32  93  63  2  30  46  55  90  21  38  99  97  35  81  18  33  10  56  20  36  96  86  0  86  53  60  26  47  89  24  61  79  0  49  29  32  13  23  6  11  13  3  6  46  95  76  45  0  92 
66  43  79  65  97  42  32  84  0  33  85  69  26  70  26  91  14  38  30  83  42  74  87  11  13  85  15  74  48  28  73  22  32  91  20  28  99  93  47  12  77  58  13  60  60  18  90  83  92  0 
RBBBBBRBRRRBRBBBRRBRRRRRRRRRBRRBBBRRRBBRBBBBBRRBBB