50
0 8 67 22 44 24 28 96 58 51 66 88 83 84 78 78 58 20 33 12 3 24 98 63 47 100 78 24 69 94 17 31 58 92 89 31 43 30 27 53 13 43 16 0 31 37 58 7 33 32 
8 0 37 65 57 28 26 43 32 30 3 56 80 31 82 10 84 76 11 90 76 22 71 38 61 99 57 1 41 83 70 27 58 64 29 8 11 7 29 98 43 20 57 45 27 77 92 16 97 44 
67 37 0 9 58 49 53 26 25 94 41 17 18 16 98 76 31 34 13 51 1 2 54 36 38 91 38 56 79 84 10 61 30 10 49 56 93 95 88 30 41 30 19 86 10 34 92 44 57 2 
22 65 9 0 58 19 73 51 55 90 24 98 40 98 63 47 3 10 98 8 68 14 92 38 66 24 50 67 24 9 52 30 79 45 48 12 0 66 17 95 4 18 34 52 96 62 71 56 22 92 
44 57 58 58 0 72 46 41 89 75 90 92 24 40 78 30 6 85 18 82 57 55 99 97 36 22 22 10 13 95 59 73 10 24 10 31 48 64 67 91 36 67 75 8 52 94 9 25 4 56 
24 28 49 19 72 0 73 98 60 96 29 94 80 59 5 80 95 60 7 64 60 9 21 95 23 85 62 93 77 81 50 29 56 54 16 67 97 2 53 9 21 71 52 10 73 41 99 86 90 91 
28 26 53 73 46 73 0 20 74 8 7 48 11 23 2 28 14 21 91 30 30 6 1 56 88 19 20 2 78 42 97 47 65 81 65 34 69 29 88 44 74 91 19 97 72 10 6 92 5 12 
96 43 26 51 41 98 20 0 54 10 67 83 49 21 80 85 51 57 80 5 79 59 46 62 85 97 58 65 50 14 14 16 99 59 65 75 22 55 66 29 24 88 67 57 26 4 64 62 88 14 
58 32 25 55 89 60 74 54 0 63 83 86 66 5 53 64 4 53 99 0 38 66 83 27 65 53 93 58 28 51 30 25 89 89 100 53 19 11 18 71 23 70 56 93 34 18 63 45 36 62 
51 30 94 90 75 96 8 10 63 0 59 69 99 65 67 12 63 61 16 54 36 24 83 30 5 81 59 77 6 40 53 13 85 15 4 58 35 97 74 28 23 69 16 36 63 21 44 36 23 29 
66 3 41 24 90 29 7 67 83 59 0 92 61 13 30 63 34 83 90 35 32 31 40 47 44 3 54 61 90 1 100 81 40 23 50 47 43 28 98 91 81 84 23 42 51 82 66 16 22 77 
88 56 17 98 92 94 48 83 86 69 92 0 6 73 58 49 5 59 61 23 56 41 97 26 43 0 79 97 91 87 93 39 96 59 4 65 65 15 65 61 48 6 89 66 73 16 17 75 54 3 
83 80 18 40 24 80 11 49 66 99 61 6 0 79 27 64 97 23 28 47 2 80 73 98 90 0 64 8 64 71 33 25 5 77 47 58 42 25 69 8 21 24 27 24 95 23 81 48 48 3 
84 31 16 98 40 59 23 21 5 65 13 73 79 0 34 71 98 56 53 46 44 47 63 18 43 77 11 24 22 54 56 69 85 52 76 7 47 80 15 21 67 21 95 97 56 78 12 40 86 66 
78 82 98 63 78 5 2 80 53 67 30 58 27 34 0 6 78 28 26 7 25 54 67 49 44 25 80 66 69 54 18 88 27 31 29 47 25 14 13 38 100 28 58 53 93 21 72 90 65 16 
78 10 76 47 30 80 28 85 64 12 63 49 64 71 6 0 76 72 96 28 11 9 88 79 9 81 62 16 27 61 100 34 76 0 14 89 76 45 50 78 75 97 41 59 32 61 75 32 27 51 
58 84 31 3 6 95 14 51 4 63 34 5 97 98 78 76 0 34 77 23 89 22 4 27 11 17 26 66 12 41 32 14 2 40 54 37 8 20 14 87 100 96 95 9 12 87 7 6 59 69 
20 76 34 10 85 60 21 57 53 61 83 59 23 56 28 72 34 0 24 65 56 92 85 99 22 26 41 56 51 92 23 60 71 61 93 14 45 50 12 43 83 3 7 42 34 100 40 71 75 5 
33 11 13 98 18 7 91 80 99 16 90 61 28 53 26 96 77 24 0 50 1 49 63 38 34 97 33 46 51 13 90 82 0 53 45 16 79 19 73 77 32 12 11 65 54 98 14 13 24 13 
12 90 51 8 82 64 30 5 0 54 35 23 47 46 7 28 23 65 50 0 9 92 12 4 66 75 1 37 69 4 24 17 38 70 95 10 53 22 85 13 68 44 1 78 91 39 2 52 5 25 
3 76 1 68 57 60 30 79 38 36 32 56 2 44 25 11 89 56 1 9 0 48 19 56 21 74 85 73 46 54 95 53 28 9 99 17 35 6 66 98 8 25 67 18 38 11 56 13 9 75 
24 22 2 14 55 9 6 59 66 24 31 41 80 47 54 9 22 92 49 92 48 0 54 63 98 80 14 99 62 43 56 36 18 68 31 85 63 85 11 2 36 10 34 100 93 38 55 2 37 24 
98 71 54 92 99 21 1 46 83 83 40 97 73 63 67 88 4 85 63 12 19 54 0 57 4 3 56 11 72 100 14 89 84 10 8 95 61 16 49 2 72 5 67 13 96 60 68 31 34 6 
63 38 36 38 97 95 56 62 27 30 47 26 98 18 49 79 27 99 38 4 56 63 57 0 74 95 83 34 61 39 85 27 17 86 90 71 50 83 32 33 65 44 83 69 12 53 54 23 26 42 
47 61 38 66 36 23 88 85 65 5 44 43 90 43 44 9 11 22 34 66 21 98 4 74 0 91 29 31 100 53 79 22 4 94 30 0 65 77 75 96 76 5 79 41 67 57 40 8 36 32 
100 99 91 24 22 85 19 97 53 81 3 0 0 77 25 81 17 26 97 75 74 80 3 95 91 0 12 26 45 39 72 58 83 96 85 46 36 32 69 22 32 35 72 55 21 5 66 88 51 8 
78 57 38 50 22 62 20 58 93 59 54 79 64 11 80 62 26 41 33 1 85 14 56 83 29 12 0 36 86 83 85 31 28 3 19 25 57 48 77 36 23 56 20 97 95 43 83 20 57 73 
24 1 56 67 10 93 2 65 58 77 61 97 8 24 66 16 66 56 46 37 73 99 11 34 31 26 36 0 6 33 17 41 88 69 67 57 56 33 17 2 29 15 80 17 6 60 99 30 99 47 
69 41 79 24 13 77 78 50 28 6 90 91 64 22 69 27 12 51 51 69 46 62 72 61 100 45 86 6 0 76 56 23 22 50 64 41 94 33 76 71 97 35 70 73 20 65 60 20 98 14 
94 83 84 9 95 81 42 14 51 40 1 87 71 54 54 61 41 92 13 4 54 43 100 39 53 39 83 33 76 0 41 9 51 27 40 44 7 14 23 16 45 19 32 23 46 87 59 59 24 42 
17 70 10 52 59 50 97 14 30 53 100 93 33 56 18 100 32 23 90 24 95 56 14 85 79 72 85 17 56 41 0 26 40 47 48 19 80 15 91 89 48 38 29 9 0 90 93 78 6 83 
31 27 61 30 73 29 47 16 25 13 81 39 25 69 88 34 14 60 82 17 53 36 89 27 22 58 31 41 23 9 26 0 71 18 84 84 19 34 15 6 64 77 81 0 70 14 18 2 28 95 
58 58 30 79 10 56 65 99 89 85 40 96 5 85 27 76 2 71 0 38 28 18 84 17 4 83 28 88 22 51 40 71 0 94 44 0 86 37 40 31 54 98 32 82 90 17 76 33 9 76 
92 64 10 45 24 54 81 59 89 15 23 59 77 52 31 0 40 61 53 70 9 68 10 86 94 96 3 69 50 27 47 18 94 0 20 70 65 58 17 96 63 67 7 100 82 43 47 58 7 34 
89 29 49 48 10 16 65 65 100 4 50 4 47 76 29 14 54 93 45 95 99 31 8 90 30 85 19 67 64 40 48 84 44 20 0 92 10 86 23 44 34 97 92 16 28 55 93 28 28 41 
31 8 56 12 31 67 34 75 53 58 47 65 58 7 47 89 37 14 16 10 17 85 95 71 0 46 25 57 41 44 19 84 0 70 92 0 10 22 16 67 60 51 26 26 92 58 48 90 57 60 
43 11 93 0 48 97 69 22 19 35 43 65 42 47 25 76 8 45 79 53 35 63 61 50 65 36 57 56 94 7 80 19 86 65 10 10 0 24 6 41 10 70 91 49 62 59 19 30 8 88 
30 7 95 66 64 2 29 55 11 97 28 15 25 80 14 45 20 50 19 22 6 85 16 83 77 32 48 33 33 14 15 34 37 58 86 22 24 0 9 95 96 21 65 61 75 80 87 0 99 71 
27 29 88 17 67 53 88 66 18 74 98 65 69 15 13 50 14 12 73 85 66 11 49 32 75 69 77 17 76 23 91 15 40 17 23 16 6 9 0 43 3 96 90 15 78 82 97 93 65 63 
53 98 30 95 91 9 44 29 71 28 91 61 8 21 38 78 87 43 77 13 98 2 2 33 96 22 36 2 71 16 89 6 31 96 44 67 41 95 43 0 0 91 0 57 56 58 46 72 32 53 
13 43 41 4 36 21 74 24 23 23 81 48 21 67 100 75 100 83 32 68 8 36 72 65 76 32 23 29 97 45 48 64 54 63 34 60 10 96 3 0 0 71 63 56 24 64 10 25 91 61 
43 20 30 18 67 71 91 88 70 69 84 6 24 21 28 97 96 3 12 44 25 10 5 44 5 35 56 15 35 19 38 77 98 67 97 51 70 21 96 91 71 0 39 22 65 5 17 52 42 29 
16 57 19 34 75 52 19 67 56 16 23 89 27 95 58 41 95 7 11 1 67 34 67 83 79 72 20 80 70 32 29 81 32 7 92 26 91 65 90 0 63 39 0 73 22 81 12 83 9 80 
0 45 86 52 8 10 97 57 93 36 42 66 24 97 53 59 9 42 65 78 18 100 13 69 41 55 97 17 73 23 9 0 82 100 16 26 49 61 15 57 56 22 73 0 30 11 30 82 31 23 
31 27 10 96 52 73 72 26 34 63 51 73 95 56 93 32 12 34 54 91 38 93 96 12 67 21 95 6 20 46 0 70 90 82 28 92 62 75 78 56 24 65 22 30 0 52 19 72 46 32 
37 77 34 62 94 41 10 4 18 21 82 16 23 78 21 61 87 100 98 39 11 38 60 53 57 5 43 60 65 87 90 14 17 43 55 58 59 80 82 58 64 5 81 11 52 0 80 47 19 49 
58 92 92 71 9 99 6 64 63 44 66 17 81 12 72 75 7 40 14 2 56 55 68 54 40 66 83 99 60 59 93 18 76 47 93 48 19 87 97 46 10 17 12 30 19 80 0 44 99 8 
7 16 44 56 25 86 92 62 45 36 16 75 48 40 90 32 6 71 13 52 13 2 31 23 8 88 20 30 20 59 78 2 33 58 28 90 30 0 93 72 25 52 83 82 72 47 44 0 32 5 
33 97 57 22 4 90 5 88 36 23 22 54 48 86 65 27 59 75 24 5 9 37 34 26 36 51 57 99 98 24 6 28 9 7 28 57 8 99 65 32 91 42 9 31 46 19 99 32 0 33 
32 44 2 92 56 91 12 14 62 29 77 3 3 66 16 51 69 5 13 25 75 24 6 42 32 8 73 47 14 42 83 95 76 34 41 60 88 71 63 53 61 29 80 23 32 49 8 5 33 0 
RRRRBRRBRBRRRRRRBBRRBBBBBBBBRRRBRRRBBRBRBBBBBBBRRB