50
0 91 5 88 1 92 97 3 11 13 95 6 97 15 95 14 11 10 91 1 96 94 86 1 88 90 8 93 99 15 95 89 11 91 85 8 6 100 10 8 92 5 14 86 8 96 14 13 10 87
91 0 97 100 98 99 95 93 8 85 91 10 12 85 1 88 3 2 92 0 91 11 92 88 85 95 2 88 85 96 5 93 6 91 13 87 100 97 6 92 97 1 99 93 13 4 5 4 92 89
5 97 0 97 15 3 2 11 89 6 91 6 89 96 95 3 89 5 99 88 95 87 99 6 87 100 2 7 99 9 88 94 85 100 94 11 2 1 4 15 4 91 85 0 3 89 89 100 5 11
88 100 97 0 1 99 87 86 96 6 85 9 94 10 6 96 13 4 95 4 6 9 10 11 5 5 92 5 87 12 9 100 12 12 85 86 12 7 11 13 92 7 0 8 89 97 6 86 85 97
1 98 15 1 0 0 4 93 5 6 4 89 87 8 3 7 5 8 12 9 98 2 98 91 98 13 6 15 15 98 3 13 92 12 5 2 91 86 100 9 12 5 6 100 0 2 10 100 93 97
92 99 3 99 0 0 15 15 8 87 1 92 92 98 89 12 87 86 4 2 13 13 12 87 4 3 4 7 11 98 89 100 5 10 10 1 8 8 91 89 7 2 87 3 94 88 91 15 15 10
97 95 2 87 4 15 0 85 11 86 98 10 7 93 100 15 91 10 87 14 12 13 7 10 9 7 88 94 4 89 3 15 85 98 12 97 88 99 86 6 15 0 9 8 95 13 4 2 10 8
3 93 11 86 93 15 85 0 90 88 90 97 11 14 85 91 96 7 1 89 93 5 0 96 1 5 13 95 100 94 6 92 4 4 6 100 3 12 93 92 3 87 94 97 14 99 98 2 9 8
11 8 89 96 5 8 11 90 0 91 5 10 89 15 91 88 96 10 93 13 9 9 6 11 93 100 8 91 95 90 91 2 0 11 7 95 4 98 95 95 5 97 93 85 2 94 11 5 91 87
13 85 6 6 6 87 86 88 91 0 86 94 1 85 0 0 98 98 12 88 8 2 5 8 9 3 85 14 6 8 99 13 6 9 12 87 86 89 93 96 88 92 87 2 92 93 99 92 4 7
95 91 91 85 4 1 98 90 5 86 0 100 6 90 6 89 93 0 9 1 98 99 92 86 8 92 1 94 3 90 88 10 4 85 92 99 88 88 10 4 85 7 95 88 14 86 97 98 10 87
6 10 6 9 89 92 10 97 10 94 100 0 8 15 93 87 1 6 15 5 13 10 87 14 88 6 99 100 89 85 6 97 9 94 97 9 85 86 6 7 90 7 13 97 8 14 97 92 87 5
97 12 89 94 87 92 7 11 89 1 6 8 0 7 95 6 92 86 91 85 93 95 100 2 10 89 85 87 98 91 4 15 2 96 10 1 4 95 88 8 15 91 3 85 97 87 92 4 97 96
15 85 96 10 8 98 93 14 15 85 90 15 7 0 92 97 15 85 93 94 5 85 15 0 86 4 94 100 86 96 99 15 11 11 7 90 90 86 14 97 14 0 1 0 14 97 91 85 91 8
95 1 95 6 3 89 100 85 91 0 6 93 95 92 0 85 100 13 89 11 98 97 6 8 9 1 99 95 5 11 2 98 86 2 90 90 88 95 13 3 9 85 97 0 90 13 3 10 5 85
14 88 3 96 7 12 15 91 88 0 89 87 6 97 85 0 12 11 1 5 8 12 15 86 93 7 9 88 100 8 9 87 10 90 100 6 8 99 96 96 94 98 6 92 3 9 15 7 11 15
11 3 89 13 5 87 91 96 96 98 93 1 92 15 100 12 0 4 99 88 9 91 3 85 95 99 14 10 87 92 10 86 95 88 1 5 92 86 13 15 94 8 10 100 97 3 1 6 95 94
10 2 5 4 8 86 10 7 10 98 0 6 86 85 13 11 4 0 9 99 6 10 14 89 93 6 88 96 99 91 88 2 12 97 86 99 11 94 1 11 6 3 13 99 7 100 97 12 3 0
91 92 99 95 12 4 87 1 93 12 9 15 91 93 89 1 99 9 0 4 99 7 1 92 5 0 85 8 91 94 7 9 13 89 86 13 3 93 2 99 91 1 97 13 0 14 1 7 97 8
1 0 88 4 9 2 14 89 13 88 1 5 85 94 11 5 88 99 4 0 15 86 91 89 88 6 5 86 85 6 86 88 2 15 100 99 3 4 99 14 97 99 2 86 85 11 3 11 100 6
96 91 95 6 98 13 12 93 9 8 98 13 93 5 98 8 9 6 99 15 0 10 93 10 88 92 100 89 100 15 100 5 89 6 6 100 14 98 12 100 3 94 6 14 96 11 5 93 8 97
94 11 87 9 2 13 13 5 9 2 99 10 95 85 97 12 91 10 7 86 10 0 4 91 6 3 11 99 87 96 2 98 7 0 11 93 4 90 14 12 86 14 7 91 10 98 0 99 15 0
86 92 99 10 98 12 7 0 6 5 92 87 100 15 6 15 3 14 1 91 93 4 0 93 3 1 85 92 2 93 89 99 14 10 1 98 7 92 15 15 92 98 97 7 2 5 7 96 91 96
1 88 6 11 91 87 10 96 11 8 86 14 2 0 8 86 85 89 92 89 10 91 93 0 5 8 1 2 89 89 91 94 9 12 95 88 9 15 8 100 97 91 13 13 5 6 96 85 96 88
88 85 87 5 98 4 9 1 93 9 8 88 10 86 9 93 95 93 5 88 88 6 3 5 0 97 1 11 94 0 9 13 11 91 4 6 92 6 6 86 87 85 87 11 3 95 1 9 94 99
90 95 100 5 13 3 7 5 100 3 92 6 89 4 1 7 99 6 0 6 92 3 1 8 97 0 95 10 91 15 13 89 14 3 91 94 1 89 2 98 3 85 14 4 99 9 91 92 11 86
8 2 2 92 6 4 88 13 8 85 1 99 85 94 99 9 14 88 85 5 100 11 85 1 1 95 0 5 1 92 88 7 88 85 85 11 89 8 97 98 12 86 13 6 1 5 90 6 2 12
93 88 7 5 15 7 94 95 91 14 94 100 87 100 95 88 10 96 8 86 89 99 92 2 11 10 5 0 99 9 93 5 6 10 94 96 0 87 3 87 8 96 86 10 99 99 92 0 87 3
99 85 99 87 15 11 4 100 95 6 3 89 98 86 5 100 87 99 91 85 100 87 2 89 94 91 1 99 0 99 85 96 5 5 87 93 98 13 90 87 6 96 10 93 98 4 7 10 12 87
15 96 9 12 98 98 89 94 90 8 90 85 91 96 11 8 92 91 94 6 15 96 93 89 0 15 92 9 99 0 98 8 93 99 97 95 100 8 13 12 14 1 6 93 91 15 5 0 1 100
95 5 88 9 3 89 3 6 91 99 88 6 4 99 2 9 10 88 7 86 100 2 89 91 9 13 88 93 85 98 0 96 88 99 86 13 4 99 5 10 96 96 8 98 9 15 99 95 99 11
89 93 94 100 13 100 15 92 2 13 10 97 15 15 98 87 86 2 9 88 5 98 99 94 13 89 7 5 96 8 96 0 13 15 96 86 14 10 89 88 8 6 96 94 85 9 88 97 8 98
11 6 85 12 92 5 85 4 0 6 4 9 2 11 86 10 95 12 13 2 89 7 14 9 11 14 88 6 5 93 88 13 0 96 87 95 86 11 92 90 2 15 1 7 100 96 95 8 13 5
91 91 100 12 12 10 98 4 11 9 85 94 96 11 2 90 88 97 89 15 6 0 10 12 91 3 85 10 5 99 99 15 96 0 98 85 4 10 6 87 9 88 100 98 10 9 14 90 10 99
85 13 94 85 5 10 12 6 7 12 92 97 10 7 90 100 1 86 86 100 6 11 1 95 4 91 85 94 87 97 86 96 87 98 0 5 14 95 11 96 97 91 99 86 10 87 7 92 85 95
8 87 11 86 2 1 97 100 95 87 99 9 1 90 90 6 5 99 13 99 100 93 98 88 6 94 11 96 93 95 13 86 95 85 5 0 87 3 4 87 4 97 89 9 4 7 11 92 3 91
6 100 2 12 91 8 88 3 4 86 88 85 4 90 88 8 92 11 3 3 14 4 7 9 92 1 89 0 98 100 4 14 86 4 14 87 0 89 90 1 6 88 3 4 3 97 0 86 7 93
100 97 1 7 86 8 99 12 98 89 88 86 95 86 95 99 86 94 93 4 98 90 92 15 6 89 8 87 13 8 99 10 11 10 95 3 89 0 2 93 10 8 86 12 13 15 89 98 85 2
10 6 4 11 100 91 86 93 95 93 10 6 88 14 13 96 13 1 2 99 12 14 15 8 6 2 97 3 90 13 5 89 92 6 11 4 90 2 0 15 14 92 8 3 98 7 91 90 92 8
8 92 15 13 9 89 6 92 95 96 4 7 8 97 3 96 15 11 99 14 100 12 15 100 86 98 98 87 87 12 10 88 90 87 96 87 1 93 15 0 92 85 10 10 100 90 14 92 9 95
92 97 4 92 12 7 15 3 5 88 85 90 15 14 9 94 94 6 91 97 3 86 92 97 87 3 12 8 6 14 96 8 2 9 97 4 6 10 14 92 0 5 0 85 92 96 92 99 14 12
5 1 91 7 5 2 0 87 97 92 7 7 91 0 85 98 8 3 1 99 94 14 98 91 85 85 86 96 96 1 96 6 15 88 91 97 88 8 92 85 5 0 91 9 91 7 14 94 15 15
14 99 85 0 6 87 9 94 93 87 95 13 3 1 97 6 10 13 97 2 6 7 97 13 87 14 13 86 10 6 8 96 1 100 99 89 3 86 8 10 0 91 0 90 88 5 90 88 7 85
86 93 0 8 100 3 8 97 85 2 88 97 85 0 0 92 100 99 13 86 14 91 7 13 11 4 6 10 93 93 98 94 7 98 86 9 4 12 3 10 85 9 90 0 11 99 1 2 15 99
8 13 3 89 0 94 95 14 2 92 14 8 97 14 90 3 97 7 0 85 96 10 2 5 3 99 1 99 98 91 9 85 100 10 10 4 3 13 98 100 92 91 88 11 0 99 15 95 91 96
96 4 89 97 2 88 13 99 94 93 86 14 87 97 13 9 3 100 14 11 11 98 5 6 95 9 5 99 4 15 15 9 96 9 87 7 97 15 7 90 96 7 5 99 99 0 94 96 93 8
14 5 89 6 10 91 4 98 11 99 97 97 92 91 3 15 1 97 1 3 5 0 7 96 1 91 90 92 7 5 99 88 95 14 7 11 0 89 91 14 92 14 90 1 15 94 0 98 87 85
13 4 100 86 100 15 2 2 5 92 98 92 4 85 10 7 6 12 7 11 93 99 96 85 9 92 6 0 10 0 95 97 8 90 92 92 86 98 90 92 99 94 88 2 95 96 98 0 8 1
10 92 5 85 93 15 10 9 91 4 10 87 97 91 5 11 95 3 97 100 8 15 91 96 94 11 2 87 12 1 99 8 13 10 85 3 7 85 92 9 14 15 7 15 91 93 87 8 0 11
87 89 11 97 97 10 8 8 87 7 87 5 96 8 85 15 94 0 8 6 97 0 96 88 99 86 12 3 87 100 11 98 5 99 95 91 93 2 8 95 12 15 85 99 96 8 85 1 11 0
RBRRBBRBRBBBRRBBBBBBRBBRBBRBRBRRRBRRBRRRRBRRRRBBRB