40
0 99 99 99 99 99 99 99 99 99 99 99 99 99 99 99 99 99 99 99 99 99 99 99 99 99 99 99 99 99 99 99 99 99 99 99 99 99 99 99
99 0 96 96 97 98 96 99 99 97 96 99 97 98 97 96 99 96 97 98 97 96 99 96 97 98 97 96 99 96 97 98 96 99 97 98 97 96 99 96
99 96 0 97 96 97 99 96 97 98 96 99 96 97 97 96 99 99 98 97 97 97 97 96 99 99 99 99 97 98 97 96 96 96 98 98 98 98 98 97
99 96 97 0 96 97 98 96 99 99 96 96 96 96 96 96 97 98 98 98 98 97 96 99 96 96 96 96 96 97 98 98 97 97 97 96 99 96 99 99
99 97 96 96 0 96 97 97 98 99 96 97 98 96 99 96 97 97 97 96 99 98 97 96 99 96 96 97 98 97 96 99 96 97 98 97 96 99 96 97
99 98 97 97 96 0 96 96 99 97 98 97 97 98 98 98 98 97 96 96 99 97 98 97 96 99 96 97 99 96 97 98 97 96 99 96 97 97 96 99
99 96 99 98 97 96 0 96 96 99 97 98 97 96 99 96 97 98 97 96 99 96 97 97 96 99 96 98 98 97 98 97 96 96 96 99 96 97 98 98
99 99 96 96 97 96 96 0 97 96 96 96 96 96 97 97 97 98 98 96 99 99 99 99 96 97 98 97 96 99 96 96 97 98 96 98 96 99 97 96
99 99 97 99 98 99 96 97 0 96 96 99 97 98 96 99 96 97 98 96 99 99 99 98 97 96 99 96 97 98 97 96 99 97 98 96 99 96 98 98
99 97 98 99 99 97 99 96 96 0 97 96 99 98 97 98 98 98 98 96 96 99 97 97 96 99 96 97 98 97 96 99 96 97 97 97 97 97 98 97
99 96 96 96 96 98 97 96 96 97 0 97 96 99 96 97 98 97 96 99 96 96 96 96 97 98 97 96 99 98 97 96 96 99 96 97 97 96 99 96
99 99 99 96 97 97 98 96 99 96 97 0 96 99 96 97 98 96 96 99 96 97 97 97 97 98 98 98 96 96 99 96 97 98 97 96 99 96 97 97
99 97 96 96 98 97 97 96 97 99 96 96 0 96 96 99 97 98 97 96 99 96 97 98 97 96 96 96 99 96 97 98 97 97 96 99 96 97 98 97
99 98 97 96 96 98 96 96 98 98 99 99 96 0 96 96 96 99 96 97 98 98 98 98 98 96 99 97 97 96 99 96 96 97 98 97 96 99 96 97
99 97 97 96 99 98 99 97 96 97 96 96 96 96 0 96 96 96 96 99 96 97 98 97 96 99 96 97 98 97 96 96 99 96 97 97 96 96 98 98
99 96 96 96 96 98 96 97 99 98 97 97 99 96 96 0 96 96 99 98 97 97 98 98 98 97 96 99 96 98 98 96 96 97 98 97 96 99 96 98
99 99 99 97 97 98 97 97 96 98 98 98 97 96 96 96 0 96 97 98 97 96 99 98 98 96 99 96 97 98 97 97 96 99 97 98 97 97 98 98
99 96 99 98 97 97 98 98 97 98 97 96 98 99 96 96 96 0 96 96 98 97 96 96 96 99 96 97 96 96 96 98 97 97 96 99 98 98 98 96
99 97 98 98 97 96 97 98 98 98 96 96 97 96 96 99 97 96 0 96 98 97 97 98 98 97 96 99 98 98 98 96 96 99 96 97 97 98 98 97
99 98 97 98 96 96 96 96 96 96 99 99 96 97 99 98 98 96 96 0 96 96 99 98 97 96 99 96 97 98 97 97 97 98 97 96 99 96 97 98
99 97 97 98 99 99 99 99 99 96 96 96 99 98 96 97 97 98 98 96 0 96 96 99 98 97 96 99 96 97 98 98 98 98 97 96 99 96 97 97
99 96 97 97 98 97 96 99 99 99 96 97 96 98 97 97 96 97 97 96 96 0 96 96 99 97 97 98 97 96 99 96 97 98 97 96 99 96 97 98
99 99 97 96 97 98 97 99 99 97 96 97 97 98 98 98 99 96 97 99 96 96 0 96 96 99 97 98 97 96 99 96 97 98 98 98 96 96 97 99
99 96 96 99 96 97 97 99 98 97 96 97 98 98 97 98 98 96 98 98 99 96 96 0 97 98 98 97 96 96 97 98 97 96 99 99 96 97 98 96
99 97 99 96 99 96 96 96 97 96 97 97 97 98 96 98 98 96 98 97 98 99 96 97 0 96 96 97 98 97 96 99 98 98 98 96 96 99 97 99
99 98 99 96 96 99 99 97 96 99 98 98 96 96 99 97 96 99 97 96 97 97 99 98 96 0 96 97 98 96 99 97 98 97 96 99 97 97 98 97
99 97 99 96 96 96 96 98 99 96 97 98 96 99 96 96 99 96 96 99 96 97 97 98 96 96 0 96 99 97 98 96 99 97 98 98 96 96 97 96
99 96 99 96 97 97 98 97 96 97 96 98 96 97 97 99 96 97 99 96 99 98 98 97 97 97 96 0 96 96 99 98 97 97 98 97 96 99 98 98
99 99 97 96 98 99 98 96 97 98 99 96 99 97 98 96 97 96 98 97 96 97 97 96 98 98 99 96 0 96 97 98 96 99 97 98 97 97 97 98
99 96 98 97 97 96 97 99 98 97 98 96 96 96 97 98 98 96 98 98 97 96 96 96 97 96 97 96 96 0 98 97 96 96 97 98 98 96 99 96
99 97 97 98 96 97 98 96 97 96 97 99 97 99 96 98 97 96 98 97 98 99 99 97 96 99 98 99 97 98 0 98 97 96 99 97 98 98 98 98
99 98 96 98 99 98 97 96 96 99 96 96 98 96 96 96 97 98 96 97 98 96 96 98 99 97 96 98 98 97 98 0 96 96 96 99 96 96 99 96
99 96 96 97 96 97 96 97 99 96 96 97 97 96 99 96 96 97 96 97 98 97 97 97 98 98 99 97 96 96 97 96 0 99 98 97 96 96 97 98
99 99 96 97 97 96 96 98 97 97 99 98 97 97 96 97 99 97 99 98 98 98 98 96 98 97 97 97 99 96 96 96 99 0 96 96 98 97 96 99
99 97 98 97 98 99 96 96 98 97 96 97 96 98 97 98 97 96 96 97 97 97 98 99 98 96 98 98 97 97 99 96 98 96 0 96 98 97 97 99
99 98 98 96 97 96 99 98 96 97 97 96 99 97 97 97 98 99 97 96 96 96 98 99 96 99 98 97 98 98 97 99 97 96 96 0 96 96 99 98
99 97 98 99 96 97 96 96 99 97 97 99 96 96 96 96 97 98 97 99 99 99 96 96 96 97 96 96 97 98 98 96 96 98 98 96 0 96 96 99
99 96 98 96 99 97 97 99 96 97 96 96 97 99 96 99 97 98 98 96 96 96 96 97 99 97 96 99 97 96 98 96 96 97 97 96 96 0 96 99
99 99 98 99 96 96 98 97 98 98 99 97 98 96 98 96 98 98 98 97 97 97 97 98 97 98 97 98 97 99 98 99 97 96 97 99 96 96 0 96
99 96 97 99 97 99 98 96 98 97 96 97 97 97 98 98 98 96 97 98 97 98 99 96 99 97 96 98 98 96 98 96 98 99 99 98 99 99 96 0
RRBBRRBBRBRRBBRRBBRBRRBBRRBBRBRRBBRRBBRB