50
0 91 91 90 4 90 76 67 99 2 97 89 100 93 69 93 95 11 90 60 78 76 97 71 95 98 70 96 69 80 96 73 96 70 93 74 65 50 97 65 98 13 77 85 69 83 77 58 63 95
91 0 88 97 81 85 11 84 98 98 99 91 97 78 75 98 81 92 75 91 89 96 90 85 91 97 84 96 14 64 98 86 97 83 97 82 87 80 93 81 95 82 65 84 82 64 80 77 69 79
91 88 0 81 57 92 80 50 96 94 97 78 96 87 98 94 88 99 94 62 98 83 94 18 23 97 57 100 97 73 93 88 93 88 99 89 69 96 93 89 91 73 95 85 50 88 72 76 100 96
90 97 81 0 79 94 68 73 97 94 88 10 98 82 94 92 87 98 89 9 89 60 95 70 77 98 72 100 57 79 92 56 96 91 96 61 85 85 96 83 95 89 69 86 91 81 87 77 70 82
4 81 57 79 0 76 81 80 98 12 99 52 96 78 94 96 77 89 95 82 54 85 99 83 84 97 53 97 87 84 97 76 99 12 98 71 84 95 98 77 97 88 80 92 78 92 91 84 50 74
90 85 92 94 76 0 80 77 92 95 100 73 93 60 79 96 87 95 84 70 16 69 97 84 50 95 76 98 87 95 94 50 98 96 95 97 77 89 94 91 93 58 83 85 82 80 83 17 81 61
76 11 80 68 81 80 0 83 96 97 97 76 98 56 85 95 94 97 87 87 61 79 97 89 91 83 82 98 66 66 92 88 98 89 98 56 86 84 97 88 94 91 72 97 70 84 72 72 60 10
67 84 50 73 80 77 83 0 96 99 98 82 94 84 81 3 67 97 91 92 50 86 95 73 78 92 82 16 81 63 96 89 96 92 95 69 93 74 97 64 98 89 90 13 69 73 99 90 6 87
99 98 96 97 98 92 96 96 0 94 97 95 97 91 93 97 96 99 99 98 96 98 96 16 87 97 98 99 89 98 81 98 94 98 96 92 99 19 91 98 97 99 96 96 90 99 97 98 98 97
2 98 94 94 12 95 97 99 94 0 98 94 97 93 92 94 94 13 92 95 97 98 99 95 97 97 100 94 95 96 97 98 96 98 97 99 99 90 99 92 97 91 91 98 94 94 94 95 98 93
97 99 97 88 99 100 97 98 97 98 0 97 92 95 96 98 99 99 4 95 99 96 93 97 98 96 95 99 98 96 98 92 99 93 97 91 94 97 16 95 96 14 98 96 84 99 91 97 99 92
89 91 78 10 52 73 76 82 95 94 97 0 99 87 86 99 80 100 79 55 95 82 87 87 81 97 66 96 83 77 94 56 98 60 18 65 89 97 97 87 98 71 86 85 92 65 93 58 84 89
100 97 96 98 96 93 98 94 97 97 92 99 0 17 96 94 95 98 94 95 94 98 99 91 95 100 95 96 98 91 96 95 91 97 81 93 95 98 99 98 95 96 89 92 95 18 97 96 99 83
93 78 87 82 78 60 56 84 91 93 95 87 17 0 87 96 87 95 83 93 98 70 92 88 79 93 80 95 93 85 98 78 91 61 11 70 86 57 98 83 96 92 83 93 76 12 69 87 76 70
69 75 98 94 94 79 85 81 93 92 96 86 96 87 0 97 10 97 53 62 80 84 96 50 90 11 95 94 80 86 97 88 86 4 95 66 63 91 90 66 99 98 89 81 71 87 83 81 90 82
93 98 94 92 96 96 95 3 97 94 98 99 94 96 97 0 100 98 95 99 99 93 91 99 98 98 99 9 95 95 96 95 97 99 96 93 92 96 96 99 92 90 96 96 98 98 99 97 10 97
95 81 88 87 77 87 94 67 96 94 99 80 95 87 10 100 0 94 75 96 87 80 86 85 82 95 87 90 17 98 97 81 95 90 87 71 77 65 95 58 94 75 61 59 95 66 85 86 96 66
11 92 99 98 89 95 97 97 99 13 99 100 98 95 97 98 94 0 96 94 96 95 99 94 99 86 96 95 90 86 87 98 91 100 92 94 98 99 95 99 91 93 98 97 94 94 93 98 97 97
90 75 94 89 95 84 87 91 99 92 4 79 94 83 53 95 75 96 0 75 87 86 96 91 94 91 89 95 77 59 96 64 97 78 87 81 60 84 15 91 87 5 12 87 81 84 73 72 75 94
60 91 62 9 82 70 87 92 98 95 95 55 95 93 62 99 96 94 75 0 50 90 95 84 79 96 92 97 69 88 92 72 86 84 95 70 83 62 94 50 96 96 62 71 56 94 19 83 84 87
78 89 98 89 54 16 61 50 96 97 99 95 94 98 80 99 87 96 87 50 0 80 97 85 72 96 62 87 71 85 94 79 99 76 95 91 88 85 99 84 97 65 66 24 70 86 92 59 94 94
76 96 83 60 85 69 79 86 98 98 96 82 98 70 84 93 80 95 86 90 80 0 97 89 65 93 9 92 71 78 94 88 97 90 98 93 87 58 95 82 87 72 92 81 14 97 81 90 68 87
97 90 94 95 99 97 97 95 96 99 93 87 99 92 96 91 86 99 96 95 97 97 0 96 95 97 95 99 96 96 97 3 97 96 98 97 94 90 94 80 10 93 96 90 99 95 14 85 98 96
71 85 18 70 83 84 89 73 16 95 97 87 91 88 50 99 85 94 91 84 85 89 96 0 84 96 86 92 95 82 93 75 95 82 95 72 56 12 99 72 94 82 69 69 81 75 80 88 74 73
95 91 23 77 84 50 91 78 87 97 98 81 95 79 90 98 82 99 94 79 72 65 95 84 0 92 96 97 94 76 97 83 91 74 95 92 96 95 97 64 99 92 94 57 87 75 61 18 94 70
98 97 97 98 97 95 83 92 97 97 96 97 100 93 11 98 95 86 91 96 96 93 97 96 92 0 83 98 94 93 97 94 15 4 94 99 98 93 99 92 93 95 96 100 98 96 99 97 100 95
70 84 57 72 53 76 82 82 98 100 95 66 95 80 95 99 87 96 89 92 62 9 95 86 96 83 0 98 73 58 97 71 98 86 94 56 71 68 97 94 96 67 89 85 84 94 82 90 82 9
96 96 100 100 97 98 98 16 99 94 99 96 96 95 94 9 90 95 95 97 87 92 99 92 97 98 98 0 95 96 98 100 97 95 96 97 91 96 99 94 97 92 97 93 95 97 95 97 93 98
69 14 97 57 87 87 66 81 89 95 98 83 98 93 80 95 17 90 77 69 71 71 96 95 94 94 73 95 0 97 99 51 93 88 97 66 62 86 96 67 95 53 95 93 73 81 63 80 81 73
80 64 73 79 84 95 66 63 98 96 96 77 91 85 86 95 98 86 59 88 85 78 96 82 76 93 58 96 97 0 18 92 97 50 97 62 85 88 85 95 87 62 75 91 95 12 78 84 90 91
96 98 93 92 97 94 92 96 81 97 98 94 96 98 97 96 97 87 96 92 94 94 97 93 97 97 97 98 99 18 0 97 93 82 96 97 98 13 97 96 87 99 93 98 98 82 94 93 95 95
73 86 88 56 76 50 88 89 98 98 92 56 95 78 88 95 81 98 64 72 79 88 3 75 83 94 71 100 51 92 97 0 92 93 98 69 77 68 93 19 11 71 83 72 94 90 6 81 94 96
96 97 93 96 99 98 98 96 94 96 99 98 91 91 86 97 95 91 97 86 99 97 97 95 91 15 98 97 93 97 93 92 0 11 96 91 95 94 97 97 95 97 90 99 96 96 87 93 99 96
70 83 88 91 12 96 89 92 98 98 93 60 97 61 4 99 90 100 78 84 76 90 96 82 74 4 86 95 88 50 82 93 11 0 97 83 62 66 96 86 89 76 98 85 87 93 96 84 82 88
93 97 99 96 98 95 98 95 96 97 97 18 81 11 95 96 87 92 87 95 95 98 98 95 95 94 94 96 97 97 96 98 96 97 0 95 91 98 91 96 97 97 94 98 93 99 97 99 92 99
74 82 89 61 71 97 56 69 92 99 91 65 93 70 66 93 71 94 81 70 91 93 97 72 92 99 56 97 66 62 97 69 91 83 95 0 74 98 96 78 87 81 14 79 89 69 92 81 19 88
65 87 69 85 84 77 86 93 99 99 94 89 95 86 63 92 77 98 60 83 88 87 94 56 96 98 71 91 62 85 98 77 95 62 91 74 0 98 96 8 97 90 76 94 12 70 80 80 52 85
50 80 96 85 95 89 84 74 19 90 97 97 98 57 91 96 65 99 84 62 85 58 90 12 95 93 68 96 86 88 13 68 94 66 98 98 98 0 95 95 100 68 78 98 72 79 92 91 78 76
97 93 93 96 98 94 97 97 91 99 16 97 99 98 90 96 95 95 15 94 99 95 94 99 97 99 97 99 96 85 97 93 97 96 91 96 96 95 0 94 95 99 82 96 93 97 96 94 94 92
65 81 89 83 77 91 88 64 98 92 95 87 98 83 66 99 58 99 91 50 84 82 80 72 64 92 94 94 67 95 96 19 97 86 96 78 8 95 94 0 91 82 76 81 70 65 76 90 77 93
98 95 91 95 97 93 94 98 97 97 96 98 95 96 99 92 94 91 87 96 97 87 10 94 99 93 96 97 95 87 87 11 95 89 97 87 97 100 95 91 0 92 99 97 87 99 94 89 95 95
13 82 73 89 88 58 91 89 99 91 14 71 96 92 98 90 75 93 5 96 65 72 93 82 92 95 67 92 53 62 99 71 97 76 97 81 90 68 99 82 92 0 66 83 90 95 81 67 88 81
77 65 95 69 80 83 72 90 96 91 98 86 89 83 89 96 61 98 12 62 66 92 96 69 94 96 89 97 95 75 93 83 90 98 94 14 76 78 82 76 99 66 0 93 92 58 77 93 77 75
85 84 85 86 92 85 97 13 96 98 96 85 92 93 81 96 59 97 87 71 24 81 90 69 57 100 85 93 93 91 98 72 99 85 98 79 94 98 96 81 97 83 93 0 62 50 68 84 54 86
69 82 50 91 78 82 70 69 90 94 84 92 95 76 71 98 95 94 81 56 70 14 99 81 87 98 84 95 73 95 98 94 96 87 93 89 12 72 93 70 87 90 92 62 0 79 94 84 84 76
83 64 88 81 92 80 84 73 99 94 99 65 18 12 87 98 66 94 84 94 86 97 95 75 75 96 94 97 81 12 82 90 96 93 99 69 70 79 97 65 99 95 58 50 79 0 73 94 73 85
77 80 72 87 91 83 72 99 97 94 91 93 97 69 83 99 85 93 73 19 92 81 14 80 61 99 82 95 63 78 94 6 87 96 97 92 80 92 96 76 94 81 77 68 94 73 0 84 83 94
58 77 76 77 84 17 72 90 98 95 97 58 96 87 81 97 86 98 72 83 59 90 85 88 18 97 90 97 80 84 93 81 93 84 99 81 80 91 94 90 89 67 93 84 84 94 84 0 80 56
63 69 100 70 50 81 60 6 98 98 99 84 99 76 90 10 96 97 75 84 94 68 98 74 94 100 82 93 81 90 95 94 99 82 92 19 52 78 94 77 95 88 77 54 84 73 83 80 0 83
95 79 96 82 74 61 10 87 97 93 92 89 83 70 82 97 66 97 94 87 94 87 96 73 70 95 9 98 73 91 95 96 96 88 99 88 85 76 92 93 95 81 75 86 76 85 94 56 83 0
BBBRRBBBBRBRRBRBBBRRRRRRRRBRBRRBBBRRRRBBBRRRBBBRBB