50
0 8 6 4 6 2 8 0 10 4 8 2 9 4 0 9 1 7 5 9 4 0 3 9 0 6 8 9 5 5 7 7 1 4 8 4 9 10 2 7 1 0 8 3 10 6 4 0 3 5 
8 0 23 19 19 19 18 10 25 17 25 10 23 19 11 26 18 15 21 20 14 10 16 20 11 14 21 27 19 15 16 23 15 13 25 18 26 27 16 17 10 12 18 17 19 14 19 9 21 21 
6 23 0 51 19 45 49 7 20 19 56 9 24 19 34 18 41 45 13 21 14 11 9 43 44 40 47 59 52 38 44 16 12 44 53 47 54 55 48 13 8 42 16 44 47 19 52 34 12 14 
4 19 51 0 78 11 47 12 47 38 15 13 20 48 87 21 92 20 18 41 43 72 38 99 100 99 19 51 48 91 14 75 73 95 46 12 14 15 35 67 35 99 20 15 100 39 18 9 8 73 
6 19 19 78 0 95 24 8 53 17 49 36 45 18 35 47 37 23 45 47 20 35 43 23 31 61 47 47 14 43 95 47 9 33 74 76 74 51 71 45 8 10 20 71 16 17 99 61 13 46 
2 19 45 11 95 0 41 32 18 39 11 39 52 11 12 63 9 34 11 18 41 36 44 98 95 8 46 16 66 41 37 52 3 92 46 12 18 31 6 68 48 88 39 45 18 51 36 7 7 84 
8 18 49 47 24 41 0 42 97 80 22 63 83 72 8 17 50 77 72 39 86 8 59 25 98 59 42 49 43 70 95 97 35 31 98 65 26 76 47 65 93 93 46 64 41 38 75 93 62 14 
0 10 7 12 8 32 42 0 14 12 17 26 92 10 30 36 49 14 27 38 82 45 57 9 3 49 31 55 32 79 27 34 36 82 64 54 73 66 41 14 4 52 30 82 54 16 75 40 40 63 
10 25 20 47 53 18 97 14 0 79 53 65 50 54 45 53 72 73 72 88 61 34 76 69 36 63 64 22 74 95 48 23 30 70 93 69 97 56 57 33 39 13 70 19 69 40 69 38 62 34 
4 17 19 38 17 39 80 12 79 0 55 34 72 52 38 57 62 12 11 14 9 85 38 21 68 11 71 52 41 32 43 19 51 35 19 70 43 72 73 30 30 6 52 64 43 39 56 55 52 77 
8 25 56 15 49 11 22 17 53 55 0 65 26 100 50 39 10 36 78 23 14 77 47 23 96 89 99 76 80 19 100 57 74 58 79 79 31 87 53 20 73 70 69 13 32 83 51 22 90 47 
2 10 9 13 36 39 63 26 65 34 65 0 86 57 49 86 82 34 39 35 30 92 15 14 72 34 61 81 64 86 29 19 42 97 91 31 31 19 58 71 22 2 65 61 97 76 98 24 31 95 
9 23 24 20 45 52 83 92 50 72 26 86 0 71 95 51 66 46 22 97 98 97 92 53 92 64 53 74 62 91 22 45 60 41 76 64 75 89 42 40 20 89 42 73 51 22 51 97 43 82 
4 19 19 48 18 11 72 10 54 52 100 57 71 0 93 97 30 45 64 41 100 31 76 71 35 29 47 56 41 38 41 69 35 88 74 73 71 46 10 88 11 64 42 72 72 37 76 56 65 38 
0 11 34 87 35 12 8 30 45 38 50 49 95 93 0 82 83 95 56 92 69 50 93 15 10 57 53 13 12 73 49 69 49 76 10 82 86 90 91 79 8 49 50 79 49 7 52 20 83 10 
9 26 18 21 47 63 17 36 53 57 39 86 51 97 82 0 47 46 15 74 69 35 27 52 96 75 67 97 63 21 68 78 70 65 53 20 42 93 97 83 41 43 45 75 86 69 20 69 22 35 
1 18 41 92 37 9 50 49 72 62 10 82 66 30 83 47 0 46 83 84 41 82 40 11 62 8 81 95 100 39 42 82 16 75 89 76 83 21 97 100 35 91 11 94 61 11 43 83 40 86 
7 15 45 20 23 34 77 14 73 12 36 34 46 45 95 46 46 0 19 24 66 75 73 48 85 72 76 46 38 98 43 39 30 20 38 70 94 76 96 50 87 37 50 43 95 91 40 51 36 15 
5 21 13 18 45 11 72 27 72 11 78 39 22 64 56 15 83 19 0 45 96 95 94 70 69 93 46 95 16 38 57 77 87 49 37 42 60 60 77 36 16 82 64 14 82 72 70 65 30 73 
9 20 21 41 47 18 39 38 88 14 23 35 97 41 92 74 84 24 45 0 95 82 17 26 16 30 66 91 64 15 58 36 20 71 87 93 63 49 95 41 83 61 74 38 62 56 15 98 60 79 
4 14 14 43 20 41 86 82 61 9 14 30 98 100 69 69 41 66 96 95 0 4 82 99 11 56 97 75 95 90 60 39 31 65 99 95 53 51 51 39 84 59 70 75 42 14 14 91 91 9 
0 10 11 72 35 36 8 45 34 85 77 92 97 31 50 35 82 75 95 82 4 0 30 100 54 53 91 66 98 11 89 67 53 97 65 100 59 19 65 70 20 58 14 31 59 68 98 50 63 71 
3 16 9 38 43 44 59 57 76 38 47 15 92 76 93 27 40 73 94 17 82 30 0 46 68 50 96 93 98 66 86 100 87 94 89 42 77 20 14 68 83 91 83 39 19 83 38 96 60 92 
9 20 43 99 23 98 25 9 69 21 23 14 53 71 15 52 11 48 70 26 99 100 46 0 88 63 69 69 76 68 68 59 47 96 87 90 99 33 55 76 60 39 45 92 80 96 23 30 97 31 
0 11 44 100 31 95 98 3 36 68 96 72 92 35 10 96 62 85 69 16 11 54 68 88 0 80 82 59 50 91 39 7 46 73 97 30 87 68 29 65 88 79 55 87 33 27 86 74 86 63 
6 14 40 99 61 8 59 49 63 11 89 34 64 29 57 75 8 72 93 30 56 53 50 63 80 0 94 94 55 71 78 76 12 91 40 96 31 39 33 100 45 35 61 100 82 60 70 94 20 88 
8 21 47 19 47 46 42 31 64 71 99 61 53 47 53 67 81 76 46 66 97 91 96 69 82 94 0 74 95 91 98 99 97 100 96 92 100 84 75 84 60 69 94 61 99 37 21 82 44 66 
9 27 59 51 47 16 49 55 22 52 76 81 74 56 13 97 95 46 95 91 75 66 93 69 59 94 74 0 99 95 79 73 42 82 91 95 66 78 15 93 24 11 100 92 63 18 62 43 30 75 
5 19 52 48 14 66 43 32 74 41 80 64 62 41 12 63 100 38 16 64 95 98 98 76 50 55 95 99 0 86 98 12 84 16 17 67 93 80 96 68 28 77 93 97 94 19 83 97 73 63 
5 15 38 91 43 41 70 79 95 32 19 86 91 38 73 21 39 98 38 15 90 11 66 68 91 71 91 95 86 0 34 93 65 79 51 90 93 99 12 19 56 64 73 100 58 90 36 49 46 83 
7 16 44 14 95 37 95 27 48 43 100 29 22 41 49 68 42 43 57 58 60 89 86 68 39 78 98 79 98 34 0 69 83 83 60 29 51 43 49 72 48 99 58 93 58 58 76 26 84 18 
7 23 16 75 47 52 97 34 23 19 57 19 45 69 69 78 82 39 77 36 39 67 100 59 7 76 99 73 12 93 69 0 96 21 42 16 20 79 90 80 45 90 36 94 90 43 47 69 94 100 
1 15 12 73 9 3 35 36 30 51 74 42 60 35 49 70 16 30 87 20 31 53 87 47 46 12 97 42 84 65 83 96 0 59 11 92 19 12 11 52 21 90 16 95 100 53 13 78 12 10 
4 13 44 95 33 92 31 82 70 35 58 97 41 88 76 65 75 20 49 71 65 97 94 96 73 91 100 82 16 79 83 21 59 0 41 86 20 19 95 93 66 46 65 67 99 80 97 98 89 35 
8 25 53 46 74 46 98 64 93 19 79 91 76 74 10 53 89 38 37 87 99 65 89 87 97 40 96 91 17 51 60 42 11 41 0 92 18 54 86 70 10 42 32 13 65 99 29 16 74 59 
4 18 47 12 76 12 65 54 69 70 79 31 64 73 82 20 76 70 42 93 95 100 42 90 30 96 92 95 67 90 29 16 92 86 92 0 33 99 83 90 61 14 20 63 98 92 50 26 65 64 
9 26 54 14 74 18 26 73 97 43 31 31 75 71 86 42 83 94 60 63 53 59 77 99 87 31 100 66 93 93 51 20 19 20 18 33 0 51 93 54 73 17 54 94 91 98 18 94 64 78 
10 27 55 15 51 31 76 66 56 72 87 19 89 46 90 93 21 76 60 49 51 19 20 33 68 39 84 78 80 99 43 79 12 19 54 99 51 0 58 99 71 68 70 14 85 35 89 20 64 90 
2 16 48 35 71 6 47 41 57 73 53 58 42 10 91 97 97 96 77 95 51 65 14 55 29 33 75 15 96 12 49 90 11 95 86 83 93 58 0 42 88 4 96 96 95 35 77 76 89 45 
7 17 13 67 45 68 65 14 33 30 20 71 40 88 79 83 100 50 36 41 39 70 68 76 65 100 84 93 68 19 72 80 52 93 70 90 54 99 42 0 78 49 92 12 88 72 92 81 81 96 
1 10 8 35 8 48 93 4 39 30 73 22 20 11 8 41 35 87 16 83 84 20 83 60 88 45 60 24 28 56 48 45 21 66 10 61 73 71 88 78 0 85 93 33 25 21 93 51 24 96 
0 12 42 99 10 88 93 52 13 6 70 2 89 64 49 43 91 37 82 61 59 58 91 39 79 35 69 11 77 64 99 90 90 46 42 14 17 68 4 49 85 0 91 93 19 29 69 62 67 56 
8 18 16 20 20 39 46 30 70 52 69 65 42 42 50 45 11 50 64 74 70 14 83 45 55 61 94 100 93 73 58 36 16 65 32 20 54 70 96 92 93 91 0 88 73 82 46 60 28 98 
3 17 44 15 71 45 64 82 19 64 13 61 73 72 79 75 94 43 14 38 75 31 39 92 87 100 61 92 97 100 93 94 95 67 13 63 94 14 96 12 33 93 88 0 94 100 60 80 95 90 
10 19 47 100 16 18 41 54 69 43 32 97 51 72 49 86 61 95 82 62 42 59 19 80 33 82 99 63 94 58 58 90 100 99 65 98 91 85 95 88 25 19 73 94 0 38 61 99 27 79 
6 14 19 39 17 51 38 16 40 39 83 76 22 37 7 69 11 91 72 56 14 68 83 96 27 60 37 18 19 90 58 43 53 80 99 92 98 35 35 72 21 29 82 100 38 0 94 31 57 79 
4 19 52 18 99 36 75 75 69 56 51 98 51 76 52 20 43 40 70 15 14 98 38 23 86 70 21 62 83 36 76 47 13 97 29 50 18 89 77 92 93 69 46 60 61 94 0 55 91 94 
0 9 34 9 61 7 93 40 38 55 22 24 97 56 20 69 83 51 65 98 91 50 96 30 74 94 82 43 97 49 26 69 78 98 16 26 94 20 76 81 51 62 60 80 99 31 55 0 98 89 
3 21 12 8 13 7 62 40 62 52 90 31 43 65 83 22 40 36 30 60 91 63 60 97 86 20 44 30 73 46 84 94 12 89 74 65 64 64 89 81 24 67 28 95 27 57 91 98 0 57 
5 21 14 73 46 84 14 63 34 77 47 95 82 38 10 35 86 15 73 79 9 71 92 31 63 88 66 75 63 83 18 100 10 35 59 64 78 90 45 96 96 56 98 90 79 79 94 89 57 0 
RBRBRBRBRBRBRBRBRBRBRBRBRBRBRBRBRBRBRBRBRBRBRBRBRB