44
0 89 4 30 90 63 52 72 9 3 51 67 83 15 68 88 61 83 100 48 72 75 10 26 43 32 75 89 59 72 25 50 12 18 76 91 29 93 1 91 6 10 47 39
89 0 88 75 19 24 9 41 56 58 57 8 30 21 98 79 94 12 84 27 85 63 69 74 72 57 82 19 5 10 35 91 88 77 70 10 77 18 20 28 92 37 47 6
4 88 0 62 32 39 33 74 98 93 45 49 5 7 83 6 65 7 72 90 29 19 60 78 78 30 25 94 50 79 45 43 27 5 87 88 10 68 67 18 26 7 73 69
30 75 62 0 17 49 47 54 92 0 48 37 26 28 60 36 6 2 61 65 55 70 90 30 38 89 76 35 4 48 44 11 32 33 44 67 71 53 85 73 89 92 6 61
90 19 32 17 0 17 24 79 75 78 37 76 37 66 41 64 38 65 67 88 67 50 12 76 17 18 21 33 88 38 87 23 50 30 42 71 65 85 87 62 25 87 73 58
63 24 39 49 17 0 30 75 44 32 95 84 90 45 56 97 77 17 32 98 79 94 82 90 93 46 15 62 53 25 22 0 29 5 53 32 12 100 50 42 50 64 70 15
52 9 33 47 24 30 0 55 95 46 26 64 11 7 68 45 47 52 50 100 96 58 5 59 2 38 24 53 24 1 41 95 93 1 27 43 24 47 43 7 74 13 15 51
72 41 74 54 79 75 55 0 20 82 2 71 39 6 47 62 52 64 89 46 63 33 7 28 49 35 20 97 97 60 37 6 92 94 6 60 1 60 66 100 70 9 70 2
9 56 98 92 75 44 95 20 0 24 61 19 21 27 32 56 21 41 33 65 100 77 65 48 52 31 78 15 65 42 95 36 18 43 68 87 11 100 30 47 55 7 53 12
3 58 93 0 78 32 46 82 24 0 73 44 29 71 70 1 80 4 5 84 99 48 92 44 41 66 37 54 41 64 94 83 32 40 98 17 7 99 21 68 10 7 26 98
51 57 45 48 37 95 26 2 61 73 0 66 5 68 50 36 32 92 44 35 71 15 70 28 6 3 21 37 3 31 20 99 25 64 69 32 13 71 3 10 46 64 60 34
67 8 49 37 76 84 64 71 19 44 66 0 56 7 71 40 6 28 55 29 42 37 67 18 43 61 11 26 21 29 14 95 29 20 92 54 86 67 67 82 99 86 58 8
83 30 5 26 37 90 11 39 21 29 5 56 0 18 82 67 67 85 26 67 29 11 14 27 56 56 52 9 30 86 22 94 16 20 74 92 6 24 55 8 16 84 46 11
15 21 7 28 66 45 7 6 27 71 68 7 18 0 4 89 22 20 82 52 58 44 100 56 79 28 100 17 1 30 46 48 79 56 68 42 38 28 51 53 68 24 73 96
68 98 83 60 41 56 68 47 32 70 50 71 82 4 0 91 59 62 46 31 85 90 28 5 9 98 33 67 62 94 1 33 29 15 71 88 54 41 40 48 98 3 69 18
88 79 6 36 64 97 45 62 56 1 36 40 67 89 91 0 33 56 23 17 83 32 48 90 43 69 31 78 50 36 32 31 41 65 33 72 87 52 53 17 49 22 45 28
61 94 65 6 38 77 47 52 21 80 32 6 67 22 59 33 0 96 92 41 19 42 69 79 8 73 19 8 48 97 26 4 34 66 31 60 93 91 87 88 52 58 53 66
83 12 7 2 65 17 52 64 41 4 92 28 85 20 62 56 96 0 73 19 88 81 33 90 100 38 57 20 17 82 86 36 9 98 75 2 37 8 38 61 82 48 84 21
100 84 72 61 67 32 50 89 33 5 44 55 26 82 46 23 92 73 0 16 21 92 52 98 15 59 12 1 17 32 64 10 66 68 94 1 9 100 56 18 100 69 64 12
48 27 90 65 88 98 100 46 65 84 35 29 67 52 31 17 41 19 16 0 95 53 81 62 24 47 1 62 79 85 38 71 83 90 41 74 23 7 81 52 68 14 79 70
72 85 29 55 67 79 96 63 100 99 71 42 29 58 85 83 19 88 21 95 0 16 47 57 39 23 95 4 86 49 85 20 94 82 56 43 75 65 72 8 13 21 82 58
75 63 19 70 50 94 58 33 77 48 15 37 11 44 90 32 42 81 92 53 16 0 22 65 27 15 71 27 24 88 48 25 92 67 98 7 95 97 21 1 90 34 77 42
10 69 60 90 12 82 5 7 65 92 70 67 14 100 28 48 69 33 52 81 47 22 0 24 52 99 16 51 69 67 81 83 78 57 60 72 78 66 60 54 34 86 91 41
26 74 78 30 76 90 59 28 48 44 28 18 27 56 5 90 79 90 98 62 57 65 24 0 71 69 69 92 2 16 31 62 96 26 88 54 55 89 69 12 64 36 27 62
43 72 78 38 17 93 2 49 52 41 6 43 56 79 9 43 8 100 15 24 39 27 52 71 0 86 29 46 67 15 3 75 62 16 83 75 78 92 75 82 16 88 15 8
32 57 30 89 18 46 38 35 31 66 3 61 56 28 98 69 73 38 59 47 23 15 99 69 86 0 52 6 79 16 56 58 63 48 88 80 80 11 53 15 80 57 36 46
75 82 25 76 21 15 24 20 78 37 21 11 52 100 33 31 19 57 12 1 95 71 16 69 29 52 0 39 25 98 23 7 4 2 13 80 10 27 89 12 48 90 79 92
89 19 94 35 33 62 53 97 15 54 37 26 9 17 67 78 8 20 1 62 4 27 51 92 46 6 39 0 72 94 12 21 6 91 58 6 16 80 48 35 39 87 100 61
59 5 50 4 88 53 24 97 65 41 3 21 30 1 62 50 48 17 17 79 86 24 69 2 67 79 25 72 0 7 87 8 23 51 86 84 26 5 21 78 87 2 65 97
72 10 79 48 38 25 1 60 42 64 31 29 86 30 94 36 97 82 32 85 49 88 67 16 15 16 98 94 7 0 35 67 66 95 74 20 7 79 3 75 11 69 65 42
25 35 45 44 87 22 41 37 95 94 20 14 22 46 1 32 26 86 64 38 85 48 81 31 3 56 23 12 87 35 0 82 72 72 32 45 16 25 64 89 82 97 43 36
50 91 43 11 23 0 95 6 36 83 99 95 94 48 33 31 4 36 10 71 20 25 83 62 75 58 7 21 8 67 82 0 92 45 77 62 22 47 86 76 48 8 94 100
12 88 27 32 50 29 93 92 18 32 25 29 16 79 29 41 34 9 66 83 94 92 78 96 62 63 4 6 23 66 72 92 0 94 16 5 12 78 45 56 59 96 99 63
18 77 5 33 30 5 1 94 43 40 64 20 20 56 15 65 66 98 68 90 82 67 57 26 16 48 2 91 51 95 72 45 94 0 56 48 36 20 56 98 46 89 19 40
76 70 87 44 42 53 27 6 68 98 69 92 74 68 71 33 31 75 94 41 56 98 60 88 83 88 13 58 86 74 32 77 16 56 0 100 77 53 29 22 77 76 33 78
91 10 88 67 71 32 43 60 87 17 32 54 92 42 88 72 60 2 1 74 43 7 72 54 75 80 80 6 84 20 45 62 5 48 100 0 100 48 73 17 76 45 53 66
29 77 10 71 65 12 24 1 11 7 13 86 6 38 54 87 93 37 9 23 75 95 78 55 78 80 10 16 26 7 16 22 12 36 77 100 0 23 49 67 28 61 30 12
93 18 68 53 85 100 47 60 100 99 71 67 24 28 41 52 91 8 100 7 65 97 66 89 92 11 27 80 5 79 25 47 78 20 53 48 23 0 74 99 61 12 36 40
1 20 67 85 87 50 43 66 30 21 3 67 55 51 40 53 87 38 56 81 72 21 60 69 75 53 89 48 21 3 64 86 45 56 29 73 49 74 0 77 72 94 62 49
91 28 18 73 62 42 7 100 47 68 10 82 8 53 48 17 88 61 18 52 8 1 54 12 82 15 12 35 78 75 89 76 56 98 22 17 67 99 77 0 83 45 82 92
6 92 26 89 25 50 74 70 55 10 46 99 16 68 98 49 52 82 100 68 13 90 34 64 16 80 48 39 87 11 82 48 59 46 77 76 28 61 72 83 0 44 50 21
10 37 7 92 87 64 13 9 7 7 64 86 84 24 3 22 58 48 69 14 21 34 86 36 88 57 90 87 2 69 97 8 96 89 76 45 61 12 94 45 44 0 33 42
47 47 73 6 73 70 15 70 53 26 60 58 46 73 69 45 53 84 64 79 82 77 91 27 15 36 79 100 65 65 43 94 99 19 33 53 30 36 62 82 50 33 0 26
39 6 69 61 58 15 51 2 12 98 34 8 11 96 18 28 66 21 12 70 58 42 41 62 8 46 92 61 97 42 36 100 63 40 78 66 12 40 49 92 21 42 26 0
RRRBRRRRRRBBRRRRBRBBRRBBRRRBBRBBRRBBBBBBBBBB