50
000 100 100 100 100 100 100 100 100 100 100 100 100 100 100 100 100 100 100 100 100 100 100 100 100 100 100 005 002 100 004 100 001 100 100 100 100 100 100 100 100 100 100 100 100 100 100 100 100 100
100 000 001 001 001 001 100 100 100 100 100 100 100 100 099 100 100 100 100 100 100 100 100 100 100 100 100 100 100 001 100 100 100 100 100 100 100 100 100 100 100 100 100 100 100 100 100 100 100 100
100 001 000 001 001 100 100 100 100 100 100 100 100 100 100 099 100 100 100 100 100 100 100 100 100 100 100 100 100 100 100 100 100 100 100 100 100 100 100 100 100 100 100 100 100 100 100 100 100 100
100 001 001 000 001 100 100 100 001 100 100 100 100 100 100 100 100 100 100 100 100 100 100 100 100 100 100 100 100 100 100 100 100 100 100 100 001 100 100 100 100 100 100 100 100 100 100 100 100 100
100 001 001 001 000 001 001 100 001 100 100 100 100 100 100 100 100 100 100 100 100 100 100 100 100 100 100 100 100 001 100 100 100 100 100 100 001 100 100 100 100 100 100 100 100 100 100 100 100 100
100 001 100 100 001 000 001 100 100 100 099 100 100 100 100 100 100 100 100 100 100 100 100 100 100 100 100 100 100 001 100 100 100 100 100 100 001 100 100 100 100 100 100 100 100 100 100 100 100 100
100 100 100 100 001 001 000 100 100 100 100 099 100 100 100 100 100 100 100 100 100 100 100 100 100 100 100 100 100 100 100 100 100 100 100 100 001 100 100 100 100 100 100 100 100 100 100 100 100 100
100 100 100 100 100 100 100 000 100 100 100 100 100 100 100 100 100 100 100 100 100 100 100 100 100 100 100 100 100 100 100 100 001 001 001 001 100 001 001 001 001 100 100 100 100 100 100 100 100 100
100 100 100 001 001 100 100 100 000 003 100 100 100 100 100 100 100 100 100 100 100 100 100 100 100 100 100 100 100 100 100 100 100 100 100 100 001 100 100 100 100 100 100 100 100 100 100 100 100 100
100 100 100 100 100 100 100 100 003 000 001 100 100 001 001 100 100 100 100 100 100 100 100 100 100 100 100 100 100 099 100 100 100 100 100 100 100 100 100 100 100 100 100 100 100 100 100 100 100 100
100 100 100 100 100 099 100 100 100 001 000 001 001 001 001 100 100 100 100 100 100 100 100 100 100 100 100 100 100 100 100 100 100 100 100 100 100 100 100 100 100 100 100 100 100 100 100 100 100 100
100 100 100 100 100 100 099 100 100 100 001 000 001 001 100 100 100 100 100 100 100 100 100 100 100 100 100 100 100 100 100 100 100 100 100 100 100 100 100 100 100 100 100 100 100 100 100 100 100 100
100 100 100 100 100 100 100 100 100 100 001 001 000 001 100 100 001 001 100 100 100 100 100 100 100 100 100 100 100 100 100 100 100 100 100 100 100 100 100 100 100 100 100 100 100 100 100 100 100 100
100 100 100 100 100 100 100 100 100 001 001 001 001 000 001 001 001 001 100 100 100 100 100 100 100 100 100 100 100 100 100 100 100 100 100 100 100 100 100 100 100 100 100 100 100 100 100 100 100 100
100 099 100 100 100 100 100 100 100 001 001 100 100 001 000 001 001 100 100 100 100 100 100 100 100 100 100 100 100 100 100 100 100 100 100 100 100 100 100 100 100 100 100 100 100 100 100 100 100 100
100 100 099 100 100 100 100 100 100 100 100 100 100 001 001 000 001 100 100 100 100 100 100 100 100 100 100 100 100 100 100 100 100 100 100 100 100 100 100 100 100 100 100 100 100 100 100 100 100 100
100 100 100 100 100 100 100 100 100 100 100 100 001 001 001 001 000 001 100 100 100 100 100 100 100 100 100 100 100 100 100 100 100 100 100 100 100 100 100 100 100 100 100 100 100 100 100 100 100 100
100 100 100 100 100 100 100 100 100 100 100 100 001 001 100 100 001 000 002 100 100 100 100 100 100 100 100 100 100 100 100 100 100 100 100 100 100 100 100 100 100 100 100 100 100 100 100 100 100 100
100 100 100 100 100 100 100 100 100 100 100 100 100 100 100 100 100 002 000 005 001 100 100 100 100 100 100 100 100 100 100 100 100 100 100 100 100 100 100 100 100 100 100 100 100 100 100 100 100 100
100 100 100 100 100 100 100 100 100 100 100 100 100 100 100 100 100 100 005 000 004 050 100 100 100 100 100 100 100 100 100 100 100 100 100 100 100 100 100 100 100 100 100 100 100 100 100 100 100 100
100 100 100 100 100 100 100 100 100 100 100 100 100 100 100 100 100 100 001 004 000 015 100 100 100 100 100 100 100 100 100 100 100 100 100 100 100 100 100 100 100 100 100 100 100 100 100 100 100 100
100 100 100 100 100 100 100 100 100 100 100 100 100 100 100 100 100 100 100 050 015 000 005 030 100 002 100 100 100 100 100 100 100 100 100 100 100 100 100 100 100 100 100 100 100 100 100 100 100 100
100 100 100 100 100 100 100 100 100 100 100 100 100 100 100 100 100 100 100 100 100 005 000 004 006 099 100 100 100 100 100 100 100 100 100 100 100 100 100 100 100 100 100 100 100 100 100 100 100 100
100 100 100 100 100 100 100 100 100 100 100 100 100 100 100 100 100 100 100 100 100 030 004 000 003 100 100 100 100 100 100 100 100 100 100 100 100 100 100 100 100 100 100 100 100 100 100 100 100 100
100 100 100 100 100 100 100 100 100 100 100 100 100 100 100 100 100 100 100 100 100 100 006 003 000 007 100 100 100 100 100 100 100 100 100 100 100 100 100 100 100 100 100 100 100 100 100 100 100 100
100 100 100 100 100 100 100 100 100 100 100 100 100 100 100 100 100 100 100 100 100 002 099 100 007 000 010 050 100 100 100 100 100 100 100 100 100 100 100 100 100 100 100 100 100 100 100 100 100 100
100 100 100 100 100 100 100 100 100 100 100 100 100 100 100 100 100 100 100 100 100 100 100 100 100 010 000 001 005 100 100 100 100 100 100 100 100 100 100 100 100 100 100 100 100 100 100 100 100 100
005 100 100 100 100 100 100 100 100 100 100 100 100 100 100 100 100 100 100 100 100 100 100 100 100 050 001 000 003 100 100 100 100 100 100 100 100 100 100 100 100 100 100 100 100 100 100 100 100 100
002 100 100 100 100 100 100 100 100 100 100 100 100 100 100 100 100 100 100 100 100 100 100 100 100 100 005 003 000 100 100 100 100 100 100 100 100 100 100 100 100 100 100 100 100 100 100 100 100 100
100 001 100 100 001 001 100 100 100 099 100 100 100 100 100 100 100 100 100 100 100 100 100 100 100 100 100 100 100 000 100 100 100 100 100 100 100 100 100 100 100 100 100 100 100 100 100 100 100 080
004 100 100 100 100 100 100 100 100 100 100 100 100 100 100 100 100 100 100 100 100 100 100 100 100 100 100 100 100 100 000 005 100 100 100 100 100 100 100 100 100 100 100 100 100 100 100 100 100 100
100 100 100 100 100 100 100 100 100 100 100 100 100 100 100 100 100 100 100 100 100 100 100 100 100 100 100 100 100 100 005 000 002 100 100 100 100 100 100 100 100 100 100 100 100 100 100 100 100 100
001 100 100 100 100 100 100 001 100 100 100 100 100 100 100 100 100 100 100 100 100 100 100 100 100 100 100 100 100 100 100 002 000 001 100 100 100 001 100 100 100 100 100 100 100 100 100 100 100 100
100 100 100 100 100 100 100 001 100 100 100 100 100 100 100 100 100 100 100 100 100 100 100 100 100 100 100 100 100 100 100 100 001 000 001 001 100 001 100 100 100 100 100 100 100 100 100 100 100 100
100 100 100 100 100 100 100 001 100 100 100 100 100 100 100 100 100 100 100 100 100 100 100 100 100 100 100 100 100 100 100 100 100 001 000 001 100 100 100 100 100 100 100 100 100 100 100 099 100 100
100 100 100 100 100 100 100 001 100 100 100 100 100 100 100 100 100 100 100 100 100 100 100 100 100 100 100 100 100 100 100 100 100 001 001 000 100 100 100 001 001 100 100 100 100 100 100 100 099 100
100 100 100 001 001 001 001 100 001 100 100 100 100 100 100 100 100 100 100 100 100 100 100 100 100 100 100 100 100 100 100 100 100 100 100 100 000 100 100 100 100 100 100 100 100 100 100 100 100 100
100 100 100 100 100 100 100 001 100 100 100 100 100 100 100 100 100 100 100 100 100 100 100 100 100 100 100 100 100 100 100 100 001 001 100 100 100 000 001 001 100 100 100 100 100 100 100 100 100 100
100 100 100 100 100 100 100 001 100 100 100 100 100 100 100 100 100 100 100 100 100 100 100 100 100 100 100 100 100 100 100 100 100 100 100 100 100 001 000 001 100 100 100 099 100 100 100 100 100 100
100 100 100 100 100 100 100 001 100 100 100 100 100 100 100 100 100 100 100 100 100 100 100 100 100 100 100 100 100 100 100 100 100 100 100 001 100 001 001 000 001 100 100 100 099 100 100 100 100 100
100 100 100 100 100 100 100 001 100 100 100 100 100 100 100 100 100 100 100 100 100 100 100 100 100 100 100 100 100 100 100 100 100 100 100 001 100 100 100 001 000 003 100 100 100 100 100 100 100 099
100 100 100 100 100 100 100 100 100 100 100 100 100 100 100 100 100 100 100 100 100 100 100 100 100 100 100 100 100 100 100 100 100 100 100 100 100 100 100 100 003 000 001 100 100 001 001 100 100 100
100 100 100 100 100 100 100 100 100 100 100 100 100 100 100 100 100 100 100 100 100 100 100 100 100 100 100 100 100 100 100 100 100 100 100 100 100 100 100 100 100 001 000 001 001 001 001 100 100 100
100 100 100 100 100 100 100 100 100 100 100 100 100 100 100 100 100 100 100 100 100 100 100 100 100 100 100 100 100 100 100 100 100 100 100 100 100 100 099 100 100 100 001 000 001 001 100 100 100 100
100 100 100 100 100 100 100 100 100 100 100 100 100 100 100 100 100 100 100 100 100 100 100 100 100 100 100 100 100 100 100 100 100 100 100 100 100 100 100 099 100 100 001 001 000 001 100 100 001 001
100 100 100 100 100 100 100 100 100 100 100 100 100 100 100 100 100 100 100 100 100 100 100 100 100 100 100 100 100 100 100 100 100 100 100 100 100 100 100 100 100 001 001 001 001 000 001 001 001 001
100 100 100 100 100 100 100 100 100 100 100 100 100 100 100 100 100 100 100 100 100 100 100 100 100 100 100 100 100 100 100 100 100 100 100 100 100 100 100 100 100 001 001 100 100 001 000 001 001 100
100 100 100 100 100 100 100 100 100 100 100 100 100 100 100 100 100 100 100 100 100 100 100 100 100 100 100 100 100 100 100 100 100 100 099 100 100 100 100 100 100 100 100 100 100 001 001 000 001 100
100 100 100 100 100 100 100 100 100 100 100 100 100 100 100 100 100 100 100 100 100 100 100 100 100 100 100 100 100 100 100 100 100 100 100 099 100 100 100 100 100 100 100 100 001 001 001 001 000 001
100 100 100 100 100 100 100 100 100 100 100 100 100 100 100 100 100 100 100 100 100 100 100 100 100 100 100 100 100 080 100 100 100 100 100 100 100 100 100 100 099 100 100 100 001 001 100 100 001 000
BRBBRRBBBRRRBRRRBRBRBBRRRBRRRRRRRBRBBBRBBBRBBBRBBB