50
0 71 93 64 70 66 56 99 68 70 24 86 80 69 46 18 77 12 81 55 6 88 75 26 80 43 41 86 54 62 60 0 77 8 14 67 59 51 35 16 63 69 47 48 14 84 51 10 70 44 
71 0 23 58 15 84 33 3 49 90 58 25 43 15 77 61 48 15 75 37 15 80 60 42 84 9 51 41 38 49 96 29 41 10 21 62 65 16 45 5 47 31 40 35 17 9 94 78 71 46 
93 23 0 78 52 11 67 28 26 97 40 81 67 84 26 39 39 6 76 76 72 58 75 61 2 32 64 15 6 43 49 9 21 32 26 26 21 86 98 23 64 6 14 11 82 53 46 35 42 45 
64 58 78 0 48 55 94 23 64 8 15 50 1 42 73 42 49 29 5 42 1 98 55 10 95 35 43 35 53 71 95 35 11 81 84 4 28 17 77 67 39 10 43 72 67 89 65 74 40 3 
70 15 52 48 0 78 38 51 71 9 41 33 17 74 96 25 83 59 71 9 48 69 27 100 54 4 87 86 42 80 22 22 21 61 86 65 93 29 54 47 34 15 78 22 13 96 53 4 17 95 
66 84 11 55 78 0 22 6 57 9 70 100 9 66 19 28 89 10 23 69 65 71 77 18 19 79 3 46 16 70 46 27 12 27 46 69 77 64 74 41 49 42 30 5 2 99 11 16 4 24 
56 33 67 94 38 22 0 83 42 93 33 37 42 9 69 8 81 6 83 90 72 92 91 78 86 78 63 34 85 46 45 58 96 86 43 2 24 67 33 24 94 28 31 14 2 29 36 17 39 12 
99 3 28 23 51 6 83 0 84 53 50 96 44 99 13 81 2 99 65 13 62 0 56 41 31 17 57 89 79 55 21 27 56 14 32 74 44 61 21 9 63 23 93 30 52 92 13 72 11 75 
68 49 26 64 71 57 42 84 0 90 62 96 23 50 66 54 9 28 82 56 47 39 37 63 14 13 29 71 7 78 20 84 42 3 27 94 32 59 84 79 19 47 17 24 99 100 80 14 74 54 
70 90 97 8 9 9 93 53 90 0 36 20 95 72 94 72 62 83 72 3 8 83 25 67 65 99 13 35 14 84 41 73 14 63 17 23 19 17 7 55 43 35 44 5 53 71 18 51 23 12 
24 58 40 15 41 70 33 50 62 36 0 60 100 82 22 92 58 30 6 62 46 57 10 64 97 67 76 46 52 86 100 49 85 85 85 73 75 75 45 29 66 91 62 38 74 23 78 29 3 62 
86 25 81 50 33 100 37 96 96 20 60 0 99 23 95 21 87 13 90 30 41 72 28 53 23 93 80 14 39 78 79 79 46 5 26 69 39 55 27 70 18 67 42 87 36 47 10 36 85 28 
80 43 67 1 17 9 42 44 23 95 100 99 0 32 77 71 89 37 35 65 59 14 40 48 47 41 27 68 21 43 3 21 71 64 59 75 73 27 35 3 28 27 36 49 9 42 75 82 56 21 
69 15 84 42 74 66 9 99 50 72 82 23 32 0 19 83 11 37 49 68 77 21 79 76 42 40 89 88 69 94 15 85 58 31 14 48 1 69 29 19 15 33 61 28 54 4 5 89 8 95 
46 77 26 73 96 19 69 13 66 94 22 95 77 19 0 20 21 99 84 89 49 91 87 59 3 84 12 77 100 58 10 89 35 3 44 94 52 94 28 27 85 60 69 7 2 17 11 54 44 24 
18 61 39 42 25 28 8 81 54 72 92 21 71 83 20 0 31 89 83 25 89 19 96 86 67 58 66 97 40 14 47 48 74 100 58 58 10 56 50 47 93 72 71 29 99 86 21 31 38 89 
77 48 39 49 83 89 81 2 9 62 58 87 89 11 21 31 0 15 58 28 36 36 9 30 100 39 17 59 49 82 83 75 55 17 9 53 1 55 9 75 8 35 89 43 77 1 74 38 47 2 
12 15 6 29 59 10 6 99 28 83 30 13 37 37 99 89 15 0 20 22 25 22 15 8 13 11 48 11 81 13 68 46 20 55 58 18 62 41 77 81 37 70 21 48 74 42 39 30 12 26 
81 75 76 5 71 23 83 65 82 72 6 90 35 49 84 83 58 20 0 8 34 60 25 15 39 98 12 55 0 81 44 90 2 75 64 61 71 26 32 63 12 23 84 49 58 23 32 92 93 24 
55 37 76 42 9 69 90 13 56 3 62 30 65 68 89 25 28 22 8 0 75 23 86 38 27 38 97 45 92 88 26 24 83 13 39 80 79 30 94 6 0 47 96 38 77 87 28 44 56 61 
6 15 72 1 48 65 72 62 47 8 46 41 59 77 49 89 36 25 34 75 0 2 11 88 77 99 58 56 75 66 32 94 32 99 8 64 35 65 21 57 38 54 72 72 45 28 62 21 41 7 
88 80 58 98 69 71 92 0 39 83 57 72 14 21 91 19 36 22 60 23 2 0 26 100 43 71 43 53 39 58 18 78 91 6 31 77 97 71 6 18 69 21 66 2 41 52 61 39 21 24 
75 60 75 55 27 77 91 56 37 25 10 28 40 79 87 96 9 15 25 86 11 26 0 31 7 90 29 27 65 15 7 61 29 45 29 56 90 31 74 57 83 17 63 76 51 63 35 16 2 25 
26 42 61 10 100 18 78 41 63 67 64 53 48 76 59 86 30 8 15 38 88 100 31 0 15 48 29 33 47 37 4 61 50 81 50 38 31 18 60 99 10 60 50 38 38 16 47 26 45 92 
80 84 2 95 54 19 86 31 14 65 97 23 47 42 3 67 100 13 39 27 77 43 7 15 0 85 94 34 85 3 80 5 16 31 68 50 65 31 42 28 97 1 62 98 11 79 73 57 7 35 
43 9 32 35 4 79 78 17 13 99 67 93 41 40 84 58 39 11 98 38 99 71 90 48 85 0 82 29 99 33 42 98 47 2 49 6 13 11 60 35 93 53 51 72 70 72 79 64 62 46 
41 51 64 43 87 3 63 57 29 13 76 80 27 89 12 66 17 48 12 97 58 43 29 29 94 82 0 42 94 51 6 41 19 89 19 5 48 6 10 36 82 49 51 33 71 82 88 37 34 52 
86 41 15 35 86 46 34 89 71 35 46 14 68 88 77 97 59 11 55 45 56 53 27 33 34 29 42 0 75 92 18 32 31 45 83 34 49 26 20 34 50 10 32 59 31 33 29 64 94 11 
54 38 6 53 42 16 85 79 7 14 52 39 21 69 100 40 49 81 0 92 75 39 65 47 85 99 94 75 0 72 53 36 89 26 18 21 52 32 13 74 17 47 84 84 64 24 79 74 36 61 
62 49 43 71 80 70 46 55 78 84 86 78 43 94 58 14 82 13 81 88 66 58 15 37 3 33 51 92 72 0 51 24 26 18 72 100 18 55 79 18 78 24 93 99 8 81 98 58 100 58 
60 96 49 95 22 46 45 21 20 41 100 79 3 15 10 47 83 68 44 26 32 18 7 4 80 42 6 18 53 51 0 10 97 81 89 74 4 36 85 40 97 29 1 7 25 19 95 55 88 12 
0 29 9 35 22 27 58 27 84 73 49 79 21 85 89 48 75 46 90 24 94 78 61 61 5 98 41 32 36 24 10 0 70 99 15 94 10 49 64 74 19 53 69 64 81 99 84 87 86 15 
77 41 21 11 21 12 96 56 42 14 85 46 71 58 35 74 55 20 2 83 32 91 29 50 16 47 19 31 89 26 97 70 0 70 16 81 60 86 25 97 77 32 54 86 91 86 13 35 59 30 
8 10 32 81 61 27 86 14 3 63 85 5 64 31 3 100 17 55 75 13 99 6 45 81 31 2 89 45 26 18 81 99 70 0 71 76 71 58 67 52 70 11 13 51 54 95 71 9 94 18 
14 21 26 84 86 46 43 32 27 17 85 26 59 14 44 58 9 58 64 39 8 31 29 50 68 49 19 83 18 72 89 15 16 71 0 78 30 60 97 75 39 81 20 44 66 66 10 96 15 99 
67 62 26 4 65 69 2 74 94 23 73 69 75 48 94 58 53 18 61 80 64 77 56 38 50 6 5 34 21 100 74 94 81 76 78 0 36 5 62 4 92 25 24 12 72 23 75 62 19 79 
59 65 21 28 93 77 24 44 32 19 75 39 73 1 52 10 1 62 71 79 35 97 90 31 65 13 48 49 52 18 4 10 60 71 30 36 0 72 61 72 44 38 96 53 23 0 56 63 39 47 
51 16 86 17 29 64 67 61 59 17 75 55 27 69 94 56 55 41 26 30 65 71 31 18 31 11 6 26 32 55 36 49 86 58 60 5 72 0 27 94 69 89 66 56 70 18 10 3 15 47 
35 45 98 77 54 74 33 21 84 7 45 27 35 29 28 50 9 77 32 94 21 6 74 60 42 60 10 20 13 79 85 64 25 67 97 62 61 27 0 16 16 75 80 55 52 74 41 74 5 93 
16 5 23 67 47 41 24 9 79 55 29 70 3 19 27 47 75 81 63 6 57 18 57 99 28 35 36 34 74 18 40 74 97 52 75 4 72 94 16 0 97 2 67 53 13 94 17 22 80 97 
63 47 64 39 34 49 94 63 19 43 66 18 28 15 85 93 8 37 12 0 38 69 83 10 97 93 82 50 17 78 97 19 77 70 39 92 44 69 16 97 0 8 61 62 72 41 90 4 63 88 
69 31 6 10 15 42 28 23 47 35 91 67 27 33 60 72 35 70 23 47 54 21 17 60 1 53 49 10 47 24 29 53 32 11 81 25 38 89 75 2 8 0 33 17 22 18 16 45 48 53 
47 40 14 43 78 30 31 93 17 44 62 42 36 61 69 71 89 21 84 96 72 66 63 50 62 51 51 32 84 93 1 69 54 13 20 24 96 66 80 67 61 33 0 75 31 87 11 65 74 57 
48 35 11 72 22 5 14 30 24 5 38 87 49 28 7 29 43 48 49 38 72 2 76 38 98 72 33 59 84 99 7 64 86 51 44 12 53 56 55 53 62 17 75 0 66 19 81 58 96 29 
14 17 82 67 13 2 2 52 99 53 74 36 9 54 2 99 77 74 58 77 45 41 51 38 11 70 71 31 64 8 25 81 91 54 66 72 23 70 52 13 72 22 31 66 0 36 100 81 69 7 
84 9 53 89 96 99 29 92 100 71 23 47 42 4 17 86 1 42 23 87 28 52 63 16 79 72 82 33 24 81 19 99 86 95 66 23 0 18 74 94 41 18 87 19 36 0 65 73 19 35 
51 94 46 65 53 11 36 13 80 18 78 10 75 5 11 21 74 39 32 28 62 61 35 47 73 79 88 29 79 98 95 84 13 71 10 75 56 10 41 17 90 16 11 81 100 65 0 11 79 11 
10 78 35 74 4 16 17 72 14 51 29 36 82 89 54 31 38 30 92 44 21 39 16 26 57 64 37 64 74 58 55 87 35 9 96 62 63 3 74 22 4 45 65 58 81 73 11 0 63 53 
70 71 42 40 17 4 39 11 74 23 3 85 56 8 44 38 47 12 93 56 41 21 2 45 7 62 34 94 36 100 88 86 59 94 15 19 39 15 5 80 63 48 74 96 69 19 79 63 0 41 
44 46 45 3 95 24 12 75 54 12 62 28 21 95 24 89 2 26 24 61 7 24 25 92 35 46 52 11 61 58 12 15 30 18 99 79 47 47 93 97 88 53 57 29 7 35 11 53 41 0 
RBBRBRRRBBBBBRRBRBRRRRBBRBBBRBRRBRBBRBBBRRRBRRBRRB