48
0 69 96 59 49 34 62 96 96 47 100 97 48 99 73 1 98 63 99 96 98 65 75 2 52 96 42 95 55 45 100 71 54 84 95 95 39 100 34 98 55 97 97 44 98 98 99 100 
69 0 97 34 2 37 59 97 100 36 99 98 96 40 85 79 99 70 95 95 96 54 66 94 97 95 97 95 71 80 98 38 77 1 95 98 99 97 30 96 64 99 96 98 95 98 97 95 
96 97 0 100 95 100 98 32 82 99 98 96 97 37 95 100 75 98 39 30 5 42 97 98 99 60 97 55 97 97 50 97 98 98 75 100 98 73 96 93 97 85 69 99 2 74 68 98 
59 34 100 0 51 80 84 100 98 52 95 98 3 100 74 56 98 66 98 95 96 80 48 54 92 97 99 100 74 88 97 42 97 88 95 99 65 98 66 99 40 100 95 3 98 96 49 99 
49 2 95 51 0 53 49 98 97 43 99 98 67 100 61 99 96 31 96 96 95 52 45 48 77 99 96 96 84 80 96 76 65 3 97 100 67 95 69 98 55 98 50 49 97 98 99 99 
34 37 100 80 53 0 3 99 100 78 96 100 91 98 85 82 100 90 95 99 97 89 61 95 60 48 97 100 80 47 97 5 79 37 97 95 76 100 84 98 55 98 50 74 99 100 96 95 
62 59 98 84 49 3 0 96 99 78 98 96 99 100 72 96 41 53 95 97 97 37 74 42 48 95 96 95 72 100 97 1 49 62 99 99 87 99 76 95 64 97 98 39 100 96 98 97 
96 97 32 100 98 99 96 0 69 97 4 5 97 68 96 100 92 100 43 79 53 95 95 98 95 88 49 81 17 98 60 97 98 96 79 48 98 31 99 84 99 55 86 96 99 80 92 95 
96 100 82 98 97 100 99 69 0 99 83 93 97 39 95 97 70 100 1 62 88 99 97 41 95 53 35 38 99 97 59 98 97 95 35 80 97 42 45 45 99 3 37 99 88 80 97 84 
47 36 99 52 43 78 78 97 99 0 96 100 62 96 37 59 96 2 99 98 97 44 35 65 65 97 95 95 37 46 41 70 76 56 98 48 59 96 48 44 2 96 97 77 95 99 96 95 
100 99 98 95 99 96 98 4 83 96 0 1 95 98 97 98 95 100 100 98 67 98 99 99 97 58 49 46 99 81 41 99 98 100 37 38 96 68 97 98 96 47 88 96 98 98 92 85 
97 98 96 98 98 100 96 5 93 100 1 0 95 84 99 97 64 97 61 58 41 99 99 98 99 58 70 90 99 99 66 99 99 97 90 82 98 58 95 82 99 74 56 99 84 97 78 49 
48 96 97 3 67 91 99 97 97 62 95 95 0 96 97 34 100 55 96 99 95 91 65 48 58 96 100 99 59 45 100 62 54 100 100 98 34 96 35 95 43 95 99 3 38 40 95 99 
99 40 37 100 100 98 100 68 39 96 98 84 96 0 97 100 49 97 60 1 80 100 100 95 97 77 77 52 100 95 43 100 99 96 83 37 97 41 98 47 96 38 1 100 97 49 43 65 
73 85 95 74 61 85 72 96 95 37 97 99 97 97 0 86 98 59 95 95 99 2 77 61 42 99 98 98 97 90 100 67 4 72 45 98 39 99 76 100 55 95 95 30 96 95 99 96 
1 79 100 56 99 82 96 100 97 59 98 97 34 100 86 0 99 99 97 95 98 77 44 4 67 98 99 97 43 81 96 44 54 33 100 96 70 99 66 100 79 80 98 54 95 97 96 95 
98 99 75 98 96 100 41 92 70 96 95 64 100 49 98 99 0 100 87 80 87 97 95 97 95 1 85 63 99 100 83 96 96 98 3 35 96 51 98 68 99 76 97 100 70 62 81 90 
63 70 98 66 31 90 53 100 100 2 100 97 55 97 59 99 100 0 98 98 97 82 40 55 85 97 52 100 40 86 95 78 36 73 96 98 49 98 44 99 2 97 97 73 97 96 98 96 
99 95 39 98 96 95 95 43 1 99 100 61 96 60 95 97 87 98 0 73 53 99 100 40 95 38 98 82 98 95 45 99 97 100 55 99 98 64 95 78 99 3 56 98 94 59 55 63 
96 95 30 95 96 99 97 79 62 98 98 58 99 1 95 95 80 98 73 0 71 95 100 97 97 81 78 83 97 98 53 44 95 95 48 66 99 71 98 51 95 70 4 98 64 100 84 52 
98 96 5 96 95 97 97 53 88 97 67 41 95 80 99 98 87 97 53 71 0 97 99 96 100 47 76 89 97 95 63 95 98 95 95 96 95 32 98 43 100 49 62 41 1 88 74 47 
65 54 42 80 52 89 37 95 99 44 98 99 91 100 2 77 97 82 99 95 97 0 49 35 98 95 99 100 44 59 99 88 1 47 98 100 77 95 45 95 80 95 100 81 95 100 95 97 
75 66 97 48 45 61 74 95 97 35 99 99 65 100 77 44 95 40 100 100 99 49 0 59 39 100 99 96 2 1 95 72 67 89 95 97 64 77 94 98 63 99 96 34 95 95 96 98 
2 94 98 54 48 95 42 98 41 65 99 98 48 95 61 4 97 55 40 97 96 35 59 0 42 97 99 99 99 50 96 65 38 51 98 48 96 98 30 99 31 98 99 69 95 97 99 100 
52 97 99 92 77 60 48 95 95 65 97 99 58 97 42 67 95 85 95 97 100 98 39 42 0 97 96 100 82 32 99 96 90 67 98 100 4 98 4 100 41 45 99 33 96 99 96 95 
96 95 60 97 99 48 95 88 53 97 58 58 96 77 99 98 1 97 38 81 47 95 100 97 97 0 91 60 96 98 45 98 46 99 5 53 99 43 97 80 98 95 61 100 39 32 66 46 
42 97 97 99 96 97 96 49 35 95 49 70 100 77 98 99 85 52 98 78 76 99 99 99 96 91 0 31 100 100 3 99 95 100 67 4 97 48 99 62 80 63 88 96 76 76 35 89 
95 95 55 100 96 100 95 81 38 95 46 90 99 52 98 97 63 100 82 83 89 100 96 99 100 60 31 0 98 41 69 100 100 99 61 36 96 2 95 1 96 53 99 99 64 97 62 84 
55 71 97 74 84 80 72 17 99 37 99 99 59 100 97 43 99 40 98 97 97 44 2 99 82 96 100 98 0 3 95 80 94 61 97 97 58 97 67 98 44 98 100 97 99 97 100 97 
45 80 97 88 80 47 100 98 97 46 81 99 45 95 90 81 100 86 95 98 95 59 1 50 32 98 100 41 3 0 96 93 34 100 99 95 68 99 63 51 41 99 97 83 96 96 96 99 
100 98 50 97 96 97 97 60 59 41 41 66 100 43 100 96 83 95 45 53 63 99 95 96 99 45 3 69 95 96 0 95 100 95 78 1 99 75 97 32 100 39 85 100 89 61 96 72 
71 38 97 42 76 5 1 97 98 70 99 99 62 100 67 44 96 78 99 44 95 88 72 65 96 98 99 100 80 93 95 0 95 35 100 97 64 98 98 97 72 96 99 93 98 95 98 99 
54 77 98 97 65 79 49 98 97 76 98 99 54 99 4 54 96 36 97 95 98 1 67 38 90 46 95 100 94 34 100 95 0 48 99 96 56 99 75 100 51 96 100 52 45 100 98 99 
84 1 98 88 3 37 62 96 95 56 100 97 100 96 72 33 98 73 100 95 95 47 89 51 67 99 100 99 61 100 95 35 48 0 96 95 34 99 41 95 78 95 99 72 97 100 97 97 
95 95 75 95 97 97 99 79 35 98 37 90 100 83 45 100 3 96 55 48 95 98 95 98 98 5 67 61 97 99 78 100 99 96 0 82 97 58 96 52 100 33 46 99 73 53 83 56 
95 98 100 99 100 95 99 48 80 48 38 82 98 37 98 96 35 98 99 66 96 100 97 48 100 53 4 36 97 95 1 97 96 95 82 0 98 92 96 98 97 64 52 99 60 81 98 84 
39 99 98 65 67 76 87 98 97 59 96 98 34 97 39 70 96 49 98 99 95 77 64 96 4 99 97 96 58 68 99 64 56 34 97 98 0 96 2 97 73 45 99 46 99 95 99 46 
100 97 73 98 95 100 99 31 42 96 68 58 96 41 99 99 51 98 64 71 32 95 77 98 98 43 48 2 97 99 75 98 99 99 58 92 96 0 95 3 45 63 40 95 82 56 35 63 
34 30 96 66 69 84 76 99 45 48 97 95 35 98 76 66 98 44 95 98 98 45 94 30 4 97 99 95 67 63 97 98 75 41 96 96 2 95 0 99 46 97 98 68 98 97 39 96 
98 96 93 99 98 98 95 84 45 44 98 82 95 47 100 100 68 99 78 51 43 95 98 99 100 80 62 1 98 51 32 97 100 95 52 98 97 3 99 0 97 85 75 95 35 57 54 86 
55 64 97 40 55 55 64 99 99 2 96 99 43 96 55 79 99 2 99 95 100 80 63 31 41 98 80 96 44 41 100 72 51 78 100 97 73 45 46 97 0 95 97 34 99 96 99 95 
97 99 85 100 98 98 97 55 3 96 47 74 95 38 95 80 76 97 3 70 49 95 99 98 45 95 63 53 98 99 39 96 96 95 33 64 45 63 97 85 95 0 76 100 85 54 94 58 
97 96 69 95 50 50 98 86 37 97 88 56 99 1 95 98 97 97 56 4 62 100 96 99 99 61 88 99 100 97 85 99 100 99 46 52 99 40 98 75 97 76 0 97 47 50 33 93 
44 98 99 3 49 74 39 96 99 77 96 99 3 100 30 54 100 73 98 98 41 81 34 69 33 100 96 99 97 83 100 93 52 72 99 99 46 95 68 95 34 100 97 0 98 95 98 100 
98 95 2 98 97 99 100 99 88 95 98 84 38 97 96 95 70 97 94 64 1 95 95 95 96 39 76 64 99 96 89 98 45 97 73 60 99 82 98 35 99 85 47 98 0 48 34 47 
98 98 74 96 98 100 96 80 80 99 98 97 40 49 95 97 62 96 59 100 88 100 95 97 99 32 76 97 97 96 61 95 100 100 53 81 95 56 97 57 96 54 50 95 48 0 2 4 
99 97 68 49 99 96 98 92 97 96 92 78 95 43 99 96 81 98 55 84 74 95 96 99 96 66 35 62 100 96 96 98 98 97 83 98 99 35 39 54 99 94 33 98 34 2 0 5 
100 95 98 99 99 95 97 95 84 95 85 49 99 65 96 95 90 96 63 52 47 97 98 100 95 46 89 84 97 99 72 99 99 97 56 84 46 63 96 86 95 58 93 100 47 4 5 0 
RRBRRRRBBRBBRBRRBRBBBRRRRBBBRRBRRRBBRBRBRBBRBBBB