50
0 72 66 25 96 70 23 61 75 20 56 29 6 91 9 63 84 46 2 79 66 100 11 100 12 70 1 80 10 82 64 93 22 91 50 15 31 7 25 49 26 68 4 24 41 18 12 31 28 48
72 0 69 26 30 90 84 82 52 77 42 48 2 11 79 29 21 12 43 73 63 34 71 28 11 25 86 5 87 72 5 51 96 84 76 50 100 68 12 10 31 27 54 28 47 43 34 73 72 83
66 69 0 5 73 28 100 94 22 17 99 11 1 27 51 85 45 7 73 9 36 76 85 90 85 32 13 86 24 4 1 31 62 39 58 36 92 88 67 18 49 16 44 36 18 97 80 54 92 9
25 26 5 0 94 27 12 83 49 98 64 10 59 22 42 88 10 15 21 98 61 55 52 45 50 49 100 36 90 45 41 3 11 99 53 53 63 59 11 9 80 91 43 68 60 78 4 11 9 72
96 30 73 94 0 16 26 79 4 91 83 99 75 33 60 87 66 62 77 55 13 36 97 44 19 50 54 1 24 74 71 42 25 86 42 93 61 13 17 85 77 58 38 86 2 99 44 85 1 31
70 90 28 27 16 0 48 34 31 65 30 78 45 41 13 43 93 96 79 53 36 80 94 81 56 74 21 75 74 35 92 33 10 90 66 32 88 33 40 60 89 94 31 38 68 21 83 81 7 96
23 84 100 12 26 48 0 5 73 61 89 36 3 30 72 11 45 81 80 89 59 34 13 94 100 87 87 1 35 20 28 40 12 4 14 92 93 82 100 98 53 21 34 29 17 53 38 72 79 73
61 82 94 83 79 34 5 0 100 79 48 75 87 86 32 88 80 48 84 61 86 62 12 70 9 53 45 58 77 53 74 36 99 91 51 15 22 13 71 43 45 85 51 26 69 7 23 50 8 42
75 52 22 49 4 31 73 100 0 5 95 76 98 99 22 70 48 2 47 82 44 41 68 92 78 67 81 89 11 66 55 29 98 3 34 100 80 14 57 63 90 47 13 100 92 44 28 70 32 58
20 77 17 98 91 65 61 79 5 0 3 11 83 91 95 35 2 54 66 38 75 32 25 73 94 73 82 78 52 23 8 28 67 16 2 85 15 10 55 50 62 99 13 92 2 32 12 79 63 42
56 42 99 64 83 30 89 48 95 3 0 33 39 35 51 25 79 77 37 93 62 94 87 20 4 64 100 60 39 59 54 85 97 56 89 19 92 67 4 47 43 14 40 23 4 57 40 9 24 46
29 48 11 10 99 78 36 75 76 11 33 0 72 65 89 21 48 73 66 68 25 32 27 74 63 59 56 69 73 63 56 4 70 17 74 46 10 3 79 83 93 72 80 92 78 25 25 38 42 62
6 2 1 59 75 45 3 87 98 83 39 72 0 37 52 31 76 79 11 7 43 62 3 21 56 67 63 25 93 43 1 46 43 62 96 53 25 59 10 28 16 41 11 32 85 87 10 77 50 19
91 11 27 22 33 41 30 86 99 91 35 65 37 0 8 22 19 98 36 77 73 31 100 34 4 56 8 3 17 40 11 100 98 85 48 38 100 8 64 54 56 66 98 67 25 19 86 17 1 77
9 79 51 42 60 13 72 32 22 95 51 89 52 8 0 76 51 71 89 88 100 55 91 44 25 27 66 89 78 74 87 70 65 92 20 99 95 36 48 11 6 23 81 79 2 78 51 44 26 35
63 29 85 88 87 43 11 88 70 35 25 21 31 22 76 0 53 46 43 80 66 24 20 58 41 76 30 39 23 55 26 14 48 43 89 95 15 85 77 84 38 88 49 78 43 77 93 49 68 1
84 21 45 10 66 93 45 80 48 2 79 48 76 19 51 53 0 18 7 24 9 47 49 37 71 76 64 21 8 49 83 7 20 47 98 53 18 42 48 87 56 69 62 5 62 9 88 97 73 54
46 12 7 15 62 96 81 48 2 54 77 73 79 98 71 46 18 0 64 53 46 31 97 41 10 96 3 54 8 43 14 58 46 3 15 82 19 74 75 42 69 23 39 2 88 82 38 30 79 10
2 43 73 21 77 79 80 84 47 66 37 66 11 36 89 43 7 64 0 96 17 28 4 83 15 90 62 30 31 76 93 51 33 50 92 55 7 85 9 79 16 90 47 10 21 27 83 43 24 70
79 73 9 98 55 53 89 61 82 38 93 68 7 77 88 80 24 53 96 0 70 17 30 78 74 21 96 100 68 88 21 64 87 29 79 20 49 27 94 98 22 93 23 3 17 30 98 45 77 72
66 63 36 61 13 36 59 86 44 75 62 25 43 73 100 66 9 46 17 70 0 62 92 51 79 36 70 12 35 10 90 11 69 96 79 58 50 35 77 32 25 70 52 34 57 10 97 21 3 82
100 34 76 55 36 80 34 62 41 32 94 32 62 31 55 24 47 31 28 17 62 0 23 84 15 40 63 43 71 29 54 68 59 12 63 75 18 3 20 59 97 29 67 77 41 55 100 35 32 9
11 71 85 52 97 94 13 12 68 25 87 27 3 100 91 20 49 97 4 30 92 23 0 66 71 98 18 21 63 3 74 87 68 43 90 26 13 65 59 84 59 63 58 51 59 59 4 85 67 95
100 28 90 45 44 81 94 70 92 73 20 74 21 34 44 58 37 41 83 78 51 84 66 0 8 26 44 37 21 34 35 91 49 55 24 49 42 87 72 53 51 15 6 12 95 28 11 68 67 91
12 11 85 50 19 56 100 9 78 94 4 63 56 4 25 41 71 10 15 74 79 15 71 8 0 64 94 63 21 38 100 6 52 82 14 18 14 89 27 56 2 57 25 43 62 36 39 85 87 82
70 25 32 49 50 74 87 53 67 73 64 59 67 56 27 76 76 96 90 21 36 40 98 26 64 0 20 76 37 7 11 74 34 66 7 44 29 100 44 46 54 75 16 71 77 2 20 10 33 97
1 86 13 100 54 21 87 45 81 82 100 56 63 8 66 30 64 3 62 96 70 63 18 44 94 20 0 49 79 72 13 17 20 91 68 78 5 14 36 91 25 90 14 61 19 26 89 3 72 16
80 5 86 36 1 75 1 58 89 78 60 69 25 3 89 39 21 54 30 100 12 43 21 37 63 76 49 0 88 20 11 62 41 61 60 65 6 8 73 46 90 6 77 16 25 61 6 38 25 54
10 87 24 90 24 74 35 77 11 52 39 73 93 17 78 23 8 8 31 68 35 71 63 21 21 37 79 88 0 71 55 10 4 18 12 41 73 24 3 71 64 100 98 2 63 36 46 82 3 99
82 72 4 45 74 35 20 53 66 23 59 63 43 40 74 55 49 43 76 88 10 29 3 34 38 7 72 20 71 0 17 77 72 36 77 15 87 11 4 80 49 83 4 32 32 76 17 93 34 19
64 5 1 41 71 92 28 74 55 8 54 56 1 11 87 26 83 14 93 21 90 54 74 35 100 11 13 11 55 17 0 60 42 12 45 60 68 31 87 56 96 19 46 77 20 3 24 32 87 89
93 51 31 3 42 33 40 36 29 28 85 4 46 100 70 14 7 58 51 64 11 68 87 91 6 74 17 62 10 77 60 0 81 85 54 6 98 6 82 66 8 69 8 33 48 39 88 45 20 46
22 96 62 11 25 10 12 99 98 67 97 70 43 98 65 48 20 46 33 87 69 59 68 49 52 34 20 41 4 72 42 81 0 89 47 34 41 47 16 5 66 36 6 30 11 97 20 44 27 45
91 84 39 99 86 90 4 91 3 16 56 17 62 85 92 43 47 3 50 29 96 12 43 55 82 66 91 61 18 36 12 85 89 0 39 95 72 54 63 6 95 24 94 5 43 94 68 27 75 86
50 76 58 53 42 66 14 51 34 2 89 74 96 48 20 89 98 15 92 79 79 63 90 24 14 7 68 60 12 77 45 54 47 39 0 89 56 67 51 55 75 78 78 33 43 85 50 76 67 59
15 50 36 53 93 32 92 15 100 85 19 46 53 38 99 95 53 82 55 20 58 75 26 49 18 44 78 65 41 15 60 6 34 95 89 0 9 77 80 19 37 46 65 38 32 54 41 5 98 54
31 100 92 63 61 88 93 22 80 15 92 10 25 100 95 15 18 19 7 49 50 18 13 42 14 29 5 6 73 87 68 98 41 72 56 9 0 70 21 89 77 98 2 49 36 6 92 23 22 15
7 68 88 59 13 33 82 13 14 10 67 3 59 8 36 85 42 74 85 27 35 3 65 87 89 100 14 8 24 11 31 6 47 54 67 77 70 0 50 58 46 46 36 9 20 18 66 33 61 27
25 12 67 11 17 40 100 71 57 55 4 79 10 64 48 77 48 75 9 94 77 20 59 72 27 44 36 73 3 4 87 82 16 63 51 80 21 50 0 6 71 24 35 86 64 5 65 62 86 32
49 10 18 9 85 60 98 43 63 50 47 83 28 54 11 84 87 42 79 98 32 59 84 53 56 46 91 46 71 80 56 66 5 6 55 19 89 58 6 0 2 18 39 72 56 37 82 75 56 38
26 31 49 80 77 89 53 45 90 62 43 93 16 56 6 38 56 69 16 22 25 97 59 51 2 54 25 90 64 49 96 8 66 95 75 37 77 46 71 2 0 41 91 23 3 81 10 69 48 2
68 27 16 91 58 94 21 85 47 99 14 72 41 66 23 88 69 23 90 93 70 29 63 15 57 75 90 6 100 83 19 69 36 24 78 46 98 46 24 18 41 0 60 61 42 59 72 1 99 92
4 54 44 43 38 31 34 51 13 13 40 80 11 98 81 49 62 39 47 23 52 67 58 6 25 16 14 77 98 4 46 8 6 94 78 65 2 36 35 39 91 60 0 39 67 57 10 72 66 27
24 28 36 68 86 38 29 26 100 92 23 92 32 67 79 78 5 2 10 3 34 77 51 12 43 71 61 16 2 32 77 33 30 5 33 38 49 9 86 72 23 61 39 0 40 80 75 70 40 56
41 47 18 60 2 68 17 69 92 2 4 78 85 25 2 43 62 88 21 17 57 41 59 95 62 77 19 25 63 32 20 48 11 43 43 32 36 20 64 56 3 42 67 40 0 40 54 34 42 29
18 43 97 78 99 21 53 7 44 32 57 25 87 19 78 77 9 82 27 30 10 55 59 28 36 2 26 61 36 76 3 39 97 94 85 54 6 18 5 37 81 59 57 80 40 0 84 30 45 64
12 34 80 4 44 83 38 23 28 12 40 25 10 86 51 93 88 38 83 98 97 100 4 11 39 20 89 6 46 17 24 88 20 68 50 41 92 66 65 82 10 72 10 75 54 84 0 64 41 9
31 73 54 11 85 81 72 50 70 79 9 38 77 17 44 49 97 30 43 45 21 35 85 68 85 10 3 38 82 93 32 45 44 27 76 5 23 33 62 75 69 1 72 70 34 30 64 0 55 20
28 72 92 9 1 7 79 8 32 63 24 42 50 1 26 68 73 79 24 77 3 32 67 67 87 33 72 25 3 34 87 20 27 75 67 98 22 61 86 56 48 99 66 40 42 45 41 55 0 38
48 83 9 72 31 96 73 42 58 42 46 62 19 77 35 1 54 10 70 72 82 9 95 91 82 97 16 54 99 19 89 46 45 86 59 54 15 27 32 38 2 92 27 56 29 64 9 20 38 0
RRRBBBRRBRBBRBBBBBRBBBBRBBBBBRRRBRRRBRRRRRRBRRRRBB
