50
0 47 66 94 25 60 19 55 45 36 98 21 99 53 50 89 85 39 41 77 45 25 84 88 28 18 67 22 43 63 71 40 60 73 79 27 92 36 80 29 45 11 75 65 27 47 56 73 86 63
47 0 75 83 100 75 93 68 94 93 79 98 75 98 89 89 90 100 95 85 75 79 79 81 87 94 79 80 87 93 79 93 85 90 94 80 95 96 90 90 80 100 95 83 85 98 91 91 79 95
66 75 0 77 77 80 32 91 86 97 86 88 88 83 93 96 95 82 90 100 78 92 86 89 87 79 83 80 75 98 93 96 90 87 100 79 89 92 79 89 92 78 91 97 78 91 99 93 98 90
94 83 77 0 42 48 48 54 34 77 86 53 50 97 73 52 35 100 32 94 70 62 99 48 49 46 81 51 97 55 68 41 95 90 76 49 93 63 86 79 34 82 63 92 90 38 86 45 75 59
25 100 77 42 0 89 96 92 100 86 88 83 75 97 78 82 79 75 92 98 96 88 91 74 100 92 98 91 80 78 74 79 97 93 93 74 93 74 86 78 78 87 86 74 85 86 77 75 80 73
60 75 80 48 89 0 62 79 86 34 58 79 29 61 96 39 58 38 60 68 39 52 50 60 87 68 28 60 79 34 83 59 45 63 82 85 30 58 73 20 64 49 72 41 44 50 45 85 40 99
19 93 32 48 96 62 0 95 82 79 97 100 95 82 97 91 81 77 84 83 88 87 82 99 88 98 79 80 98 89 76 88 77 80 76 85 84 94 92 80 97 85 80 95 95 87 100 100 80 93
55 68 91 54 92 79 95 0 78 93 87 98 84 80 76 95 78 78 84 78 83 82 89 88 90 97 74 72 96 87 75 85 96 98 99 78 86 98 96 97 73 85 78 77 85 95 100 91 73 72
45 94 86 34 100 86 82 78 0 40 80 64 98 49 55 46 92 50 63 66 49 90 41 72 82 76 94 37 85 52 82 83 47 76 83 39 62 52 97 45 77 90 97 94 26 99 59 98 44 94
36 93 97 77 86 34 79 93 40 0 100 33 98 100 98 100 98 97 97 97 99 98 99 98 98 98 100 100 99 98 98 97 97 97 97 97 97 100 98 97 99 99 98 99 99 99 98 98 97 98
98 79 86 86 88 58 97 87 80 100 0 96 97 99 96 96 98 97 98 98 96 98 98 100 98 100 98 98 97 97 97 54 98 97 98 98 99 99 96 97 98 96 96 98 96 99 100 100 99 97
21 98 88 53 83 79 100 98 64 33 96 0 87 77 98 78 96 98 94 92 93 82 97 88 82 90 100 83 76 96 80 81 97 81 83 84 97 89 97 79 93 85 92 90 77 79 85 78 99 93
99 75 88 50 75 29 95 84 98 98 97 87 0 97 97 92 93 97 98 92 93 100 97 99 97 97 92 98 97 62 97 100 96 97 97 93 95 93 94 95 99 97 92 99 97 92 92 93 97 92
53 98 83 97 97 61 82 80 49 100 99 77 97 0 95 81 99 83 79 35 90 36 57 55 77 62 51 53 76 71 36 40 42 64 34 16 70 81 79 61 43 78 47 58 76 87 78 56 97 87
50 89 93 73 78 96 97 76 55 98 96 98 97 95 0 56 42 44 28 62 35 13 63 55 29 45 87 72 25 58 42 61 75 81 38 41 82 14 18 92 77 59 74 24 97 1 89 69 63 18
89 89 96 52 82 39 91 95 46 100 96 78 92 81 56 0 100 98 97 16 97 97 97 100 97 99 98 100 98 97 99 98 100 97 98 97 100 100 98 100 97 98 99 99 97 99 98 100 99 99
85 90 95 35 79 58 81 78 92 98 98 96 93 99 42 100 0 76 98 72 67 80 82 92 81 73 90 80 80 84 86 67 75 83 66 98 66 51 65 88 68 65 67 65 73 75 77 86 65 67
39 100 82 100 75 38 77 78 50 97 97 98 97 83 44 98 76 0 85 98 74 96 88 95 81 94 99 87 96 92 86 76 89 79 79 75 74 98 88 75 95 93 90 76 82 85 100 81 9 82
41 95 90 32 92 60 84 84 63 97 98 94 98 79 28 97 98 85 0 71 32 67 35 76 67 35 99 53 65 77 86 41 17 83 58 33 43 90 43 90 99 37 60 91 97 86 83 32 39 76
77 85 100 94 98 68 83 78 66 97 98 92 92 35 62 16 72 98 71 0 18 81 16 54 55 31 36 69 92 16 50 45 56 45 94 99 69 58 34 80 69 52 74 46 59 23 99 74 48 55
45 75 78 70 96 39 88 83 49 99 96 93 93 90 35 97 67 74 32 18 0 97 96 96 100 97 100 97 97 96 97 97 96 100 99 96 96 99 99 72 99 98 96 99 99 98 99 100 100 97
25 79 92 62 88 52 87 82 90 98 98 82 100 36 13 97 80 96 67 81 97 0 98 100 99 98 100 97 100 99 100 100 98 98 100 98 100 99 97 98 100 100 97 99 97 98 100 99 98 100
84 79 86 99 91 50 82 89 41 99 98 97 97 57 63 97 82 88 35 16 96 98 0 3 81 62 69 36 31 38 44 57 86 72 35 68 79 24 78 47 52 35 22 95 22 61 45 49 66 77
88 81 89 48 74 60 99 88 72 98 100 88 99 55 55 100 92 95 76 54 96 100 3 0 64 35 49 73 62 93 67 93 39 99 49 82 55 67 47 45 33 60 63 56 49 41 72 39 69 85
28 87 87 49 100 87 88 90 82 98 98 82 97 77 29 97 81 81 67 55 100 99 81 64 0 80 79 88 99 90 91 99 87 50 100 98 84 83 87 84 79 98 99 86 88 92 79 99 94 94
18 94 79 46 92 68 98 97 76 98 100 90 97 62 45 99 73 94 35 31 97 98 62 35 80 0 86 76 35 37 49 58 54 49 94 63 69 36 53 42 53 85 76 64 35 40 79 71 48 65
67 79 83 81 98 28 79 74 94 100 98 100 92 51 87 98 90 99 99 36 100 100 69 49 79 86 0 91 80 100 80 89 82 94 94 88 80 91 88 86 92 98 99 100 99 82 84 87 83 97
22 80 80 51 91 60 80 72 37 100 98 83 98 53 72 100 80 87 53 69 97 97 36 73 88 76 91 0 85 79 95 99 74 78 74 91 89 93 87 87 94 80 81 92 93 90 87 79 80 83
43 87 75 97 80 79 98 96 85 99 97 76 97 76 25 98 80 96 65 92 97 100 31 62 99 35 80 85 0 92 83 77 97 93 99 94 87 100 88 85 88 87 93 94 93 93 99 5 90 86
63 93 98 55 78 34 89 87 52 98 97 96 62 71 58 97 84 92 77 16 96 99 38 93 90 37 100 79 92 0 88 94 93 82 79 84 65 97 78 76 98 88 87 98 82 64 68 89 95 63
71 79 93 68 74 83 76 75 82 98 97 80 97 36 42 99 86 86 86 50 97 100 44 67 91 49 80 95 83 88 0 86 78 93 82 96 95 77 87 86 99 87 99 80 77 90 38 78 83 97
40 93 96 41 79 59 88 85 83 97 54 81 100 40 61 98 67 76 41 45 97 100 57 93 99 58 89 99 77 94 86 0 99 99 97 98 100 100 98 97 100 100 99 100 99 98 100 97 98 99
60 85 90 95 97 45 77 96 47 97 98 97 96 42 75 100 75 89 17 56 96 98 86 39 87 54 82 74 97 93 78 99 0 92 92 100 96 88 90 94 88 89 94 95 93 92 89 94 100 87
73 90 87 90 93 63 80 98 76 97 97 81 97 64 81 97 83 79 83 45 100 98 72 99 50 49 94 78 93 82 93 99 92 0 92 98 94 84 79 81 82 81 83 89 92 93 89 92 79 88
79 94 100 76 93 82 76 99 83 97 98 83 97 34 38 98 66 79 58 94 99 100 35 49 100 94 94 74 99 79 82 97 92 92 0 98 91 45 50 51 99 65 91 58 47 94 50 71 97 95
27 80 79 49 74 85 85 78 39 97 98 84 93 16 41 97 98 75 33 99 96 98 68 82 98 63 88 91 94 84 96 98 100 98 98 0 80 67 87 83 77 74 73 77 68 99 65 64 84 92
92 95 89 93 93 30 84 86 62 97 99 97 95 70 82 100 66 74 43 69 96 100 79 55 84 69 80 89 87 65 95 100 96 94 91 80 0 82 83 83 96 85 87 81 74 80 86 80 91 75
36 96 92 63 74 58 94 98 52 100 99 89 93 81 14 100 51 98 90 58 99 99 24 67 83 36 91 93 100 97 77 100 88 84 45 67 82 0 63 92 61 90 89 75 81 94 74 87 62 52
80 90 79 86 86 73 92 96 97 98 96 97 94 79 18 98 65 88 43 34 99 97 78 47 87 53 88 87 88 78 87 98 90 79 50 87 83 63 0 82 93 86 10 91 84 96 95 83 82 79
29 90 89 79 78 20 80 97 45 97 97 79 95 61 92 100 88 75 90 80 72 98 47 45 84 42 86 87 85 76 86 97 94 81 51 83 83 92 82 0 93 74 76 89 91 89 86 87 74 83
45 80 92 34 78 64 97 73 77 99 98 93 99 43 77 97 68 95 99 69 99 100 52 33 79 53 92 94 88 98 99 100 88 82 99 77 96 61 93 93 0 64 78 85 36 89 75 70 78 70
11 100 78 82 87 49 85 85 90 99 96 85 97 78 59 98 65 93 37 52 98 100 35 60 98 85 98 80 87 88 87 100 89 81 65 74 85 90 86 74 64 0 90 80 72 87 83 100 100 85
75 95 91 63 86 72 80 78 97 98 96 92 92 47 74 99 67 90 60 74 96 97 22 63 99 76 99 81 93 87 99 99 94 83 91 73 87 89 10 76 78 90 0 40 31 89 79 87 72 78
65 83 97 92 74 41 95 77 94 99 98 90 99 58 24 99 65 76 91 46 99 99 95 56 86 64 100 92 94 98 80 100 95 89 58 77 81 75 91 89 85 80 40 0 76 55 83 95 42 64
27 85 78 90 85 44 95 85 26 99 96 77 97 76 97 97 73 82 97 59 99 97 22 49 88 35 99 93 93 82 77 99 93 92 47 68 74 81 84 91 36 72 31 76 0 87 52 81 50 59
47 98 91 38 86 50 87 95 99 99 99 79 92 87 1 99 75 85 86 23 98 98 61 41 92 40 82 90 93 64 90 98 92 93 94 99 80 94 96 89 89 87 89 55 87 0 95 97 96 79
56 91 99 86 77 45 100 100 59 98 100 85 92 78 89 98 77 100 83 99 99 100 45 72 79 79 84 87 99 68 38 100 89 89 50 65 86 74 95 86 75 83 79 83 52 95 0 99 98 93
73 91 93 45 75 85 100 91 98 98 100 78 93 56 69 100 86 81 32 74 100 99 49 39 99 71 87 79 5 89 78 97 94 92 71 64 80 87 83 87 70 100 87 95 81 97 99 0 79 84
86 79 98 75 80 40 80 73 44 97 99 99 97 97 63 99 65 9 39 48 100 98 66 69 94 48 83 80 90 95 83 98 100 79 97 84 91 62 82 74 78 100 72 42 50 96 98 79 0 50
63 95 90 59 73 99 93 72 94 98 97 93 92 87 18 99 67 82 76 55 97 100 77 85 94 65 97 83 86 63 97 99 87 88 95 92 75 52 79 83 70 85 78 64 59 79 93 84 50 0
BBRRBRBRRRRBRBRBRRRBBBRRBRRBRRBRRBRBBBBBBRRRRBBBBB