50
0 0 10 0 17 0 0 27 49 67 18 91 73 98 80 38 91 0 23 11 44 35 84 14 39 17 6 42 0 0 85 95 60 72 0 9 59 0 0 5 22 27 0 96 51 72 90 17 12 0 
0 0 3 76 26 45 18 84 33 43 61 43 75 0 16 0 11 0 53 0 72 0 6 82 6 98 43 0 40 11 8 80 43 15 0 18 41 83 26 0 77 1 37 42 32 88 39 0 59 0 
10 3 0 22 7 98 10 0 13 51 12 1 0 0 72 0 57 1 30 88 0 17 0 0 63 34 34 63 88 96 24 2 50 62 39 42 76 77 0 49 9 51 5 74 78 85 86 0 48 8 
0 76 22 0 96 87 64 63 3 17 25 12 33 0 10 31 0 41 3 49 0 0 0 15 32 73 8 48 18 50 53 40 34 2 0 88 62 15 94 44 54 62 2 28 35 51 50 42 43 4 
17 26 7 96 0 0 87 80 89 95 46 45 58 35 0 66 0 97 93 47 4 51 20 31 7 20 4 0 55 22 86 2 57 28 97 6 30 98 58 89 2 22 64 16 4 24 24 18 0 5 
0 45 98 87 0 0 47 60 58 79 81 32 44 5 99 84 18 100 28 18 63 20 97 51 10 71 39 0 21 23 69 74 54 45 75 48 28 0 97 2 14 66 65 0 64 35 64 20 66 86 
0 18 10 64 87 47 0 1 82 11 62 0 66 0 97 21 55 56 0 31 84 20 66 40 17 7 91 22 6 47 57 0 86 0 81 82 30 0 0 97 7 39 37 29 56 41 0 47 30 82 
27 84 0 63 80 60 1 0 46 88 81 19 26 71 33 52 62 83 71 38 72 6 27 1 0 76 97 23 16 0 92 20 98 15 5 26 17 32 3 82 74 71 39 0 86 27 61 13 0 0 
49 33 13 3 89 58 82 46 0 21 16 27 50 0 57 30 51 59 49 79 69 0 75 63 62 0 95 61 0 39 98 15 15 85 45 67 88 12 90 47 90 62 1 0 95 92 94 0 49 31 
67 43 51 17 95 79 11 88 21 0 5 66 94 19 0 30 25 41 78 48 0 65 33 0 0 99 59 100 29 52 45 1 50 0 36 58 0 54 0 80 21 0 46 3 0 80 6 0 98 0 
18 61 12 25 46 81 62 81 16 5 0 38 71 21 17 45 24 15 2 94 18 29 92 100 36 27 80 24 62 1 85 34 84 18 94 42 0 55 0 2 16 20 74 71 25 72 67 47 0 18 
91 43 1 12 45 32 0 19 27 66 38 0 11 1 45 31 73 81 74 80 87 0 58 49 62 51 89 31 95 59 69 91 99 44 31 45 65 86 0 96 40 58 5 16 64 87 78 41 3 28 
73 75 0 33 58 44 66 26 50 94 71 11 0 45 0 78 65 3 63 7 0 53 0 0 72 3 53 49 96 16 54 64 30 90 89 92 5 53 63 23 75 71 23 29 33 34 85 53 17 88 
98 0 0 0 35 5 0 71 0 19 21 1 45 0 80 83 54 6 17 60 0 27 12 36 46 5 81 84 60 0 23 7 76 64 6 76 9 72 0 97 12 86 22 0 17 0 59 34 95 56 
80 16 72 10 0 99 97 33 57 0 17 45 0 80 0 0 87 59 19 29 76 4 67 6 10 74 60 76 100 0 82 0 45 0 0 24 63 37 19 0 25 95 0 44 26 58 76 100 88 93 
38 0 0 31 66 84 21 52 30 30 45 31 78 83 0 0 49 15 72 0 61 95 43 0 15 46 66 0 99 6 2 76 0 31 69 0 100 65 91 31 26 54 90 89 70 0 55 58 8 98 
91 11 57 0 0 18 55 62 51 25 24 73 65 54 87 49 0 98 76 68 94 37 94 34 0 42 36 0 53 73 64 91 89 0 0 90 69 11 48 60 65 12 90 22 66 68 25 53 0 25 
0 0 1 41 97 100 56 83 59 41 15 81 3 6 59 15 98 0 70 29 36 35 74 70 58 59 96 0 77 74 27 100 44 88 0 34 2 27 72 23 63 16 25 17 4 5 45 61 48 68 
23 53 30 3 93 28 0 71 49 78 2 74 63 17 19 72 76 70 0 85 74 77 57 47 31 95 51 88 98 91 55 30 0 79 0 34 66 72 25 10 0 4 36 75 37 96 80 66 42 84 
11 0 88 49 47 18 31 38 79 48 94 80 7 60 29 0 68 29 85 0 45 9 0 22 75 83 89 67 91 0 0 10 84 72 78 62 0 78 93 64 21 50 52 50 16 99 11 63 0 72 
44 72 0 0 4 63 84 72 69 0 18 87 0 0 76 61 94 36 74 45 0 0 54 11 79 79 80 94 59 0 94 78 38 0 15 69 95 96 31 0 93 69 51 78 70 72 26 80 95 48 
35 0 17 0 51 20 20 6 0 65 29 0 53 27 4 95 37 35 77 9 0 0 8 56 0 78 0 42 69 55 0 0 0 50 15 26 32 29 9 4 67 61 100 33 89 100 0 50 9 62 
84 6 0 0 20 97 66 27 75 33 92 58 0 12 67 43 94 74 57 0 54 8 0 96 64 96 8 0 43 69 4 0 88 58 34 27 40 29 0 23 96 50 59 4 7 6 39 16 37 82 
14 82 0 15 31 51 40 1 63 0 100 49 0 36 6 0 34 70 47 22 11 56 96 0 40 91 69 18 13 67 0 0 72 49 63 41 93 42 0 0 90 0 59 54 0 10 43 10 84 0 
39 6 63 32 7 10 17 0 62 0 36 62 72 46 10 15 0 58 31 75 79 0 64 40 0 0 24 28 95 40 45 39 81 82 36 25 39 48 83 94 85 8 0 34 77 32 66 0 17 86 
17 98 34 73 20 71 7 76 0 99 27 51 3 5 74 46 42 59 95 83 79 78 96 91 0 0 21 72 0 96 17 5 57 19 35 36 79 34 97 23 86 39 91 25 84 19 41 24 77 5 
6 43 34 8 4 39 91 97 95 59 80 89 53 81 60 66 36 96 51 89 80 0 8 69 24 21 0 0 73 20 25 90 0 43 15 93 10 25 0 21 91 58 0 0 58 0 12 0 0 28 
42 0 63 48 0 0 22 23 61 100 24 31 49 84 76 0 0 0 88 67 94 42 0 18 28 72 0 0 25 61 35 31 13 93 13 39 72 19 54 0 0 54 70 65 20 71 78 93 33 61 
0 40 88 18 55 21 6 16 0 29 62 95 96 60 100 99 53 77 98 91 59 69 43 13 95 0 73 25 0 54 35 0 47 40 80 96 48 82 66 0 0 88 94 39 0 9 37 58 0 91 
0 11 96 50 22 23 47 0 39 52 1 59 16 0 0 6 73 74 91 0 0 55 69 67 40 96 20 61 54 0 66 66 50 96 89 4 58 75 0 25 0 82 22 64 100 13 92 3 77 0 
85 8 24 53 86 69 57 92 98 45 85 69 54 23 82 2 64 27 55 0 94 0 4 0 45 17 25 35 35 66 0 62 16 78 78 0 0 78 1 2 66 77 67 25 0 97 60 61 50 25 
95 80 2 40 2 74 0 20 15 1 34 91 64 7 0 76 91 100 30 10 78 0 0 0 39 5 90 31 0 66 62 0 70 56 18 65 50 99 93 37 66 0 9 78 18 56 0 14 0 80 
60 43 50 34 57 54 86 98 15 50 84 99 30 76 45 0 89 44 0 84 38 0 88 72 81 57 0 13 47 50 16 70 0 0 0 33 53 42 42 0 84 93 38 0 14 77 50 24 85 2 
72 15 62 2 28 45 0 15 85 0 18 44 90 64 0 31 0 88 79 72 0 50 58 49 82 19 43 93 40 96 78 56 0 0 89 98 0 12 85 24 95 89 59 48 61 17 82 0 79 30 
0 0 39 0 97 75 81 5 45 36 94 31 89 6 0 69 0 0 0 78 15 15 34 63 36 35 15 13 80 89 78 18 0 89 0 50 0 93 41 0 0 68 69 40 19 16 56 70 8 20 
9 18 42 88 6 48 82 26 67 58 42 45 92 76 24 0 90 34 34 62 69 26 27 41 25 36 93 39 96 4 0 65 33 98 50 0 55 0 64 0 93 0 61 10 58 10 77 54 81 7 
59 41 76 62 30 28 30 17 88 0 0 65 5 9 63 100 69 2 66 0 95 32 40 93 39 79 10 72 48 58 0 50 53 0 0 55 0 72 65 35 9 88 0 0 99 0 77 58 38 6 
0 83 77 15 98 0 0 32 12 54 55 86 53 72 37 65 11 27 72 78 96 29 29 42 48 34 25 19 82 75 78 99 42 12 93 0 72 0 73 35 20 63 70 82 67 3 0 0 14 0 
0 26 0 94 58 97 0 3 90 0 0 0 63 0 19 91 48 72 25 93 31 9 0 0 83 97 0 54 66 0 1 93 42 85 41 64 65 73 0 91 58 74 29 64 73 35 87 43 70 26 
5 0 49 44 89 2 97 82 47 80 2 96 23 97 0 31 60 23 10 64 0 4 23 0 94 23 21 0 0 25 2 37 0 24 0 0 35 35 91 0 0 25 41 65 16 15 3 100 20 59 
22 77 9 54 2 14 7 74 90 21 16 40 75 12 25 26 65 63 0 21 93 67 96 90 85 86 91 0 0 0 66 66 84 95 0 93 9 20 58 0 0 32 48 55 43 39 0 24 27 12 
27 1 51 62 22 66 39 71 62 0 20 58 71 86 95 54 12 16 4 50 69 61 50 0 8 39 58 54 88 82 77 0 93 89 68 0 88 63 74 25 32 0 98 0 53 88 89 34 45 35 
0 37 5 2 64 65 37 39 1 46 74 5 23 22 0 90 90 25 36 52 51 100 59 59 0 91 0 70 94 22 67 9 38 59 69 61 0 70 29 41 48 98 0 0 4 2 10 72 0 8 
96 42 74 28 16 0 29 0 0 3 71 16 29 0 44 89 22 17 75 50 78 33 4 54 34 25 0 65 39 64 25 78 0 48 40 10 0 82 64 65 55 0 0 0 29 49 22 95 97 92 
51 32 78 35 4 64 56 86 95 0 25 64 33 17 26 70 66 4 37 16 70 89 7 0 77 84 58 20 0 100 0 18 14 61 19 58 99 67 73 16 43 53 4 29 0 75 45 8 24 61 
72 88 85 51 24 35 41 27 92 80 72 87 34 0 58 0 68 5 96 99 72 100 6 10 32 19 0 71 9 13 97 56 77 17 16 10 0 3 35 15 39 88 2 49 75 0 2 7 0 56 
90 39 86 50 24 64 0 61 94 6 67 78 85 59 76 55 25 45 80 11 26 0 39 43 66 41 12 78 37 92 60 0 50 82 56 77 77 0 87 3 0 89 10 22 45 2 0 6 20 0 
17 0 0 42 18 20 47 13 0 0 47 41 53 34 100 58 53 61 66 63 80 50 16 10 0 24 0 93 58 3 61 14 24 0 70 54 58 0 43 100 24 34 72 95 8 7 6 0 24 78 
12 59 48 43 0 66 30 0 49 98 0 3 17 95 88 8 0 48 42 0 95 9 37 84 17 77 0 33 0 77 50 0 85 79 8 81 38 14 70 20 27 45 0 97 24 0 20 24 0 65 
0 0 8 4 5 86 82 0 31 0 18 28 88 56 93 98 25 68 84 72 48 62 82 0 86 5 28 61 91 0 25 80 2 30 20 7 6 0 26 59 12 35 8 92 61 56 0 78 65 0 
RBRBRBRRBBRRRBRRBRRBBRRBBBRRBBRRRRBRBRBBBRRRBBBBBB