50
0 88 47 16 15 52 20 100 10 99 61 2 71 61 27 0 19 88 97 39 59 83 11 83 40 97 9 8 6 19 76 63 81 100 9 22 91 4 46 14 32 87 54 59 36 57 95 56 3 54
88 0 85 51 99 47 75 48 91 39 19 99 10 27 93 69 55 31 1 90 33 5 66 42 80 50 67 86 92 76 1 14 25 40 88 98 18 97 82 59 76 5 37 1 83 0 12 2 69 8
47 85 0 24 23 81 49 75 3 76 93 32 76 85 8 33 35 53 55 49 74 67 22 66 47 79 12 11 33 17 68 78 63 55 46 26 82 25 49 42 25 63 86 56 25 77 77 65 37 76
16 51 24 0 13 62 39 52 32 61 63 15 84 100 3 9 29 89 97 17 67 84 40 100 45 83 34 27 21 26 54 66 90 69 44 24 50 38 43 7 25 76 93 81 13 69 99 51 38 82
15 99 23 13 0 53 44 84 21 65 98 34 60 68 47 18 15 92 67 48 82 76 46 86 44 84 41 37 39 7 80 70 88 90 3 2 56 19 50 11 49 71 92 54 15 94 95 73 46 70
52 47 81 62 53 0 97 23 55 25 28 92 6 17 81 58 61 11 0 75 8 39 81 2 86 40 77 60 82 86 9 49 29 28 86 57 20 89 67 94 53 42 32 6 96 50 43 38 92 35
20 75 49 39 44 97 0 100 28 99 81 25 57 67 33 11 27 66 88 39 88 55 42 57 5 59 15 50 21 0 68 64 50 80 50 21 80 2 35 47 3 56 65 53 16 61 99 66 28 76
100 48 75 52 84 23 100 0 96 32 3 71 50 3 97 68 79 9 49 60 4 20 87 29 86 29 82 84 100 98 28 1 32 33 98 82 9 68 72 60 54 26 6 13 70 42 30 36 87 27
10 91 3 32 21 55 28 96 0 53 63 21 81 97 23 13 24 54 52 0 100 73 18 91 15 93 8 20 44 12 92 86 53 90 27 24 65 44 4 33 49 100 85 78 47 76 82 99 21 92
99 39 76 61 65 25 99 32 53 0 4 97 17 22 99 99 67 42 24 76 27 29 98 30 98 2 66 66 55 82 24 36 12 5 94 91 19 92 100 53 82 46 41 39 59 28 17 45 62 17
61 19 93 63 98 28 81 3 63 4 0 77 49 43 89 80 95 37 5 88 19 0 69 43 54 46 65 55 80 86 27 33 3 9 74 57 47 97 79 63 92 30 37 4 90 44 3 48 73 39
2 99 32 15 34 92 25 71 21 97 77 0 71 99 35 0 44 92 99 13 81 76 47 56 13 63 39 33 36 36 90 68 99 79 49 18 55 11 39 35 0 77 88 66 50 98 97 92 39 59
71 10 76 84 60 6 57 50 81 17 49 71 0 43 81 71 56 9 18 62 50 14 60 11 63 4 75 93 99 62 31 21 17 36 54 77 7 57 63 98 67 43 37 23 100 33 46 38 75 33
61 27 85 100 68 17 67 3 97 22 43 99 43 0 56 52 80 38 4 85 13 3 90 5 59 16 92 72 63 75 18 8 41 8 98 74 26 59 68 77 94 1 32 6 72 48 17 6 86 41
27 93 8 3 47 81 33 97 23 99 89 35 81 56 0 41 8 93 96 30 93 72 0 87 17 71 6 6 14 15 77 60 72 67 36 40 95 16 46 20 11 100 80 59 9 52 88 93 23 71
0 69 33 9 18 58 11 68 13 99 80 0 71 52 41 0 44 52 51 45 99 62 4 96 35 89 9 19 10 17 66 50 50 77 5 15 59 10 39 18 39 87 85 65 45 83 73 78 4 91
19 55 35 29 15 61 27 79 24 67 95 44 56 80 8 44 0 70 57 12 54 51 6 91 42 70 37 30 39 0 74 64 84 86 42 32 53 34 31 38 31 73 86 80 20 85 70 73 44 89
88 31 53 89 92 11 66 9 54 42 37 92 9 38 93 52 70 0 28 73 25 43 69 12 63 22 78 88 64 69 7 15 37 4 93 85 1 93 70 64 59 43 29 15 80 13 10 50 62 31
97 1 55 97 67 0 88 49 52 24 5 99 18 4 96 51 57 28 0 84 37 24 53 37 96 28 67 68 79 67 31 44 40 39 94 84 49 78 92 66 77 4 11 24 91 37 35 25 55 36
39 90 49 17 48 75 39 60 0 76 88 13 62 85 30 45 12 73 84 0 74 81 3 73 14 66 8 2 3 25 81 60 73 65 45 1 86 15 29 4 3 59 73 51 12 93 70 89 9 58
59 33 74 67 82 8 88 4 100 27 19 81 50 13 93 99 54 25 37 74 0 29 75 20 91 13 55 80 57 80 45 19 3 32 86 100 18 55 87 54 68 21 9 37 92 12 20 31 88 3
83 5 67 84 76 39 55 20 73 29 0 76 14 3 72 62 51 43 24 81 29 0 82 12 51 3 87 85 100 90 26 28 12 3 66 90 27 59 66 100 52 14 30 4 94 27 1 24 55 25
11 66 22 40 46 81 42 87 18 98 69 47 60 90 0 4 6 69 53 3 75 82 0 78 29 95 8 28 14 26 74 53 60 85 4 38 90 46 38 2 1 68 75 92 47 92 54 70 24 92
83 42 66 100 86 2 57 29 91 30 43 56 11 5 87 96 91 12 37 73 20 12 78 0 63 19 64 63 72 83 49 8 10 35 61 51 19 83 93 73 82 47 43 24 64 1 9 22 66 3
40 80 47 45 44 86 5 86 15 98 54 13 63 59 17 35 42 63 96 14 91 51 29 63 0 50 17 47 11 1 76 93 62 69 5 39 62 0 19 37 3 69 85 99 1 88 98 75 38 73
97 50 79 83 84 40 59 29 93 2 46 63 4 16 71 89 70 22 28 66 13 3 95 19 50 0 82 94 64 72 37 8 30 43 89 56 1 58 57 90 59 24 7 25 73 21 17 5 63 3
9 67 12 34 41 77 15 82 8 66 65 39 75 92 6 9 37 78 67 8 55 87 8 64 17 82 0 32 27 17 55 66 90 54 13 20 64 2 1 24 27 61 54 53 15 100 53 51 50 91
8 86 11 27 37 60 50 84 20 66 55 33 93 72 6 19 30 88 68 2 80 85 28 63 47 94 32 0 16 45 81 54 87 92 5 38 50 0 16 24 20 85 59 55 19 83 58 90 36 95
6 92 33 21 39 82 21 100 44 55 80 36 99 63 14 10 39 64 79 3 57 100 14 72 11 64 27 16 0 48 64 70 73 77 8 8 87 29 50 35 50 69 84 58 25 55 77 60 7 91
19 76 17 26 7 86 0 98 12 82 86 36 62 75 15 17 0 69 67 25 80 90 26 83 1 72 17 45 48 0 80 85 60 64 32 38 87 19 8 39 20 100 70 88 9 86 87 55 32 85
76 1 68 54 80 9 68 28 92 24 27 90 31 18 77 66 74 7 31 81 45 26 74 49 76 37 55 81 64 80 0 8 23 4 93 52 13 81 58 60 89 50 14 3 90 7 10 0 79 32
63 14 78 66 70 49 64 1 86 36 33 68 21 8 60 50 64 15 44 60 19 28 53 8 93 8 66 54 70 85 8 0 21 40 89 53 10 80 67 78 93 2 42 40 76 20 39 44 70 1
81 25 63 90 88 29 50 32 53 12 3 99 17 41 72 50 84 37 40 73 3 12 60 10 62 30 90 87 73 60 23 21 0 35 96 100 24 70 82 84 84 46 10 46 100 44 3 26 52 38
100 40 55 69 90 28 80 33 90 5 9 79 36 8 67 77 86 4 39 65 32 3 85 35 69 43 54 92 77 64 4 40 35 0 61 63 48 51 91 59 79 8 17 4 52 14 37 6 52 30
9 88 46 44 3 86 50 98 27 94 74 49 54 98 36 5 42 93 94 45 86 66 4 61 5 89 13 5 8 32 93 89 96 61 0 34 66 50 8 8 38 98 64 58 40 50 72 70 34 78
22 98 26 24 2 57 21 82 24 91 57 18 77 74 40 15 32 85 84 1 100 90 38 51 39 56 20 38 8 38 52 53 100 63 34 0 52 38 25 44 9 51 66 91 9 83 56 54 45 85
91 18 82 50 56 20 80 9 65 19 47 55 7 26 95 59 53 1 49 86 18 27 90 19 62 1 64 50 87 87 13 10 24 48 66 52 0 52 57 52 73 12 30 5 94 19 21 36 83 48
4 97 25 38 19 89 2 68 44 92 97 11 57 59 16 10 34 93 78 15 55 59 46 83 0 58 2 0 29 19 81 80 70 51 50 38 52 0 32 32 23 60 57 70 4 51 91 96 13 54
46 82 49 43 50 67 35 72 4 100 79 39 63 68 46 39 31 70 92 29 87 66 38 93 19 57 1 16 50 8 58 67 82 91 8 25 57 32 0 46 11 51 76 86 33 76 52 99 0 66
14 59 42 7 11 94 47 60 33 53 63 35 98 77 20 18 38 64 66 4 54 100 2 73 37 90 24 24 35 39 60 78 84 59 8 44 52 32 46 0 46 78 76 64 5 86 87 92 38 83
32 76 25 25 49 53 3 54 49 82 92 0 67 94 11 39 31 59 77 3 68 52 1 82 3 59 27 20 50 20 89 93 84 79 38 9 73 23 11 46 0 69 55 99 29 95 78 97 41 78
87 5 63 76 71 42 56 26 100 46 30 77 43 1 100 87 73 43 4 59 21 14 68 47 69 24 61 85 69 100 50 2 46 8 98 51 12 60 51 78 69 0 30 49 65 2 10 45 72 39
54 37 86 93 92 32 65 6 85 41 37 88 37 32 80 85 86 29 11 73 9 30 75 43 85 7 54 59 84 70 14 42 10 17 64 66 30 57 76 76 55 30 0 28 88 19 23 15 94 9
59 1 56 81 54 6 53 13 78 39 4 66 23 6 59 65 80 15 24 51 37 4 92 24 99 25 53 55 58 88 3 40 46 4 58 91 5 70 86 64 99 49 28 0 100 13 50 16 98 34
36 83 25 13 15 96 16 70 47 59 90 50 100 72 9 45 20 80 91 12 92 94 47 64 1 73 15 19 25 9 90 76 100 52 40 9 94 4 33 5 29 65 88 100 0 94 94 86 9 97
57 0 77 69 94 50 61 42 76 28 44 98 33 48 52 83 85 13 37 93 12 27 92 1 88 21 100 83 55 86 7 20 44 14 50 83 19 51 76 86 95 2 19 13 94 0 20 16 86 28
95 12 77 99 95 43 99 30 82 17 3 97 46 17 88 73 70 10 35 70 20 1 54 9 98 17 53 58 77 87 10 39 3 37 72 56 21 91 52 87 78 10 23 50 94 20 0 11 79 28
56 2 65 51 73 38 66 36 99 45 48 92 38 6 93 78 73 50 25 89 31 24 70 22 75 5 51 90 60 55 0 44 26 6 70 54 36 96 99 92 97 45 15 16 86 16 11 0 64 14
3 69 37 38 46 92 28 87 21 62 73 39 75 86 23 4 44 62 55 9 88 55 24 66 38 63 50 36 7 32 79 70 52 52 34 45 83 13 0 38 41 72 94 98 9 86 79 64 0 65
54 8 76 82 70 35 76 27 92 17 39 59 33 41 71 91 89 31 36 58 3 25 92 3 73 3 91 95 91 85 32 1 38 30 78 85 48 54 66 83 78 39 9 34 97 28 28 14 65 0
BRBBBRBRBRRBRRBBBRRBRRBRBRBBBBRRRRBBRBBBBRRRBRRRBR
