50
0 66 5 80 67 93 8 61 96 62 60 92 60 90 92 90 78 100 74 77 70 73 88 75 69 88 81 79 60 84 75 100 93 64 68 66 80 71 72 72 86 100 96 79 98 95 75 79 80 87
66 0 73 91 92 73 60 93 77 86 72 72 93 81 60 67 97 77 98 99 64 96 89 63 100 66 64 88 79 86 62 80 99 60 67 70 99 82 85 72 61 69 79 70 82 64 63 69 74 91
5 73 0 63 85 72 4 83 82 79 97 88 77 99 96 91 83 70 89 69 97 73 76 72 79 82 86 80 78 6 73 69 71 72 99 79 99 66 74 77 95 80 64 68 71 98 82 74 66 80
80 91 63 0 70 78 75 87 100 80 75 62 89 75 94 67 98 8 82 88 95 75 98 71 89 79 78 100 65 72 75 97 87 98 79 77 89 94 94 100 87 73 90 78 65 93 76 84 83 96
67 92 85 70 0 79 97 83 84 86 86 65 70 95 74 85 86 65 75 62 97 78 100 61 71 96 65 68 86 80 67 78 97 2 66 84 68 99 81 85 95 82 67 83 93 82 61 89 65 84
93 73 72 78 79 0 63 96 91 62 90 70 78 86 75 71 99 91 65 98 76 78 100 99 61 94 74 100 63 70 93 81 78 4 82 82 79 96 90 85 84 72 60 95 96 65 74 75 89 71
8 60 4 75 97 63 0 97 70 68 99 66 78 67 76 62 90 75 78 72 70 64 71 90 96 69 93 85 97 66 65 61 6 73 72 82 72 78 76 88 100 65 85 94 94 96 98 76 73 72
61 93 83 87 83 96 97 0 85 70 85 76 72 97 79 71 90 66 60 88 95 79 77 61 98 69 93 91 98 66 87 88 78 97 94 60 92 85 97 68 7 95 98 71 79 2 63 78 68 67
96 77 82 100 84 91 70 85 0 80 60 63 95 75 85 76 99 83 81 89 86 69 95 88 78 82 81 100 86 88 97 65 73 93 78 70 73 65 73 70 78 75 99 84 81 63 88 76 63 76
62 86 79 80 86 62 68 70 80 0 94 76 64 6 92 98 70 91 71 71 83 78 79 93 94 90 94 95 72 77 85 5 93 97 84 73 79 86 1 69 93 67 78 74 65 98 99 64 82 94
60 72 97 75 86 90 99 85 60 94 0 61 62 88 62 95 94 62 82 73 81 69 7 97 70 84 76 90 93 63 71 71 87 64 76 82 87 86 100 64 75 85 76 85 94 5 82 74 84 95
92 72 88 62 65 70 66 76 63 76 61 0 80 60 90 94 76 65 94 62 64 99 96 99 99 96 92 87 61 82 72 85 99 99 90 98 6 93 72 88 95 86 98 98 95 69 82 84 83 87
60 93 77 89 70 78 78 72 95 64 62 80 0 77 88 66 79 68 80 69 99 62 68 93 84 69 77 65 93 60 68 69 94 88 66 90 77 80 98 87 1 83 63 68 91 96 2 80 84 69
90 81 99 75 95 86 67 97 75 6 88 60 77 0 71 83 68 97 90 100 66 92 90 82 75 64 62 98 92 1 73 80 91 66 64 98 70 90 75 71 73 70 79 81 99 89 80 77 67 92
92 60 96 94 74 75 76 79 85 92 62 90 88 71 0 93 68 75 95 97 60 74 74 62 63 2 76 100 99 96 61 83 63 93 77 72 75 69 91 66 82 100 60 72 64 68 100 70 64 76
90 67 91 67 85 71 62 71 76 98 95 94 66 83 93 0 93 71 91 88 95 61 65 71 67 61 84 82 60 67 92 94 67 70 89 75 91 67 71 6 70 62 68 91 66 89 89 69 62 72
78 97 83 98 86 99 90 90 99 70 94 76 79 68 68 93 0 66 83 81 65 82 77 100 60 79 61 82 62 63 78 92 68 60 100 95 89 75 76 100 86 98 91 66 93 68 78 68 82 74
100 77 70 8 65 91 75 66 83 91 62 65 68 97 75 71 66 0 96 80 94 5 92 86 86 73 90 75 74 93 67 78 83 89 68 80 91 91 96 78 96 97 80 71 81 62 66 95 95 100
74 98 89 82 75 65 78 60 81 71 82 94 80 90 95 91 83 96 0 65 66 68 100 8 61 77 1 63 61 70 98 64 90 69 99 99 8 91 61 66 75 90 94 89 60 64 85 74 66 64
77 99 69 88 62 98 72 88 89 71 73 62 69 100 97 88 81 80 65 0 6 82 73 93 94 74 61 68 86 87 94 78 94 75 72 73 90 63 83 67 85 74 99 97 99 61 87 88 93 79
70 64 97 95 97 76 70 95 86 83 81 64 99 66 60 95 65 94 66 6 0 95 78 68 68 87 81 85 94 89 60 96 96 62 64 95 78 82 92 97 62 95 96 77 84 78 8 62 69 86
73 96 73 75 78 78 64 79 69 78 69 99 62 92 74 61 82 5 68 82 95 0 74 92 93 5 61 97 76 96 95 84 82 83 93 65 67 60 72 85 78 90 62 99 86 76 77 72 71 60
88 89 76 98 100 100 71 77 95 79 7 96 68 90 74 65 77 92 100 73 78 74 0 74 66 63 80 72 81 95 87 67 95 60 98 73 96 73 97 92 74 96 89 96 60 64 97 71 98 6
75 63 72 71 61 99 90 61 88 93 97 99 93 82 62 71 100 86 8 93 68 92 74 0 93 62 64 68 61 86 65 60 90 82 65 85 68 7 60 67 90 70 88 87 86 100 77 80 62 97
69 100 79 89 71 61 96 98 78 94 70 99 84 75 63 67 60 86 61 94 68 93 66 93 0 98 74 96 93 74 75 100 79 70 61 65 88 86 5 66 72 96 75 2 79 90 91 65 89 71
88 66 82 79 96 94 69 69 82 90 84 96 69 64 2 61 79 73 77 74 87 5 63 62 98 0 75 78 92 77 90 73 77 88 94 74 74 96 90 89 95 86 70 79 75 79 89 79 67 5
81 64 86 78 65 74 93 93 81 94 76 92 77 62 76 84 61 90 1 61 81 61 80 64 74 75 0 84 70 83 76 84 70 77 76 96 80 78 95 7 86 92 91 80 64 75 64 4 65 83
79 88 80 100 68 100 85 91 100 95 90 87 65 98 100 82 82 75 63 68 85 97 72 68 96 78 84 0 77 61 79 95 89 95 90 67 80 80 71 93 78 69 98 68 98 94 89 65 99 86
60 79 78 65 86 63 97 98 86 72 93 61 93 92 99 60 62 74 61 86 94 76 81 61 93 92 70 77 0 78 100 71 86 62 81 76 65 96 72 64 93 69 70 92 81 95 64 6 8 88
84 86 6 72 80 70 66 66 88 77 63 82 60 1 96 67 63 93 70 87 89 96 95 86 74 77 83 61 78 0 61 4 92 71 75 4 80 65 84 63 60 79 95 74 96 74 94 76 84 78
75 62 73 75 67 93 65 87 97 85 71 72 68 73 61 92 78 67 98 94 60 95 87 65 75 90 76 79 100 61 0 78 65 91 73 73 97 85 66 79 92 96 98 60 83 83 65 61 65 75
100 80 69 97 78 81 61 88 65 5 71 85 69 80 83 94 92 78 64 78 96 84 67 60 100 73 84 95 71 4 78 0 85 86 73 67 68 73 87 68 94 77 2 84 72 85 91 97 64 79
93 99 71 87 97 78 6 78 73 93 87 99 94 91 63 67 68 83 90 94 96 82 95 90 79 77 70 89 86 92 65 85 0 89 100 6 92 94 72 96 98 67 73 100 65 95 93 96 71 70
64 60 72 98 2 4 73 97 93 97 64 99 88 66 93 70 60 89 69 75 62 83 60 82 70 88 77 95 62 71 91 86 89 0 90 84 63 63 84 96 100 94 63 91 73 74 66 82 99 74
68 67 99 79 66 82 72 94 78 84 76 90 66 64 77 89 100 68 99 72 64 93 98 65 61 94 76 90 81 75 73 73 100 90 0 79 85 83 92 98 76 87 93 67 62 3 81 66 81 97
66 70 79 77 84 82 82 60 70 73 82 98 90 98 72 75 95 80 99 73 95 65 73 85 65 74 96 67 76 4 73 67 6 84 79 0 69 94 77 95 67 75 74 88 61 4 77 67 83 99
80 99 99 89 68 79 72 92 73 79 87 6 77 70 75 91 89 91 8 90 78 67 96 68 88 74 80 80 65 80 97 68 92 63 85 69 0 3 81 89 71 69 100 89 5 68 96 62 82 72
71 82 66 94 99 96 78 85 65 86 86 93 80 90 69 67 75 91 91 63 82 60 73 7 86 96 78 80 96 65 85 73 94 63 83 94 3 0 74 91 69 87 83 77 69 74 67 96 86 75
72 85 74 94 81 90 76 97 73 1 100 72 98 75 91 71 76 96 61 83 92 72 97 60 5 90 95 71 72 84 66 87 72 84 92 77 81 74 0 93 87 82 69 98 85 80 73 93 80 74
72 72 77 100 85 85 88 68 70 69 64 88 87 71 66 6 100 78 66 67 97 85 92 67 66 89 7 93 64 63 79 68 96 96 98 95 89 91 93 0 80 93 80 93 71 74 71 3 81 74
86 61 95 87 95 84 100 7 78 93 75 95 1 73 82 70 86 96 75 85 62 78 74 90 72 95 86 78 93 60 92 94 98 100 76 67 71 69 87 80 0 62 69 91 69 89 84 71 99 97
100 69 80 73 82 72 65 95 75 67 85 86 83 70 100 62 98 97 90 74 95 90 96 70 96 86 92 69 69 79 96 77 67 94 87 75 69 87 82 93 62 0 100 79 80 64 81 100 100 93
96 79 64 90 67 60 85 98 99 78 76 98 63 79 60 68 91 80 94 99 96 62 89 88 75 70 91 98 70 95 98 2 73 63 93 74 100 83 69 80 69 100 0 73 65 86 92 90 3 91
79 70 68 78 83 95 94 71 84 74 85 98 68 81 72 91 66 71 89 97 77 99 96 87 2 79 80 68 92 74 60 84 100 91 67 88 89 77 98 93 91 79 73 0 76 69 100 2 71 72
98 82 71 65 93 96 94 79 81 65 94 95 91 99 64 66 93 81 60 99 84 86 60 86 79 75 64 98 81 96 83 72 65 73 62 61 5 69 85 71 69 80 65 76 0 64 87 85 91 71
95 64 98 93 82 65 96 2 63 98 5 69 96 89 68 89 68 62 64 61 78 76 64 100 90 79 75 94 95 74 83 85 95 74 3 4 68 74 80 74 89 64 86 69 64 0 83 99 78 86
75 63 82 76 61 74 98 63 88 99 82 82 2 80 100 89 78 66 85 87 8 77 97 77 91 89 64 89 64 94 65 91 93 66 81 77 96 67 73 71 84 81 92 100 87 83 0 61 80 99
79 69 74 84 89 75 76 78 76 64 74 84 80 77 70 69 68 95 74 88 62 72 71 80 65 79 4 65 6 76 61 97 96 82 66 67 62 96 93 3 71 100 90 2 85 99 61 0 94 80
80 74 66 83 65 89 73 68 63 82 84 83 84 67 64 62 82 95 66 93 69 71 98 62 89 67 65 99 8 84 65 64 71 99 81 83 82 86 80 81 99 100 3 71 91 78 80 94 0 95
87 91 80 96 84 71 72 67 76 94 95 87 69 92 76 72 74 100 64 79 86 60 6 97 71 5 83 86 88 78 75 79 70 74 97 99 72 75 74 74 97 93 91 72 71 86 99 80 95 0
RBBRBBRRRRRRBRBRBBBBRBBBBRBBRRRRRRBRRBBRBRBBRBBBRR