50
0 73 57 70 78 10 66 58 40 74 46 42 46 64 42 44 79 75 11 42 72 49 51 59 79 41 72 46 49 62 65 56 52 70 58 78 44 61 57 62 48 74 49 54 57 46 65 66 67 52
73 0 72 79 72 45 50 73 74 62 48 50 62 58 60 74 78 53 46 69 63 65 62 48 72 70 79 58 15 43 60 53 63 49 58 11 64 77 40 66 42 73 48 76 71 65 56 58 78 43
57 72 0 64 77 56 62 45 40 62 79 73 59 17 48 77 59 67 42 48 59 65 40 74 53 60 72 73 67 78 58 79 19 77 41 69 67 41 76 54 42 49 64 63 76 61 64 50 62 43
70 79 64 0 69 78 69 71 75 66 75 79 44 55 62 14 48 43 68 63 67 78 52 13 78 72 65 46 43 52 69 79 69 58 47 66 46 57 48 59 73 52 57 73 72 49 61 67 71 47
78 72 77 69 0 62 64 44 66 48 72 68 72 48 48 70 65 47 16 78 51 58 66 56 77 54 41 78 58 61 13 79 69 62 55 65 49 57 63 71 49 65 67 79 78 53 72 45 45 73
10 45 56 78 62 0 56 54 41 67 77 48 67 69 76 58 44 64 46 74 44 78 47 56 72 75 46 50 49 78 52 69 70 65 63 43 70 61 17 65 50 51 46 68 75 58 46 76 71 77
66 50 62 69 64 56 0 46 68 12 76 76 50 46 61 73 58 72 60 44 68 71 58 67 47 73 67 74 60 60 41 52 62 78 68 74 47 40 59 57 59 19 54 75 55 46 67 70 53 77
58 73 45 71 44 54 46 0 76 59 72 59 71 57 77 59 68 66 47 68 10 71 52 77 14 63 65 76 71 48 42 75 71 76 51 71 46 67 42 55 66 40 69 64 75 63 64 72 53 65
40 74 40 75 66 41 68 76 0 52 19 78 41 59 45 75 51 40 58 65 66 76 60 71 78 54 58 62 45 76 64 71 61 13 48 76 78 63 47 68 79 53 77 75 52 76 52 76 59 69
74 62 62 66 48 67 12 59 52 0 70 59 45 72 75 50 66 49 46 40 49 63 16 47 72 53 79 48 60 59 60 68 70 74 47 69 62 64 60 61 54 43 55 74 73 79 54 50 55 46
46 48 79 75 72 77 76 72 19 70 0 73 78 46 68 78 41 61 60 74 67 66 65 57 53 78 62 48 62 43 43 58 74 68 59 67 68 54 57 40 40 78 64 20 71 68 60 69 46 75
42 50 73 79 68 48 76 59 78 59 73 0 55 61 42 41 69 75 44 48 74 15 54 55 60 62 76 61 50 49 76 58 40 49 57 46 16 48 56 76 51 66 52 67 73 55 72 67 64 67
46 62 59 44 72 67 50 71 41 45 78 55 0 79 75 62 44 44 54 76 46 55 62 41 63 40 55 66 57 42 47 69 53 42 41 44 59 48 50 74 67 43 65 20 12 44 46 44 66 68
64 58 17 55 48 69 46 57 59 72 46 61 79 0 52 69 64 75 71 43 70 62 56 64 42 15 59 40 73 57 53 70 41 59 51 45 64 52 72 64 72 64 54 48 48 53 58 68 59 47
42 60 48 62 48 76 61 77 45 75 68 42 75 52 0 47 74 55 60 75 73 59 72 48 79 67 11 61 54 79 65 64 72 56 45 43 76 75 74 44 63 62 48 55 79 49 18 46 58 64
44 74 77 14 70 58 73 59 75 50 78 41 62 69 47 0 47 72 49 44 43 74 79 41 42 70 55 48 76 53 14 69 47 40 41 74 41 49 40 61 76 63 77 21 64 42 40 56 66 66
79 78 59 48 65 44 58 68 51 66 41 69 44 64 74 47 0 58 43 16 75 77 69 76 58 64 47 67 47 75 40 18 53 48 79 57 74 48 70 43 63 57 41 59 76 71 42 66 69 52
75 53 67 43 47 64 72 66 40 49 61 75 44 75 55 72 58 0 41 74 49 67 79 48 51 43 70 12 70 17 77 57 64 63 52 78 59 67 63 62 76 43 58 66 70 59 58 48 66 74
11 46 42 68 16 46 60 47 58 46 60 44 54 71 60 49 43 41 0 75 55 77 54 59 48 59 74 66 45 61 72 54 50 71 41 62 40 45 45 41 56 42 70 43 44 51 65 65 46 57
42 69 48 63 78 74 44 68 65 40 74 48 76 43 75 44 16 74 75 0 68 41 60 52 76 53 40 75 45 77 41 73 64 55 41 69 56 58 54 42 56 64 76 57 42 48 77 13 63 59
72 63 59 67 51 44 68 10 66 49 67 74 46 70 73 43 75 49 55 68 0 75 44 72 79 52 63 57 63 43 49 51 45 46 47 64 51 75 66 69 71 69 18 67 62 79 40 69 58 55
49 65 65 78 58 78 71 71 76 63 66 15 55 62 59 74 77 67 77 41 75 0 78 73 59 47 72 54 65 68 59 49 46 13 56 57 54 53 76 54 60 71 68 50 52 71 56 64 52 44
51 62 40 52 66 47 58 52 60 16 65 54 62 56 72 79 69 79 54 60 44 78 0 58 75 68 58 51 71 58 70 58 79 66 79 54 58 56 16 64 42 72 59 59 60 61 62 53 56 52
59 48 74 13 56 56 67 77 71 47 57 55 41 64 48 41 76 48 59 52 72 73 58 0 62 77 71 43 60 60 70 59 47 56 71 66 63 58 73 51 79 48 42 69 76 75 15 75 53 55
79 72 53 78 77 72 47 14 78 72 53 60 63 42 79 42 58 51 48 76 79 59 75 62 0 42 41 66 75 49 72 78 68 48 57 47 56 48 63 58 73 55 43 79 61 48 74 43 13 61
41 70 60 72 54 75 73 63 54 53 78 62 40 15 67 70 64 43 59 53 52 47 68 77 42 0 75 68 67 46 46 41 43 67 78 78 62 73 65 49 72 46 44 71 46 19 75 54 68 41
72 79 72 65 41 46 67 65 58 79 62 76 55 59 11 55 47 70 74 40 63 72 58 71 41 75 0 66 53 41 62 70 75 72 51 67 44 11 73 63 64 69 64 79 49 62 42 64 76 74
46 58 73 46 78 50 74 76 62 48 48 61 66 40 61 48 67 12 66 75 57 54 51 43 66 68 66 0 56 63 40 79 73 67 55 78 18 71 43 67 63 72 74 58 63 77 61 49 74 64
49 15 67 43 58 49 60 71 45 60 62 50 57 73 54 76 47 70 45 45 63 65 71 60 75 67 53 56 0 45 51 73 49 47 53 53 65 68 40 15 45 72 62 68 50 52 49 73 46 47
62 43 78 52 61 78 60 48 76 59 43 49 42 57 79 53 75 17 61 77 43 68 58 60 49 46 41 63 45 0 75 44 44 72 66 54 54 60 69 46 58 60 46 42 45 11 59 49 60 48
65 60 58 69 13 52 41 42 64 60 43 76 47 53 65 14 40 77 72 41 49 59 70 70 72 46 62 40 51 75 0 46 56 71 64 44 56 75 60 77 68 74 61 21 65 66 54 64 52 41
56 53 79 79 79 69 52 75 71 68 58 58 69 70 64 69 18 57 54 73 51 49 58 59 78 41 70 79 73 44 46 0 45 57 63 75 70 40 57 69 72 15 75 47 75 55 54 49 63 45
52 63 19 69 69 70 62 71 61 70 74 40 53 41 72 47 53 64 50 64 45 46 79 47 68 43 75 73 49 44 56 45 0 60 52 48 70 56 61 48 18 68 56 68 41 77 66 59 52 48
70 49 77 58 62 65 78 76 13 74 68 49 42 59 56 40 48 63 71 55 46 13 66 56 48 67 72 67 47 72 71 57 60 0 54 48 46 56 79 50 58 55 64 48 68 63 49 54 42 53
58 58 41 47 55 63 68 51 48 47 59 57 41 51 45 41 79 52 41 41 47 56 79 71 57 78 51 55 53 66 64 63 52 54 0 72 51 66 63 68 55 51 47 48 12 56 59 66 15 60
78 11 69 66 65 43 74 71 76 69 67 46 44 45 43 74 57 78 62 69 64 57 54 66 47 78 67 78 53 54 44 75 48 48 72 0 66 48 43 77 77 56 19 73 48 50 50 42 79 52
44 64 67 46 49 70 47 46 78 62 68 16 59 64 76 41 74 59 40 56 51 54 58 63 56 62 44 18 65 54 56 70 70 46 51 66 0 59 54 67 54 69 70 51 76 78 59 67 60 74
61 77 41 57 57 61 40 67 63 64 54 48 48 52 75 49 48 67 45 58 75 53 56 58 48 73 11 71 68 60 75 40 56 56 66 48 59 0 79 76 13 72 77 43 56 67 48 63 51 75
57 40 76 48 63 17 59 42 47 60 57 56 50 72 74 40 70 63 45 54 66 76 16 73 63 65 73 43 40 69 60 57 61 79 63 43 54 79 0 45 52 61 62 78 63 63 53 75 45 62
62 66 54 59 71 65 57 55 68 61 40 76 74 64 44 61 43 62 41 42 69 54 64 51 58 49 63 67 15 46 77 69 48 50 68 77 67 76 45 0 62 44 55 68 40 60 66 66 60 19
48 42 42 73 49 50 59 66 79 54 40 51 67 72 63 76 63 76 56 56 71 60 42 79 73 72 64 63 45 58 68 72 18 58 55 77 54 13 52 62 0 50 61 71 55 59 58 47 43 66
74 73 49 52 65 51 19 40 53 43 78 66 43 64 62 63 57 43 42 64 69 71 72 48 55 46 69 72 72 60 74 15 68 55 51 56 69 72 61 44 50 0 74 41 49 40 41 69 65 51
49 48 64 57 67 46 54 69 77 55 64 52 65 54 48 77 41 58 70 76 18 68 59 42 43 44 64 74 62 46 61 75 56 64 47 19 70 77 62 55 61 74 0 47 72 68 51 51 44 67
54 76 63 73 79 68 75 64 75 74 20 67 20 48 55 21 59 66 43 57 67 50 59 69 79 71 79 58 68 42 21 47 68 48 48 73 51 43 78 68 71 41 47 0 75 66 47 72 42 62
57 71 76 72 78 75 55 75 52 73 71 73 12 48 79 64 76 70 44 42 62 52 60 76 61 46 49 63 50 45 65 75 41 68 12 48 76 56 63 40 55 49 72 75 0 56 43 64 76 50
46 65 61 49 53 58 46 63 76 79 68 55 44 53 49 42 71 59 51 48 79 71 61 75 48 19 62 77 52 11 66 55 77 63 56 50 78 67 63 60 59 40 68 66 56 0 79 68 79 71
65 56 64 61 72 46 67 64 52 54 60 72 46 58 18 40 42 58 65 77 40 56 62 15 74 75 42 61 49 59 54 54 66 49 59 50 59 48 53 66 58 41 51 47 43 79 0 55 77 50
66 58 50 67 45 76 70 72 76 50 69 67 44 68 46 56 66 48 65 13 69 64 53 75 43 54 64 49 73 49 64 49 59 54 66 42 67 63 75 66 47 69 51 72 64 68 55 0 59 19
67 78 62 71 45 71 53 53 59 55 46 64 66 59 58 66 69 66 46 63 58 52 56 53 13 68 76 74 46 60 52 63 52 42 15 79 60 51 45 60 43 65 44 42 76 79 77 59 0 64
52 43 43 47 73 77 77 65 69 46 75 67 68 47 64 66 52 74 57 59 55 44 52 55 61 41 74 64 47 48 41 45 48 53 60 52 74 75 62 19 66 51 67 62 50 71 50 19 64 0
RRBRRBBRBRBRBRRBRBRBBRRRRRRBRBBRBBBBRRBRBRBBBRBBRB