24
0 80 99 15 100 77 88 87 98 96 90 70 92 93 94 95 96 97 98 99 100 100 100 89
80 0 6 99 98 96 98 99 90 95 97 96 98 97 99 100 98 97 99 97 89 86 96 95
99 6 0 97 99 90 96 25 84 87 83 86 79 68 89 99 78 89 69 100 79 85 73 78
15 99 97 0 10 77 69 89 88 99 96 7 100 87 89 88 76 89 96 97 98 99 100 79
100 98 99 10 0 21 66 87 88 18 90 99 100 89 77 96 99 87 98 95 97 69 66 78
77 96 90 77 21 0 11 89 39 99 96 95 78 88 90 78 99 88 100 100 100 100 100 100
88 98 96 69 66 11 0 2 69 22 89 77 88 88 76 85 85 89 99 98 95 98 97 98
87 99 25 89 87 89 2 0 66 78 89 77 99 18 99 96 97 98 98 97 99 99 99 99
98 90 84 88 88 39 69 66 0 40 89 79 69 88 89 89 100 100 98 99 99 99 78 96
96 95 87 99 18 99 22 78 40 0 6 97 96 98 97 96 95 94 96 93 92 93 94 95
90 97 83 96 90 96 89 89 89 6 0 30 99 41 100 96 66 87 75 69 93 94 95 97
70 96 86 7 99 95 77 77 79 97 30 0 20 76 75 56 88 89 87 96 99 93 91 90
92 98 79 100 100 78 88 99 69 96 99 20 0 10 33 66 89 90 8 94 69 78 96 93
93 97 68 87 89 88 88 18 88 98 41 76 10 0 87 98 96 99 100 100 68 87 79 77
94 99 89 89 77 90 76 99 89 97 100 75 33 87 0 12 78 89 98 95 99 99 99 99
95 100 99 88 96 78 85 96 89 96 96 56 66 98 12 0 15 77 87 88 89 79 93 82
96 98 78 76 99 99 85 97 100 95 66 88 89 96 78 15 0 10 100 100 27 99 87 88
97 97 89 89 87 88 89 98 100 94 87 89 90 99 89 77 10 0 12 89 88 62 99 70
98 99 69 96 98 100 99 98 98 96 75 87 8 100 98 87 100 12 0 22 78 88 89 89
99 97 100 97 95 100 98 97 99 93 69 96 94 100 95 88 100 89 22 0 89 98 99 50
100 89 79 98 97 100 95 99 99 92 93 99 69 68 99 89 27 88 78 89 0 12 31 7
100 86 85 99 69 100 98 99 99 93 94 93 78 87 99 79 99 62 88 98 12 0 24 99
100 96 73 100 66 100 97 99 78 94 95 91 96 79 99 93 87 99 89 99 31 24 0 18
89 95 78 79 78 100 98 99 96 95 97 90 93 77 99 82 88 70 89 50 7 99 18 0
RRBRBBBRRBRRBBRBBBBBRRRR