50
0 26 69 31 33 38 49 70 62 33 77 90 43 37 53 44 92 26 57 66 54 90 58 89 90 42 66 84 58 34 12 18 8 20 86 65 43 38 38 60 59 69 27 45 7 77 51 94 47 38 
26 0 69 24 62 86 19 51 44 1 44 71 45 92 91 93 15 42 59 50 99 4 76 88 22 90 12 4 0 3 21 50 98 5 55 44 30 5 82 100 50 29 33 90 22 46 26 21 63 24 
69 69 0 62 23 31 27 84 36 83 97 85 12 15 41 88 59 51 77 76 23 86 90 7 23 91 73 4 45 89 82 10 3 97 92 75 85 2 81 26 12 28 11 47 71 29 88 26 49 67 
31 24 62 0 78 33 6 27 23 63 49 86 37 80 13 57 69 98 45 8 2 95 59 40 24 45 50 91 41 60 51 81 43 29 66 99 55 72 94 75 94 14 72 98 44 20 34 5 70 87 
33 62 23 78 0 68 96 88 61 85 74 2 54 59 60 50 55 16 36 22 74 5 40 91 48 93 42 61 59 57 31 40 26 76 42 43 20 44 54 3 41 84 89 29 32 82 33 45 65 3 
38 86 31 33 68 0 20 76 57 80 22 11 41 42 84 54 57 32 62 9 83 7 15 34 61 40 95 29 91 50 38 48 98 52 100 78 78 37 80 96 83 88 71 68 74 97 86 24 21 70 
49 19 27 6 96 20 0 16 58 97 84 36 59 29 30 73 38 2 29 75 46 50 8 10 82 12 10 3 51 54 55 3 87 86 67 1 68 53 12 84 63 7 97 43 27 77 12 91 28 66 
70 51 84 27 88 76 16 0 47 16 57 16 53 25 79 49 77 68 72 49 42 51 40 9 21 91 5 97 10 84 99 45 38 29 68 14 99 98 38 44 24 10 2 61 12 20 80 86 18 97 
62 44 36 23 61 57 58 47 0 32 65 21 3 2 41 35 15 77 25 83 65 0 86 76 65 58 39 21 82 45 94 33 42 66 64 94 91 26 34 80 15 86 51 22 70 39 19 17 12 34 
33 1 83 63 85 80 97 16 32 0 71 44 8 80 37 64 59 12 72 37 56 0 68 12 42 57 2 5 23 84 39 26 45 24 96 19 47 29 53 43 50 88 38 2 14 40 14 87 2 59 
77 44 97 49 74 22 84 57 65 71 0 89 41 44 36 94 45 61 24 79 54 48 98 77 30 70 86 23 42 3 29 12 55 17 33 94 2 45 45 82 73 68 49 2 45 43 98 41 78 97 
90 71 85 86 2 11 36 16 21 44 89 0 95 29 25 30 11 50 37 86 74 49 57 57 30 70 71 58 39 17 55 28 22 39 22 21 86 56 42 33 9 41 51 16 22 72 32 62 59 7 
43 45 12 37 54 41 59 53 3 8 41 95 0 23 33 55 21 93 46 99 39 46 92 82 16 74 30 29 27 27 15 98 39 32 77 69 9 83 27 81 78 18 24 86 56 0 55 59 18 52 
37 92 15 80 59 42 29 25 2 80 44 29 23 0 1 19 37 7 46 96 41 61 46 1 6 40 56 31 90 91 77 59 12 45 91 86 4 83 53 40 91 70 62 94 99 77 52 15 14 62 
53 91 41 13 60 84 30 79 41 37 36 25 33 1 0 96 81 66 88 70 36 22 65 35 44 20 26 32 60 85 88 64 50 97 27 0 70 88 35 10 82 96 73 82 37 83 57 73 34 21 
44 93 88 57 50 54 73 49 35 64 94 30 55 19 96 0 35 99 83 55 88 0 6 47 60 89 66 8 11 53 3 74 59 1 87 18 5 96 75 65 55 40 71 59 73 85 82 28 60 83 
92 15 59 69 55 57 38 77 15 59 45 11 21 37 81 35 0 10 55 69 55 81 84 47 99 69 67 59 73 84 83 28 60 60 58 40 50 41 14 93 22 15 94 51 47 61 83 33 15 37 
26 42 51 98 16 32 2 68 77 12 61 50 93 7 66 99 10 0 10 54 33 52 47 61 25 4 66 65 13 56 57 42 32 54 59 23 68 72 58 45 96 33 45 53 76 56 1 53 81 8 
57 59 77 45 36 62 29 72 25 72 24 37 46 46 88 83 55 10 0 16 31 77 80 14 14 75 68 94 5 1 65 24 66 100 27 80 18 69 62 92 13 16 20 92 89 29 53 82 75 14 
66 50 76 8 22 9 75 49 83 37 79 86 99 96 70 55 69 54 16 0 34 41 28 47 19 23 31 19 49 53 35 76 91 3 81 6 24 27 81 58 65 73 24 90 32 79 48 73 81 71 
54 99 23 2 74 83 46 42 65 56 54 74 39 41 36 88 55 33 31 34 0 2 25 51 88 62 36 21 23 49 91 16 35 31 60 25 48 61 20 38 91 32 66 10 17 54 11 47 71 7 
90 4 86 95 5 7 50 51 0 0 48 49 46 61 22 0 81 52 77 41 2 0 36 10 85 23 1 99 7 77 30 69 97 83 95 89 36 29 50 51 12 22 87 68 31 73 72 27 61 92 
58 76 90 59 40 15 8 40 86 68 98 57 92 46 65 6 84 47 80 28 25 36 0 24 56 14 80 75 31 51 23 65 52 48 85 51 45 55 58 51 41 76 61 71 69 72 72 91 79 80 
89 88 7 40 91 34 10 9 76 12 77 57 82 1 35 47 47 61 14 47 51 10 24 0 96 54 12 62 62 88 54 30 62 29 54 86 54 5 93 42 55 5 82 61 86 31 85 80 95 5 
90 22 23 24 48 61 82 21 65 42 30 30 16 6 44 60 99 25 14 19 88 85 56 96 0 93 85 24 42 51 37 71 91 97 58 2 76 69 26 28 29 29 23 22 49 69 44 24 8 7 
42 90 91 45 93 40 12 91 58 57 70 70 74 40 20 89 69 4 75 23 62 23 14 54 93 0 34 26 31 93 50 80 26 34 84 2 91 48 46 5 42 46 49 60 39 28 29 56 34 36 
66 12 73 50 42 95 10 5 39 2 86 71 30 56 26 66 67 66 68 31 36 1 80 12 85 34 0 36 31 6 52 52 66 26 73 68 57 22 24 64 31 26 29 100 61 53 96 57 37 94 
84 4 4 91 61 29 3 97 21 5 23 58 29 31 32 8 59 65 94 19 21 99 75 62 24 26 36 0 1 26 39 44 81 17 99 9 85 79 18 72 18 87 98 14 60 60 97 38 62 86 
58 0 45 41 59 91 51 10 82 23 42 39 27 90 60 11 73 13 5 49 23 7 31 62 42 31 31 1 0 11 82 69 9 63 57 8 28 7 88 68 90 4 64 72 11 62 59 45 79 37 
34 3 89 60 57 50 54 84 45 84 3 17 27 91 85 53 84 56 1 53 49 77 51 88 51 93 6 26 11 0 11 23 58 4 68 13 100 67 62 100 34 68 15 14 50 96 28 53 46 87 
12 21 82 51 31 38 55 99 94 39 29 55 15 77 88 3 83 57 65 35 91 30 23 54 37 50 52 39 82 11 0 29 4 58 83 85 56 46 59 83 35 79 4 68 32 62 17 97 75 66 
18 50 10 81 40 48 3 45 33 26 12 28 98 59 64 74 28 42 24 76 16 69 65 30 71 80 52 44 69 23 29 0 59 47 94 95 42 76 84 28 76 88 51 28 81 80 63 5 5 54 
8 98 3 43 26 98 87 38 42 45 55 22 39 12 50 59 60 32 66 91 35 97 52 62 91 26 66 81 9 58 4 59 0 30 63 45 50 68 94 70 94 35 56 30 14 33 36 48 41 77 
20 5 97 29 76 52 86 29 66 24 17 39 32 45 97 1 60 54 100 3 31 83 48 29 97 34 26 17 63 4 58 47 30 0 79 6 63 34 24 4 70 89 70 42 40 18 52 95 90 49 
86 55 92 66 42 100 67 68 64 96 33 22 77 91 27 87 58 59 27 81 60 95 85 54 58 84 73 99 57 68 83 94 63 79 0 22 13 15 61 79 49 28 57 15 80 60 65 55 76 4 
65 44 75 99 43 78 1 14 94 19 94 21 69 86 0 18 40 23 80 6 25 89 51 86 2 2 68 9 8 13 85 95 45 6 22 0 48 77 82 15 73 32 74 94 80 5 47 95 42 41 
43 30 85 55 20 78 68 99 91 47 2 86 9 4 70 5 50 68 18 24 48 36 45 54 76 91 57 85 28 100 56 42 50 63 13 48 0 46 60 33 74 50 17 39 51 39 56 64 37 81 
38 5 2 72 44 37 53 98 26 29 45 56 83 83 88 96 41 72 69 27 61 29 55 5 69 48 22 79 7 67 46 76 68 34 15 77 46 0 31 11 5 96 50 80 8 45 64 16 62 38 
38 82 81 94 54 80 12 38 34 53 45 42 27 53 35 75 14 58 62 81 20 50 58 93 26 46 24 18 88 62 59 84 94 24 61 82 60 31 0 10 25 43 70 66 28 1 65 21 69 16 
60 100 26 75 3 96 84 44 80 43 82 33 81 40 10 65 93 45 92 58 38 51 51 42 28 5 64 72 68 100 83 28 70 4 79 15 33 11 10 0 84 65 63 95 69 38 60 83 28 41 
59 50 12 94 41 83 63 24 15 50 73 9 78 91 82 55 22 96 13 65 91 12 41 55 29 42 31 18 90 34 35 76 94 70 49 73 74 5 25 84 0 91 79 100 4 18 18 33 82 9 
69 29 28 14 84 88 7 10 86 88 68 41 18 70 96 40 15 33 16 73 32 22 76 5 29 46 26 87 4 68 79 88 35 89 28 32 50 96 43 65 91 0 99 27 19 92 1 10 70 17 
27 33 11 72 89 71 97 2 51 38 49 51 24 62 73 71 94 45 20 24 66 87 61 82 23 49 29 98 64 15 4 51 56 70 57 74 17 50 70 63 79 99 0 64 61 4 30 49 68 42 
45 90 47 98 29 68 43 61 22 2 2 16 86 94 82 59 51 53 92 90 10 68 71 61 22 60 100 14 72 14 68 28 30 42 15 94 39 80 66 95 100 27 64 0 84 21 97 35 77 47 
7 22 71 44 32 74 27 12 70 14 45 22 56 99 37 73 47 76 89 32 17 31 69 86 49 39 61 60 11 50 32 81 14 40 80 80 51 8 28 69 4 19 61 84 0 27 2 62 97 44 
77 46 29 20 82 97 77 20 39 40 43 72 0 77 83 85 61 56 29 79 54 73 72 31 69 28 53 60 62 96 62 80 33 18 60 5 39 45 1 38 18 92 4 21 27 0 77 31 30 14 
51 26 88 34 33 86 12 80 19 14 98 32 55 52 57 82 83 1 53 48 11 72 72 85 44 29 96 97 59 28 17 63 36 52 65 47 56 64 65 60 18 1 30 97 2 77 0 23 27 85 
94 21 26 5 45 24 91 86 17 87 41 62 59 15 73 28 33 53 82 73 47 27 91 80 24 56 57 38 45 53 97 5 48 95 55 95 64 16 21 83 33 10 49 35 62 31 23 0 35 98 
47 63 49 70 65 21 28 18 12 2 78 59 18 14 34 60 15 81 75 81 71 61 79 95 8 34 37 62 79 46 75 5 41 90 76 42 37 62 69 28 82 70 68 77 97 30 27 35 0 25 
38 24 67 87 3 70 66 97 34 59 97 7 52 62 21 83 37 8 14 71 7 92 80 5 7 36 94 86 37 87 66 54 77 49 4 41 81 38 16 41 9 17 42 47 44 14 85 98 25 0 
RRRRBBBBBRRBBBRBBRBRBRBRRRBRRRBBBRRRRRRBBBBBRBBBRR