50
0 8 6 91 39 52 45 93 71 64 96 32 92 83 32 71 13 67 44 24 9 66 54 28 40 55 15 30 34 27 22 81 51 31 13 45 59 78 93 84 85 5 86 78 67 63 60 50 65 44 
8 0 40 41 39 30 10 52 89 86 72 19 90 57 84 22 84 91 64 75 53 1 19 86 18 31 35 75 61 5 18 42 21 55 90 71 25 5 3 26 52 89 47 66 95 63 96 1 53 94 
6 40 0 6 19 64 17 79 28 8 2 53 81 50 64 28 7 59 84 6 67 71 14 79 45 5 6 13 32 29 33 20 92 61 66 71 11 97 13 57 58 1 87 16 99 61 17 40 13 2 
91 41 6 0 31 26 8 84 18 11 55 84 90 21 80 27 50 78 74 0 73 16 2 59 37 57 88 71 60 55 30 11 87 88 23 10 24 48 90 21 92 28 50 89 89 12 70 34 62 24 
39 39 19 31 0 18 82 53 57 80 79 18 95 17 77 34 6 97 12 87 58 18 47 96 36 5 41 9 48 19 93 39 25 74 65 62 59 61 67 49 93 70 33 40 14 47 3 13 38 72 
52 30 64 26 18 0 64 25 27 86 1 93 53 86 57 60 96 6 83 36 80 65 89 58 56 2 72 72 16 59 53 26 36 88 42 1 50 75 54 63 11 75 97 16 79 64 9 62 28 90 
45 10 17 8 82 64 0 11 17 78 94 98 53 73 31 91 56 82 79 82 73 87 41 48 59 51 43 46 48 26 68 38 65 7 11 69 11 92 0 33 80 82 41 76 56 31 90 10 28 4 
93 52 79 84 53 25 11 0 42 29 88 68 33 83 29 88 59 90 94 68 82 87 56 16 12 28 78 83 56 5 6 89 47 90 14 89 80 36 91 90 41 9 44 96 78 90 28 37 95 96 
71 89 28 18 57 27 17 42 0 33 89 69 10 93 19 78 15 55 3 26 51 16 94 59 33 68 65 17 17 79 30 63 75 20 33 74 9 65 79 31 48 74 21 61 70 69 51 9 45 27 
64 86 8 11 80 86 78 29 33 0 99 14 16 36 77 33 92 37 2 5 77 75 71 52 55 61 96 10 16 58 13 28 36 17 67 62 60 6 24 29 91 50 62 23 23 92 39 85 0 10 
96 72 2 55 79 1 94 88 89 99 0 63 11 81 15 26 41 12 38 53 22 7 29 99 73 53 93 5 23 22 93 23 23 5 15 66 46 8 66 4 96 97 43 90 49 35 30 97 41 75 
32 19 53 84 18 93 98 68 69 14 63 0 16 39 29 7 12 22 90 34 47 61 25 62 55 23 10 46 59 81 23 35 88 26 17 47 34 41 17 9 86 4 32 80 15 80 25 14 85 6 
92 90 81 90 95 53 53 33 10 16 11 16 0 16 5 98 29 92 7 18 33 94 7 61 80 82 16 84 75 32 69 26 22 91 34 82 41 30 34 94 7 24 34 46 38 90 63 51 31 12 
83 57 50 21 17 86 73 83 93 36 81 39 16 0 76 52 76 16 68 90 83 50 67 96 99 25 35 29 51 85 30 2 55 96 6 77 3 87 42 89 86 64 32 69 8 40 96 15 52 3 
32 84 64 80 77 57 31 29 19 77 15 29 5 76 0 68 85 34 1 77 82 33 1 27 59 9 41 65 10 67 61 64 41 90 93 26 16 2 70 83 17 16 1 88 84 10 71 84 39 13 
71 22 28 27 34 60 91 88 78 33 26 7 98 52 68 0 53 96 28 97 51 95 25 60 65 83 50 87 21 8 98 22 84 22 25 99 69 97 54 79 91 61 72 25 56 4 63 36 71 6 
13 84 7 50 6 96 56 59 15 92 41 12 29 76 85 53 0 29 56 76 96 3 80 26 17 58 27 73 37 47 49 22 82 79 93 44 78 45 21 54 40 78 34 67 19 2 7 70 2 52 
67 91 59 78 97 6 82 90 55 37 12 22 92 16 34 96 29 0 45 26 37 24 5 7 25 58 94 76 79 20 73 4 63 25 23 27 65 29 50 30 75 93 64 19 18 87 13 20 48 7 
44 64 84 74 12 83 79 94 3 2 38 90 7 68 1 28 56 45 0 56 19 71 45 99 19 61 74 36 6 40 34 71 86 20 17 97 91 55 51 9 74 60 35 28 68 25 91 16 91 52 
24 75 6 0 87 36 82 68 26 5 53 34 18 90 77 97 76 26 56 0 97 30 38 66 33 57 1 60 87 66 47 66 57 27 87 13 98 0 87 95 2 40 27 70 70 12 39 63 53 78 
9 53 67 73 58 80 73 82 51 77 22 47 33 83 82 51 96 37 19 97 0 60 75 25 11 8 81 33 73 62 14 95 95 56 77 16 53 37 14 56 91 75 66 31 66 93 57 76 79 15 
66 1 71 16 18 65 87 87 16 75 7 61 94 50 33 95 3 24 71 30 60 0 53 74 53 7 35 1 62 44 17 4 45 90 67 27 39 72 78 16 49 46 91 59 6 55 76 98 70 80 
54 19 14 2 47 89 41 56 94 71 29 25 7 67 1 25 80 5 45 38 75 53 0 18 52 18 0 95 38 47 27 18 28 91 42 46 78 51 56 96 7 87 51 73 64 34 35 16 74 50 
28 86 79 59 96 58 48 16 59 52 99 62 61 96 27 60 26 7 99 66 25 74 18 0 12 85 54 65 71 71 54 48 6 16 20 97 77 71 46 34 38 43 53 41 34 55 15 30 2 50 
40 18 45 37 36 56 59 12 33 55 73 55 80 99 59 65 17 25 19 33 11 53 52 12 0 53 18 84 81 31 90 89 48 83 56 56 58 37 26 62 65 56 75 78 46 71 56 41 1 35 
55 31 5 57 5 2 51 28 68 61 53 23 82 25 9 83 58 58 61 57 8 7 18 85 53 0 88 66 14 12 77 83 44 86 51 76 19 1 3 10 42 95 65 89 98 63 74 87 86 48 
15 35 6 88 41 72 43 78 65 96 93 10 16 35 41 50 27 94 74 1 81 35 0 54 18 88 0 53 71 11 27 1 54 80 80 64 5 60 48 59 4 64 76 55 80 37 16 56 36 10 
30 75 13 71 9 72 46 83 17 10 5 46 84 29 65 87 73 76 36 60 33 1 95 65 84 66 53 0 35 33 7 15 75 79 1 6 85 55 15 63 22 15 73 83 57 89 35 45 96 77 
34 61 32 60 48 16 48 56 17 16 23 59 75 51 10 21 37 79 6 87 73 62 38 71 81 14 71 35 0 57 82 27 48 24 3 32 5 65 81 49 84 25 73 37 78 44 78 9 45 1 
27 5 29 55 19 59 26 5 79 58 22 81 32 85 67 8 47 20 40 66 62 44 47 71 31 12 11 33 57 0 32 64 69 6 95 57 83 23 81 21 2 64 89 42 27 92 49 57 23 79 
22 18 33 30 93 53 68 6 30 13 93 23 69 30 61 98 49 73 34 47 14 17 27 54 90 77 27 7 82 32 0 67 33 82 97 40 29 26 21 33 76 31 92 56 49 96 78 36 61 94 
81 42 20 11 39 26 38 89 63 28 23 35 26 2 64 22 22 4 71 66 95 4 18 48 89 83 1 15 27 64 67 0 10 0 45 82 47 90 65 13 28 27 23 86 74 75 2 30 89 4 
51 21 92 87 25 36 65 47 75 36 23 88 22 55 41 84 82 63 86 57 95 45 28 6 48 44 54 75 48 69 33 10 0 75 36 75 29 73 92 89 14 53 94 60 1 65 5 76 55 34 
31 55 61 88 74 88 7 90 20 17 5 26 91 96 90 22 79 25 20 27 56 90 91 16 83 86 80 79 24 6 82 0 75 0 50 94 88 53 44 59 74 86 96 24 14 9 66 38 58 59 
13 90 66 23 65 42 11 14 33 67 15 17 34 6 93 25 93 23 17 87 77 67 42 20 56 51 80 1 3 95 97 45 36 50 0 50 71 68 1 18 28 86 4 31 28 59 72 30 37 32 
45 71 71 10 62 1 69 89 74 62 66 47 82 77 26 99 44 27 97 13 16 27 46 97 56 76 64 6 32 57 40 82 75 94 50 0 74 53 31 57 82 49 74 92 18 27 11 0 53 16 
59 25 11 24 59 50 11 80 9 60 46 34 41 3 16 69 78 65 91 98 53 39 78 77 58 19 5 85 5 83 29 47 29 88 71 74 0 8 97 77 95 11 98 11 27 36 92 34 9 7 
78 5 97 48 61 75 92 36 65 6 8 41 30 87 2 97 45 29 55 0 37 72 51 71 37 1 60 55 65 23 26 90 73 53 68 53 8 0 9 70 56 25 9 95 39 20 18 7 39 29 
93 3 13 90 67 54 0 91 79 24 66 17 34 42 70 54 21 50 51 87 14 78 56 46 26 3 48 15 81 81 21 65 92 44 1 31 97 9 0 27 68 39 63 9 63 38 86 89 45 9 
84 26 57 21 49 63 33 90 31 29 4 9 94 89 83 79 54 30 9 95 56 16 96 34 62 10 59 63 49 21 33 13 89 59 18 57 77 70 27 0 21 56 12 92 34 48 35 51 72 52 
85 52 58 92 93 11 80 41 48 91 96 86 7 86 17 91 40 75 74 2 91 49 7 38 65 42 4 22 84 2 76 28 14 74 28 82 95 56 68 21 0 32 90 55 69 11 25 4 58 48 
5 89 1 28 70 75 82 9 74 50 97 4 24 64 16 61 78 93 60 40 75 46 87 43 56 95 64 15 25 64 31 27 53 86 86 49 11 25 39 56 32 0 96 84 66 18 51 58 80 22 
86 47 87 50 33 97 41 44 21 62 43 32 34 32 1 72 34 64 35 27 66 91 51 53 75 65 76 73 73 89 92 23 94 96 4 74 98 9 63 12 90 96 0 90 33 50 27 96 52 26 
78 66 16 89 40 16 76 96 61 23 90 80 46 69 88 25 67 19 28 70 31 59 73 41 78 89 55 83 37 42 56 86 60 24 31 92 11 95 9 92 55 84 90 0 63 54 51 30 91 34 
67 95 99 89 14 79 56 78 70 23 49 15 38 8 84 56 19 18 68 70 66 6 64 34 46 98 80 57 78 27 49 74 1 14 28 18 27 39 63 34 69 66 33 63 0 55 20 82 73 13 
63 63 61 12 47 64 31 90 69 92 35 80 90 40 10 4 2 87 25 12 93 55 34 55 71 63 37 89 44 92 96 75 65 9 59 27 36 20 38 48 11 18 50 54 55 0 20 44 71 67 
60 96 17 70 3 9 90 28 51 39 30 25 63 96 71 63 7 13 91 39 57 76 35 15 56 74 16 35 78 49 78 2 5 66 72 11 92 18 86 35 25 51 27 51 20 20 0 27 58 43 
50 1 40 34 13 62 10 37 9 85 97 14 51 15 84 36 70 20 16 63 76 98 16 30 41 87 56 45 9 57 36 30 76 38 30 0 34 7 89 51 4 58 96 30 82 44 27 0 47 37 
65 53 13 62 38 28 28 95 45 0 41 85 31 52 39 71 2 48 91 53 79 70 74 2 1 86 36 96 45 23 61 89 55 58 37 53 9 39 45 72 58 80 52 91 73 71 58 47 0 17 
44 94 2 24 72 90 4 96 27 10 75 6 12 3 13 6 52 7 52 78 15 80 50 50 35 48 10 77 1 79 94 4 34 59 32 16 7 29 9 52 48 22 26 34 13 67 43 37 17 0 
RRBBBRRBBBBBBRRRBBBBRBRBRBBRBBRBBRBRRBRRRRRRBRRRBR
