50
0 39 7 72 92 9 33 99 45 7 68 11 47 57 33 79 80 31 44 51 44 89 24 72 71 98 56 65 81 30 36 78 1 23 84 20 50 46 61 94 50 56 94 73 100 34 87 39 93 26
39 0 54 72 59 67 64 95 81 29 93 97 84 28 69 46 84 81 84 55 74 12 2 68 89 65 64 40 77 45 72 57 82 33 95 59 35 57 3 36 68 61 86 26 4 12 99 21 83 36
7 54 0 22 14 17 63 5 68 85 15 97 51 81 0 96 4 88 75 89 7 12 59 46 100 54 30 32 55 74 41 44 49 95 36 26 19 20 31 100 97 27 0 54 39 73 77 36 26 77
72 72 22 0 27 90 88 86 9 88 78 60 78 18 50 57 81 41 73 62 7 75 9 93 72 14 57 92 67 39 45 57 12 46 4 24 53 92 7 33 78 80 80 21 86 69 39 34 5 35
92 59 14 27 0 56 99 70 52 50 99 90 62 12 82 54 57 7 90 14 55 18 50 3 33 12 13 68 37 21 14 49 53 57 8 40 39 1 76 65 38 31 18 12 18 89 67 26 95 48
9 67 17 90 56 0 77 92 64 46 61 86 67 68 87 81 5 46 69 15 64 18 70 77 95 27 20 85 85 60 43 6 61 24 42 80 46 67 60 34 57 95 22 11 76 15 11 34 45 87
33 64 63 88 99 77 0 86 42 60 97 21 90 77 55 29 28 90 61 84 33 58 32 38 69 44 28 33 87 24 14 11 62 36 61 70 76 4 43 4 41 81 16 55 52 79 44 62 76 74
99 95 5 86 70 92 86 0 93 4 15 58 74 65 38 55 67 65 23 4 32 62 83 21 22 98 34 92 22 67 20 70 89 30 83 27 27 12 31 78 27 92 67 8 26 39 82 54 60 11
45 81 68 9 52 64 42 93 0 76 57 75 28 13 11 41 49 67 48 60 7 8 27 16 46 2 32 36 11 73 5 8 8 37 71 77 74 69 94 12 88 17 25 39 14 89 54 1 14 96
7 29 85 88 50 46 60 4 76 0 28 17 98 36 72 96 23 72 8 99 78 11 72 96 9 61 28 63 63 69 77 63 71 5 28 94 35 2 45 78 97 100 79 3 25 75 12 24 19 43
68 93 15 78 99 61 97 15 57 28 0 47 36 74 59 57 47 33 54 59 43 55 100 16 97 78 53 36 54 54 50 72 74 90 59 64 68 39 50 71 75 85 66 93 65 66 26 4 1 94
11 97 97 60 90 86 21 58 75 17 47 0 84 33 41 30 97 40 19 69 16 8 48 26 48 40 38 63 22 57 2 93 19 2 94 17 27 80 0 34 53 76 43 44 31 80 10 37 29 50
47 84 51 78 62 67 90 74 28 98 36 84 0 78 42 59 12 1 50 9 3 70 40 63 0 74 39 83 70 69 83 42 55 20 9 17 78 17 90 42 58 96 27 82 61 14 70 29 23 23
57 28 81 18 12 68 77 65 13 36 74 33 78 0 52 18 76 22 40 11 0 61 99 69 34 76 16 10 40 20 78 71 12 45 43 12 63 36 33 14 69 43 83 49 9 42 65 90 70 75
33 69 0 50 82 87 55 38 11 72 59 41 42 52 0 15 2 7 20 61 64 33 59 31 73 88 49 27 99 82 37 7 74 48 17 30 44 8 34 99 7 14 9 65 53 92 57 11 66 86
79 46 96 57 54 81 29 55 41 96 57 30 59 18 15 0 6 31 45 71 62 28 96 19 99 76 26 48 73 60 86 48 77 80 37 61 50 49 7 92 80 90 33 30 37 33 71 80 56 81
80 84 4 81 57 5 28 67 49 23 47 97 12 76 2 6 0 78 74 36 11 75 9 63 70 47 24 46 9 54 55 24 40 15 54 47 42 35 9 78 84 31 1 0 80 27 89 81 40 92
31 81 88 41 7 46 90 65 67 72 33 40 1 22 7 31 78 0 96 44 84 13 78 32 38 30 46 100 59 53 31 80 87 48 9 54 81 87 29 37 72 21 78 46 11 95 98 76 53 76
44 84 75 73 90 69 61 23 48 8 54 19 50 40 20 45 74 96 0 83 73 51 44 37 75 18 69 69 26 100 67 81 56 88 91 41 87 58 61 98 79 13 66 52 81 17 69 80 36 80
51 55 89 62 14 15 84 4 60 99 59 69 9 11 61 71 36 44 83 0 42 36 94 53 91 56 12 25 88 22 67 97 67 74 91 48 10 52 80 100 96 57 50 95 3 42 6 73 92 85
44 74 7 7 55 64 33 32 7 78 43 16 3 0 64 62 11 84 73 42 0 38 0 40 56 70 0 45 30 92 13 64 83 45 73 3 28 15 100 57 68 80 4 7 26 29 21 79 28 96
89 12 12 75 18 18 58 62 8 11 55 8 70 61 33 28 75 13 51 36 38 0 77 68 43 75 65 55 5 98 42 69 7 80 52 5 47 4 57 79 73 47 65 28 33 43 74 86 5 48
24 2 59 9 50 70 32 83 27 72 100 48 40 99 59 96 9 78 44 94 0 77 0 89 46 69 17 99 93 49 98 63 48 25 45 5 43 79 0 10 98 31 98 83 76 56 58 26 40 11
72 68 46 93 3 77 38 21 16 96 16 26 63 69 31 19 63 32 37 53 40 68 89 0 18 35 55 79 71 47 31 85 30 58 73 10 26 58 86 24 16 28 75 34 5 33 46 43 67 43
71 89 100 72 33 95 69 22 46 9 97 48 0 34 73 99 70 38 75 91 56 43 46 18 0 97 74 2 75 89 65 55 13 81 16 96 24 62 16 60 62 22 56 73 8 56 97 87 94 38
98 65 54 14 12 27 44 98 2 61 78 40 74 76 88 76 47 30 18 56 70 75 69 35 97 0 29 85 57 69 100 82 43 82 52 8 54 68 42 3 99 96 32 47 92 41 63 53 35 57
56 64 30 57 13 20 28 34 32 28 53 38 39 16 49 26 24 46 69 12 0 65 17 55 74 29 0 85 32 93 1 75 44 16 23 61 85 27 37 37 7 3 93 89 61 27 74 77 87 97
65 40 32 92 68 85 33 92 36 63 36 63 83 10 27 48 46 100 69 25 45 55 99 79 2 85 85 0 14 55 11 46 98 35 99 47 78 39 34 37 76 48 2 16 55 33 61 12 97 38
81 77 55 67 37 85 87 22 11 63 54 22 70 40 99 73 9 59 26 88 30 5 93 71 75 57 32 14 0 36 24 38 95 97 76 30 22 60 75 99 46 98 86 76 1 89 94 23 59 27
30 45 74 39 21 60 24 67 73 69 54 57 69 20 82 60 54 53 100 22 92 98 49 47 89 69 93 55 36 0 67 90 77 81 69 66 18 100 31 17 23 23 3 67 9 93 64 92 96 94
36 72 41 45 14 43 14 20 5 77 50 2 83 78 37 86 55 31 67 67 13 42 98 31 65 100 1 11 24 67 0 14 0 14 57 76 85 17 94 7 76 30 25 73 67 43 82 57 44 30
78 57 44 57 49 6 11 70 8 63 72 93 42 71 7 48 24 80 81 97 64 69 63 85 55 82 75 46 38 90 14 0 17 89 11 0 100 44 4 88 1 46 73 7 15 15 66 70 76 77
1 82 49 12 53 61 62 89 8 71 74 19 55 12 74 77 40 87 56 67 83 7 48 30 13 43 44 98 95 77 0 17 0 78 99 61 53 86 80 93 43 88 86 11 62 27 62 14 65 70
23 33 95 46 57 24 36 30 37 5 90 2 20 45 48 80 15 48 88 74 45 80 25 58 81 82 16 35 97 81 14 89 78 0 33 96 79 17 95 22 89 0 66 46 33 90 92 79 57 50
84 95 36 4 8 42 61 83 71 28 59 94 9 43 17 37 54 9 91 91 73 52 45 73 16 52 23 99 76 69 57 11 99 33 0 70 80 1 99 41 53 88 63 21 45 85 54 48 78 44
20 59 26 24 40 80 70 27 77 94 64 17 17 12 30 61 47 54 41 48 3 5 5 10 96 8 61 47 30 66 76 0 61 96 70 0 72 21 56 92 1 65 100 9 54 23 5 54 43 48
50 35 19 53 39 46 76 27 74 35 68 27 78 63 44 50 42 81 87 10 28 47 43 26 24 54 85 78 22 18 85 100 53 79 80 72 0 92 42 68 52 35 69 81 0 9 6 74 59 32
46 57 20 92 1 67 4 12 69 2 39 80 17 36 8 49 35 87 58 52 15 4 79 58 62 68 27 39 60 100 17 44 86 17 1 21 92 0 69 90 70 92 59 78 93 59 64 88 76 62
61 3 31 7 76 60 43 31 94 45 50 0 90 33 34 7 9 29 61 80 100 57 0 86 16 42 37 34 75 31 94 4 80 95 99 56 42 69 0 14 61 100 33 32 1 4 96 64 73 48
94 36 100 33 65 34 4 78 12 78 71 34 42 14 99 92 78 37 98 100 57 79 10 24 60 3 37 37 99 17 7 88 93 22 41 92 68 90 14 0 64 23 84 23 23 4 30 75 91 42
50 68 97 78 38 57 41 27 88 97 75 53 58 69 7 80 84 72 79 96 68 73 98 16 62 99 7 76 46 23 76 1 43 89 53 1 52 70 61 64 0 76 80 76 3 53 44 80 35 24
56 61 27 80 31 95 81 92 17 100 85 76 96 43 14 90 31 21 13 57 80 47 31 28 22 96 3 48 98 23 30 46 88 0 88 65 35 92 100 23 76 0 47 43 64 20 77 97 67 82
94 86 0 80 18 22 16 67 25 79 66 43 27 83 9 33 1 78 66 50 4 65 98 75 56 32 93 2 86 3 25 73 86 66 63 100 69 59 33 84 80 47 0 39 40 17 81 79 41 85
73 26 54 21 12 11 55 8 39 3 93 44 82 49 65 30 0 46 52 95 7 28 83 34 73 47 89 16 76 67 73 7 11 46 21 9 81 78 32 23 76 43 39 0 48 91 57 41 3 97
100 4 39 86 18 76 52 26 14 25 65 31 61 9 53 37 80 11 81 3 26 33 76 5 8 92 61 55 1 9 67 15 62 33 45 54 0 93 1 23 3 64 40 48 0 10 29 77 5 95
34 12 73 69 89 15 79 39 89 75 66 80 14 42 92 33 27 95 17 42 29 43 56 33 56 41 27 33 89 93 43 15 27 90 85 23 9 59 4 4 53 20 17 91 10 0 41 37 67 37
87 99 77 39 67 11 44 82 54 12 26 10 70 65 57 71 89 98 69 6 21 74 58 46 97 63 74 61 94 64 82 66 62 92 54 5 6 64 96 30 44 77 81 57 29 41 0 83 48 33
39 21 36 34 26 34 62 54 1 24 4 37 29 90 11 80 81 76 80 73 79 86 26 43 87 53 77 12 23 92 57 70 14 79 48 54 74 88 64 75 80 97 79 41 77 37 83 0 93 55
93 83 26 5 95 45 76 60 14 19 1 29 23 70 66 56 40 53 36 92 28 5 40 67 94 35 87 97 59 96 44 76 65 57 78 43 59 76 73 91 35 67 41 3 5 67 48 93 0 12
26 36 77 35 48 87 74 11 96 43 94 50 23 75 86 81 92 76 80 85 96 48 11 43 38 57 97 38 27 94 30 77 70 50 44 48 32 62 48 42 24 82 85 97 95 37 33 55 12 0
RRRBBBRRRBBBRRRBBBRRRBBBRRRRBBBBRRRRBBBBRRRRRBBBBB