50
0 35 49 95 9 85 83 29 74 87 25 68 6 95 69 44 18 44 3 67 86 4 73 98 21 64 44 80 1 85 96 85 47 19 10 46 47 99 79 23 13 53 75 40 18 33 62 3 57 61
35 0 81 63 12 21 33 47 18 52 59 70 30 50 48 4 80 90 72 68 77 95 78 89 83 43 2 23 75 87 6 28 80 49 53 35 39 95 22 70 51 31 19 54 57 81 22 97 58 32
49 81 0 87 42 2 5 53 53 99 30 2 63 80 27 40 84 52 41 41 22 92 67 89 93 78 5 2 95 58 55 57 82 26 11 70 88 31 4 44 70 27 82 24 81 63 28 15 98 56
95 63 87 0 79 50 42 56 9 84 68 54 62 85 53 63 23 89 38 8 87 0 30 61 63 4 47 30 85 52 100 8 86 1 58 10 18 88 93 3 33 30 69 32 29 73 33 63 20 95
9 12 42 79 0 90 43 73 79 76 88 14 45 13 100 25 70 14 90 47 48 4 76 34 81 58 40 4 94 44 19 68 77 9 10 51 2 13 33 14 30 37 48 59 74 35 45 45 90 6
85 21 2 50 90 0 22 94 38 30 70 35 11 65 6 11 40 6 17 69 5 83 23 25 51 15 11 93 96 23 73 7 49 98 89 89 8 97 60 99 53 59 39 58 70 26 85 94 75 72
83 33 5 42 43 22 0 32 44 14 19 90 100 53 15 58 98 4 40 71 74 82 2 26 81 45 33 88 86 84 96 34 71 79 94 33 65 63 59 13 60 13 90 67 22 47 39 48 78 14
29 47 53 56 73 94 32 0 99 8 40 43 25 65 24 31 81 36 63 82 56 100 30 88 43 41 73 6 60 15 78 11 98 4 91 11 37 17 72 86 64 80 12 11 76 32 97 64 21 69
74 18 53 9 79 38 44 99 0 95 17 69 39 91 8 14 57 93 74 6 20 60 22 90 48 61 33 34 15 11 100 64 92 24 47 93 85 39 52 33 99 86 7 57 89 14 21 87 72 53
87 52 99 84 76 30 14 8 95 0 48 1 77 38 26 11 99 45 41 84 35 97 51 41 22 42 3 36 69 11 58 80 63 91 100 80 37 26 4 31 57 30 22 69 93 81 77 92 99 61
25 59 30 68 88 70 19 40 17 48 0 72 9 67 5 66 11 34 10 2 81 15 63 71 55 96 88 20 51 56 8 99 21 37 82 64 94 29 79 8 12 87 51 25 78 9 76 82 53 74
68 70 2 54 14 35 90 43 69 1 72 0 35 11 73 5 49 74 28 1 33 85 23 90 85 27 9 22 61 61 95 79 45 34 24 43 0 72 19 73 35 58 48 24 73 8 54 12 71 32
6 30 63 62 45 11 100 25 39 77 9 35 0 81 1 47 89 62 82 59 57 52 78 7 88 53 4 87 77 74 60 57 31 66 51 75 36 82 45 36 54 18 25 14 34 35 3 42 22 60
95 50 80 85 13 65 53 65 91 38 67 11 81 0 14 75 57 49 58 67 13 19 70 49 7 95 43 72 76 69 97 47 57 88 90 56 84 47 38 20 72 10 55 61 57 94 84 88 55 89
69 48 27 53 100 6 15 24 8 26 5 73 1 14 0 81 21 62 80 81 39 90 98 39 2 89 72 41 74 0 25 66 7 5 30 28 89 59 70 84 57 43 20 33 59 97 75 50 35 46
44 4 40 63 25 11 58 31 14 11 66 5 47 75 81 0 67 64 69 40 56 40 21 4 61 36 41 83 0 43 31 13 3 9 95 74 100 32 0 99 44 95 52 42 34 92 13 35 60 31
18 80 84 23 70 40 98 81 57 99 11 49 89 57 21 67 0 30 65 3 97 60 65 81 48 16 49 37 14 2 90 92 8 43 74 94 98 69 37 15 5 71 67 82 19 35 3 55 38 51
44 90 52 89 14 6 4 36 93 45 34 74 62 49 62 64 30 0 42 11 88 33 69 17 65 54 31 15 52 83 59 50 28 76 59 93 52 48 22 42 2 13 45 79 67 74 16 58 46 6
3 72 41 38 90 17 40 63 74 41 10 28 82 58 80 69 65 42 0 58 98 7 18 59 61 14 32 6 2 37 57 27 51 88 19 71 28 62 34 20 0 83 18 92 4 16 65 79 65 100
67 68 41 8 47 69 71 82 6 84 2 1 59 67 81 40 3 11 58 0 47 59 6 27 33 52 66 99 16 39 7 16 46 12 28 47 59 85 87 15 23 24 35 12 55 62 46 42 50 86
86 77 22 87 48 5 74 56 20 35 81 33 57 13 39 56 97 88 98 47 0 94 77 43 36 0 8 62 40 61 88 0 16 65 31 44 85 62 22 91 83 92 33 23 39 95 18 25 80 81
4 95 92 0 4 83 82 100 60 97 15 85 52 19 90 40 60 33 7 59 94 0 8 54 78 61 76 87 39 4 16 18 26 26 36 77 22 56 41 37 92 41 63 23 16 52 12 9 67 33
73 78 67 30 76 23 2 30 22 51 63 23 78 70 98 21 65 69 18 6 77 8 0 30 90 49 31 68 3 42 43 26 81 88 0 70 68 56 21 81 20 57 52 89 54 96 48 67 94 42
98 89 89 61 34 25 26 88 90 41 71 90 7 49 39 4 81 17 59 27 43 54 30 0 70 65 27 58 25 1 65 16 0 7 99 90 90 75 99 63 84 26 93 8 92 49 84 13 99 25
21 83 93 63 81 51 81 43 48 22 55 85 88 7 2 61 48 65 61 33 36 78 90 70 0 33 65 63 99 67 81 76 88 5 48 8 59 74 41 78 64 7 13 74 18 14 41 38 5 16
64 43 78 4 58 15 45 41 61 42 96 27 53 95 89 36 16 54 14 52 0 61 49 65 33 0 0 23 86 57 68 92 89 46 83 80 32 30 93 45 20 75 17 48 19 78 85 25 37 84
44 2 5 47 40 11 33 73 33 3 88 9 4 43 72 41 49 31 32 66 8 76 31 27 65 0 0 73 10 40 68 59 34 48 84 25 28 42 71 72 72 85 16 96 92 57 78 15 92 44
80 23 2 30 4 93 88 6 34 36 20 22 87 72 41 83 37 15 6 99 62 87 68 58 63 23 73 0 40 94 66 29 88 51 58 33 94 37 80 49 29 44 33 49 83 41 31 54 27 17
1 75 95 85 94 96 86 60 15 69 51 61 77 76 74 0 14 52 2 16 40 39 3 25 99 86 10 40 0 92 90 86 95 81 79 63 60 46 8 83 3 11 71 86 100 98 99 11 31 96
85 87 58 52 44 23 84 15 11 11 56 61 74 69 0 43 2 83 37 39 61 4 42 1 67 57 40 94 92 0 87 99 58 44 90 78 45 51 98 99 25 96 51 79 38 96 74 46 8 18
96 6 55 100 19 73 96 78 100 58 8 95 60 97 25 31 90 59 57 7 88 16 43 65 81 68 68 66 90 87 0 88 46 97 26 29 52 95 64 11 69 64 44 14 81 15 87 27 93 49
85 28 57 8 68 7 34 11 64 80 99 79 57 47 66 13 92 50 27 16 0 18 26 16 76 92 59 29 86 99 88 0 94 20 74 37 76 31 96 59 79 24 72 85 35 17 12 17 14 44
47 80 82 86 77 49 71 98 92 63 21 45 31 57 7 3 8 28 51 46 16 26 81 0 88 89 34 88 95 58 46 94 0 58 34 4 50 12 33 82 46 75 98 70 71 97 64 49 8 10
19 49 26 1 9 98 79 4 24 91 37 34 66 88 5 9 43 76 88 12 65 26 88 7 5 46 48 51 81 44 97 20 58 0 93 62 73 63 48 13 74 13 73 60 86 39 68 78 97 59
10 53 11 58 10 89 94 91 47 100 82 24 51 90 30 95 74 59 19 28 31 36 0 99 48 83 84 58 79 90 26 74 34 93 0 52 92 46 44 64 40 35 10 32 22 63 17 65 8 12
46 35 70 10 51 89 33 11 93 80 64 43 75 56 28 74 94 93 71 47 44 77 70 90 8 80 25 33 63 78 29 37 4 62 52 0 49 37 51 9 29 89 15 77 24 98 39 39 60 15
47 39 88 18 2 8 65 37 85 37 94 0 36 84 89 100 98 52 28 59 85 22 68 90 59 32 28 94 60 45 52 76 50 73 92 49 0 14 97 93 53 82 35 19 58 71 70 23 44 88
99 95 31 88 13 97 63 17 39 26 29 72 82 47 59 32 69 48 62 85 62 56 56 75 74 30 42 37 46 51 95 31 12 63 46 37 14 0 52 23 65 36 33 16 57 17 4 17 35 100
79 22 4 93 33 60 59 72 52 4 79 19 45 38 70 0 37 22 34 87 22 41 21 99 41 93 71 80 8 98 64 96 33 48 44 51 97 52 0 31 60 98 4 87 100 16 17 98 84 57
23 70 44 3 14 99 13 86 33 31 8 73 36 20 84 99 15 42 20 15 91 37 81 63 78 45 72 49 83 99 11 59 82 13 64 9 93 23 31 0 24 86 43 28 71 6 13 84 50 84
13 51 70 33 30 53 60 64 99 57 12 35 54 72 57 44 5 2 0 23 83 92 20 84 64 20 72 29 3 25 69 79 46 74 40 29 53 65 60 24 0 57 40 9 47 97 9 9 27 32
53 31 27 30 37 59 13 80 86 30 87 58 18 10 43 95 71 13 83 24 92 41 57 26 7 75 85 44 11 96 64 24 75 13 35 89 82 36 98 86 57 0 82 94 27 54 92 42 57 49
75 19 82 69 48 39 90 12 7 22 51 48 25 55 20 52 67 45 18 35 33 63 52 93 13 17 16 33 71 51 44 72 98 73 10 15 35 33 4 43 40 82 0 70 4 52 72 69 93 16
40 54 24 32 59 58 67 11 57 69 25 24 14 61 33 42 82 79 92 12 23 23 89 8 74 48 96 49 86 79 14 85 70 60 32 77 19 16 87 28 9 94 70 0 63 63 47 47 15 26
18 57 81 29 74 70 22 76 89 93 78 73 34 57 59 34 19 67 4 55 39 16 54 92 18 19 92 83 100 38 81 35 71 86 22 24 58 57 100 71 47 27 4 63 0 62 30 98 4 55
33 81 63 73 35 26 47 32 14 81 9 8 35 94 97 92 35 74 16 62 95 52 96 49 14 78 57 41 98 96 15 17 97 39 63 98 71 17 16 6 97 54 52 63 62 0 47 22 88 69
62 22 28 33 45 85 39 97 21 77 76 54 3 84 75 13 3 16 65 46 18 12 48 84 41 85 78 31 99 74 87 12 64 68 17 39 70 4 17 13 9 92 72 47 30 47 0 6 1 46
3 97 15 63 45 94 48 64 87 92 82 12 42 88 50 35 55 58 79 42 25 9 67 13 38 25 15 54 11 46 27 17 49 78 65 39 23 17 98 84 9 42 69 47 98 22 6 0 80 100
57 58 98 20 90 75 78 21 72 99 53 71 22 55 35 60 38 46 65 50 80 67 94 99 5 37 92 27 31 8 93 14 8 97 8 60 44 35 84 50 27 57 93 15 4 88 1 80 0 29
61 32 56 95 6 72 14 69 53 61 74 32 60 89 46 31 51 6 100 86 81 33 42 25 16 84 44 17 96 18 49 44 10 59 12 15 88 100 57 84 32 49 16 26 55 69 46 100 29 0
BRBBRRBBRRRRBRBBBBBRRRBRBBBRRBRBBRRBBRBRBBBRBRRRRR