50
0 59 52 78 72 1 77 82 67 77 70 1 66 65 79 71 80 1 99 63 68 59 96 49 66 89 71 49 50 53 90 73 67 86 93 96 99 83 49 52 73 62 56 67 61 1 86 86 73 84
59 0 90 65 57 70 62 57 87 49 78 92 79 51 98 1 61 56 98 54 92 77 85 81 93 81 82 1 51 57 50 92 89 92 61 56 66 81 79 84 78 82 1 91 96 85 1 63 85 70
52 90 0 70 84 75 97 69 62 62 74 56 55 1 69 70 90 53 61 98 52 97 60 60 51 58 74 77 82 50 60 90 1 85 72 59 69 89 79 75 62 95 50 70 100 74 75 99 1 1
78 65 70 0 52 84 86 89 63 93 76 84 51 88 83 83 49 57 50 100 58 58 78 70 54 84 77 59 1 64 63 70 88 93 60 90 99 59 1 74 49 1 61 1 81 49 52 58 92 86
72 57 84 52 0 73 92 69 79 71 65 63 54 95 72 79 52 70 77 1 62 90 74 74 10 77 1 59 100 70 74 70 76 98 73 1 97 95 66 63 79 58 68 67 1 71 87 98 92 81
1 70 75 84 73 0 85 88 56 87 94 1 90 50 61 57 70 1 53 97 49 54 65 69 59 73 76 49 54 58 10 60 50 96 63 76 88 76 97 73 75 93 54 56 60 1 80 71 90 50
77 62 97 86 92 85 0 68 74 78 61 79 91 67 1 73 81 98 98 53 72 49 1 97 76 72 10 99 80 52 74 50 78 1 56 68 83 68 54 65 75 67 89 77 91 64 94 1 80 79
82 57 69 89 69 88 68 0 100 1 59 94 49 67 65 83 64 69 1 98 82 100 54 82 93 56 81 71 74 57 67 1 91 64 92 53 1 76 49 60 98 54 63 50 54 66 78 83 93 60
67 87 62 63 79 56 74 100 0 80 86 96 1 75 54 66 100 96 91 57 49 55 99 1 79 64 53 100 100 64 81 78 91 84 77 62 65 1 93 84 1 84 97 60 81 10 58 56 83 77
77 49 62 93 71 87 78 1 80 0 71 100 53 77 86 56 75 68 1 75 55 51 61 97 98 68 59 96 82 67 99 1 65 61 97 60 1 92 61 75 76 85 92 50 51 79 70 56 99 94
70 78 74 76 65 94 61 59 86 71 0 58 92 84 84 65 1 89 62 62 1 1 70 55 91 89 81 100 76 84 1 100 88 51 93 68 62 49 87 85 56 67 67 55 73 89 80 49 99 88
1 92 56 84 63 1 79 94 96 100 58 0 81 81 61 58 51 1 98 83 80 51 64 74 71 77 54 91 77 68 90 49 81 58 64 94 83 80 83 60 80 71 79 52 99 1 82 62 68 90
66 79 55 51 54 90 91 49 1 53 92 81 0 96 62 50 72 60 100 56 76 85 85 1 60 74 69 54 66 96 100 52 70 54 78 60 65 1 66 95 1 66 55 62 54 89 92 54 79 56
65 51 1 88 95 50 67 67 75 77 84 81 96 0 87 67 77 82 75 88 88 76 66 96 63 61 89 78 70 52 94 78 1 96 69 76 10 95 72 86 83 94 74 54 64 69 49 75 1 1
79 98 69 83 72 61 1 65 54 86 84 61 62 87 0 82 50 70 82 82 84 60 1 77 65 77 57 75 95 81 58 88 62 1 51 69 89 97 70 67 69 54 83 75 99 95 69 1 81 99
71 1 70 83 79 57 73 83 66 56 65 58 50 67 82 0 56 53 84 52 62 68 100 52 82 94 91 1 80 58 61 61 49 82 98 87 65 77 61 98 85 55 1 54 99 59 1 60 89 60
80 61 90 49 52 70 81 64 100 75 1 51 72 77 50 56 0 76 62 75 1 1 98 82 54 81 98 98 93 85 1 10 83 85 66 64 79 76 97 97 59 90 64 98 97 88 85 82 73 100
1 56 53 57 70 1 98 69 96 68 89 1 60 82 70 53 76 0 54 59 76 70 71 97 51 83 81 96 71 63 61 81 61 83 91 63 100 92 78 98 90 74 71 66 97 1 97 58 92 80
99 98 61 50 77 53 98 1 91 1 62 98 100 75 82 84 62 54 0 88 97 93 68 98 73 77 83 56 67 52 51 1 66 57 70 89 1 69 50 62 62 75 88 93 67 75 74 85 95 73
63 54 98 100 1 97 53 98 57 75 62 83 56 88 82 52 75 59 88 0 74 49 100 91 82 96 1 72 67 54 100 93 86 81 73 1 83 70 92 80 90 57 81 52 1 98 56 79 59 96
68 92 52 58 62 49 72 82 49 55 1 80 76 88 84 62 1 76 97 74 0 1 92 84 63 58 70 74 58 52 1 88 62 91 58 61 61 85 53 67 96 73 66 93 95 62 64 72 92 67
59 77 97 58 90 54 49 100 55 51 1 51 85 76 60 68 1 70 93 49 1 0 100 52 80 49 94 86 98 84 1 54 77 79 91 91 50 87 75 92 81 63 51 53 72 73 97 72 67 95
96 85 60 78 74 65 1 54 99 61 70 64 85 66 1 100 98 71 68 100 92 100 0 53 91 73 56 95 49 90 51 98 86 1 52 59 99 59 49 68 84 57 89 58 93 91 96 1 96 53
49 81 60 70 74 69 97 82 1 97 55 74 1 96 77 52 82 97 98 91 84 52 53 0 85 72 94 88 52 49 86 95 66 58 61 98 61 1 68 76 1 59 61 68 72 83 71 64 88 88
66 93 51 54 10 59 76 93 79 98 91 71 60 63 65 82 54 51 73 82 63 80 91 85 0 1 79 67 91 1 49 91 66 61 1 87 77 92 58 1 99 93 51 83 99 95 74 62 96 81
89 81 58 84 77 73 72 56 64 68 89 77 74 61 77 94 81 83 77 96 58 49 73 72 1 0 57 76 49 1 99 71 73 69 1 54 55 59 76 1 97 66 84 65 99 69 71 96 66 82
71 82 74 77 1 76 10 81 53 59 81 54 69 89 57 91 98 81 83 1 70 94 56 94 79 57 0 60 52 84 63 58 55 65 89 1 84 85 81 82 69 57 78 52 1 95 75 88 59 64
49 1 77 59 59 49 99 71 100 96 100 91 54 78 75 1 98 96 56 72 74 86 95 88 67 76 60 0 63 87 64 74 82 97 84 71 90 93 49 66 96 76 1 63 49 74 1 85 10 59
50 51 82 1 100 54 80 74 100 82 76 77 66 70 95 80 93 71 67 67 58 98 49 52 91 49 52 63 0 10 83 85 82 58 58 51 50 65 1 58 60 1 89 1 65 92 88 88 81 74
53 57 50 64 70 58 52 57 64 67 84 68 96 52 81 58 85 63 52 54 52 84 90 49 1 1 84 87 10 0 77 80 68 77 1 76 97 56 59 1 58 85 96 74 69 74 96 99 74 83
90 50 60 63 74 10 74 67 81 99 1 90 100 94 58 61 1 61 51 100 1 1 51 86 49 99 63 64 83 77 0 76 85 63 66 93 75 65 50 60 51 97 56 89 86 79 87 95 93 65
73 92 90 70 70 60 50 1 78 1 100 49 52 78 88 61 10 81 1 93 88 54 98 95 91 71 58 74 85 80 76 0 56 53 76 79 1 60 99 51 79 59 93 78 54 85 64 86 80 57
67 89 1 88 76 50 78 91 91 65 88 81 70 1 62 49 83 61 66 86 62 77 86 66 66 73 55 82 82 68 85 56 0 87 79 87 59 95 71 96 87 50 85 50 66 97 97 93 1 1
86 92 85 93 98 96 1 64 84 61 51 58 54 96 1 82 85 83 57 81 91 79 1 58 61 69 65 97 58 77 63 53 87 0 84 77 75 62 74 70 87 59 77 77 83 96 57 1 49 84
93 61 72 60 73 63 56 92 77 97 93 64 78 69 51 98 66 91 70 73 58 91 52 61 1 1 89 84 58 1 66 76 79 84 0 86 72 63 78 1 51 76 75 72 94 90 50 90 56 71
96 56 59 90 1 76 68 53 62 60 68 94 60 76 69 87 64 63 89 1 61 91 59 98 87 54 1 71 51 76 93 79 87 77 86 0 70 72 92 56 59 84 55 77 1 98 89 65 74 60
99 66 69 99 97 88 83 1 65 1 62 83 65 10 89 65 79 100 1 83 61 50 99 61 77 55 84 90 50 97 75 1 59 75 72 70 0 64 72 86 79 61 75 54 91 81 100 55 79 78
83 81 89 59 95 76 68 76 1 92 49 80 1 95 97 77 76 92 69 70 85 87 59 1 92 59 85 93 65 56 65 60 95 62 63 72 64 0 90 82 1 100 100 84 94 95 64 73 90 62
49 79 79 1 66 97 54 49 93 61 87 83 66 72 70 61 97 78 50 92 53 75 49 68 58 76 81 49 1 59 50 99 71 74 78 92 72 90 0 50 86 1 96 1 62 52 10 75 82 98
52 84 75 74 63 73 65 60 84 75 85 60 95 86 67 98 97 98 62 80 67 92 68 76 1 1 82 66 58 1 60 51 96 70 1 56 86 82 50 0 55 99 89 49 80 79 52 98 85 79
73 78 62 49 79 75 75 98 1 76 56 80 1 83 69 85 59 90 62 90 96 81 84 1 99 97 69 96 60 58 51 79 87 87 51 59 79 1 86 55 0 56 81 95 53 96 53 80 81 62
62 82 95 1 58 93 67 54 84 85 67 71 66 94 54 55 90 74 75 57 73 63 57 59 93 66 57 76 1 85 97 59 50 59 76 84 61 100 1 99 56 0 67 1 84 55 78 60 56 60
56 1 50 61 68 54 89 63 97 92 67 79 55 74 83 1 64 71 88 81 66 51 89 61 51 84 78 1 89 96 56 93 85 77 75 55 75 100 96 89 81 67 0 79 87 97 1 58 94 50
67 91 70 1 67 56 77 50 60 50 55 52 62 54 75 54 98 66 93 52 93 53 58 68 83 65 52 63 1 74 89 78 50 77 72 77 54 84 1 49 95 1 79 0 78 86 63 82 96 80
61 96 100 81 1 60 91 54 81 51 73 99 54 64 99 99 97 97 67 1 95 72 93 72 99 99 1 49 65 69 86 54 66 83 94 1 91 94 62 80 53 84 87 78 0 92 96 76 63 100
1 85 74 49 71 1 64 66 10 79 89 1 89 69 95 59 88 1 75 98 62 73 91 83 95 69 95 74 92 74 79 85 97 96 90 98 81 95 52 79 96 55 97 86 92 0 99 86 72 64
86 1 75 52 87 80 94 78 58 70 80 82 92 49 69 1 85 97 74 56 64 97 96 71 74 71 75 1 88 96 87 64 97 57 50 89 100 64 10 52 53 78 1 63 96 99 0 73 82 54
86 63 99 58 98 71 1 83 56 56 49 62 54 75 1 60 82 58 85 79 72 72 1 64 62 96 88 85 88 99 95 86 93 1 90 65 55 73 75 98 80 60 58 82 76 86 73 0 96 75
73 85 1 92 92 90 80 93 83 99 99 68 79 1 81 89 73 92 95 59 92 67 96 88 96 66 59 10 81 74 93 80 1 49 56 74 79 90 82 85 81 56 94 96 63 72 82 96 0 1
84 70 1 86 81 50 79 60 77 94 88 90 56 1 99 60 100 80 73 96 67 95 53 88 81 82 64 59 74 83 65 57 1 84 71 60 78 62 98 79 62 60 50 80 100 64 54 75 1 0
BBBRBRRBBRBBBBRRBRBBRRBRRRBRBRBRRRBRRRBBBBBRRRRBBR
