50
0 86 35 24 29 68 73 60 29 40 90 58 90 35 4 25 99 53 87 12 84 30 6 87 8 81 77 24 85 66 90 24 69 99 53 36 66 39 89 72 23 99 77 44 58 33 61 7 91 52
86 0 79 81 34 5 92 47 92 94 4 70 6 78 38 66 78 14 34 97 75 68 9 75 78 33 73 19 2 77 81 27 90 64 75 38 96 85 3 17 13 33 23 64 66 14 50 92 81 84
35 79 0 42 48 11 95 72 8 22 64 87 6 82 75 27 67 53 95 99 38 7 37 52 46 67 52 78 97 12 88 0 25 22 55 54 98 31 83 72 42 26 13 58 37 23 2 8 69 29
24 81 42 0 19 74 46 88 45 87 28 31 80 3 29 72 16 29 48 31 75 61 78 32 73 66 58 7 45 84 0 34 68 54 53 29 69 26 57 39 86 84 15 79 36 31 86 84 31 9
29 34 48 19 0 44 47 50 69 47 90 7 14 47 68 26 0 16 81 8 46 27 92 80 34 91 67 7 19 9 75 54 57 83 52 87 83 82 8 55 65 88 79 21 16 24 30 86 2 0
68 5 11 74 44 0 87 97 24 30 29 6 25 80 29 67 72 26 40 8 3 51 34 33 4 90 61 57 20 37 36 35 73 57 10 19 70 83 87 77 45 33 94 67 71 24 5 35 41 12
73 92 95 46 47 87 0 47 93 67 4 54 49 68 9 18 61 77 25 85 33 79 53 73 89 27 4 65 43 84 96 27 89 34 51 81 64 76 20 37 72 36 1 22 52 81 76 18 27 68
60 47 72 88 50 97 47 0 16 60 83 4 63 62 100 64 86 37 0 23 20 48 15 13 19 87 82 41 84 19 19 63 25 49 99 16 41 53 50 74 3 29 53 72 45 78 22 62 95 38
29 92 8 45 69 24 93 16 0 4 62 49 12 7 97 73 53 83 4 27 5 82 94 46 58 28 6 69 92 35 77 100 12 9 6 67 82 23 1 37 41 62 0 14 48 93 48 76 62 5
40 94 22 87 47 30 67 60 4 0 48 17 22 68 95 55 95 93 39 38 90 90 93 13 1 82 68 100 73 24 26 81 18 80 34 70 41 55 77 7 30 88 23 39 17 2 42 41 8 91
90 4 64 28 90 29 4 83 62 48 0 91 6 44 23 12 38 43 85 25 51 13 22 83 12 55 51 47 80 55 58 79 3 30 53 12 17 45 92 91 35 4 97 50 53 7 78 34 4 51
58 70 87 31 7 6 54 4 49 17 91 0 33 63 64 71 43 71 6 71 0 99 7 25 89 7 34 82 98 66 15 63 58 99 100 46 9 29 19 67 81 82 20 79 86 29 65 50 68 82
90 6 6 80 14 25 49 63 12 22 6 33 0 18 97 20 45 14 64 99 4 45 56 66 94 11 37 74 48 86 80 70 97 83 37 40 41 14 96 67 86 2 6 98 74 6 72 58 56 32
35 78 82 3 47 80 68 62 7 68 44 63 18 0 78 91 66 63 42 56 52 66 90 41 37 96 23 47 21 24 16 37 71 94 84 5 4 81 81 56 75 99 60 75 59 39 3 22 53 15
4 38 75 29 68 29 9 100 97 95 23 64 97 78 0 36 98 32 61 29 10 58 6 53 76 73 34 28 55 82 80 21 73 62 80 55 94 93 68 71 95 44 97 8 87 70 37 93 55 39
25 66 27 72 26 67 18 64 73 55 12 71 20 91 36 0 43 69 88 51 6 40 95 70 4 81 41 65 18 46 86 74 38 23 31 6 34 59 80 5 51 83 92 0 22 20 79 29 13 28
99 78 67 16 0 72 61 86 53 95 38 43 45 66 98 43 0 83 50 45 64 72 94 25 15 80 96 20 36 41 33 33 46 95 42 33 93 42 98 2 69 45 66 99 63 80 61 40 79 89
53 14 53 29 16 26 77 37 83 93 43 71 14 63 32 69 83 0 98 13 80 4 36 99 82 30 78 10 64 83 23 37 48 59 71 67 49 12 23 67 71 87 24 98 40 91 47 81 10 76
87 34 95 48 81 40 25 0 4 39 85 6 64 42 61 88 50 98 0 87 77 92 41 11 76 73 59 49 84 33 82 5 56 4 82 27 47 45 97 5 76 0 90 31 41 22 5 49 67 4
12 97 99 31 8 8 85 23 27 38 25 71 99 56 29 51 45 13 87 0 79 15 82 88 3 64 60 93 5 67 95 34 51 47 78 46 98 48 55 96 36 12 30 86 50 28 15 30 45 20
84 75 38 75 46 3 33 20 5 90 51 0 4 52 10 6 64 80 77 79 0 13 84 100 7 11 68 84 1 73 51 7 90 25 23 77 74 41 17 76 93 16 77 84 99 21 22 19 88 39
30 68 7 61 27 51 79 48 82 90 13 99 45 66 58 40 72 4 92 15 13 0 5 60 25 91 73 41 21 86 64 42 20 55 73 87 100 29 50 86 12 5 2 43 62 88 14 40 67 76
6 9 37 78 92 34 53 15 94 93 22 7 56 90 6 95 94 36 41 82 84 5 0 50 41 78 75 52 88 22 13 96 65 96 83 91 73 52 82 10 85 21 63 20 8 44 80 80 11 0
87 75 52 32 80 33 73 13 46 13 83 25 66 41 53 70 25 99 11 88 100 60 50 0 69 49 23 47 28 48 9 96 65 18 91 36 28 91 77 0 7 5 43 41 83 63 95 53 16 84
8 78 46 73 34 4 89 19 58 1 12 89 94 37 76 4 15 82 76 3 7 25 41 69 0 15 78 14 26 43 66 30 16 22 40 84 59 23 90 86 26 36 99 80 100 38 62 90 16 22
81 33 67 66 91 90 27 87 28 82 55 7 11 96 73 81 80 30 73 64 11 91 78 49 15 0 1 7 61 33 0 88 46 71 77 57 48 68 76 59 83 28 58 15 87 35 22 41 81 48
77 73 52 58 67 61 4 82 6 68 51 34 37 23 34 41 96 78 59 60 68 73 75 23 78 1 0 90 65 18 6 91 22 82 7 35 14 9 78 60 86 46 9 18 90 64 77 53 4 90
24 19 78 7 7 57 65 41 69 100 47 82 74 47 28 65 20 10 49 93 84 41 52 47 14 7 90 0 77 11 45 69 44 48 55 27 83 4 76 27 75 51 52 79 98 69 25 15 52 27
85 2 97 45 19 20 43 84 92 73 80 98 48 21 55 18 36 64 84 5 1 21 88 28 26 61 65 77 0 62 68 32 5 78 73 82 69 76 71 36 79 39 27 98 53 75 67 48 26 31
66 77 12 84 9 37 84 19 35 24 55 66 86 24 82 46 41 83 33 67 73 86 22 48 43 33 18 11 62 0 68 78 68 58 43 91 90 26 57 45 20 10 6 81 18 26 20 34 61 69
90 81 88 0 75 36 96 19 77 26 58 15 80 16 80 86 33 23 82 95 51 64 13 9 66 0 6 45 68 68 0 99 48 76 4 41 97 11 41 44 49 61 96 85 19 81 73 68 66 98
24 27 0 34 54 35 27 63 100 81 79 63 70 37 21 74 33 37 5 34 7 42 96 96 30 88 91 69 32 78 99 0 77 61 65 86 10 88 35 77 63 8 68 83 72 62 21 2 17 60
69 90 25 68 57 73 89 25 12 18 3 58 97 71 73 38 46 48 56 51 90 20 65 65 16 46 22 44 5 68 48 77 0 87 71 61 8 83 15 51 8 47 70 32 41 78 10 59 88 60
99 64 22 54 83 57 34 49 9 80 30 99 83 94 62 23 95 59 4 47 25 55 96 18 22 71 82 48 78 58 76 61 87 0 37 48 5 16 57 53 55 90 81 19 1 3 9 88 5 100
53 75 55 53 52 10 51 99 6 34 53 100 37 84 80 31 42 71 82 78 23 73 83 91 40 77 7 55 73 43 4 65 71 37 0 75 85 54 100 61 26 89 81 22 36 15 84 2 61 58
36 38 54 29 87 19 81 16 67 70 12 46 40 5 55 6 33 67 27 46 77 87 91 36 84 57 35 27 82 91 41 86 61 48 75 0 79 36 76 33 73 19 83 48 0 90 0 18 27 44
66 96 98 69 83 70 64 41 82 41 17 9 41 4 94 34 93 49 47 98 74 100 73 28 59 48 14 83 69 90 97 10 8 5 85 79 0 89 88 99 29 56 90 12 41 61 9 49 94 88
39 85 31 26 82 83 76 53 23 55 45 29 14 81 93 59 42 12 45 48 41 29 52 91 23 68 9 4 76 26 11 88 83 16 54 36 89 0 51 33 17 56 14 98 77 40 96 61 23 18
89 3 83 57 8 87 20 50 1 77 92 19 96 81 68 80 98 23 97 55 17 50 82 77 90 76 78 76 71 57 41 35 15 57 100 76 88 51 0 94 82 72 94 14 80 81 84 41 30 34
72 17 72 39 55 77 37 74 37 7 91 67 67 56 71 5 2 67 5 96 76 86 10 0 86 59 60 27 36 45 44 77 51 53 61 33 99 33 94 0 76 33 48 52 91 34 40 15 78 86
23 13 42 86 65 45 72 3 41 30 35 81 86 75 95 51 69 71 76 36 93 12 85 7 26 83 86 75 79 20 49 63 8 55 26 73 29 17 82 76 0 43 97 12 43 81 17 7 27 42
99 33 26 84 88 33 36 29 62 88 4 82 2 99 44 83 45 87 0 12 16 5 21 5 36 28 46 51 39 10 61 8 47 90 89 19 56 56 72 33 43 0 4 14 23 28 74 51 56 65
77 23 13 15 79 94 1 53 0 23 97 20 6 60 97 92 66 24 90 30 77 2 63 43 99 58 9 52 27 6 96 68 70 81 81 83 90 14 94 48 97 4 0 12 0 1 38 82 0 82
44 64 58 79 21 67 22 72 14 39 50 79 98 75 8 0 99 98 31 86 84 43 20 41 80 15 18 79 98 81 85 83 32 19 22 48 12 98 14 52 12 14 12 0 20 50 55 17 70 46
58 66 37 36 16 71 52 45 48 17 53 86 74 59 87 22 63 40 41 50 99 62 8 83 100 87 90 98 53 18 19 72 41 1 36 0 41 77 80 91 43 23 0 20 0 26 17 83 16 56
33 14 23 31 24 24 81 78 93 2 7 29 6 39 70 20 80 91 22 28 21 88 44 63 38 35 64 69 75 26 81 62 78 3 15 90 61 40 81 34 81 28 1 50 26 0 67 93 45 72
61 50 2 86 30 5 76 22 48 42 78 65 72 3 37 79 61 47 5 15 22 14 80 95 62 22 77 25 67 20 73 21 10 9 84 0 9 96 84 40 17 74 38 55 17 67 0 40 5 61
7 92 8 84 86 35 18 62 76 41 34 50 58 22 93 29 40 81 49 30 19 40 80 53 90 41 53 15 48 34 68 2 59 88 2 18 49 61 41 15 7 51 82 17 83 93 40 0 97 61
91 81 69 31 2 41 27 95 62 8 4 68 56 53 55 13 79 10 67 45 88 67 11 16 16 81 4 52 26 61 66 17 88 5 61 27 94 23 30 78 27 56 0 70 16 45 5 97 0 45
52 84 29 9 0 12 68 38 5 91 51 82 32 15 39 28 89 76 4 20 39 76 0 84 22 48 90 27 31 69 98 60 60 100 58 44 88 18 34 86 42 65 82 46 56 72 61 61 45 0
RRRRRRRRRRRRRRRRRRRRRRRRRBBBBBBBBBBBBBBBBBBBBBBBBB