50
   0   2   5  11  29  14   6  10  28   6  11   5   5  13   3  14   8   3  22  29  26  13   1   7  23  12   8  28  14   3  20   4   6  16  16  10   6   5  29  26   2  12  27   8  21  14  17  23   3   5
   2   0   5  21  16  19  12  11  16  27  12  12   6   3   1  22  14   7  22   5   6  19  15   2   5  23  19  22   5  15  20  27  17   7  18  14  17  10   7   5   7  29   8   8  23   4   5  29  21  86
   5   5   0  12  28   6   8  23  27  15  15  20   2   6   8  15  19  11  17  16  28  20   4  26  19   5   8  29  23   9  26  12  14  24  18   3  17  13  20   5  16  26  14   9   2  28  19  13  26  76
  11  21  12   0   4   5  18  27  20   9  10  13  23  13  28  10  16   3  12   7  14  11   5  29   2   5  21   6  18  23  19  27  18  21   5  16   8  23  25  28  13  10  21   2  10  20  14  26   7  89
  29  16  28   4   0  20  10   5  10  29   6  22  12   3  16  27   6   5  26   6  10  27   6  29  28   7  27  24  12   7   4   9   9  15   5  14  10  29  24  15  19  18  14  16  13   2   4   7   9  94
  14  19   6   5  20   0  15   7  14  28  12   5   3  25  18  13  11   8  26  27   7  17  25   1   6  18  28  13  14  12  20  14  11   7   2   5  15  11  17  16  26  22  15  22  28   3  22   3  14  87
   6  12   8  18  10  15   0  21   6   6  11   2   9   4   3   9   7  21  22  17  22   5   1  28  22   1  10  24   4   8  29  16  16  11   5  26   7  22  10   4   5   4  14   1  14   3   8  26   8  84
  10  11  23  27   5   7  21   0   3  24   8   1  22   3  16   9  11   6  23  19   1   4  20  12   5   5  15  22   5  26  26   6  10  27  26  13   7   8  24  12   5  17   5  26  21  22  15  15  11  74
  28  16  27  20  10  14   6   3   0   5   7  25  18  29   9   6  23   8  23   5  20   2  14  11   5  10  21  26  29   9   5  29  21   2  18   7  23  15   3  27  12  29   4  19   7  29   9  10   5  91
   6  27  15   9  29  28   6  24   5   0  11  10  13   5  24   3  17  13  11  21   9   1  25   5  13  13   2  19  18   5   9  12   3  24  18  12   3   9  12  18   8  17   2  20  25   5   5   7   5  81
  11  12  15  10   6  12  11   8   7  11   0   4  10  14  21  10  24  16   5  21  14  26   8  18   9  24  27   1  27  19  10  16   7  10  12  10   6   2  17   2   6   2  19   2  22  22  19  29   5  89
   5  12  20  13  22   5   2   1  25  10   4   0   3  14   2  27  28   1  20  16  18  23   2  18   9  12  14  19  19   7   6   2  20  13   3  13  21   6   6   5  17  13  22  15  24  15   1   5  23   7
   5   6   2  23  12   3   9  22  18  13  10   3   0  16   5  20  15  22  11   5  27  22  23   8  20   7  25  23  25  11   8   6  10  10  23   1   3  26  26  15  12  19  20  17   2  24  28   4  27  96
  13   3   6  13   3  25   4   3  29   5  14  14  16   0   5   9   5   8   5   7  10  14  26  11  21  17  22   9   5   1  26   9  13  29   7   9  18  28  17  12   2  13   5   1  13   8   4   6  11  75
   3   1   8  28  16  18   3  16   9  24  21   2   5   5   0  11   9  25   3   9   3   4   4  29  21  29  15  15  14   4  20  24  19  18  12   8  22   1  24   2   7  16   6   9  26  28  18   5  21  81
  14  22  15  10  27  13   9   9   6   3  10  27  20   9  11   0  29  25   3  15   6  21  22   4   2  16  29   3  20  16  15  22  29  15  28  21   6  24   5  29  17  16   9  23  27   5  20  13  13  74
   8  14  19  16   6  11   7  11  23  17  24  28  15   5   9  29   0   6   3   6  12   5  19   2   6  18   5   5  14  22  17  17   4   5   8   3  13  17  10  24  23  10   5  13   8  25   1   8   4  97
   3   7  11   3   5   8  21   6   8  13  16   1  22   8  25  25   6   0  24  14  18  16  28   5  28  13  17  15  23  27  28  21   9  23  10  19   5  26   5   7  25  17  13  29  15  13  18   5  15  74
  22  22  17  12  26  26  22  23  23  11   5  20  11   5   3   3   3  24   0  13   9  17  24  13  24  22  26   7   7  17   5  21   5  17  11  10  28   4  14   6  25  24  23   9  12  23   5  29  24  72
  29   5  16   7   6  27  17  19   5  21  21  16   5   7   9  15   6  14  13   0  29   5   3   8  26   1   5   7   2  17  17   1  28  28  11  12   9  14  12  24   5  25  27   6   7  26  14   7  24  76
  26   6  28  14  10   7  22   1  20   9  14  18  27  10   3   6  12  18   9  29   0   9   1  26  20   5  21  29   8  21  22   4  14   1  11   4   5   6   8  25  21  13   7  23   5  15  29  29  13  94
  13  19  20  11  27  17   5   4   2   1  26  23  22  14   4  21   5  16  17   5   9   0  11   9  10  28  11  16  24  28  15  16  10  18   6   6  17  25  13   4  17  16  22  23   1  23  24  25   1  80
   1  15   4   5   6  25   1  20  14  25   8   2  23  26   4  22  19  28  24   3   1  11   0  16  29   4  22  17   4  19  26  15   7   7  12  25  22  14   8  21  14  13   7  24   8   8  20  23   6  89
   7   2  26  29  29   1  28  12  11   5  18  18   8  11  29   4   2   5  13   8  26   9  16   0   1  25   5  24  11  27  10  15   5   7  14  19   1  20  15  24  21  25   6   9  11  12  22  28  29  76
  23   5  19   2  28   6  22   5   5  13   9   9  20  21  21   2   6  28  24  26  20  10  29   1   0  24   2  14  10  14   5  19  17  13  22   8  17   2   8  26  19   5   1  19   6  13  15  14  14  81
  12  23   5   5   7  18   1   5  10  13  24  12   7  17  29  16  18  13  22   1   5  28   4  25  24   0  29   5   5  15   4   1  25  19  28  16  13  20  13  14   8  23  12   3  12   7  24  10  24  70
   8  19   8  21  27  28  10  15  21   2  27  14  25  22  15  29   5  17  26   5  21  11  22   5   2  29   0  20  20  12  13   5  20   2  24   5  25   5  28   8  16  17   2   9  16  27  21  28  12  91
  28  22  29   6  24  13  24  22  26  19   1  19  23   9  15   3   5  15   7   7  29  16  17  24  14   5  20   0  21   8  15  17   5  11  17  29   5  12   3   6   3   5  11   7   8  19   5   9   3  84
  14   5  23  18  12  14   4   5  29  18  27  19  25   5  14  20  14  23   7   2   8  24   4  11  10   5  20  21   0  14  17  21  19  24  21   7  23  25  21  10  21  29  23   8   4  24  15  29   1  84
   3  15   9  23   7  12   8  26   9   5  19   7  11   1   4  16  22  27  17  17  21  28  19  27  14  15  12   8  14   0  26  22   3  26  13  22   5  10   8   2   6  21  19  17   5  29   5  28  22  78
  20  20  26  19   4  20  29  26   5   9  10   6   8  26  20  15  17  28   5  17  22  15  26  10   5   4  13  15  17  26   0   5   4  19  12  16  24  29  20   6   7   9  14  24   2   7  24  28  17  94
   4  27  12  27   9  14  16   6  29  12  16   2   6   9  24  22  17  21  21   1   4  16  15  15  19   1   5  17  21  22   5   0  25   7   5   5  29   3   4  10  27  23  15  22  13  21  28  26  24  96
   6  17  14  18   9  11  16  10  21   3   7  20  10  13  19  29   4   9   5  28  14  10   7   5  17  25  20   5  19   3   4  25   0   5   7   1   4  15   8   1  18  16  18  22  21   2   7   4   7  93
  16   7  24  21  15   7  11  27   2  24  10  13  10  29  18  15   5  23  17  28   1  18   7   7  13  19   2  11  24  26  19   7   5   0   7  23  12  24   8  13  13  17  24   5  21  14  13  18   4  88
  16  18  18   5   5   2   5  26  18  18  12   3  23   7  12  28   8  10  11  11  11   6  12  14  22  28  24  17  21  13  12   5   7   7   0   3  17   2  10   8   2  22  10  17  14  13  13  27  18  95
  10  14   3  16  14   5  26  13   7  12  10  13   1   9   8  21   3  19  10  12   4   6  25  19   8  16   5  29   7  22  16   5   1  23   3   0  11  18  19   6  21  14  15   2   5  24  11  24   9  75
   6  17  17   8  10  15   7   7  23   3   6  21   3  18  22   6  13   5  28   9   5  17  22   1  17  13  25   5  23   5  24  29   4  12  17  11   0  10  10   2  10  26  28  15   6  24  19  23  27  87
   5  10  13  23  29  11  22   8  15   9   2   6  26  28   1  24  17  26   4  14   6  25  14  20   2  20   5  12  25  10  29   3  15  24   2  18  10   0  14  17  17  25   6   5   4   6  10  15  28  91
  29   7  20  25  24  17  10  24   3  12  17   6  26  17  24   5  10   5  14  12   8  13   8  15   8  13  28   3  21   8  20   4   8   8  10  19  10  14   0  26  18   5  20  23  18   4  18  10  29   3
  26   5   5  28  15  16   4  12  27  18   2   5  15  12   2  29  24   7   6  24  25   4  21  24  26  14   8   6  10   2   6  10   1  13   8   6   2  17  26   0  20  24  24  28   5  10  13   8   2  81
   2   7  16  13  19  26   5   5  12   8   6  17  12   2   7  17  23  25  25   5  21  17  14  21  19   8  16   3  21   6   7  27  18  13   2  21  10  17  18  20   0   5  11  11   2   9  23   7  21  80
  12  29  26  10  18  22   4  17  29  17   2  13  19  13  16  16  10  17  24  25  13  16  13  25   5  23  17   5  29  21   9  23  16  17  22  14  26  25   5  24   5   0  12   5  12  19  11  18   7   5
  27   8  14  21  14  15  14   5   4   2  19  22  20   5   6   9   5  13  23  27   7  22   7   6   1  12   2  11  23  19  14  15  18  24  10  15  28   6  20  24  11  12   0  23  28  18   6   6   7  82
   8   8   9   2  16  22   1  26  19  20   2  15  17   1   9  23  13  29   9   6  23  23  24   9  19   3   9   7   8  17  24  22  22   5  17   2  15   5  23  28  11   5  23   0  12   6   7  22  23  86
  21  23   2  10  13  28  14  21   7  25  22  24   2  13  26  27   8  15  12   7   5   1   8  11   6  12  16   8   4   5   2  13  21  21  14   5   6   4  18   5   2  12  28  12   0  26   8  23  27  75
  14   4  28  20   2   3   3  22  29   5  22  15  24   8  28   5  25  13  23  26  15  23   8  12  13   7  27  19  24  29   7  21   2  14  13  24  24   6   4  10   9  19  18   6  26   0  12  10  11  71
  17   5  19  14   4  22   8  15   9   5  19   1  28   4  18  20   1  18   5  14  29  24  20  22  15  24  21   5  15   5  24  28   7  13  13  11  19  10  18  13  23  11   6   7   8  12   0   5   9  91
  23  29  13  26   7   3  26  15  10   7  29   5   4   6   5  13   8   5  29   7  29  25  23  28  14  10  28   9  29  28  28  26   4  18  27  24  23  15  10   8   7  18   6  22  23  10   5   0  14  99
   3  21  26   7   9  14   8  11   5   5   5  23  27  11  21  13   4  15  24  24  13   1   6  29  14  24  12   3   1  22  17  24   7   4  18   9  27  28  29   2  21   7   7  23  27  11   9  14   0  77
   5  86  76  89  94  87  84  74  91  81  89   7  96  75  81  74  97  74  72  76  94  80  89  76  81  70  91  84  84  78  94  96  93  88  95  75  87  91   3  81  80   5  82  86  75  71  91  99  77   0
BRBRRBRRRBRBRRBBRBBRBBBBBRRBBBRBRBBRRBRRBBBRRRRRBR
