50
0 15 4 27 78 18 53 46 45 53 35 42 70 69 56 60 44 49 99 52 78 43 47 65 24 44 40 55 43 41 75 78 40 39 53 48 94 18 71 90 81 70 27 27 79 58 8 30 55 35 
15 0 51 82 77 61 44 14 78 41 57 34 47 56 39 73 50 71 43 54 31 34 78 48 73 40 41 43 39 40 82 27 77 38 29 57 59 40 56 86 66 58 30 40 34 24 41 49 90 46  
4 51 0 72 37 52 87 52 43 59 55 70 25 62 64 75 61 55 68 53 47 50 5 45 77 63 50 80 40 38 53 66 55 33 44 36 32 57 46 61 34 82 66 51 68 43 66 55 42 21 
27 82 72 0 40 44 38 27 25 39 63 85 51 81 76 25 66 59 65 35 82 56 82 46 30 48 81 42 56 55 28 52 45 32 8 28 60 14 57 69 31 31 43 66 54 9 31 18 28 83 
78 77 37 40 0 47 63 56 48 55 17 13 53 35 48 31 40 42 41 80 38 60 43 78 56 41 63 79 70 22 58 42 4 34 14 98 45 47 66 50 19 82 54 29 43 40 91 93 67 39
18 61 52 44 47 0 85 51 66 53 32 24 49 55 65 41 21 65 58 57 82 40 71 71 93 23 95 70 59 61 82 60 20 55 59 59 45 61 60 41 48 48 53 24 27 36 28 36 49 59 
53 44 87 38 63 85 0 88 24 63 39 5 45 50 62 11 35 87 54 37 42 45 87 89 40 67 27 55 80 69 52 89 28 20 19 81 64 57 70 75 46 31 37 10 38 21 67 46 52 19
46 14 52 27 56 51 88 0 31 23 46 48 22 45 30 59 52 29 68 42 67 56 79 51 46 39 73 53 75 24 32 56 26 61 42 74 78 66 77 50 23 64 28 49 62 48 60 46 61 67 
45 78 43 25 48 66 24 31 0 53 86 50 39 51 53 54 37 31 19 94 78 73 67 50 29 60 14 57 83 49 38 59 31 40 70 53 68 66 35 84 49 61 54 45 35 52 37 40 56 19
53 41 59 39 55 53 63 23 53 0 42 60 27 33 80 40 50 77 32 25 69 24 85 36 38 58 69 30 59 79 47 10 19 80 78 59 44 50 16 9 34 26 55 44 46 48 37 18 70 68 
35 57 55 63 17 32 39 46 86 42 0 77 36 50 39 61 41 72 41 37 15 91 40 72 57 70 36 77 47 56 86 39 50 47 48 46 83 57 26 92 85 38 55 61 47 44 53 52 64 22 
42 34 70 85 13 24 5 48 50 60 77 0 35 38 66 25 73 72 32 23 49 72 39 50 20 32 8 20 86 19 64 81 36 81 80 21 30 65 47 58 32 22 46 38 88 36 79 27 66 31 
70 47 25 51 53 49 45 22 39 27 36 35 0 62 57 72 82 49 55 51 49 39 83 62 52 31 26 48 75 70 60 85 94 10 49 7 44 91 8 66 46 64 42 67 32 14 71 67 40 46
69 56 62 81 35 55 50 45 51 33 50 38 62 0 27 45 34 41 68 68 72 44 33 56 49 9 16 85 71 49 94 45 75 92 78 31 58 91 55 19 32 64 41 41 39 45 50 49 68 35
56 39 64 76 48 65 62 30 53 80 39 66 57 27 0 14 24 36 75 43 76 54 36 44 46 59 57 92 18 14 33 50 50 41 42 37 33 57 49 75 22 33 59 34 37 43 31 46 31 57 
60 73 75 25 31 41 11 59 54 40 61 25 72 45 14 0 50 9 82 48 90 27 66 52 34 45 15 21 46 84 74 54 13 91 27 75 73 47 81 73 73 39 51 23 23 24 100 36 48 52 
44 50 61 66 40 21 35 52 37 50 41 73 82 34 24 50 0 66 62 16 90 75 15 53 89 42 69 63 16 80 48 37 51 44 45 35 76 39 74 72 56 46 40 20 52 51 29 49 66 53
49 71 55 59 42 65 87 29 31 77 72 72 49 41 36 9 66 0 52 81 69 33 70 33 38 86 36 44 65 70 51 80 49 60 41 76 28 29 50 55 58 56 51 54 65 68 62 45 80 44
99 43 68 65 41 58 54 68 19 32 41 32 55 68 75 82 62 52 0 26 23 24 33 47 53 60 46 96 88 69 25 55 85 72 54 48 70 41 58 73 47 36 28 53 34 82 65 54 67 46 
52 54 53 35 80 57 37 42 94 25 37 23 51 68 43 48 16 81 26 0 56 38 58 86 84 83 66 41 50 47 52 96 50 52 22 11 95 18 63 44 82 95 87 56 74 46 71 41 50 20 
78 31 47 82 38 82 42 67 78 69 15 49 49 72 76 90 90 69 23 56 0 43 87 67 78 57 52 90 37 61 21 91 11 41 28 51 44 22 66 70 49 25 62 34 40 41 50 43 57 64 
43 34 50 56 60 40 45 56 73 24 91 72 39 44 54 27 75 33 24 38 43 0 63 49 46 46 50 72 69 66 53 93 67 46 41 42 18 81 75 27 49 51 60 37 76 68 13 19 52 74 
47 78 5 82 43 71 87 79 67 85 40 39 83 33 36 66 15 70 33 58 87 63 0 17 8 53 43 77 60 56 60 54 55 55 35 35 50 54 34 75 54 57 13 61 14 36 49 54 54 3
65 48 45 46 78 71 89 51 50 36 72 50 62 56 44 52 53 33 47 86 67 49 17 0 63 61 65 12 42 56 56 37 72 43 27 46 58 54 35 34 54 55 49 73 18 50 36 33 43 85 
24 73 77 30 56 93 40 46 29 38 57 20 52 49 46 34 89 38 53 84 78 46 8 63 0 13 74 69 58 59 27 51 51 23 54 42 75 69 80 38 36 23 33 69 48 32 54 51 44 28
44 40 63 48 41 23 67 39 60 58 70 32 31 9 59 45 42 86 60 83 57 46 53 61 13 0 17 74 54 39 70 66 31 51 57 79 77 53 33 91 54 46 61 69 6 67 78 51 39 92
40 41 50 81 63 95 27 73 14 69 36 8 26 16 57 15 69 36 46 66 52 50 43 65 74 17 0 18 56 45 73 65 22 41 37 36 63 91 34 40 19 74 31 50 53 24 69 74 64 42 
55 43 80 42 79 70 55 53 57 30 77 20 48 85 92 21 63 44 96 41 90 72 77 12 69 74 18 0 93 9 33 20 23 76 34 63 45 52 82 64 31 40 31 62 77 76 18 73 55 35
43 39 40 56 70 59 80 75 83 59 47 86 75 71 18 46 16 65 88 50 37 69 60 42 58 54 56 93 0 30 35 30 75 93 47 39 40 3 33 63 68 72 76 29 76 93 66 46 77 38
41 40 38 55 22 61 69 24 49 79 56 19 70 49 14 84 80 70 69 47 61 66 56 56 59 39 45 9 30 0 55 55 53 53 61 49 81 40 48 43 51 44 84 72 16 26 56 13 61 89
75 82 53 28 58 82 52 32 38 47 86 64 60 94 33 74 48 51 25 52 21 53 60 56 27 70 73 33 35 55 0 72 80 23 59 38 25 31 60 38 71 60 54 65 42 28 61 22 61 49 
78 27 66 52 42 60 89 56 59 10 39 81 85 45 50 54 37 80 55 96 91 93 54 37 51 66 65 20 30 55 72 0 20 43 75 36 47 10 61 25 45 40 56 95 75 46 52 55 89 37 
40 77 55 45 4 20 28 26 31 19 50 36 94 75 50 13 51 49 85 50 11 67 55 72 51 31 22 23 75 53 80 20 0 21 26 57 79 49 66 57 49 47 27 42 51 83 69 28 46 80
39 38 33 32 34 55 20 61 40 80 47 81 10 92 41 91 44 60 72 52 41 46 55 43 23 51 41 76 93 53 23 43 21 0 47 66 79 36 82 42 20 68 67 59 41 54 33 48 52 71 
53 29 44 8 14 59 19 42 70 78 48 80 49 78 42 27 45 41 54 22 28 41 35 27 54 57 37 34 47 61 59 75 26 47 0 64 87 56 34 73 80 59 68 20 22 46 42 71 41 64
48 57 36 28 98 59 81 74 53 59 46 21 7 31 37 75 35 76 48 11 51 42 35 46 42 79 36 63 39 49 38 36 57 66 64 0 55 12 52 42 71 90 36 52 93 69 74 84 59 76 
94 59 32 60 45 45 64 78 68 44 83 30 44 58 33 73 76 28 70 95 44 18 50 58 75 77 63 45 40 81 25 47 79 79 87 55 0 58 44 50 26 51 17 49 75 82 86 33 62 82
18 40 57 14 47 61 57 66 66 50 57 65 91 91 57 47 39 29 41 18 22 81 54 54 69 53 91 52 3 40 31 10 49 36 56 12 58 0 73 86 43 71 45 58 53 59 63 52 48 59 
71 56 46 57 66 60 70 77 35 16 26 47 8 55 49 81 74 50 58 63 66 75 34 35 80 33 34 82 33 48 60 61 66 82 34 52 44 73 0 71 69 42 81 26 91 17 71 100 59 61 
90 86 61 69 50 41 75 50 84 9 92 58 66 19 75 73 72 55 73 44 70 27 75 34 38 91 40 64 63 43 38 25 57 42 73 42 50 86 71 0 35 65 73 40 78 51 81 61 52 15 
81 66 34 31 19 48 46 23 49 34 85 32 46 32 22 73 56 58 47 82 49 49 54 54 36 54 19 31 68 51 71 45 49 20 80 71 26 43 69 35 0 52 51 7 56 32 38 16 61 45
70 58 82 31 82 48 31 64 61 26 38 22 64 64 33 39 46 56 36 95 25 51 57 55 23 46 74 40 72 44 60 40 47 68 59 90 51 71 42 65 52 0 8 25 49 53 36 5 60 36 
27 30 66 43 54 53 37 28 54 55 55 46 42 41 59 51 40 51 28 87 62 60 13 49 33 61 31 31 76 84 54 56 27 67 68 36 17 45 81 73 51 8 0 66 59 79 55 61 51 31
27 40 51 66 29 24 10 49 45 44 61 38 67 41 34 23 20 54 53 56 34 37 61 73 69 69 50 62 29 72 65 95 42 59 20 52 49 58 26 40 7 25 66 0 75 13 57 3 17 61 
79 34 68 54 43 27 38 62 35 46 47 88 32 39 37 23 52 65 34 74 40 76 14 18 48 6 53 77 76 16 42 75 51 41 22 93 75 53 91 78 56 49 59 75 0 57 48 60 61 56
58 24 43 9 40 36 21 48 52 48 44 36 14 45 43 24 51 68 82 46 41 68 36 50 32 67 24 76 93 26 28 46 83 54 46 69 82 59 17 51 32 53 79 13 57 0 37 81 36 61
8 41 66 31 91 28 67 60 37 37 53 79 71 50 31 100 29 62 65 71 50 13 49 36 54 78 69 18 66 56 61 52 69 33 42 74 86 63 71 81 38 36 55 57 48 37 0 28 17 54
30 49 55 18 93 36 46 46 40 18 52 27 67 49 46 36 49 45 54 41 43 19 54 33 51 51 74 73 46 13 22 55 28 48 71 84 33 52 100 61 16 5 61 3 60 81 28 0 66 39 
55 90 42 28 67 49 52 61 56 70 64 66 40 68 31 48 66 80 67 50 57 52 54 43 44 39 64 55 77 61 61 89 46 52 41 59 62 48 59 52 61 60 51 17 61 36 17 66 0 51 
35 46 21 83 39 59 19 67 19 68 22 31 46 35 57 52 53 44 46 20 64 74 3 85 28 92 42 35 38 89 49 37 80 71 64 76 82 59 61 15 45 36 31 61 56 61 54 39 51 0 
BBRRRRBBBRRRBBRRBRRRBBBBBBRRBBBRBBBRRBRRRBRRRBBRRB