50
0 30 46 85 85 71 76 46 30 55 55 100 94 91 78 6 43 27 57 67 27 45 85 51 57 48 20 21 95 75 76 29 68 13 81 60 21 43 62 39 83 40 86 59 42 97 98 99 39 77
30 0 73 22 97 96 93 96 58 95 58 87 100 13 82 43 84 26 81 28 51 46 28 10 35 19 5 87 51 49 86 29 7 76 98 75 42 96 87 20 92 52 38 86 11 46 58 48 5 59
46 73 0 18 7 18 11 8 89 4 64 20 54 89 30 93 61 39 62 11 100 81 85 43 11 18 70 32 74 34 40 80 1 40 41 12 12 57 87 80 58 41 41 79 75 80 90 12 32 21
85 22 18 0 60 51 31 98 28 65 21 25 17 34 26 68 58 78 46 98 86 18 16 70 100 35 4 47 23 99 7 68 13 15 47 5 81 96 31 34 38 73 76 13 95 44 32 80 53 28
85 97 7 60 0 75 26 64 49 60 95 3 15 13 36 4 71 69 52 76 36 66 17 24 26 50 42 84 53 1 24 27 76 4 14 57 9 85 54 58 81 26 24 15 10 62 45 63 15 10
71 96 18 51 75 0 45 51 48 35 60 81 34 2 4 72 72 4 39 53 35 79 50 5 60 44 19 69 78 70 29 35 56 84 84 81 73 85 8 11 1 48 70 62 27 87 70 63 10 94
76 93 11 31 26 45 0 33 93 25 13 2 3 27 7 90 26 1 3 20 39 43 72 54 8 100 14 1 18 77 33 14 82 11 39 94 25 90 78 85 37 91 34 82 14 67 31 24 77 22
46 96 8 98 64 51 33 0 93 91 90 10 45 9 21 21 69 61 24 76 46 5 43 76 36 89 6 69 42 54 5 60 73 89 15 99 13 68 97 100 41 34 97 40 58 47 28 89 28 60
30 58 89 28 49 48 93 93 0 73 59 39 70 69 55 61 81 26 67 100 94 76 18 70 62 28 30 9 10 72 40 26 41 91 75 65 22 30 44 68 79 99 50 61 79 57 99 100 77 87
55 95 4 65 60 35 25 91 73 0 40 30 77 30 8 89 98 74 2 99 56 15 57 15 36 1 73 56 23 12 22 82 30 53 85 78 94 31 34 19 47 5 85 93 98 85 78 79 76 45
55 58 64 21 95 60 13 90 59 40 0 62 73 61 30 74 74 21 30 84 35 59 59 19 7 98 49 49 62 96 100 60 1 65 96 47 36 19 86 91 33 75 51 68 61 16 76 3 63 4
100 87 20 25 3 81 2 10 39 30 62 0 61 43 10 12 40 2 34 7 89 72 18 19 21 39 38 44 11 21 18 55 26 85 55 95 78 11 37 57 6 28 80 70 15 32 11 44 57 34
94 100 54 17 15 34 3 45 70 77 73 61 0 96 16 50 21 93 19 81 95 27 70 62 78 42 51 94 1 91 67 38 89 97 46 49 45 62 14 8 75 12 24 34 29 49 1 28 31 75
91 13 89 34 13 2 27 9 69 30 61 43 96 0 79 78 92 79 53 73 38 81 69 83 54 88 85 96 90 89 77 27 97 82 11 99 69 100 61 55 8 32 37 83 19 29 98 42 21 17
78 82 30 26 36 4 7 21 55 8 30 10 16 79 0 15 45 36 42 27 11 83 88 43 7 100 83 17 16 97 24 84 62 20 53 11 77 44 52 5 36 54 12 8 76 97 88 10 24 82
6 43 93 68 4 72 90 21 61 89 74 12 50 78 15 0 38 95 66 43 41 9 16 92 1 27 16 84 14 98 77 24 27 20 77 80 40 86 77 19 39 86 14 2 22 92 63 97 64 65
43 84 61 58 71 72 26 69 81 98 74 40 21 92 45 38 0 5 21 45 14 54 23 46 5 69 84 40 16 77 72 95 54 73 6 29 52 100 28 62 41 2 78 26 54 33 40 66 14 81
27 26 39 78 69 4 1 61 26 74 21 2 93 79 36 95 5 0 35 10 11 99 12 49 11 50 53 14 50 97 72 18 60 66 23 65 55 20 73 6 31 14 68 24 95 88 48 74 89 84
57 81 62 46 52 39 3 24 67 2 30 34 19 53 42 66 21 35 0 21 24 27 75 77 10 23 35 53 59 36 53 1 63 77 79 54 14 16 33 19 56 61 56 29 91 73 81 11 48 2
67 28 11 98 76 53 20 76 100 99 84 7 81 73 27 43 45 10 21 0 32 70 88 84 72 25 1 96 4 66 21 62 2 68 93 89 20 38 63 34 20 40 95 27 91 63 22 18 9 99
27 51 100 86 36 35 39 46 94 56 35 89 95 38 11 41 14 11 24 32 0 3 19 4 35 22 39 38 61 90 27 60 59 95 6 42 13 27 12 71 70 19 27 58 79 13 77 44 90 78
45 46 81 18 66 79 43 5 76 15 59 72 27 81 83 9 54 99 27 70 3 0 42 6 28 80 10 72 91 17 36 90 65 45 92 60 71 77 71 42 68 10 99 11 54 31 10 5 78 2
85 28 85 16 17 50 72 43 18 57 59 18 70 69 88 16 23 12 75 88 19 42 0 70 70 43 10 98 60 2 57 18 8 52 81 22 15 22 94 86 79 40 3 21 4 48 21 59 11 60
51 10 43 70 24 5 54 76 70 15 19 19 62 83 43 92 46 49 77 84 4 6 70 0 33 96 94 44 63 41 57 40 64 33 28 46 4 67 28 25 8 96 45 80 93 60 34 95 55 62
57 35 11 100 26 60 8 36 62 36 7 21 78 54 7 1 5 11 10 72 35 28 70 33 0 77 43 91 17 46 35 16 81 33 7 88 77 84 61 41 80 11 32 53 3 96 50 30 94 8
48 19 18 35 50 44 100 89 28 1 98 39 42 88 100 27 69 50 23 25 22 80 43 96 77 0 70 14 63 40 64 87 29 100 89 82 54 43 87 6 77 71 85 58 88 73 53 20 41 4
20 5 70 4 42 19 14 6 30 73 49 38 51 85 83 16 84 53 35 1 39 10 10 94 43 70 0 54 19 92 40 31 77 38 4 38 53 100 99 77 52 14 95 95 70 52 100 16 20 35
21 87 32 47 84 69 1 69 9 56 49 44 94 96 17 84 40 14 53 96 38 72 98 44 91 14 54 0 71 52 48 75 25 30 81 7 69 78 96 72 95 37 39 89 88 91 12 29 40 29
95 51 74 23 53 78 18 42 10 23 62 11 1 90 16 14 16 50 59 4 61 91 60 63 17 63 19 71 0 59 89 70 98 59 22 78 8 61 62 63 43 76 58 32 60 52 85 75 68 9
75 49 34 99 1 70 77 54 72 12 96 21 91 89 97 98 77 97 36 66 90 17 2 41 46 40 92 52 59 0 32 66 95 73 65 26 12 23 24 42 58 90 34 17 45 56 86 25 2 51
76 86 40 7 24 29 33 5 40 22 100 18 67 77 24 77 72 72 53 21 27 36 57 57 35 64 40 48 89 32 0 99 66 18 13 47 20 27 54 61 70 4 19 20 54 62 85 78 98 41
29 29 80 68 27 35 14 60 26 82 60 55 38 27 84 24 95 18 1 62 60 90 18 40 16 87 31 75 70 66 99 0 69 73 66 10 40 51 55 23 7 53 47 39 57 55 34 58 49 99
68 7 1 13 76 56 82 73 41 30 1 26 89 97 62 27 54 60 63 2 59 65 8 64 81 29 77 25 98 95 66 69 0 17 56 80 34 6 53 67 62 2 84 72 53 42 75 84 16 64
13 76 40 15 4 84 11 89 91 53 65 85 97 82 20 20 73 66 77 68 95 45 52 33 33 100 38 30 59 73 18 73 17 0 94 48 72 24 98 43 65 64 14 2 28 50 57 6 44 51
81 98 41 47 14 84 39 15 75 85 96 55 46 11 53 77 6 23 79 93 6 92 81 28 7 89 4 81 22 65 13 66 56 94 0 11 33 14 60 73 34 97 31 23 64 26 22 72 33 75
60 75 12 5 57 81 94 99 65 78 47 95 49 99 11 80 29 65 54 89 42 60 22 46 88 82 38 7 78 26 47 10 80 48 11 0 100 59 11 70 51 25 47 66 26 40 25 81 61 79
21 42 12 81 9 73 25 13 22 94 36 78 45 69 77 40 52 55 14 20 13 71 15 4 77 54 53 69 8 12 20 40 34 72 33 100 0 41 72 57 20 2 33 7 38 85 97 6 23 26
43 96 57 96 85 85 90 68 30 31 19 11 62 100 44 86 100 20 16 38 27 77 22 67 84 43 100 78 61 23 27 51 6 24 14 59 41 0 67 22 22 25 76 12 13 99 92 88 19 55
62 87 87 31 54 8 78 97 44 34 86 37 14 61 52 77 28 73 33 63 12 71 94 28 61 87 99 96 62 24 54 55 53 98 60 11 72 67 0 75 41 46 69 83 83 28 30 52 15 19
39 20 80 34 58 11 85 100 68 19 91 57 8 55 5 19 62 6 19 34 71 42 86 25 41 6 77 72 63 42 61 23 67 43 73 70 57 22 75 0 81 50 84 64 14 8 35 100 28 38
83 92 58 38 81 1 37 41 79 47 33 6 75 8 36 39 41 31 56 20 70 68 79 8 80 77 52 95 43 58 70 7 62 65 34 51 20 22 41 81 0 76 81 26 56 9 78 72 20 72
40 52 41 73 26 48 91 34 99 5 75 28 12 32 54 86 2 14 61 40 19 10 40 96 11 71 14 37 76 90 4 53 2 64 97 25 2 25 46 50 76 0 22 78 9 93 55 98 95 99
86 38 41 76 24 70 34 97 50 85 51 80 24 37 12 14 78 68 56 95 27 99 3 45 32 85 95 39 58 34 19 47 84 14 31 47 33 76 69 84 81 22 0 64 25 78 13 96 29 73
59 86 79 13 15 62 82 40 61 93 68 70 34 83 8 2 26 24 29 27 58 11 21 80 53 58 95 89 32 17 20 39 72 2 23 66 7 12 83 64 26 78 64 0 100 93 34 30 89 65
42 11 75 95 10 27 14 58 79 98 61 15 29 19 76 22 54 95 91 91 79 54 4 93 3 88 70 88 60 45 54 57 53 28 64 26 38 13 83 14 56 9 25 100 0 6 90 11 4 49
97 46 80 44 62 87 67 47 57 85 16 32 49 29 97 92 33 88 73 63 13 31 48 60 96 73 52 91 52 56 62 55 42 50 26 40 85 99 28 8 9 93 78 93 6 0 31 95 5 2
98 58 90 32 45 70 31 28 99 78 76 11 1 98 88 63 40 48 81 22 77 10 21 34 50 53 100 12 85 86 85 34 75 57 22 25 97 92 30 35 78 55 13 34 90 31 0 18 91 96
99 48 12 80 63 63 24 89 100 79 3 44 28 42 10 97 66 74 11 18 44 5 59 95 30 20 16 29 75 25 78 58 84 6 72 81 6 88 52 100 72 98 96 30 11 95 18 0 75 91
39 5 32 53 15 10 77 28 77 76 63 57 31 21 24 64 14 89 48 9 90 78 11 55 94 41 20 40 68 2 98 49 16 44 33 61 23 19 15 28 20 95 29 89 4 5 91 75 0 36
77 59 21 28 10 94 22 60 87 45 4 34 75 17 82 65 81 84 2 99 78 2 60 62 8 4 35 29 9 51 41 99 64 51 75 79 26 55 19 38 72 99 73 65 49 2 96 91 36 0
BRRRBBRBBBRBBRRRRBBBBBRRBBBRRRRRRRBBRRBBBRBRRBRRBB