26 
 0  65 43 61 40 85 26 50 12 45 31 34 38  1 70 74 37 47  8 53 32 50 33 77 46 54
 65  0 78 64 21 59 73 25 84 56 46 49 59 52 64 50 70 44 51 70 53 73 25 65 66 26
 43 78  0 18 70 65 50 48 48 50 69 71 45 75 34 47 76 57 57 33 53 43  4 80 45 89
 61 64 18  0 55 59 69 70 27 76 57 76 32 27 48 52 17 52 30 45 54 29 66 86 60 58
 40 21 70 55  0 23 45 70 49 65 63 41 37 56 83 10 40 46 20 45 32  5 62 38 18 65
 85 59 65 59 23  0 57 11 65 62 31 58 96 31 57 90 64 61 84 20 73 55 57 57 68 19
 26 73 50 69 45 57  0 30 57 65 47 65 42 52 77 64 58 41 56 59 21 53 56 68 24 31
 50 25 48 70 70 11 30  0 45 68 54 62  6 13 50 56 65 52 59 81 32 56 80 28 54 39
 12 84 48 27 49 65 57 45  0 46 66 49 68 55 31 16 18 17 58 64 62 50 53 56 58 72
 45 56 50 76 65 62 65 68 46  0 25 82 38 52 81 68 22 36 54 21 47 37 83 54 55 32
 31 46 69 57 63 31 47 54 66 25  0 17  7 46 64  9 84 73 72 59 40 33 17 77 64 58
 34 49 71 76 41 58 65 62 49 82 17  0 69  7 38 71 41 47 54 28 28 38 54 82 73 32
 38 59 45 32 37 96 42  6 68 38  7 69  0 73 48 82 60 72 11 69 50 16 81 32 25 51
  1 52 75 27 56 31 52 13 55 52 46  7 73  0 55 41 86 28 61 55 41 69 25 38 47  4
 70 64 34 48 83 57 77 50 31 81 64 38 48 55  0 61 61 28 32 30 98 65 35 25 75 15
 74 50 47 52 10 90 64 56 16 68  9 71 82 41 61  0 22 69 39 57 47 60 83 32 52 41
 37 70 76 17 40 64 58 65 18 22 84 41 60 86 61 22  0 22 24 60 60 37 59 81 93 49
 47 44 57 52 46 61 41 52 17 36 73 47 72 28 28 69 22  0 93 13 26 54 44 55 48 49
  8 51 57 30 20 84 56 59 58 54 72 54 11 61 32 39 24 93  0 49 45 46 81 48 60 73
 53 70 33 45 45 20 59 81 64 21 59 28 69 55 30 57 60 13 49  0 59 56 38 22 67 88
 32 53 53 54 32 73 21 32 62 47 40 28 50 41 98 47 60 26 45 59  0 49 27 54 27 46
 50 73 43 29  5 55 53 56 50 37 33 38 16 69 65 60 37 54 46 56 49  0 50 23 49 39
 33 25  4 66 62 57 56 80 53 83 17 54 81 25 35 83 59 44 81 38 27 50  0 21 42 50
 77 65 80 86 38 57 68 28 56 54 77 82 32 38 25 32 81 55 48 22 54 23 21  0 65 43
 46 66 45 60 18 68 24 54 58 55 64 73 25 47 75 52 93 48 60 67 27 49 42 65  0 26
 54 26 89 58 65 19 31 39 72 32 58 32 51  4 15 41 49 49 73 88 46 39 50 43 26  0
RBRBRBRBRBRBRBRBRBRBRBRBRB