16
0 50 0 0 1 2 0 0 0 0 0 0 0 0 0 0
50 0 50 0 0 1 0 0 0 0 0 0 0 0 0 0
0 50 0 50 0 0 50 0 0 0 0 0 0 0 0 0
0 0 50 0 0 0 1 50 0 0 0 0 0 0 0 0
1 0 0 0 0 50 0 0 50 0 0 0 0 0 0 0
2 1 0 0 50 0 50 0 1 0 0 0 0 0 0 0 
0 0 50 1 0 50 0 0 0 1 0 0 0 0 0 0
0 0 0 50 0 0 0 0 0 0 1 0 0 0 0 0
0 0 0 0 50 1 0 0 0 50 0 0 60 0 0 0
0 0 0 0 0 0 1 0 50 0 50 0 0 1 0 0
0 0 0 0 0 0 0 1 0 50 0 50 0 1 0 0
0 0 0 0 0 0 0 0 0 0 50 0 0 0 0 1
0 0 0 0 0 0 0 0 60 0 0 0 0 0 0 0
0 0 0 0 0 0 0 0 0 1 1 0 0 0 0 0
0 0 0 0 0 0 0 0 0 0 0 0 0 0 0 1
0 0 0 0 0 0 0 0 0 0 0 1 0 0 1 0
RRRBBBBRRRRBBBRB
