48
0 96 99 97 84 90 91 81 90 93 99 82 1 85 96 96 87 91 95 87 100 88 98 85 95 81 90 99 81 83 85 87 94 96 83 81 95 83 97 1 95 98 98 95 94 95 96 99 
96 0 93 90 87 95 1 96 93 85 92 100 89 85 89 95 97 100 80 80 87 1 80 83 100 87 87 85 95 86 80 93 96 80 83 91 90 90 93 93 88 99 86 94 83 85 98 88 
99 93 0 95 95 80 81 82 86 92 82 81 94 92 89 92 81 81 92 87 95 86 82 83 99 87 84 1 83 96 100 85 0 97 1 100 97 80 93 85 80 95 97 84 92 84 92 80 
97 90 95 0 1 90 80 100 100 86 90 82 94 97 87 86 94 81 100 100 1 99 97 0 100 88 94 86 92 93 82 92 83 81 85 96 95 90 100 88 100 98 93 98 99 97 93 87 
84 87 95 1 0 85 88 89 86 90 99 92 94 88 98 94 80 84 82 89 91 81 91 95 85 99 90 91 1 83 81 99 91 86 83 100 86 84 87 99 83 89 93 80 86 100 82 82 
90 95 80 90 85 0 82 93 88 89 88 83 100 85 92 95 1 92 80 82 99 0 98 98 84 1 80 86 0 86 80 85 92 83 83 92 99 40 93 100 80 89 83 0 0 86 91 0 
91 1 81 80 88 82 0 98 88 83 88 98 89 85 1 98 82 87 86 87 93 99 97 86 0 97 98 87 100 99 87 87 100 80 96 97 94 91 96 88 86 91 99 83 98 90 91 92 
81 96 82 100 89 93 98 0 86 85 83 96 92 96 91 80 98 94 96 90 87 84 1 87 97 84 93 98 95 91 0 81 90 1 86 81 90 84 88 93 84 83 81 87 81 92 97 94 
90 93 86 100 86 88 88 86 0 81 91 95 85 89 93 95 93 92 92 92 98 94 95 93 97 97 1 84 98 92 84 84 91 87 92 80 94 87 93 90 83 94 99 1 86 80 84 99 
93 85 92 86 90 89 83 85 81 0 91 96 98 89 90 80 96 87 94 83 82 88 86 89 99 85 81 80 100 100 84 93 96 95 84 99 92 99 1 85 85 81 82 91 89 93 1 99 
99 92 82 90 99 88 88 83 91 91 0 86 93 95 89 86 81 84 87 83 81 1 96 80 1 98 98 98 85 96 82 81 81 85 90 81 83 95 0 92 80 83 95 87 90 83 87 87 
82 100 81 82 92 83 98 96 95 96 86 0 1 80 81 93 0 1 89 100 98 96 99 93 96 85 90 95 95 92 85 87 92 84 92 92 83 90 93 85 91 94 81 89 87 93 97 87 
1 89 94 94 94 100 89 92 85 98 93 1 0 0 86 83 80 95 93 82 84 90 87 93 89 94 83 95 99 97 98 84 99 81 83 84 84 84 81 94 100 96 84 100 86 80 91 91 
85 85 92 97 88 85 85 96 89 89 95 80 0 0 83 82 96 83 95 86 97 98 99 99 85 83 95 94 82 1 93 82 85 85 99 95 92 98 90 99 89 82 94 1 96 86 89 94 
96 89 89 87 98 92 1 91 93 90 89 81 86 83 0 92 83 80 0 87 92 98 89 81 98 1 99 90 94 87 100 82 91 85 83 91 97 81 97 84 100 99 81 99 92 96 100 91 
96 95 92 86 94 95 98 80 95 80 86 93 83 82 92 0 99 91 97 88 83 84 99 94 86 90 81 82 95 88 1 87 95 100 88 95 94 81 100 91 98 83 88 92 1 94 82 86 
87 97 81 94 80 1 82 98 93 96 81 0 80 96 83 99 0 81 1 87 100 81 86 91 82 93 98 89 93 80 99 93 87 100 90 89 92 94 89 86 96 86 99 96 97 80 100 93 
91 100 81 81 84 92 87 94 92 87 84 1 95 83 80 91 81 0 95 98 91 88 85 84 96 92 89 90 89 97 94 93 92 81 95 99 98 82 97 81 93 91 88 91 98 85 83 1 
95 80 92 100 82 80 86 96 92 94 87 89 93 95 0 97 1 95 0 95 85 97 83 92 96 80 94 87 89 95 86 92 99 80 87 84 88 88 96 93 96 83 83 98 82 98 90 1 
87 80 87 100 89 82 87 90 92 83 83 100 82 86 87 88 87 98 95 0 96 94 82 87 96 91 1 100 99 80 94 0 84 99 88 1 80 88 100 80 87 97 91 90 89 89 95 80 
100 87 95 1 91 99 93 87 98 82 81 98 84 97 92 83 100 91 85 96 0 81 0 90 89 92 81 94 82 80 80 95 84 92 100 89 83 98 89 94 85 89 1 83 97 99 82 83 
88 1 86 99 81 0 99 84 94 88 1 96 90 98 98 84 81 88 97 94 81 0 97 99 94 94 90 93 90 87 88 93 92 0 0 88 93 40 85 0 0 98 81 90 87 89 0 82 
98 80 82 97 91 98 97 1 95 86 96 99 87 99 89 99 86 85 83 82 0 97 0 100 94 91 86 80 97 97 95 96 84 90 85 97 93 91 85 99 90 91 90 93 1 80 92 93 
85 83 83 0 95 98 86 87 93 89 80 93 93 99 81 94 91 84 92 87 90 99 100 0 89 88 91 86 87 94 90 1 88 100 93 80 98 93 91 84 1 90 84 88 82 87 85 90 
95 100 99 100 85 84 0 97 97 99 1 96 89 85 98 86 82 96 96 96 89 94 94 89 0 97 91 97 85 82 100 94 92 96 85 91 92 94 82 93 83 83 99 100 90 81 1 94 
81 87 87 88 99 1 97 84 97 85 98 85 94 83 1 90 93 92 80 91 92 94 91 88 97 0 96 87 84 82 84 99 95 87 80 86 80 85 80 87 98 93 95 90 100 94 84 89 
90 87 84 94 90 80 98 93 1 81 98 90 83 95 99 81 98 89 94 1 81 90 86 91 91 96 0 94 90 0 93 91 88 100 98 100 93 87 84 100 99 89 82 86 85 82 95 85 
99 85 1 86 91 86 87 98 84 80 98 95 95 94 90 82 89 90 87 100 94 93 80 86 97 87 94 0 84 89 93 91 83 98 86 87 0 1 80 88 87 90 82 80 90 100 85 91 
81 95 83 92 1 0 100 95 98 100 85 95 99 82 94 95 93 89 89 99 82 90 97 87 85 84 90 84 0 85 81 1 80 0 0 84 94 40 91 0 0 95 91 92 87 99 0 83 
83 86 96 93 83 86 99 91 92 100 96 92 97 1 87 88 80 97 95 80 80 87 97 94 82 82 0 89 85 0 90 94 100 89 93 97 81 95 86 1 86 85 96 86 86 96 92 87 
85 80 100 82 81 80 87 0 84 84 82 85 98 93 100 1 99 94 86 94 80 88 95 90 100 84 93 93 81 90 0 95 86 92 83 82 1 88 95 96 98 86 84 86 96 97 91 80 
87 93 85 92 99 85 87 81 84 93 81 87 84 82 82 87 93 93 92 0 95 93 96 1 94 99 91 91 1 94 95 0 88 93 98 80 90 81 93 91 90 96 99 85 83 98 94 99 
94 96 0 83 91 92 100 90 91 96 81 92 99 85 91 95 87 92 99 84 84 92 84 88 92 95 88 83 80 100 86 88 0 93 97 84 97 100 95 99 98 1 90 84 87 100 80 89 
96 80 97 81 86 83 80 1 87 95 85 84 81 85 85 100 100 81 80 99 92 0 90 100 96 87 100 98 0 89 92 93 93 0 94 80 98 40 97 96 95 90 1 0 0 96 93 0 
83 83 1 85 83 83 96 86 92 84 90 92 83 99 83 88 90 95 87 88 100 0 85 93 85 80 98 86 0 93 83 98 97 94 0 83 91 40 85 90 94 94 94 0 0 1 82 0 
81 91 100 96 100 92 97 81 80 99 81 92 84 95 91 95 89 99 84 1 89 88 97 80 91 86 100 87 84 97 82 80 84 80 83 0 95 91 100 96 1 85 90 93 85 91 98 90 
95 90 97 95 86 99 94 90 94 92 83 83 84 92 97 94 92 98 88 80 83 93 93 98 92 80 93 0 94 81 1 90 97 98 91 95 0 90 88 82 80 93 97 100 80 1 99 99 
83 90 80 90 84 40 91 84 87 99 95 90 84 98 81 81 94 82 88 88 98 40 91 93 94 85 87 1 40 95 88 81 100 40 40 91 90 0 92 40 40 1 86 40 40 82 40 40 
97 93 93 100 87 93 96 88 93 1 0 93 81 90 97 100 89 97 96 100 89 85 85 91 82 80 84 80 91 86 95 93 95 97 85 100 88 92 0 88 87 99 82 81 88 94 100 89 
1 93 85 88 99 100 88 93 90 85 92 85 94 99 84 91 86 81 93 80 94 0 99 84 93 87 100 88 0 1 96 91 99 96 90 96 82 40 88 0 88 81 83 0 0 98 94 0 
95 88 80 100 83 80 86 84 83 85 80 91 100 89 100 98 96 93 96 87 85 0 90 1 83 98 99 87 0 86 98 90 98 95 94 1 80 40 87 88 0 90 99 0 0 89 96 0 
98 99 95 98 89 89 91 83 94 81 83 94 96 82 99 83 86 91 83 97 89 98 91 90 83 93 89 90 95 85 86 96 1 90 94 85 93 1 99 81 90 0 91 97 88 84 91 90 
98 86 97 93 93 83 99 81 99 82 95 81 84 94 81 88 99 88 83 91 1 81 90 84 99 95 82 82 91 96 84 99 90 1 94 90 97 86 82 83 99 91 0 89 85 93 90 96 
95 94 84 98 80 0 83 87 1 91 87 89 100 1 99 92 96 91 98 90 83 90 93 88 100 90 86 80 92 86 86 85 84 0 0 93 100 40 81 0 0 97 89 0 99 92 0 91 
94 83 92 99 86 0 98 81 86 89 90 87 86 96 92 1 97 98 82 89 97 87 1 82 90 100 85 90 87 86 96 83 87 0 0 85 80 40 88 0 0 88 85 99 0 93 0 100 
95 85 84 97 100 86 90 92 80 93 83 93 80 86 96 94 80 85 98 89 99 89 80 87 81 94 82 100 99 96 97 98 100 96 1 91 1 82 94 98 89 84 93 92 93 0 96 85 
96 98 92 93 82 91 91 97 84 1 87 97 91 89 100 82 100 83 90 95 82 0 92 85 1 84 95 85 0 92 91 94 80 93 82 98 99 40 100 94 96 91 90 0 0 96 0 0 
99 88 80 87 82 0 92 94 99 99 87 87 91 94 91 86 93 1 1 80 83 82 93 90 94 89 85 91 83 87 80 99 89 0 0 90 99 40 89 0 0 90 96 91 100 85 0 0 
BRBBRRBBRBRBRRRRBRRRRBRBBBBRBBBRBRRBRBRRRRBBBBRB