50
0 66 3 28 89 8 86 2 11 45 19 93 93 51 31 9 17 38 35 6 3 35 95 13 67 67 67 68 4 4 22 15 56 93 14 86 58 27 46 46 20 3 89 70 2 94 7 92 67 25
66 0 82 99 33 22 86 70 78 46 62 57 0 98 37 24 9 75 10 78 94 85 21 88 63 15 80 69 3 77 54 59 49 27 18 56 57 24 56 68 63 93 77 70 18 61 25 85 29 76
3 82 0 44 75 61 46 87 9 51 62 77 47 30 57 86 34 64 72 22 34 18 100 7 9 9 49 29 30 77 59 17 12 13 93 82 10 79 28 47 57 70 4 98 23 9 15 9 76 37
28 99 44 0 19 49 62 100 54 80 72 91 47 97 57 24 64 99 43 46 54 35 75 18 35 84 94 62 76 39 10 83 69 13 37 66 73 48 47 100 48 77 46 71 20 17 18 20 78 69
89 33 75 19 0 9 86 56 86 26 25 54 67 78 32 14 85 91 75 64 30 47 19 25 46 23 91 40 4 37 47 50 99 51 29 34 100 4 83 59 56 73 15 68 88 97 31 78 64 59
8 22 61 49 9 0 80 17 15 27 19 52 49 69 65 92 10 72 81 78 70 93 10 1 9 14 61 19 2 80 67 69 32 98 78 90 97 31 53 50 29 22 97 78 34 41 29 5 5 53
86 86 46 62 86 80 0 56 53 50 21 29 57 93 32 80 100 38 65 41 6 66 63 4 99 45 49 2 62 41 23 77 36 60 89 42 78 96 22 66 12 46 77 87 76 89 76 3 44 9
2 70 87 100 56 17 56 0 79 58 33 75 98 9 24 93 55 37 68 91 50 67 56 83 41 14 36 63 41 48 6 89 80 65 48 30 69 6 74 80 17 66 93 4 98 89 9 76 65 84
11 78 9 54 86 15 53 79 0 34 16 73 55 41 5 12 61 73 33 42 39 94 28 13 21 66 45 2 58 29 100 52 29 68 90 25 46 4 27 86 14 71 34 67 48 60 31 70 2 42
45 46 51 80 26 27 50 58 34 0 22 23 90 11 78 92 58 11 95 42 97 45 96 47 16 62 43 12 18 18 99 23 59 56 57 98 46 21 5 96 80 73 39 19 52 91 60 16 11 68
19 62 62 72 25 19 21 33 16 22 0 69 17 36 38 17 80 86 7 100 76 35 1 51 43 23 0 44 86 49 50 62 99 43 23 49 5 96 65 84 99 19 93 4 19 97 58 83 42 96
93 57 77 91 54 52 29 75 73 23 69 0 56 99 56 52 15 53 57 88 11 20 89 90 12 47 49 6 10 67 66 71 44 53 48 81 37 14 14 17 68 70 12 40 79 58 65 17 58 95
93 0 47 47 67 49 57 98 55 90 17 56 0 15 3 33 13 6 35 86 93 24 85 88 46 89 63 35 79 63 9 95 93 39 28 73 50 23 18 22 67 42 89 26 74 57 27 68 45 63
51 98 30 97 78 69 93 9 41 11 36 99 15 0 38 8 7 11 70 26 41 75 42 34 34 50 32 60 35 18 42 16 23 73 8 59 63 59 15 49 15 80 24 94 58 42 44 76 75 52
31 37 57 57 32 65 32 24 5 78 38 56 3 38 0 20 86 90 56 45 93 64 23 30 24 35 98 89 62 83 93 45 57 1 18 26 26 69 31 9 29 18 39 93 90 49 99 53 54 31
9 24 86 24 14 92 80 93 12 92 17 52 33 8 20 0 54 12 33 39 58 3 64 8 96 96 17 59 74 79 65 40 21 54 91 81 11 60 75 31 96 35 93 78 58 98 25 61 57 94
17 9 34 64 85 10 100 55 61 58 80 15 13 7 86 54 0 37 0 95 55 35 61 89 9 56 95 85 57 34 34 69 2 100 44 15 91 68 23 41 55 12 24 37 77 68 9 23 56 32
38 75 64 99 91 72 38 37 73 11 86 53 6 11 90 12 37 0 67 43 45 95 25 77 16 76 87 46 38 12 61 96 9 93 74 59 53 48 81 20 97 28 99 79 54 89 54 95 21 66
35 10 72 43 75 81 65 68 33 95 7 57 35 70 56 33 0 67 0 31 64 83 14 61 68 78 77 53 2 0 9 21 9 47 59 28 93 92 66 9 3 80 41 30 55 54 1 62 53 32
6 78 22 46 64 78 41 91 42 42 100 88 86 26 45 39 95 43 31 0 50 45 29 62 55 42 50 64 56 94 38 82 55 62 20 45 46 7 89 4 22 43 78 58 93 41 30 26 50 47
3 94 34 54 30 70 6 50 39 97 76 11 93 41 93 58 55 45 64 50 0 42 98 73 33 83 40 28 66 54 100 91 69 32 67 54 66 43 6 77 71 21 30 55 31 58 92 69 28 83
35 85 18 35 47 93 66 67 94 45 35 20 24 75 64 3 35 95 83 45 42 0 21 65 79 50 66 89 35 4 79 98 63 26 55 98 4 35 13 25 94 100 30 97 71 73 35 46 68 18
95 21 100 75 19 10 63 56 28 96 1 89 85 42 23 64 61 25 14 29 98 21 0 90 24 24 53 72 64 6 43 67 87 22 67 66 82 69 57 63 19 90 30 20 6 35 91 66 4 87
13 88 7 18 25 1 4 83 13 47 51 90 88 34 30 8 89 77 61 62 73 65 90 0 23 70 29 9 52 61 41 16 99 93 65 98 21 85 38 17 96 61 53 6 82 56 79 78 63 22
67 63 9 35 46 9 99 41 21 16 43 12 46 34 24 96 9 16 68 55 33 79 24 23 0 21 78 64 17 74 94 16 96 41 74 88 41 94 30 72 13 59 39 78 12 77 89 14 99 86
67 15 9 84 23 14 45 14 66 62 23 47 89 50 35 96 56 76 78 42 83 50 24 70 21 0 4 35 60 65 25 80 42 87 81 65 27 7 90 21 85 5 27 38 93 60 99 64 30 26
67 80 49 94 91 61 49 36 45 43 0 49 63 32 98 17 95 87 77 50 40 66 53 29 78 4 0 74 94 54 46 12 33 52 52 38 98 3 8 3 9 35 50 53 82 52 46 34 30 31
68 69 29 62 40 19 2 63 2 12 44 6 35 60 89 59 85 46 53 64 28 89 72 9 64 35 74 0 11 87 84 22 27 16 44 15 74 57 26 25 91 56 47 20 60 55 75 99 74 74
4 3 30 76 4 2 62 41 58 18 86 10 79 35 62 74 57 38 2 56 66 35 64 52 17 60 94 11 0 86 32 65 8 28 66 35 84 92 54 37 1 60 20 96 84 95 59 74 74 60
4 77 77 39 37 80 41 48 29 18 49 67 63 18 83 79 34 12 0 94 54 4 6 61 74 65 54 87 86 0 3 29 79 17 53 48 64 39 82 37 38 73 67 74 4 67 91 69 52 94
22 54 59 10 47 67 23 6 100 99 50 66 9 42 93 65 34 61 9 38 100 79 43 41 94 25 46 84 32 3 0 9 55 42 78 71 53 100 74 7 86 45 94 50 71 84 3 34 5 82
15 59 17 83 50 69 77 89 52 23 62 71 95 16 45 40 69 96 21 82 91 98 67 16 16 80 12 22 65 29 9 0 93 49 36 98 76 8 60 86 38 39 21 9 16 11 79 75 26 32
56 49 12 69 99 32 36 80 29 59 99 44 93 23 57 21 2 9 9 55 69 63 87 99 96 42 33 27 8 79 55 93 0 39 29 83 1 77 47 99 83 76 60 62 86 77 99 43 85 42
93 27 13 13 51 98 60 65 68 56 43 53 39 73 1 54 100 93 47 62 32 26 22 93 41 87 52 16 28 17 42 49 39 0 21 15 55 61 2 30 59 61 24 49 12 53 28 45 36 57
14 18 93 37 29 78 89 48 90 57 23 48 28 8 18 91 44 74 59 20 67 55 67 65 74 81 52 44 66 53 78 36 29 21 0 31 24 98 99 70 51 35 51 74 79 21 77 97 59 68
86 56 82 66 34 90 42 30 25 98 49 81 73 59 26 81 15 59 28 45 54 98 66 98 88 65 38 15 35 48 71 98 83 15 31 0 41 50 28 10 56 54 59 2 99 94 93 25 20 91
58 57 10 73 100 97 78 69 46 46 5 37 50 63 26 11 91 53 93 46 66 4 82 21 41 27 98 74 84 64 53 76 1 55 24 41 0 92 82 88 47 44 15 68 84 34 70 41 21 20
27 24 79 48 4 31 96 6 4 21 96 14 23 59 69 60 68 48 92 7 43 35 69 85 94 7 3 57 92 39 100 8 77 61 98 50 92 0 91 97 24 93 87 4 83 17 46 94 95 1
46 56 28 47 83 53 22 74 27 5 65 14 18 15 31 75 23 81 66 89 6 13 57 38 30 90 8 26 54 82 74 60 47 2 99 28 82 91 0 22 64 20 94 69 90 47 12 28 6 30
46 68 47 100 59 50 66 80 86 96 84 17 22 49 9 31 41 20 9 4 77 25 63 17 72 21 3 25 37 37 7 86 99 30 70 10 88 97 22 0 12 40 0 15 0 77 46 72 40 9
20 63 57 48 56 29 12 17 14 80 99 68 67 15 29 96 55 97 3 22 71 94 19 96 13 85 9 91 1 38 86 38 83 59 51 56 47 24 64 12 0 34 39 20 19 17 30 52 62 76
3 93 70 77 73 22 46 66 71 73 19 70 42 80 18 35 12 28 80 43 21 100 90 61 59 5 35 56 60 73 45 39 76 61 35 54 44 93 20 40 34 0 65 14 20 67 18 19 45 85
89 77 4 46 15 97 77 93 34 39 93 12 89 24 39 93 24 99 41 78 30 30 30 53 39 27 50 47 20 67 94 21 60 24 51 59 15 87 94 0 39 65 0 52 8 34 5 94 10 15
70 70 98 71 68 78 87 4 67 19 4 40 26 94 93 78 37 79 30 58 55 97 20 6 78 38 53 20 96 74 50 9 62 49 74 2 68 4 69 15 20 14 52 0 33 9 3 26 96 91
2 18 23 20 88 34 76 98 48 52 19 79 74 58 90 58 77 54 55 93 31 71 6 82 12 93 82 60 84 4 71 16 86 12 79 99 84 83 90 0 19 20 8 33 0 31 59 98 10 10
94 61 9 17 97 41 89 89 60 91 97 58 57 42 49 98 68 89 54 41 58 73 35 56 77 60 52 55 95 67 84 11 77 53 21 94 34 17 47 77 17 67 34 9 31 0 50 68 47 33
7 25 15 18 31 29 76 9 31 60 58 65 27 44 99 25 9 54 1 30 92 35 91 79 89 99 46 75 59 91 3 79 99 28 77 93 70 46 12 46 30 18 5 3 59 50 0 62 1 5
92 85 9 20 78 5 3 76 70 16 83 17 68 76 53 61 23 95 62 26 69 46 66 78 14 64 34 99 74 69 34 75 43 45 97 25 41 94 28 72 52 19 94 26 98 68 62 0 24 94
67 29 76 78 64 5 44 65 2 11 42 58 45 75 54 57 56 21 53 50 28 68 4 63 99 30 30 74 74 52 5 26 85 36 59 20 21 95 6 40 62 45 10 96 10 47 1 24 0 31
25 76 37 69 59 53 9 84 42 68 96 95 63 52 31 94 32 66 32 47 83 18 87 22 86 26 31 74 60 94 82 32 42 57 68 91 20 1 30 9 76 85 15 91 10 33 5 94 31 0
BBRRRRBBBRBRRBRBBBBBRRBBRRBBRRBRBRBBRRBRBBRBBRRRRR
