50
0 60 68 95 6 81 28 47 29 97 60 26 88 24 24 25 53 94 73 74 0 31 53 28 79 11 94 64 97 30 92 73 64 81 13 22 40 6 95 91 33 5 9 82 7 23 53 50 29 6 
60 0 20 0 13 90 15 53 69 15 69 46 4 93 21 11 21 50 79 4 44 14 60 6 14 33 10 83 2 59 7 13 5 74 2 24 37 12 21 54 5 12 62 25 41 24 53 31 30 24 
68 20 0 18 7 4 53 16 12 29 53 47 3 86 17 2 9 42 35 33 10 78 90 15 0 88 29 1 5 12 27 57 7 45 92 28 75 64 37 20 23 4 2 11 3 77 75 3 16 2 
95 0 18 0 21 70 87 46 17 48 12 95 13 86 58 72 54 50 20 16 65 82 26 7 11 32 2 89 40 25 25 2 69 44 20 0 29 31 6 5 31 6 29 7 98 4 43 52 2 21 
6 13 7 21 0 9 70 5 24 54 19 16 14 14 73 37 25 34 66 79 3 27 5 25 1 22 5 3 22 4 43 8 7 67 27 96 11 8 13 28 97 0 92 20 72 1 3 89 84 2 
81 90 4 70 9 0 3 4 91 18 0 35 17 6 4 9 6 6 58 32 84 76 97 12 1 1 79 51 61 69 67 22 6 23 4 26 42 84 48 18 45 28 36 29 70 20 51 11 98 3 
28 15 53 87 70 3 0 66 42 35 32 70 37 40 97 1 94 39 24 12 2 0 33 27 25 6 9 0 69 5 27 9 5 91 32 87 72 19 40 0 75 18 4 2 74 37 35 8 11 83 
47 53 16 46 5 4 66 0 39 0 2 74 34 0 78 2 26 80 7 28 11 10 74 17 21 3 79 33 45 80 20 33 60 0 41 47 3 11 65 0 9 35 46 27 49 17 27 42 10 97 
29 69 12 17 24 91 42 39 0 15 47 32 48 47 35 91 48 48 67 25 67 76 29 50 6 94 81 0 0 22 35 8 15 96 17 19 54 95 21 38 22 15 38 2 96 54 9 5 62 34 
97 15 29 48 54 18 35 0 15 0 100 7 2 11 1 36 10 35 91 1 68 35 22 44 20 82 22 30 5 8 11 94 1 2 49 29 10 17 33 56 18 21 2 8 23 22 13 47 72 10 
60 69 53 12 19 0 32 2 47 100 0 40 1 40 12 57 11 67 21 4 45 21 47 90 46 90 59 64 7 55 99 84 30 0 76 5 16 3 2 37 44 3 39 40 88 13 5 38 28 14 
26 46 47 95 16 35 70 74 32 7 40 0 56 0 2 74 92 4 91 1 79 41 17 91 16 97 65 69 5 55 37 40 84 62 1 27 9 92 6 3 52 20 28 26 76 20 47 13 18 24 
88 4 3 13 14 17 37 34 48 2 1 56 0 80 90 35 0 31 85 39 14 3 15 4 53 47 14 91 5 58 1 0 84 3 10 0 95 97 15 63 0 99 63 12 3 8 39 98 35 35 
24 93 86 86 14 6 40 0 47 11 40 0 80 0 69 86 60 77 63 88 79 23 34 67 57 15 4 19 22 4 38 15 32 17 82 56 1 9 43 53 45 12 88 29 29 36 2 42 12 45 
24 21 17 58 73 4 97 78 35 1 12 2 90 69 0 6 0 1 28 79 68 72 5 89 10 33 47 49 32 1 5 81 28 37 49 12 57 14 23 62 77 0 56 26 30 14 3 20 55 60 
25 11 2 72 37 9 1 2 91 36 57 74 35 86 6 0 10 99 6 17 8 17 14 34 27 16 28 2 80 38 40 90 6 0 6 66 0 14 76 86 70 3 41 2 21 57 49 34 7 96 
53 21 9 54 25 6 94 26 48 10 11 92 0 60 0 10 0 92 14 29 45 6 92 5 0 22 81 39 1 85 17 54 1 0 73 30 27 4 49 62 10 28 33 7 15 6 5 39 12 20 
94 50 42 50 34 6 39 80 48 35 67 4 31 77 1 99 92 0 31 60 6 6 18 30 4 0 61 34 39 21 30 2 17 78 2 33 11 24 35 2 16 32 7 1 13 4 86 81 64 16 
73 79 35 20 66 58 24 7 67 91 21 91 85 63 28 6 14 31 0 36 45 91 59 82 46 11 86 7 3 79 77 10 62 19 58 33 36 45 12 71 6 26 21 35 2 65 44 45 72 43 
74 4 33 16 79 32 12 28 25 1 4 1 39 88 79 17 29 60 36 0 3 44 93 76 53 7 10 66 50 33 28 83 3 4 91 8 61 69 12 44 60 51 57 69 0 20 6 45 68 39 
0 44 10 65 3 84 2 11 67 68 45 79 14 79 68 8 45 6 45 3 0 8 3 10 26 70 91 51 26 1 41 42 27 1 5 55 79 96 12 9 74 7 76 90 9 14 24 14 53 69 
31 14 78 82 27 76 0 10 76 35 21 41 3 23 72 17 6 6 91 44 8 0 26 53 95 0 34 1 46 29 48 65 23 62 16 14 8 12 11 54 26 26 1 28 15 8 61 57 53 56 
53 60 90 26 5 97 33 74 29 22 47 17 15 34 5 14 92 18 59 93 3 26 0 86 68 6 4 6 12 9 88 18 80 89 4 64 74 5 93 73 1 13 82 19 8 73 41 6 24 85 
28 6 15 7 25 12 27 17 50 44 90 91 4 67 89 34 5 30 82 76 10 53 86 0 6 5 6 0 7 8 20 14 18 60 1 13 13 4 93 41 21 15 8 29 83 39 33 89 0 76 
79 14 0 11 1 1 25 21 6 20 46 16 53 57 10 27 0 4 46 53 26 95 68 6 0 7 0 11 100 39 13 53 0 60 13 41 1 38 91 17 9 2 0 38 1 48 6 8 3 6 
11 33 88 32 22 1 6 3 94 82 90 97 47 15 33 16 22 0 11 7 70 0 6 5 7 0 57 4 39 1 3 57 53 94 22 44 78 77 77 6 32 46 73 62 13 12 39 5 18 30 
94 10 29 2 5 79 9 79 81 22 59 65 14 4 47 28 81 61 86 10 91 34 4 6 0 57 0 57 32 0 11 50 7 77 43 30 33 58 10 47 32 93 2 30 22 77 95 16 96 4 
64 83 1 89 3 51 0 33 0 30 64 69 91 19 49 2 39 34 7 66 51 1 6 0 11 4 57 0 36 23 92 19 37 83 18 19 65 30 28 25 8 10 30 47 31 7 1 57 37 4 
97 2 5 40 22 61 69 45 0 5 7 5 5 22 32 80 1 39 3 50 26 46 12 7 100 39 32 36 0 3 14 13 3 96 60 91 2 42 82 17 21 62 35 1 64 2 68 27 59 5 
30 59 12 25 4 69 5 80 22 8 55 55 58 4 1 38 85 21 79 33 1 29 9 8 39 1 0 23 3 0 20 9 22 99 7 3 37 11 13 89 66 18 0 76 45 100 22 62 19 100 
92 7 27 25 43 67 27 20 35 11 99 37 1 38 5 40 17 30 77 28 41 48 88 20 13 3 11 92 14 20 0 12 57 5 94 4 25 75 24 57 65 83 67 84 36 4 34 7 18 11 
73 13 57 2 8 22 9 33 8 94 84 40 0 15 81 90 54 2 10 83 42 65 18 14 53 57 50 19 13 9 12 0 94 37 67 33 89 8 15 14 28 91 61 44 33 23 93 4 52 84 
64 5 7 69 7 6 5 60 15 1 30 84 84 32 28 6 1 17 62 3 27 23 80 18 0 53 7 37 3 22 57 94 0 24 17 1 45 1 32 59 47 29 72 36 16 4 0 19 18 4 
81 74 45 44 67 23 91 0 96 2 0 62 3 17 37 0 0 78 19 4 1 62 89 60 60 94 77 83 96 99 5 37 24 0 30 9 49 14 4 4 24 22 47 24 2 31 75 48 81 7 
13 2 92 20 27 4 32 41 17 49 76 1 10 82 49 6 73 2 58 91 5 16 4 1 13 22 43 18 60 7 94 67 17 30 0 0 5 62 50 28 38 38 68 6 22 24 8 86 24 46 
22 24 28 0 96 26 87 47 19 29 5 27 0 56 12 66 30 33 33 8 55 14 64 13 41 44 30 19 91 3 4 33 1 9 0 0 2 65 22 1 8 96 68 20 25 7 38 29 43 14 
40 37 75 29 11 42 72 3 54 10 16 9 95 1 57 0 27 11 36 61 79 8 74 13 1 78 33 65 2 37 25 89 45 49 5 2 0 18 39 78 29 4 46 10 83 39 45 27 4 85 
6 12 64 31 8 84 19 11 95 17 3 92 97 9 14 14 4 24 45 69 96 12 5 4 38 77 58 30 42 11 75 8 1 14 62 65 18 0 4 2 17 43 15 0 51 83 34 17 34 19 
95 21 37 6 13 48 40 65 21 33 2 6 15 43 23 76 49 35 12 12 12 11 93 93 91 77 10 28 82 13 24 15 32 4 50 22 39 4 0 62 35 51 11 2 72 1 99 90 84 48 
91 54 20 5 28 18 0 0 38 56 37 3 63 53 62 86 62 2 71 44 9 54 73 41 17 6 47 25 17 89 57 14 59 4 28 1 78 2 62 0 1 7 40 99 16 0 33 78 24 51 
33 5 23 31 97 45 75 9 22 18 44 52 0 45 77 70 10 16 6 60 74 26 1 21 9 32 32 8 21 66 65 28 47 24 38 8 29 17 35 1 0 54 60 59 36 34 20 0 12 3 
5 12 4 6 0 28 18 35 15 21 3 20 99 12 0 3 28 32 26 51 7 26 13 15 2 46 93 10 62 18 83 91 29 22 38 96 4 43 51 7 54 0 5 3 42 34 13 17 94 60 
9 62 2 29 92 36 4 46 38 2 39 28 63 88 56 41 33 7 21 57 76 1 82 8 0 73 2 30 35 0 67 61 72 47 68 68 46 15 11 40 60 5 0 69 43 53 62 63 13 12 
82 25 11 7 20 29 2 27 2 8 40 26 12 29 26 2 7 1 35 69 90 28 19 29 38 62 30 47 1 76 84 44 36 24 6 20 10 0 2 99 59 3 69 0 7 23 75 83 81 74 
7 41 3 98 72 70 74 49 96 23 88 76 3 29 30 21 15 13 2 0 9 15 8 83 1 13 22 31 64 45 36 33 16 2 22 25 83 51 72 16 36 42 43 7 0 61 75 86 65 4 
23 24 77 4 1 20 37 17 54 22 13 20 8 36 14 57 6 4 65 20 14 8 73 39 48 12 77 7 2 100 4 23 4 31 24 7 39 83 1 0 34 34 53 23 61 0 29 83 65 96 
53 53 75 43 3 51 35 27 9 13 5 47 39 2 3 49 5 86 44 6 24 61 41 33 6 39 95 1 68 22 34 93 0 75 8 38 45 34 99 33 20 13 62 75 75 29 0 39 67 41 
50 31 3 52 89 11 8 42 5 47 38 13 98 42 20 34 39 81 45 45 14 57 6 89 8 5 16 57 27 62 7 4 19 48 86 29 27 17 90 78 0 17 63 83 86 83 39 0 71 11 
29 30 16 2 84 98 11 10 62 72 28 18 35 12 55 7 12 64 72 68 53 53 24 0 3 18 96 37 59 19 18 52 18 81 24 43 4 34 84 24 12 94 13 81 65 65 67 71 0 23 
6 24 2 21 2 3 83 97 34 10 14 24 35 45 60 96 20 16 43 39 69 56 85 76 6 30 4 4 5 100 11 84 4 7 46 14 85 19 48 51 3 60 12 74 4 96 41 11 23 0 
RRRRRRRRRRRRRRRRRRRRRRRRRBBBBBBBBBBBBBBBBBBBBBBBBB