50
0 85 80 88 82 82 96 93 85 26 82 90 85 97 93 93 90 90 91 99 97 92 86 98 83 81 89 85 85 85 90 97 96 80 98 15 99 90 98 90 28 94 99 91 89 95 96 99 100 87 
85 0 94 97 81 98 83 84 86 89 91 93 28 99 96 85 89 99 98 87 100 94 88 93 26 91 83 93 99 93 93 86 86 82 95 90 93 80 95 83 86 92 94 81 91 93 82 10 91 93 
80 94 0 99 92 85 87 81 87 90 95 100 98 31 96 83 84 96 91 84 87 94 88 91 27 87 99 95 93 81 96 100 91 97 80 90 93 94 96 100 91 100 83 84 80 86 87 94 92 85 
88 97 99 0 100 88 85 82 83 99 92 83 85 90 82 98 93 84 85 84 92 93 83 99 82 83 81 84 83 83 97 86 29 87 85 82 87 86 19 96 81 85 93 89 82 87 94 82 86 14 
82 81 92 100 0 22 85 87 99 94 93 97 86 83 91 84 90 92 84 93 96 20 87 88 95 86 94 83 96 92 94 86 98 90 97 80 99 80 95 90 95 89 92 92 94 90 93 85 92 100 
82 98 85 88 22 0 85 85 88 81 99 83 81 20 82 82 93 98 80 92 82 6 88 80 96 98 86 87 89 80 100 100 81 89 88 95 80 97 82 82 94 91 85 99 87 83 82 89 96 90 
96 83 87 85 85 85 0 98 89 81 80 86 81 87 90 98 82 94 99 93 91 88 81 95 92 95 86 90 99 82 97 87 96 87 19 17 88 83 81 96 85 98 87 9 92 99 92 91 97 97 
93 84 81 82 87 85 98 0 89 87 93 92 84 84 95 96 88 83 34 92 82 99 87 95 90 88 100 90 95 94 80 88 98 90 83 87 92 96 87 96 81 100 86 85 83 34 92 96 93 96 
85 86 87 83 99 88 89 89 0 89 97 87 87 100 81 22 82 95 92 95 92 93 80 89 87 100 84 82 82 88 82 89 26 92 100 92 86 98 92 83 98 95 89 85 95 96 95 96 83 98 
26 89 90 99 94 81 81 87 89 0 100 84 89 83 89 97 91 95 95 91 95 92 100 82 88 83 91 91 91 91 98 99 89 91 86 34 97 80 90 82 81 96 96 87 83 92 100 99 89 94 
82 91 95 92 93 99 80 93 97 100 0 94 89 84 82 81 96 92 91 88 82 86 90 96 98 96 32 93 87 86 87 93 96 34 93 84 96 81 82 94 89 80 94 94 83 83 93 94 94 96 
90 93 100 83 97 83 86 92 87 84 94 0 90 89 100 98 100 80 93 89 99 81 100 82 100 91 92 82 95 85 85 100 95 90 92 83 83 35 87 82 6 81 89 97 22 92 85 99 87 98 
85 28 98 85 86 81 81 84 87 89 89 90 0 90 90 92 96 90 87 81 88 99 85 81 84 91 81 94 86 90 88 97 84 100 85 96 83 91 85 88 100 96 91 85 89 94 90 21 87 96 
97 99 31 90 83 20 87 84 100 83 84 89 90 0 83 92 87 80 95 83 100 87 80 82 5 84 86 93 86 94 82 84 94 93 94 86 100 80 81 94 85 87 84 100 92 86 80 81 94 94 
93 96 96 82 91 82 90 95 81 89 82 100 90 83 0 81 86 97 91 23 98 88 96 91 80 98 100 97 89 85 89 27 100 92 91 91 83 97 81 93 84 82 92 80 100 91 85 99 96 88 
93 85 83 98 84 82 98 96 22 97 81 98 92 92 81 0 100 86 83 97 87 81 97 82 89 83 91 82 93 93 86 84 11 95 85 97 91 81 89 96 94 100 97 97 87 90 90 35 95 97 
90 89 84 93 90 93 82 88 82 91 96 100 96 87 86 100 0 91 96 92 85 92 82 92 96 28 97 87 86 98 84 80 98 91 94 93 82 95 91 92 94 83 94 99 87 87 90 87 29 82 
90 99 96 84 92 98 94 83 95 95 92 80 90 80 97 86 91 0 99 88 85 97 84 34 90 97 97 100 92 84 92 92 86 90 84 94 17 88 99 93 90 92 82 97 93 90 97 96 94 89 
91 98 91 85 84 80 99 34 92 95 91 93 87 95 91 83 96 99 0 100 97 88 84 89 80 85 86 29 100 10 87 95 97 82 100 99 87 81 85 83 95 92 100 90 93 92 94 91 93 97 
99 87 84 84 93 92 93 92 95 91 88 89 81 83 23 97 92 88 100 0 25 87 98 89 82 83 92 87 85 83 86 15 89 99 88 85 98 89 86 95 91 90 90 80 100 86 95 82 82 94 
97 100 87 92 96 82 91 82 92 95 82 99 88 100 98 87 85 85 97 25 0 86 23 82 82 93 93 81 96 93 84 96 92 92 84 92 96 86 96 87 92 81 92 99 81 81 13 80 98 81 
92 94 94 93 20 6 88 99 93 92 86 81 99 87 88 81 92 97 88 87 86 0 85 87 81 96 84 91 89 80 90 87 94 80 92 94 96 93 98 82 85 96 95 84 98 84 21 98 87 93 
86 88 88 83 87 88 81 87 80 100 90 100 85 80 96 97 82 84 84 98 23 85 0 96 87 95 81 98 84 82 99 91 99 97 83 100 80 91 92 80 91 84 80 94 93 93 21 86 96 91 
98 93 91 99 88 80 95 95 89 82 96 82 81 82 91 82 92 34 89 89 82 87 96 0 92 98 89 90 88 97 93 88 94 99 80 84 11 94 83 82 97 89 84 91 100 96 94 96 90 97 
83 26 27 82 95 96 92 90 87 88 98 100 84 5 80 89 96 90 80 82 82 81 87 92 0 96 86 89 84 92 94 95 80 80 80 89 87 93 94 89 81 86 83 83 90 81 94 80 85 95 
81 91 87 83 86 98 95 88 100 83 96 91 91 84 98 83 28 97 85 83 93 96 95 98 96 0 95 82 22 92 91 96 91 84 80 80 96 97 84 95 100 90 100 99 88 91 80 99 5 97 
89 83 99 81 94 86 86 100 84 91 32 92 81 86 100 91 97 97 86 92 93 84 81 89 86 95 0 92 88 85 97 80 95 10 99 92 85 90 93 99 89 96 89 82 81 90 96 90 89 33 
85 93 95 84 83 87 90 90 82 91 93 82 94 93 97 82 87 100 29 87 81 91 98 90 89 82 92 0 87 31 89 88 83 93 89 84 82 97 85 87 85 93 94 86 82 97 86 89 84 85 
85 99 93 83 96 89 99 95 82 91 87 95 86 86 89 93 86 92 100 85 96 89 84 88 84 22 88 87 0 98 97 100 88 87 89 90 84 10 95 93 99 27 99 95 94 88 89 85 84 94 
85 93 81 83 92 80 82 94 88 91 86 85 90 94 85 93 98 84 10 83 93 80 82 97 92 92 85 31 98 0 82 99 93 98 93 88 89 92 87 94 87 83 99 80 93 81 86 91 19 96 
90 93 96 97 94 100 97 80 82 98 87 85 88 82 89 86 84 92 87 86 84 90 99 93 94 91 97 89 97 82 0 89 94 87 80 91 98 96 81 18 97 86 12 17 92 82 93 90 95 96 
97 86 100 86 86 100 87 88 89 99 93 100 97 84 27 84 80 92 95 15 96 87 91 88 95 96 80 88 100 99 89 0 92 92 89 94 94 82 87 81 80 86 27 88 91 94 96 89 80 83 
96 86 91 29 98 81 96 98 26 89 96 95 84 94 100 11 98 86 97 89 92 94 99 94 80 91 95 83 88 93 94 92 0 88 91 92 87 90 93 98 91 100 84 93 92 84 93 93 90 84 
80 82 97 87 90 89 87 90 92 91 34 90 100 93 92 95 91 90 82 99 92 80 97 99 80 84 10 93 87 98 87 92 88 0 80 87 21 88 99 82 84 90 86 82 92 96 86 93 96 98 
98 95 80 85 97 88 19 83 100 86 93 92 85 94 91 85 94 84 100 88 84 92 83 80 80 80 99 89 89 93 80 89 91 80 0 99 88 87 95 83 91 84 96 18 80 85 99 98 98 87 
15 90 90 82 80 95 17 87 92 34 84 83 96 86 91 97 93 94 99 85 92 94 100 84 89 80 92 84 90 88 91 94 92 87 99 0 85 96 96 91 80 84 84 91 99 96 99 80 81 86 
99 93 93 87 99 80 88 92 86 97 96 83 83 100 83 91 82 17 87 98 96 96 80 11 87 96 85 82 84 89 98 94 87 21 88 85 0 98 92 87 86 83 98 91 96 100 99 80 80 95 
90 80 94 86 80 97 83 96 98 80 81 35 91 80 97 81 95 88 81 89 86 93 91 94 93 97 90 97 10 92 96 82 90 88 87 96 98 0 92 88 97 17 95 86 93 95 92 96 93 95 
98 95 96 19 95 82 81 87 92 90 82 87 85 81 81 89 91 99 85 86 96 98 92 83 94 84 93 85 95 87 81 87 93 99 95 96 92 92 0 95 93 93 81 81 98 86 99 89 83 27 
90 83 100 96 90 82 96 96 83 82 94 82 88 94 93 96 92 93 83 95 87 82 80 82 89 95 99 87 93 94 18 81 98 82 83 91 87 88 95 0 95 85 18 92 99 92 87 100 90 90 
28 86 91 81 95 94 85 81 98 81 89 6 100 85 84 94 94 90 95 91 92 85 91 97 81 100 89 85 99 87 97 80 91 84 91 80 86 97 93 95 0 86 85 91 20 92 90 100 91 90 
94 92 100 85 89 91 98 100 95 96 80 81 96 87 82 100 83 92 92 90 81 96 84 89 86 90 96 93 27 83 86 86 100 90 84 84 83 17 93 85 86 0 97 83 85 86 85 83 81 85 
99 94 83 93 92 85 87 86 89 96 94 89 91 84 92 97 94 82 100 90 92 95 80 84 83 100 89 94 99 99 12 27 84 86 96 84 98 95 81 18 85 97 0 91 83 88 86 82 88 100 
91 81 84 89 92 99 9 85 85 87 94 97 85 100 80 97 99 97 90 80 99 84 94 91 83 99 82 86 95 80 17 88 93 82 18 91 91 86 81 92 91 83 91 0 80 80 80 98 85 87 
89 91 80 82 94 87 92 83 95 83 83 22 89 92 100 87 87 93 93 100 81 98 93 100 90 88 81 82 94 93 92 91 92 92 80 99 96 93 98 99 20 85 83 80 0 88 96 81 82 88 
95 93 86 87 90 83 99 34 96 92 83 92 94 86 91 90 87 90 92 86 81 84 93 96 81 91 90 97 88 81 82 94 84 96 85 96 100 95 86 92 92 86 88 80 88 0 89 85 82 98 
96 82 87 94 93 82 92 92 95 100 93 85 90 80 85 90 90 97 94 95 13 21 21 94 94 80 96 86 89 86 93 96 93 86 99 99 99 92 99 87 90 85 86 80 96 89 0 82 83 85 
99 10 94 82 85 89 91 96 96 99 94 99 21 81 99 35 87 96 91 82 80 98 86 96 80 99 90 89 85 91 90 89 93 93 98 80 80 96 89 100 100 83 82 98 81 85 82 0 95 93 
100 91 92 86 92 96 97 93 83 89 94 87 87 94 96 95 29 94 93 82 98 87 96 90 85 5 89 84 84 19 95 80 90 96 98 81 80 93 83 90 91 81 88 85 82 82 83 95 0 87 
87 93 85 14 100 90 97 96 98 94 96 98 96 94 88 97 82 89 97 94 81 93 91 97 95 97 33 85 94 96 96 83 84 98 87 86 95 95 27 90 90 85 100 87 88 98 85 93 87 0 
BRRRBRRRRRRRBBBBBBBRBRRRBRBRBBBRBBBBRBBRRRBRBBBRRR