50
0 2 0 9 8 8 8 2 10 1 8 9 9 10 4 0 5 6 3 8 4 4 1 4 9 3 7 3 4 8 8 9 5 8 5 7 2 1 7 6 0 10 7 8 3 5 9 5 3 1 
2 0 11 14 20 14 18 5 16 7 17 21 15 17 15 8 7 11 8 13 15 8 7 8 16 14 16 8 9 20 12 17 8 14 13 11 10 10 12 11 11 15 13 10 8 10 11 14 6 5 
0 11 0 26 41 29 35 2 32 26 15 39 31 13 31 26 23 15 19 32 33 25 1 23 33 13 14 26 22 32 30 19 20 16 26 7 2 26 9 6 30 13 27 30 7 23 24 11 17 1 
9 14 26 0 23 18 36 20 19 18 41 45 23 37 60 14 51 43 20 63 64 21 33 20 64 34 32 18 27 41 36 26 25 48 21 35 12 10 35 19 59 41 17 25 42 19 30 22 12 34 
8 20 41 23 0 46 18 49 49 67 46 82 49 63 45 15 64 16 32 35 96 28 61 38 93 18 38 50 39 22 40 24 66 22 46 41 34 72 22 39 92 22 50 55 33 23 38 54 35 46 
8 14 29 18 46 0 40 31 24 25 63 77 38 51 31 34 19 64 38 64 18 43 23 56 92 70 21 20 86 25 68 37 29 67 60 45 24 13 30 94 10 62 23 62 31 60 56 44 89 38 
8 18 35 36 18 40 0 12 27 62 25 26 37 39 69 17 66 84 36 57 77 48 25 17 17 16 75 76 58 44 21 87 62 57 65 49 71 50 34 67 17 46 55 22 52 35 68 23 58 27 
2 5 2 20 49 31 12 0 64 75 40 69 20 17 72 36 11 68 44 14 90 43 39 90 86 75 13 91 76 74 100 17 66 24 84 68 90 31 69 82 83 67 73 19 13 25 22 16 87 64 
10 16 32 19 49 24 27 64 0 29 40 64 72 86 71 33 93 63 30 96 93 61 28 44 65 15 24 46 35 79 96 56 47 92 95 78 98 39 26 38 44 77 48 95 64 19 88 71 19 97 
1 7 26 18 67 25 62 75 29 0 50 72 51 20 78 79 6 15 16 90 12 15 65 80 98 49 11 44 52 69 96 46 17 44 39 59 31 10 20 12 5 91 79 94 93 100 15 30 52 22 
8 17 15 41 46 63 25 40 40 50 0 94 24 63 91 67 33 71 28 91 64 81 17 93 48 18 88 92 13 20 19 77 94 21 43 27 17 83 23 92 11 87 95 37 91 67 78 21 90 16 
9 21 39 45 82 77 26 69 64 72 94 0 46 43 37 36 62 25 39 89 73 92 54 65 73 36 87 66 74 80 86 95 32 89 69 48 39 32 19 98 16 61 76 77 90 85 99 51 27 53 
9 15 31 23 49 38 37 20 72 51 24 46 0 76 98 64 65 52 80 43 37 72 43 31 65 48 52 64 25 25 61 40 70 51 94 100 40 39 77 29 72 53 100 69 85 31 45 63 50 21 
10 17 13 37 63 51 39 17 86 20 63 43 76 0 100 89 96 79 90 27 36 60 16 27 56 21 35 75 21 48 92 43 81 87 22 38 88 69 24 26 60 32 45 22 27 19 37 68 16 99 
4 15 31 60 45 31 69 72 71 78 91 37 98 100 0 7 87 71 54 81 55 81 95 90 22 83 48 9 90 63 27 13 61 98 97 34 74 15 63 81 60 20 34 67 27 64 87 18 8 98 
0 8 26 14 15 34 17 36 33 79 67 36 64 89 7 0 82 51 68 21 96 5 8 51 35 35 93 62 83 87 24 22 7 46 37 8 86 92 92 95 82 16 61 44 64 24 96 23 18 22 
5 7 23 51 64 19 66 11 93 6 33 62 65 96 87 82 0 13 17 34 23 17 56 71 23 98 48 12 46 85 21 52 23 26 58 67 11 36 61 28 18 88 92 57 26 96 48 10 20 7 
6 11 15 43 16 64 84 68 63 15 71 25 52 79 71 51 13 0 96 55 90 39 91 89 95 95 93 11 70 16 15 30 63 41 75 83 72 43 89 21 31 94 68 97 10 85 30 75 57 20 
3 8 19 20 32 38 36 44 30 16 28 39 80 90 54 68 17 96 0 95 64 46 93 76 84 64 62 13 51 56 59 44 98 95 75 57 29 71 74 25 47 22 98 65 96 41 67 18 43 92 
8 13 32 63 35 64 57 14 96 90 91 89 43 27 81 21 34 55 95 0 70 95 47 88 74 54 47 50 99 82 100 93 29 68 65 23 47 10 92 72 87 24 21 19 66 52 57 50 52 12 
4 15 33 64 96 18 77 90 93 12 64 73 37 36 55 96 23 90 64 70 0 30 87 74 49 37 99 35 67 93 17 83 98 54 84 81 32 84 39 45 97 33 65 71 16 78 31 34 52 34 
4 8 25 21 28 43 48 43 61 15 81 92 72 60 81 5 17 39 46 95 30 0 84 60 43 30 75 82 12 60 78 28 18 67 10 29 23 79 37 49 14 67 39 73 63 78 27 35 73 55 
1 7 1 33 61 23 25 39 28 65 17 54 43 16 95 8 56 91 93 47 87 84 0 82 88 44 95 94 44 32 46 64 18 93 64 62 96 70 100 59 49 21 59 57 55 12 66 76 57 95 
4 8 23 20 38 56 17 90 44 80 93 65 31 27 90 51 71 89 76 88 74 60 82 0 36 25 46 38 18 59 95 54 12 73 27 16 94 55 39 17 29 61 98 49 80 60 21 25 43 44 
9 16 33 64 93 92 17 86 65 98 48 73 65 56 22 35 23 95 84 74 49 43 88 36 0 83 72 79 79 86 46 99 30 49 87 64 99 69 90 18 65 32 65 46 55 28 37 32 61 80 
3 14 13 34 18 70 16 75 15 49 18 36 48 21 83 35 98 95 64 54 37 30 44 25 83 0 37 81 57 85 17 51 70 82 56 54 56 97 31 91 67 100 68 47 95 94 35 18 28 6 
7 16 14 32 38 21 75 13 24 11 88 87 52 35 48 93 48 93 62 47 99 75 95 46 72 37 0 97 66 86 16 19 64 87 77 91 96 93 95 68 100 69 42 62 21 87 19 97 77 59 
3 8 26 18 50 20 76 91 46 44 92 66 64 75 9 62 12 11 13 50 35 82 94 38 79 81 97 0 65 36 88 99 81 93 86 95 25 28 64 93 63 80 74 79 56 94 42 63 91 88 
4 9 22 27 39 86 58 76 35 52 13 74 25 21 90 83 46 70 51 99 67 12 44 18 79 57 66 65 0 72 93 33 20 27 49 19 25 19 63 32 36 30 90 99 22 98 85 92 94 72 
8 20 32 41 22 25 44 74 79 69 20 80 25 48 63 87 85 16 56 82 93 60 32 59 86 85 86 36 72 0 45 55 28 56 64 93 53 60 95 61 100 82 39 74 84 20 33 94 79 43 
8 12 30 36 40 68 21 100 96 96 19 86 61 92 27 24 21 15 59 100 17 78 46 95 46 17 16 88 93 45 0 76 85 57 79 99 82 46 58 45 98 64 61 46 93 29 99 18 54 59 
9 17 19 26 24 37 87 17 56 46 77 95 40 43 13 22 52 30 44 93 83 28 64 54 99 51 19 99 33 55 76 0 93 78 94 66 64 34 65 77 53 70 43 89 35 76 27 68 40 66 
5 8 20 25 66 29 62 66 47 17 94 32 70 81 61 7 23 63 98 29 98 18 18 12 30 70 64 81 20 28 85 93 0 93 31 30 94 66 60 31 93 89 95 15 49 72 44 66 72 51 
8 14 16 48 22 67 57 24 92 44 21 89 51 87 98 46 26 41 95 68 54 67 93 73 49 82 87 93 27 56 57 78 93 0 93 54 25 96 91 99 30 30 46 22 24 14 86 84 55 67 
5 13 26 21 46 60 65 84 95 39 43 69 94 22 97 37 58 75 75 65 84 10 64 27 87 56 77 86 49 64 79 94 31 93 0 52 67 98 55 54 59 77 91 47 98 32 16 98 87 75 
7 11 7 35 41 45 49 68 78 59 27 48 100 38 34 8 67 83 57 23 81 29 62 16 64 54 91 95 19 93 99 66 30 54 52 0 53 28 70 91 11 95 16 97 89 79 61 81 51 36 
2 10 2 12 34 24 71 90 98 31 17 39 40 88 74 86 11 72 29 47 32 23 96 94 99 56 96 25 25 53 82 64 94 25 67 53 0 21 13 77 85 67 33 58 48 28 74 21 85 66 
1 10 26 10 72 13 50 31 39 10 83 32 39 69 15 92 36 43 71 10 84 79 70 55 69 97 93 28 19 60 46 34 66 96 98 28 21 0 87 71 22 95 9 84 36 49 100 47 85 89 
7 12 9 35 22 30 34 69 26 20 23 19 77 24 63 92 61 89 74 92 39 37 100 39 90 31 95 64 63 95 58 65 60 91 55 70 13 87 0 64 50 63 28 62 91 43 74 84 47 93 
6 11 6 19 39 94 67 82 38 12 92 98 29 26 81 95 28 21 25 72 45 49 59 17 18 91 68 93 32 61 45 77 31 99 54 91 77 71 64 0 42 68 84 97 75 52 71 57 53 70 
0 11 30 59 92 10 17 83 44 5 11 16 72 60 60 82 18 31 47 87 97 14 49 29 65 67 100 63 36 100 98 53 93 30 59 11 85 22 50 42 0 74 54 62 47 96 28 36 12 51 
10 15 13 41 22 62 46 67 77 91 87 61 53 32 20 16 88 94 22 24 33 67 21 61 32 100 69 80 30 82 64 70 89 30 77 95 67 95 63 68 74 0 100 58 95 94 82 91 100 96 
7 13 27 17 50 23 55 73 48 79 95 76 100 45 34 61 92 68 98 21 65 39 59 98 65 68 42 74 90 39 61 43 95 46 91 16 33 9 28 84 54 100 0 45 94 96 57 39 88 52 
8 10 30 25 55 62 22 19 95 94 37 77 69 22 67 44 57 97 65 19 71 73 57 49 46 47 62 79 99 74 46 89 15 22 47 97 58 84 62 97 62 58 45 0 53 73 63 72 100 14 
3 8 7 42 33 31 52 13 64 93 91 90 85 27 27 64 26 10 96 66 16 63 55 80 55 95 21 56 22 84 93 35 49 24 98 89 48 36 91 75 47 95 94 53 0 93 36 85 73 82 
5 10 23 19 23 60 35 25 19 100 67 85 31 19 64 24 96 85 41 52 78 78 12 60 28 94 87 94 98 20 29 76 72 14 32 79 28 49 43 52 96 94 96 73 93 0 86 30 91 71 
9 11 24 30 38 56 68 22 88 15 78 99 45 37 87 96 48 30 67 57 31 27 66 21 37 35 19 42 85 33 99 27 44 86 16 61 74 100 74 71 28 82 57 63 36 86 0 62 59 83 
5 14 11 22 54 44 23 16 71 30 21 51 63 68 18 23 10 75 18 50 34 35 76 25 32 18 97 63 92 94 18 68 66 84 98 81 21 47 84 57 36 91 39 72 85 30 62 0 16 70 
3 6 17 12 35 89 58 87 19 52 90 27 50 16 8 18 20 57 43 52 52 73 57 43 61 28 77 91 94 79 54 40 72 55 87 51 85 85 47 53 12 100 88 100 73 91 59 16 0 83 
1 5 1 34 46 38 27 64 97 22 16 53 21 99 98 22 7 20 92 12 34 55 95 44 80 6 59 88 72 43 59 66 51 67 75 36 66 89 93 70 51 96 52 14 82 71 83 70 83 0 
RBRBRBRBRBRBRBRBRBRBRBRBRBRBRBRBRBRBRBRBRBRBRBRBRB