24
0	1	100	100	100	5	100	100	100	100	100	100	100	100	100	100	100	100	100	1	100	100	100	1
1	0	1	100	100	100	1	100	100	100	100	100	100	100	100	100	100	100	100	100	100	100	100	100
100	1	0	50	1	100	100	100	100	100	100	100	100	100	100	100	100	100	100	100	100	100	100	100
100	100	50	0	1	5	100	100	100	100	100	100	100	100	100	100	100	100	100	100	100	100	100	100
100	100	1	1	0	5	100	100	100	100	100	100	100	100	100	100	100	100	100	100	100	100	100	100
5	100	100	5	5	0	1	100	100	100	100	100	100	100	100	100	100	100	100	100	100	100	100	100
100	1	100	100	100	1	0	1	100	100	100	5	100	100	100	100	100	100	100	100	100	100	100	100
100	100	100	100	100	100	1	0	1	100	100	100	1	100	100	100	100	100	100	100	100	100	100	100
100	100	100	100	100	100	100	1	0	50	1	100	100	100	100	100	100	100	100	100	100	100	100	100
100	100	100	100	100	100	100	100	50	0	1	5	100	100	100	100	100	100	100	100	100	100	100	100
100	100	100	100	100	100	100	100	1	1	0	5	100	100	100	100	100	100	100	100	100	100	100	100
100	100	100	100	100	100	5	100	100	5	5	0	1	100	100	100	100	100	100	100	100	100	100	100
100	100	100	100	100	100	100	1	100	100	100	1	0	1	100	100	100	5	100	100	100	100	100	100
100	100	100	100	100	100	100	100	100	100	100	100	1	0	1	100	100	100	1	100	100	100	100	100
100	100	100	100	100	100	100	100	100	100	100	100	100	1	0	50	1	100	100	100	100	100	100	100
100	100	100	100	100	100	100	100	100	100	100	100	100	100	50	0	1	5	100	100	100	100	100	100
100	100	100	100	100	100	100	100	100	100	100	100	100	100	1	1	0	5	100	100	100	100	100	100
100	100	100	100	100	100	100	100	100	100	100	100	5	100	100	5	5	0	1	100	100	100	100	100
100	100	100	100	100	100	100	100	100	100	100	100	100	1	100	100	100	1	0	1	100	100	100	5
1	100	100	100	100	100	100	100	100	100	100	100	100	100	100	100	100	100	1	0	1	100	100	100
100	100	100	100	100	100	100	100	100	100	100	100	100	100	100	100	100	100	100	1	0	50	1	100
100	100	100	100	100	100	100	100	100	100	100	100	100	100	100	100	100	100	100	100	50	0	1	5
100	100	100	100	100	100	100	100	100	100	100	100	100	100	100	100	100	100	100	100	1	1	0	5
1	100	100	100	100	100	100	100	100	100	100	100	100	100	100	100	100	100	5	100	100	5	5	0
BBBRBBRRRBRRBBBRBBRRRBRR