50
0 97 54 41 53 91 89 35 73 78 58 56 37 76 58 37 45 92 49 37 38 76 68 77 60 64 93 58 56 63 83 53 85 94 54 45 91 65 79 33 79 74 83 48 57 91 96 99 97 91
97 0 35 61 40 80 92 65 83 91 42 51 34 81 64 41 51 91 48 37 33 98 79 96 38 45 66 47 33 56 68 46 98 76 58 38 80 58 87 56 95 88 78 50 45 75 86 67 70 66
54 35 0 18 14 62 39 10 40 42 28 26 15 62 21 18 32 48 31 14 32 51 64 33 29 31 43 15 17 25 46 0 46 46 31 21 56 10 46 28 42 44 34 26 23 41 52 61 65 64
41 61 18 0 32 66 45 25 62 34 2 19 11 65 4 18 21 51 7 16 19 59 63 66 32 10 43 4 25 25 48 22 55 46 4 1 54 14 40 6 48 62 43 18 0 33 33 65 44 46
53 40 14 32 0 40 37 13 56 59 23 19 3 33 29 18 11 65 12 20 30 37 56 34 28 9 57 10 17 10 43 20 38 39 14 23 48 8 43 13 50 33 64 30 33 61 46 59 52 35
91 80 62 66 40 0 90 61 72 73 33 50 33 77 46 50 49 68 65 64 63 90 72 85 37 34 76 39 37 37 72 40 94 89 48 58 70 47 95 46 69 75 74 65 43 89 75 99 80 66
89 92 39 45 37 90 0 53 96 95 60 57 63 99 39 38 39 86 47 56 59 89 97 73 54 52 81 50 47 40 90 44 99 92 55 39 69 55 97 55 97 80 69 45 45 77 94 75 89 71
35 65 10 25 13 61 53 0 36 33 24 5 24 52 9 30 3 58 3 16 3 44 42 66 29 10 48 26 1 30 47 15 59 61 28 24 62 0 49 20 38 33 64 17 9 48 44 60 37 35
73 83 40 62 56 72 96 36 0 95 44 47 47 89 46 35 49 83 35 44 36 97 90 98 61 40 86 46 60 54 87 42 76 77 52 56 68 39 83 47 71 89 89 33 53 90 75 89 97 79
78 91 42 34 59 73 95 33 95 0 39 33 34 70 55 61 48 70 37 57 45 91 100 77 40 39 98 33 57 42 70 61 97 94 62 48 83 39 98 39 82 79 90 61 49 78 89 93 74 98
58 42 28 2 23 33 60 24 44 39 0 30 7 55 6 17 8 52 30 32 7 50 41 35 25 26 49 22 9 24 38 2 49 35 9 10 52 5 39 6 60 61 44 29 27 60 39 40 48 36
56 51 26 19 19 50 57 5 47 33 30 0 26 56 17 29 28 47 29 9 1 52 47 63 13 11 46 3 11 25 58 7 62 56 26 9 59 25 65 33 44 53 54 9 11 34 64 57 59 34
37 34 15 11 3 33 63 24 47 34 7 26 0 40 23 18 8 38 13 9 29 51 55 59 2 23 61 4 28 29 60 27 65 42 30 13 66 32 58 25 40 65 45 18 25 63 64 42 65 61
76 81 62 65 33 77 99 52 89 70 55 56 40 0 37 46 42 90 43 46 58 76 84 95 34 33 75 44 61 38 67 51 81 68 52 37 77 35 80 46 77 79 72 43 36 70 74 77 79 75
58 64 21 4 29 46 39 9 46 55 6 17 23 37 0 30 5 64 33 19 18 54 59 33 10 1 40 31 6 10 33 6 57 57 15 24 33 16 56 20 37 36 62 11 11 34 42 50 61 53
37 41 18 18 18 50 38 30 35 61 17 29 18 46 30 0 5 62 31 2 27 34 52 66 23 18 43 18 20 14 53 9 34 34 28 4 62 6 64 19 36 46 57 26 6 63 36 50 40 55
45 51 32 21 11 49 39 3 49 48 8 28 8 42 5 5 0 59 30 21 0 59 65 57 19 13 37 25 28 2 66 1 40 58 0 12 43 28 35 21 38 48 42 22 15 34 51 35 63 51
92 91 48 51 65 68 86 58 83 70 52 47 38 90 64 62 59 0 39 62 58 86 100 94 33 36 98 66 58 57 70 65 74 94 49 45 68 57 94 38 91 70 99 39 44 98 86 81 80 84
49 48 31 7 12 65 47 3 35 37 30 29 13 43 33 31 30 39 0 17 8 42 44 34 3 17 66 29 1 16 34 7 59 33 0 13 60 27 43 1 42 39 53 32 19 49 59 43 60 36
37 37 14 16 20 64 56 16 44 57 32 9 9 46 19 2 21 62 17 0 28 65 46 53 1 33 38 2 23 2 40 7 41 57 3 3 48 8 54 6 63 47 65 20 5 36 63 49 51 33
38 33 32 19 30 63 59 3 36 45 7 1 29 58 18 27 0 58 8 28 0 42 52 34 28 18 43 23 29 6 60 8 63 50 18 14 66 26 52 29 38 40 55 1 28 54 54 47 40 61
76 98 51 59 37 90 89 44 97 91 50 52 51 76 54 34 59 86 42 65 42 0 95 87 36 65 88 51 38 55 70 36 84 90 41 51 98 51 76 57 98 86 97 61 52 80 94 73 68 70
68 79 64 63 56 72 97 42 90 100 41 47 55 84 59 52 65 100 44 46 52 95 0 70 51 52 71 46 44 39 96 35 71 88 44 35 88 62 93 37 71 89 97 51 52 81 77 87 68 71
77 96 33 66 34 85 73 66 98 77 35 63 59 95 33 66 57 94 34 53 34 87 70 0 56 57 88 35 38 56 86 51 77 84 59 57 82 46 76 54 80 83 75 41 60 83 66 86 94 88
60 38 29 32 28 37 54 29 61 40 25 13 2 34 10 23 19 33 3 1 28 36 51 56 0 27 54 19 2 21 38 19 43 65 10 27 55 31 42 27 62 39 45 26 9 42 46 34 57 55
64 45 31 10 9 34 52 10 40 39 26 11 23 33 1 18 13 36 17 33 18 65 52 57 27 0 59 18 33 11 49 3 38 33 19 13 46 32 35 2 37 59 62 24 17 43 60 43 62 43
93 66 43 43 57 76 81 48 86 98 49 46 61 75 40 43 37 98 66 38 43 88 71 88 54 59 0 62 62 54 82 58 72 76 40 39 77 60 66 34 70 81 76 58 53 96 84 99 83 86
58 47 15 4 10 39 50 26 46 33 22 3 4 44 31 18 25 66 29 2 23 51 46 35 19 18 62 0 28 28 61 16 41 44 19 31 35 30 66 7 49 36 39 3 18 60 50 44 37 52
56 33 17 25 17 37 47 1 60 57 9 11 28 61 6 20 28 58 1 23 29 38 44 38 2 33 62 28 0 24 58 12 50 63 25 3 44 8 50 8 55 41 47 22 4 52 42 59 33 48
63 56 25 25 10 37 40 30 54 42 24 25 29 38 10 14 2 57 16 2 6 55 39 56 21 11 54 28 24 0 34 16 38 35 27 12 49 30 55 15 49 48 47 2 1 46 63 37 36 46
83 68 46 48 43 72 90 47 87 70 38 58 60 67 33 53 66 70 34 40 60 70 96 86 38 49 82 61 58 34 0 56 89 79 55 46 82 56 68 51 68 73 94 44 36 70 89 70 77 98
53 46 0 22 20 40 44 15 42 61 2 7 27 51 6 9 1 65 7 7 8 36 35 51 19 3 58 16 12 16 56 0 61 53 14 0 56 17 62 5 50 64 47 20 11 65 33 48 37 59
85 98 46 55 38 94 99 59 76 97 49 62 65 81 57 34 40 74 59 41 63 84 71 77 43 38 72 41 50 38 89 61 0 90 40 38 89 34 99 46 89 92 83 38 46 69 79 74 70 67
94 76 46 46 39 89 92 61 77 94 35 56 42 68 57 34 58 94 33 57 50 90 88 84 65 33 76 44 63 35 79 53 90 0 55 61 92 66 94 61 87 87 96 54 39 85 83 80 90 97
54 58 31 4 14 48 55 28 52 62 9 26 30 52 15 28 0 49 0 3 18 41 44 59 10 19 40 19 25 27 55 14 40 55 0 8 36 6 59 7 42 59 51 28 16 59 42 38 36 53
45 38 21 1 23 58 39 24 56 48 10 9 13 37 24 4 12 45 13 3 14 51 35 57 27 13 39 31 3 12 46 0 38 61 8 0 41 23 58 24 48 46 47 17 26 50 37 64 38 41
91 80 56 54 48 70 69 62 68 83 52 59 66 77 33 62 43 68 60 48 66 98 88 82 55 46 77 35 44 49 82 56 89 92 36 41 0 53 81 35 89 98 86 56 52 68 73 83 73 68
65 58 10 14 8 47 55 0 39 39 5 25 32 35 16 6 28 57 27 8 26 51 62 46 31 32 60 30 8 30 56 17 34 66 6 23 53 0 36 33 48 45 64 10 0 41 56 51 54 53
79 87 46 40 43 95 97 49 83 98 39 65 58 80 56 64 35 94 43 54 52 76 93 76 42 35 66 66 50 55 68 62 99 94 59 58 81 36 0 40 97 92 92 46 49 71 81 97 91 79
33 56 28 6 13 46 55 20 47 39 6 33 25 46 20 19 21 38 1 6 29 57 37 54 27 2 34 7 8 15 51 5 46 61 7 24 35 33 40 0 53 52 66 18 31 45 53 36 38 61
79 95 42 48 50 69 97 38 71 82 60 44 40 77 37 36 38 91 42 63 38 98 71 80 62 37 70 49 55 49 68 50 89 87 42 48 89 48 97 53 0 68 99 39 50 73 68 89 91 93
74 88 44 62 33 75 80 33 89 79 61 53 65 79 36 46 48 70 39 47 40 86 89 83 39 59 81 36 41 48 73 64 92 87 59 46 98 45 92 52 68 0 80 39 34 67 84 97 100 82
83 78 34 43 64 74 69 64 89 90 44 54 45 72 62 57 42 99 53 65 55 97 97 75 45 62 76 39 47 47 94 47 83 96 51 47 86 64 92 66 99 80 0 37 65 91 92 98 77 91
48 50 26 18 30 65 45 17 33 61 29 9 18 43 11 26 22 39 32 20 1 61 51 41 26 24 58 3 22 2 44 20 38 54 28 17 56 10 46 18 39 39 37 0 19 53 38 48 51 40
57 45 23 0 33 43 45 9 53 49 27 11 25 36 11 6 15 44 19 5 28 52 52 60 9 17 53 18 4 1 36 11 46 39 16 26 52 0 49 31 50 34 65 19 0 40 44 52 59 53
91 75 41 33 61 89 77 48 90 78 60 34 63 70 34 63 34 98 49 36 54 80 81 83 42 43 96 60 52 46 70 65 69 85 59 50 68 41 71 45 73 67 91 53 40 0 86 77 85 95
96 86 52 33 46 75 94 44 75 89 39 64 64 74 42 36 51 86 59 63 54 94 77 66 46 60 84 50 42 63 89 33 79 83 42 37 73 56 81 53 68 84 92 38 44 86 0 91 87 78
99 67 61 65 59 99 75 60 89 93 40 57 42 77 50 50 35 81 43 49 47 73 87 86 34 43 99 44 59 37 70 48 74 80 38 64 83 51 97 36 89 97 98 48 52 77 91 0 72 71
97 70 65 44 52 80 89 37 97 74 48 59 65 79 61 40 63 80 60 51 40 68 68 94 57 62 83 37 33 36 77 37 70 90 36 38 73 54 91 38 91 100 77 51 59 85 87 72 0 97
91 66 64 46 35 66 71 35 79 98 36 34 61 75 53 55 51 84 36 33 61 70 71 88 55 43 86 52 48 46 98 59 67 97 53 41 68 53 79 61 93 82 91 40 53 95 78 71 97 0
BBRRRBBRBBRRRBRRRBRRRBBBRRBRRRBRBBRRBRBRBBBRRBBBBB
