50
   0  12  44  31  55  51  14  41  14  50  47  13  58  38  43   8   8  59  49  12  12  39  30  12  46  54  22  46  50  28  54  44  32  45  53   7  19   8  20  28  27  26  58  34  10  52  16  22  47  48
  12   0  13  12  18   8  59  13  13  41  42  22   8  28  57  30  17  16  54  18  22  43  36  34  15  51  37  28   9   8  34  39  27  37  22  21  58  57  11  41  19  36   6  59  15  51  49  28  44  83
  44  13   0  13  17  58  50  10  20  40  45  30  35  33  21  16  17  31  50  38  45  39  48  18  14  17  47   7  26  22  25  29   6  32   9  38  44  27  18  17  46  49  40  40  10  28  16  17  49  96
  31  12  13   0  14   9  40  36  25  53   9  33  59  45  32  14  44  41  35  21  40   7  46  45  58  25  39  12   7  48  16  18  30  14  26  39  48  24  35  49   9  30  53  34  29  26  30  12  39  99
  55  18  17  14   0  12  42  29  34   8  46  26  32  32  33  25  31  22  26  51  57  44  36  37  59  14  19  55  16  57  33  51  39  38  53  54  45  52  39  29   9  26  24  48  57  31  28  50  49  86
  51   8  58   9  12   0  12  30  37  19  38  51  29  37  38  12  30  12  54   7  58   9  57  16  37  27  43  51  29  55  13  52  12  51  41  31  52  54  55  10  46  42   7   8  10  57  30  16   9  83
  14  59  50  40  42  12   0  14  16  30  30  18  35  48  50  20  24  28  46  15  48  58  54  39  22  11  11  11  44  10  35  40  38  57  42  15  33  14  55   9   9  36  21  56  12   7  12  51  37  87
  41  13  10  36  29  30  14   0  14  59  28  11  31  17  20  29  58  55  44  44  26  16  34  46  18  45  16  49  54  45  33  26  41  40  38  44  48  39  30  31  51  43  17  43  57  41  15  34  57  77
  14  13  20  25  34  37  16  14   0  12  30   8  16  53  11  14  27  43  25  40  32  46  13  20   8  11  33  49  33  48  20  20  20  16  24  52  21   6  27  26  15  44  23  20  26  56  40  38  42  79
  50  41  40  53   8  19  30  59  12   0  12  43  38  16  17  33  53  21  39  10  32  23  43  34  29  42  58  17  21  44  41  12  29  28  26  29  43  56  50  59  27   8  41  26  17  51  22  14  43  79
  47  42  45   9  46  38  30  28  30  12   0  16  48  17  25  30  24  58   6  59  57  18  29  25  43  55  21  20  39  47  53  14  39   7   6  59  48  23  33  48  37  13  19  47  32  51   8  55  31  90
  13  22  30  33  26  51  18  11   8  43  16   0  13  53  40  14  42  33  14  24  33  28  39  24  26  13  25  12  11  56  55  29  13  33  40  47  27  28  14  34  16  47  59  52  20  47  59  54  57  99
  58   8  35  59  32  29  35  31  16  38  48  13   0  13  24  51  39  21  58  14  54   7  42  10  58  51  27  58  17  58  33  16  23  26  37  19  13  52  40  54  53  53  21  15  49  13  20  59  46  70
  38  28  33  45  32  37  48  17  53  16  17  53  13   0  13  10  21   7  27  52  21  21   8  45  33  31  41  46  44  35  59  39  26  26  55  38  29  22  19  44  33  24  25  38   8   7  38  48  28  70
  43  57  21  32  33  38  50  20  11  17  25  40  24  13   0  12  37  20  40  18  38   9  43  22  26  56  22  41  29  25  20  57  37  29   6  25  49  25  36  38  34  27  41  20  19  13   7  36  30  71
   8  30  16  14  25  12  20  29  14  33  30  14  51  10  12   0  15  56  28  13  33  55  32  35   8  30  13  53  24  56  44  19  46  27  57  53  36  12  10   6  40  32  31  37  36  11   8  49  17  88
   8  17  17  44  31  30  24  58  27  53  24  42  39  21  37  15   0  14  57  29  29  41  37  56  55  14  10  31  55  47  48   7  13  48  30  16  49  11  23  24  56  31  34  58  52  21  37  18  27  88
  59  16  31  41  22  12  28  55  43  21  58  33  21   7  20  56  14   0  14  59  51   6  58  50  24  23  30  37  49  59  37  57  21  25  36  23  39  38  34  55  56   8  41  30  47  57  31  27  27  95
  49  54  50  35  26  54  46  44  25  39   6  14  58  27  40  28  57  14   0  12   7  57  23  30  45  12  39  46  28  11  49  41  35  40  14  24  42  25   8  16  44  27  27  33  17   9  56  27  49  84
  12  18  38  21  51   7  15  44  40  10  59  24  14  52  18  13  29  59  12   0  12  22  44  26  16  49  59  57   7  58  31  19  56  35  39  35  46  50  51  15  40  55  36  10  37  19  49  45   9  80
  12  22  45  40  57  58  48  26  32  32  57  33  54  21  38  33  29  51   7  12   0  13  34  14  33  15  18  16  16  49   8  54  33  48  19  17  47  48  42  38  14  46  34  46  40   6  52  28  13  76
  39  43  39   7  44   9  58  16  46  23  18  28   7  21   9  55  41   6  57  22  13   0  13   9  14   8  47  58  45  10   7  40  49  26  42  14  26  45  45  12  22  48  10  35  54  24   9  39  39  77
  30  36  48  46  36  57  54  34  13  43  29  39  42   8  43  32  37  58  23  44  34  13   0  16  39  48  15  53  39  28  23  26  16  25  32  31  52  12  22  47  29  10  15  57  49  25  13  29  29  74
  12  34  18  45  37  16  39  46  20  34  25  24  10  45  22  35  56  50  30  26  14   9  16   0  16   6  40  53  16  25  54  24  36  22  28  40  51  40  59  46  19  14  43  56  25  24  26  35  44  80
  46  15  14  58  59  37  22  18   8  29  43  26  58  33  26   8  55  24  45  16  33  14  39  16   0  12  48  17  21  55  35   8  49  26  37  23  42  25  34  17  32  42  30  55  37  43  50  53  58  95
  54  51  17  25  14  27  11  45  11  42  55  13  51  31  56  30  14  23  12  49  15   8  48   6  12   0  15  17  27  37  39  35  21  56  49  52  30  19  43  50  35  25  53  43  41  31  51  57  32  88
  22  37  47  39  19  43  11  16  33  58  21  25  27  41  22  13  10  30  39  59  18  47  15  40  48  15   0  13  17   8  49  33  51  29  48  51  26  21  15  39  24  32  22  47  15  35  44  17  40  87
  46  28   7  12  55  51  11  49  49  17  20  12  58  46  41  53  31  37  46  57  16  58  53  53  17  17  13   0  13  45  43  31  16  16  33  42  20  52  42  59  43  16  29  52  39   8  45  25  50  97
  50   9  26   7  16  29  44  54  33  21  39  11  17  44  29  24  55  49  28   7  16  45  39  16  21  27  17  13   0  15  11  55  12  32  18  44  58  40  35   7  51  27  27  41  40  56  43  37  59  95
  28   8  22  48  57  55  10  45  48  44  47  56  58  35  25  56  47  59  11  58  49  10  28  25  55  37   8  45  15   0  15  49  13  31  17  12  34  59  44  49  49   8  37  25  10  11  37  49  29  98
  54  34  25  16  33  13  35  33  20  41  53  55  33  59  20  44  48  37  49  31   8   7  23  54  35  39  49  43  11  15   0  13  45  53  52   7  39  56  53  27   7   7  20  23  14  31  51  12  42  93
  44  39  29  18  51  52  40  26  20  12  14  29  16  39  57  19   7  57  41  19  54  40  26  24   8  35  33  31  55  49  13   0  12  39  23  56  36  43  26  45  23  32  45  57  46  33   7  59  21  75
  32  27   6  30  39  12  38  41  20  29  39  13  23  26  37  46  13  21  35  56  33  49  16  36  49  21  51  16  12  13  45  12   0  13  46  28  34  54  21  42  25  21  36  19  16  41  19  59  18  83
  45  37  32  14  38  51  57  40  16  28   7  33  26  26  29  27  48  25  40  35  48  26  25  22  26  56  29  16  32  31  53  39  13   0  12  42  55  43  45  13  56  30  27  25  10  54  36  12   7  96
  53  22   9  26  53  41  42  38  24  26   6  40  37  55   6  57  30  36  14  39  19  42  32  28  37  49  48  33  18  17  52  23  46  12   0  14  31  57  18  50  40  29  14  23  57  44  29   9  29  89
   7  21  38  39  54  31  15  44  52  29  59  47  19  38  25  53  16  23  24  35  17  14  31  40  23  52  51  42  44  12   7  56  28  42  14   0  14  23  11  39  52  15  31  15  42  46  59  31  52  86
  19  58  44  48  45  52  33  48  21  43  48  27  13  29  49  36  49  39  42  46  47  26  52  51  42  30  26  20  58  34  39  36  34  55  31  14   0  12  58  24  32  49   6  22  53  24  14  28  15  78
   8  57  27  24  52  54  14  39   6  56  23  28  52  22  25  12  11  38  25  50  48  45  12  40  25  19  21  52  40  59  56  43  54  43  57  23  12   0  14  34  30  31  46  22  19  18  37  20  32  85
  20  11  18  35  39  55  55  30  27  50  33  14  40  19  36  10  23  34   8  51  42  45  22  59  34  43  15  42  35  44  53  26  21  45  18  11  58  14   0  14  52  20  19  19  18  57  28  48  41  86
  28  41  17  49  29  10   9  31  26  59  48  34  54  44  38   6  24  55  16  15  38  12  47  46  17  50  39  59   7  49  27  45  42  13  50  39  24  34  14   0  12  51  47  46   9  26  16  55  31  94
  27  19  46   9   9  46   9  51  15  27  37  16  53  33  34  40  56  56  44  40  14  22  29  19  32  35  24  43  51  49   7  23  25  56  40  52  32  30  52  12   0  14  24  53  33  52  25  11  12  73
  26  36  49  30  26  42  36  43  44   8  13  47  53  24  27  32  31   8  27  55  46  48  10  14  42  25  32  16  27   8   7  32  21  30  29  15  49  31  20  51  14   0  13  15  17  48  38  49  26  73
  58   6  40  53  24   7  21  17  23  41  19  59  21  25  41  31  34  41  27  36  34  10  15  43  30  53  22  29  27  37  20  45  36  27  14  31   6  46  19  47  24  13   0  14  58  29   6  50  20  83
  34  59  40  34  48   8  56  43  20  26  47  52  15  38  20  37  58  30  33  10  46  35  57  56  55  43  47  52  41  25  23  57  19  25  23  15  22  22  19  46  53  15  14   0  13  56  58  57   7  86
  10  15  10  29  57  10  12  57  26  17  32  20  49   8  19  36  52  47  17  37  40  54  49  25  37  41  15  39  40  10  14  46  16  10  57  42  53  19  18   9  33  17  58  13   0  16  38  12  58  92
  52  51  28  26  31  57   7  41  56  51  51  47  13   7  13  11  21  57   9  19   6  24  25  24  43  31  35   8  56  11  31  33  41  54  44  46  24  18  57  26  52  48  29  56  16   0  13  14  47  76
  16  49  16  30  28  30  12  15  40  22   8  59  20  38   7   8  37  31  56  49  52   9  13  26  50  51  44  45  43  37  51   7  19  36  29  59  14  37  28  16  25  38   6  58  38  13   0  15  49  83
  22  28  17  12  50  16  51  34  38  14  55  54  59  48  36  49  18  27  27  45  28  39  29  35  53  57  17  25  37  49  12  59  59  12   9  31  28  20  48  55  11  49  50  57  12  14  15   0  14  78
  47  44  49  39  49   9  37  57  42  43  31  57  46  28  30  17  27  27  49   9  13  39  29  44  58  32  40  50  59  29  42  21  18   7  29  52  15  32  41  31  12  26  20   7  58  47  49  14   0  71
  48  83  96  99  86  83  87  77  79  79  90  99  70  70  71  88  88  95  84  80  76  77  74  80  95  88  87  97  95  98  93  75  83  96  89  86  78  85  86  94  73  73  83  86  92  76  83  78  71   0
RBRBRBRBRBRBRBRBRBRBRBRBRBRBRBRBRBRBRBRBRBRBRBRBRB
