48
0 96 83 100 85 84 97 88 88 84 97 88 87 92 85 86 96 81 88 84 80 0 94 96 93 100 1 97 90 87 89 91 96 87 90 92 85 94 1 94 91 92 98 80 87 83 89 86 
96 0 98 95 84 82 82 96 81 95 83 1 100 93 99 100 91 100 80 99 81 85 80 88 84 87 86 80 1 91 92 89 81 90 96 99 97 84 85 96 98 93 92 84 93 91 94 90 
83 98 0 80 98 80 97 95 99 84 93 81 80 97 88 97 89 81 1 95 84 96 80 97 95 1 96 93 86 85 80 85 99 95 93 96 95 80 100 95 84 81 94 91 95 86 90 100 
100 95 80 0 81 99 97 84 96 95 98 85 0 89 89 88 92 94 88 82 99 88 1 85 99 95 87 94 98 86 96 100 90 95 97 87 98 84 100 93 81 83 87 81 95 88 1 89 
85 84 98 81 0 87 80 1 96 93 85 87 90 83 94 96 85 83 94 95 97 96 85 93 95 81 90 89 97 93 94 80 97 87 83 89 1 89 98 81 97 87 95 89 91 80 95 95 
84 82 80 99 87 0 96 96 0 86 94 0 1 93 89 88 86 93 87 88 82 95 81 86 96 97 99 0 100 91 91 40 96 1 93 88 0 83 96 86 96 82 87 0 94 94 97 96 
97 82 97 97 80 96 0 82 97 95 82 82 83 85 82 84 80 90 97 95 90 92 90 83 96 81 87 91 99 91 85 84 81 93 91 81 99 84 93 96 80 97 1 1 82 87 81 91 
88 96 95 84 1 96 82 0 84 86 87 94 87 84 89 89 98 85 85 86 100 94 98 83 0 100 92 81 88 91 1 97 87 100 90 82 92 89 83 82 100 95 86 100 99 97 85 91 
88 81 99 96 96 0 97 84 0 1 100 84 85 83 99 88 81 91 0 80 93 97 83 0 93 99 1 87 86 0 87 40 94 80 87 96 81 92 84 0 81 90 88 89 97 0 88 94 
84 95 84 95 93 86 95 86 1 0 97 96 81 88 88 88 86 85 97 82 88 1 0 93 91 91 99 87 87 99 87 96 84 92 83 83 87 85 82 89 92 99 94 84 95 94 95 93 
97 83 93 98 85 94 82 87 100 97 0 97 91 1 88 88 94 90 1 81 91 83 98 81 81 84 88 86 89 91 88 95 84 81 82 95 99 86 91 88 84 89 0 96 82 94 100 91 
88 1 81 85 87 0 82 94 84 96 97 0 91 91 93 91 80 98 0 97 86 82 81 0 82 87 91 89 89 0 85 40 97 100 1 92 83 91 83 0 83 90 81 98 95 0 96 83 
87 100 80 0 90 1 83 87 85 81 91 91 0 81 84 88 96 84 95 85 95 97 95 85 99 81 92 89 89 95 100 98 96 96 100 100 88 1 99 97 93 80 91 93 85 87 88 81 
92 93 97 89 83 93 85 84 83 88 1 91 81 0 100 81 93 91 100 91 95 84 97 90 82 0 85 87 99 94 83 93 99 89 98 87 80 85 80 88 91 85 90 1 93 85 84 91 
85 99 88 89 94 89 82 89 99 88 88 93 84 100 0 100 83 97 94 85 87 82 84 82 94 95 97 95 83 98 85 80 80 84 82 82 95 85 81 97 0 91 1 80 97 95 96 1 
86 100 97 88 96 88 84 89 88 88 88 91 88 81 100 0 1 98 92 93 95 83 89 92 97 96 92 86 82 87 87 98 81 99 85 98 99 94 93 93 82 0 93 90 99 85 87 81 
96 91 89 92 85 86 80 98 81 86 94 80 96 93 83 1 0 88 100 92 100 94 100 91 84 88 84 90 80 81 93 1 93 98 80 90 90 99 80 84 100 82 84 93 83 94 92 93 
81 100 81 94 83 93 90 85 91 85 90 98 84 91 97 98 88 0 94 82 88 80 87 88 98 89 99 89 98 92 91 1 97 95 83 83 94 90 86 89 83 1 96 94 0 83 90 100 
88 80 1 88 94 87 97 85 0 97 1 0 95 100 94 92 100 94 0 91 97 94 85 97 97 89 89 0 95 89 93 40 91 87 81 85 0 93 81 95 92 83 98 0 97 83 83 86 
84 99 95 82 95 88 95 86 80 82 81 97 85 91 85 93 92 82 91 0 88 83 100 1 96 85 83 83 82 81 96 90 95 98 87 80 92 94 92 90 86 86 84 92 1 82 93 81 
80 81 84 99 97 82 90 100 93 88 91 86 95 95 87 95 100 88 97 88 0 99 89 90 91 97 80 84 0 96 93 88 89 95 1 83 93 90 84 92 87 97 95 87 83 1 91 83 
0 85 96 88 96 95 92 94 97 1 83 82 97 84 82 83 94 80 94 83 99 0 90 82 89 87 80 80 94 1 87 95 99 99 97 82 92 82 90 85 86 83 97 84 99 93 91 93 
94 80 80 1 85 81 90 98 83 0 98 81 95 97 84 89 100 87 85 100 89 90 0 88 99 89 83 100 96 80 86 96 97 99 87 1 89 84 93 80 96 93 97 84 100 95 84 91 
96 88 97 85 93 86 83 83 0 93 81 0 85 90 82 92 91 88 97 1 90 82 88 0 94 90 97 0 88 83 93 40 81 82 94 82 0 89 97 90 98 1 87 0 98 86 87 89 
93 84 95 99 95 96 96 0 93 91 81 82 99 82 94 97 84 98 97 96 91 89 99 94 0 100 88 93 96 90 86 83 89 87 100 89 87 100 97 1 1 88 91 86 98 91 92 81 
100 87 1 95 81 97 81 100 99 91 84 87 81 0 95 96 88 89 89 85 97 87 89 90 100 0 86 89 94 84 83 92 83 93 92 89 97 90 84 86 87 96 93 95 82 84 82 98 
1 86 96 87 90 99 87 92 1 99 88 91 92 85 97 92 84 99 89 83 80 80 83 97 88 86 0 84 100 85 85 83 94 94 98 95 94 95 82 86 93 100 85 86 93 90 94 92 
97 80 93 94 89 0 91 81 87 87 86 89 89 87 95 86 90 89 0 83 84 80 100 0 93 89 84 0 83 0 81 40 85 95 90 100 97 1 90 0 95 85 81 81 93 0 1 85 
90 1 86 98 97 100 99 88 86 87 89 89 89 99 83 82 80 98 95 82 0 94 96 88 96 94 100 83 0 86 86 98 97 89 84 99 94 97 83 95 93 94 94 90 1 97 91 80 
87 91 85 86 93 91 91 91 0 99 91 0 95 94 98 87 81 92 89 81 96 1 80 83 90 84 85 0 86 0 90 40 84 97 88 1 0 82 89 82 100 81 98 0 95 86 94 90 
89 92 80 96 94 91 85 1 87 87 88 85 100 83 85 87 93 91 93 96 93 87 86 93 86 83 85 81 86 90 0 88 85 1 90 92 96 0 98 87 98 85 89 99 80 96 84 82 
91 89 85 100 80 40 84 97 40 96 95 40 98 93 80 98 1 1 40 90 88 95 96 40 83 92 83 40 98 40 88 0 98 97 95 83 40 83 82 40 83 82 89 40 88 40 94 81 
96 81 99 90 97 96 81 87 94 84 84 97 96 99 80 81 93 97 91 95 89 99 97 81 89 83 94 85 97 84 85 98 0 97 85 100 81 98 1 93 89 88 99 97 89 1 85 98 
87 90 95 95 87 1 93 100 80 92 81 100 96 89 84 99 98 95 87 98 95 99 99 82 87 93 94 95 89 97 1 97 97 0 96 85 100 97 87 84 97 82 85 83 87 92 88 94 
90 96 93 97 83 93 91 90 87 83 82 1 100 98 82 85 80 83 81 87 1 97 87 94 100 92 98 90 84 88 90 95 85 96 0 84 86 100 0 82 100 90 86 97 98 83 84 88 
92 99 96 87 89 88 81 82 96 83 95 92 100 87 82 98 90 83 85 80 83 82 1 82 89 89 95 100 99 1 92 83 100 85 84 0 92 98 83 99 97 87 93 83 99 92 93 98 
85 97 95 98 1 0 99 92 81 87 99 83 88 80 95 99 90 94 0 92 93 92 89 0 87 97 94 97 94 0 96 40 81 100 86 92 0 100 95 0 1 96 92 82 91 0 88 82 
94 84 80 84 89 83 84 89 92 85 86 91 1 85 85 94 99 90 93 94 90 82 84 89 100 90 95 1 97 82 0 83 98 97 100 98 100 0 100 90 88 94 81 94 91 83 85 99 
1 85 100 100 98 96 93 83 84 82 91 83 99 80 81 93 80 86 81 92 84 90 93 97 97 84 82 90 83 89 98 82 1 87 0 83 95 100 0 84 96 81 81 87 82 86 81 84 
94 96 95 93 81 86 96 82 0 89 88 0 97 88 97 93 84 89 95 90 92 85 80 90 1 86 86 0 95 82 87 40 93 84 82 99 0 90 84 0 98 85 96 0 100 81 88 1 
91 98 84 81 97 96 80 100 81 92 84 83 93 91 0 82 100 83 92 86 87 86 96 98 1 87 93 95 93 100 98 83 89 97 100 97 1 88 96 98 0 93 92 89 93 99 98 91 
92 93 81 83 87 82 97 95 90 99 89 90 80 85 91 0 82 1 83 86 97 83 93 1 88 96 100 85 94 81 85 82 88 82 90 87 96 94 81 85 93 0 85 81 96 88 92 97 
98 92 94 87 95 87 1 86 88 94 0 81 91 90 1 93 84 96 98 84 95 97 97 87 91 93 85 81 94 98 89 89 99 85 86 93 92 81 81 96 92 85 0 99 99 94 91 82 
80 84 91 81 89 0 1 100 89 84 96 98 93 1 80 90 93 94 0 92 87 84 84 0 86 95 86 81 90 0 99 40 97 83 97 83 82 94 87 0 89 81 99 0 81 0 99 98 
87 93 95 95 91 94 82 99 97 95 82 95 85 93 97 99 83 0 97 1 83 99 100 98 98 82 93 93 1 95 80 88 89 87 98 99 91 91 82 100 93 96 99 81 0 95 86 96 
83 91 86 88 80 94 87 97 0 94 94 0 87 85 95 85 94 83 83 82 1 93 95 86 91 84 90 0 97 86 96 40 1 92 83 92 0 83 86 81 99 88 94 0 95 0 88 97 
89 94 90 1 95 97 81 85 88 95 100 96 88 84 96 87 92 90 83 93 91 91 84 87 92 82 94 1 91 94 84 94 85 88 84 93 88 85 81 88 98 92 91 99 86 88 0 95 
86 90 100 89 95 96 91 91 94 93 91 83 81 91 1 81 93 100 86 81 83 93 91 89 81 98 92 85 80 90 82 81 98 94 88 98 82 99 84 1 91 97 82 98 96 97 95 0 
BRBBRRRBBRBBBRRBRRRBBBRRBRRBBRRBBBRBBRRRRBBBRRRB