50
0 42 18 44 74 100 66 73 79 71 55 69 77 2 55 26 20 100 89 84 24 5 40 85 15 47 86 83 79 9 92 72 72 11 70 1 96 62 94 28 79 38 76 76 84 95 38 50 51 72
42 0 11 22 65 26 90 4 42 38 48 58 60 1 59 20 3 31 20 82 70 58 69 67 30 26 81 98 2 88 55 91 44 9 69 81 54 49 69 37 77 30 91 76 81 68 39 24 68 1
18 11 0 26 70 9 39 55 67 12 56 89 23 26 31 16 48 96 81 1 51 58 90 87 51 27 50 73 81 48 84 73 94 25 11 67 41 16 4 27 42 87 70 100 50 36 87 12 84 86
44 22 26 0 62 46 6 47 76 39 43 90 55 39 91 36 38 60 80 24 58 98 91 65 68 59 85 42 37 72 43 95 32 6 6 21 22 72 68 4 66 4 3 32 68 88 63 22 14 30
74 65 70 62 0 34 21 1 76 94 85 50 57 72 16 60 73 51 39 46 43 79 33 90 61 71 74 18 68 60 8 30 40 90 30 41 62 58 94 18 89 55 31 61 76 35 79 53 66 87
100 26 9 46 34 0 26 91 35 67 34 73 73 7 9 63 1 48 23 71 28 27 67 33 16 25 14 47 21 63 85 5 9 76 89 53 72 26 84 56 67 84 80 41 77 95 59 13 16 9
66 90 39 6 21 26 0 41 32 51 98 34 69 76 14 31 51 48 78 2 99 34 61 90 24 78 41 95 64 73 6 84 47 89 6 23 76 71 50 90 84 24 11 37 49 18 78 35 93 65
73 4 55 47 1 91 41 0 34 14 59 86 22 42 48 97 92 91 3 61 74 47 91 70 53 4 18 87 73 24 2 15 74 67 15 74 8 97 91 9 54 22 16 84 98 46 29 98 12 13
79 42 67 76 76 35 32 34 0 1 4 97 71 6 35 4 54 71 2 20 79 100 9 77 16 5 36 11 94 14 10 0 27 73 58 34 11 76 21 44 89 32 80 30 53 12 67 76 97 67
71 38 12 39 94 67 51 14 1 0 17 8 0 97 66 81 99 70 71 67 62 12 47 52 52 6 23 15 48 48 67 55 5 76 81 58 79 65 94 61 72 7 49 71 77 26 28 49 50 33
55 48 56 43 85 34 98 59 4 17 0 34 31 95 42 1 55 15 71 85 79 99 66 41 10 44 10 32 64 35 39 18 56 99 45 28 3 78 62 38 88 11 87 6 58 55 13 56 30 68
69 58 89 90 50 73 34 86 97 8 34 0 2 95 19 46 10 17 73 40 89 75 8 27 65 50 87 52 82 76 93 29 30 34 39 82 25 7 36 5 86 19 97 84 15 40 50 2 88 80
77 60 23 55 57 73 69 22 71 0 31 2 0 10 72 39 91 15 36 81 12 36 93 80 16 55 69 85 15 71 17 70 64 11 53 52 46 57 24 83 81 48 14 91 0 77 30 57 23 8
2 1 26 39 72 7 76 42 6 97 95 95 10 0 0 6 37 22 81 20 100 23 39 9 82 70 66 39 84 53 56 84 81 5 77 91 55 37 45 14 95 3 59 76 58 96 61 23 72 94
55 59 31 91 16 9 14 48 35 66 42 19 72 0 0 87 65 89 26 27 31 99 46 4 50 18 87 81 30 18 15 45 94 89 24 73 83 6 66 44 84 10 49 14 57 94 54 41 22 74
26 20 16 36 60 63 31 97 4 81 1 46 39 6 87 0 47 12 89 20 84 8 57 25 92 58 21 21 21 21 96 86 74 55 91 73 10 7 38 100 31 76 58 7 74 21 7 32 23 22
20 3 48 38 73 1 51 92 54 99 55 10 91 37 65 47 0 32 99 49 66 10 47 20 45 55 72 28 98 18 48 10 67 80 86 20 63 49 77 79 42 19 18 67 91 73 1 31 66 44
100 31 96 60 51 48 48 91 71 70 15 17 15 22 89 12 32 0 75 17 25 50 19 0 2 61 92 89 92 33 4 10 23 2 38 20 68 80 71 53 48 26 76 51 81 55 32 37 18 86
89 20 81 80 39 23 78 3 2 71 71 73 36 81 26 89 99 75 0 42 30 61 50 2 7 56 37 57 49 53 79 36 14 84 66 40 99 42 100 68 34 22 74 66 98 0 68 96 54 88
84 82 1 24 46 71 2 61 20 67 85 40 81 20 27 20 49 17 42 0 88 45 65 81 12 76 10 14 84 1 4 46 19 51 76 60 15 82 71 79 16 81 14 90 62 48 10 3 61 21
24 70 51 58 43 28 99 74 79 62 79 89 12 100 31 84 66 25 30 88 0 14 20 95 53 18 76 13 88 69 35 22 81 55 81 53 7 56 91 81 53 31 3 91 85 0 40 44 80 90
5 58 58 98 79 27 34 47 100 12 99 75 36 23 99 8 10 50 61 45 14 0 69 17 23 64 21 2 1 48 58 30 98 51 99 44 31 58 14 19 68 87 49 63 34 85 13 19 39 15
40 69 90 91 33 67 61 91 9 47 66 8 93 39 46 57 47 19 50 65 20 69 0 14 94 75 87 12 76 86 46 80 73 54 65 48 53 95 94 41 60 100 8 21 70 26 30 85 83 28
85 67 87 65 90 33 90 70 77 52 41 27 80 9 4 25 20 0 2 81 95 17 14 0 1 4 66 11 10 32 66 50 39 95 62 99 99 58 47 44 72 67 56 99 86 10 16 61 50 57
15 30 51 68 61 16 24 53 16 52 10 65 16 82 50 92 45 2 7 12 53 23 94 1 0 80 1 2 100 19 57 98 15 46 33 52 23 60 97 13 15 46 64 54 1 29 14 67 76 3
47 26 27 59 71 25 78 4 5 6 44 50 55 70 18 58 55 61 56 76 18 64 75 4 80 0 2 34 45 54 12 34 82 82 65 90 75 5 47 82 34 4 19 59 41 62 96 61 82 6
86 81 50 85 74 14 41 18 36 23 10 87 69 66 87 21 72 92 37 10 76 21 87 66 1 2 0 15 43 33 30 11 81 73 42 50 15 7 2 70 14 97 100 9 44 38 14 23 87 39
83 98 73 42 18 47 95 87 11 15 32 52 85 39 81 21 28 89 57 14 13 2 12 11 2 34 15 0 84 75 87 40 100 86 16 3 64 68 34 9 56 39 44 84 53 37 98 28 3 7
79 2 81 37 68 21 64 73 94 48 64 82 15 84 30 21 98 92 49 84 88 1 76 10 100 45 43 84 0 75 2 40 94 94 93 28 89 15 62 68 62 77 28 5 62 81 34 28 3 7
9 88 48 72 60 63 73 24 14 48 35 76 71 53 18 21 18 33 53 1 69 48 86 32 19 54 33 75 75 0 36 99 47 75 88 48 27 50 19 67 73 5 88 69 75 45 38 22 67 47
92 55 84 43 8 85 6 2 10 67 39 93 17 56 15 96 48 4 79 4 35 58 46 66 57 12 30 87 2 36 0 37 97 41 89 100 13 100 70 58 95 42 91 29 55 65 22 62 47 31
72 91 73 95 30 5 84 15 0 55 18 29 70 84 45 86 10 10 36 46 22 30 80 50 98 34 11 40 40 99 37 0 48 79 58 7 100 26 55 21 46 10 73 38 67 98 64 35 29 51
72 44 94 32 40 9 47 74 27 5 56 30 64 81 94 74 67 23 14 19 81 98 73 39 15 82 81 100 94 47 97 48 0 46 27 26 67 60 98 21 75 17 26 80 6 72 86 45 54 24
11 9 25 6 90 76 89 67 73 76 99 34 11 5 89 55 80 2 84 51 55 51 54 95 46 82 73 86 94 75 41 79 46 0 23 23 64 31 63 82 32 52 61 3 90 4 18 52 19 40
70 69 11 6 30 89 6 15 58 81 45 39 53 77 24 91 86 38 66 76 81 99 65 62 33 65 42 16 93 88 89 58 27 23 0 85 26 86 7 12 69 18 79 96 5 96 5 17 14 36
1 81 67 21 41 53 23 74 34 58 28 82 52 91 73 73 20 20 40 60 53 44 48 99 52 90 50 3 28 48 100 7 26 23 85 0 60 21 23 97 65 54 73 77 99 64 97 40 82 35
96 54 41 22 62 72 76 8 11 79 3 25 46 55 83 10 63 68 99 15 7 31 53 99 23 75 15 64 89 27 13 100 67 64 26 60 0 50 75 24 16 77 16 44 37 93 99 88 7 4
62 49 16 72 58 26 71 97 76 65 78 7 57 37 6 7 49 80 42 82 56 58 95 58 60 5 7 68 15 50 100 26 60 31 86 21 50 0 67 64 61 24 92 70 73 47 4 47 98 34
94 69 4 68 94 84 50 91 21 94 62 36 24 45 66 38 77 71 100 71 91 14 94 47 97 47 2 34 62 19 70 55 98 63 7 23 75 67 0 80 21 51 1 78 12 18 55 49 44 28
28 37 27 4 18 56 90 9 44 61 38 5 83 14 44 100 79 53 68 79 81 19 41 44 13 82 70 9 68 67 58 21 21 82 12 97 24 64 80 0 55 91 74 96 78 81 91 24 90 55
79 77 42 66 89 67 84 54 89 72 88 86 81 95 84 31 42 48 34 16 53 68 60 72 15 34 14 56 62 73 95 46 75 32 69 65 16 61 21 55 0 75 44 47 46 91 6 83 74 56
38 30 87 4 55 84 24 22 32 7 11 19 48 3 10 76 19 26 22 81 31 87 100 67 46 4 97 39 77 5 42 10 17 52 18 54 77 24 51 91 75 0 19 67 13 65 80 88 63 66
76 91 70 3 31 80 11 16 80 49 87 97 14 59 49 58 18 76 74 14 3 49 8 56 64 19 100 44 28 88 91 73 26 61 79 73 16 92 1 74 44 19 0 8 51 59 69 83 88 27
76 76 100 32 61 41 37 84 30 71 6 84 91 76 14 7 67 51 66 90 91 63 21 99 54 59 9 84 5 69 29 38 80 3 96 77 44 70 78 96 47 67 8 0 66 28 82 48 24 58
84 81 50 68 76 77 49 98 53 77 58 15 0 58 57 74 91 81 98 62 85 34 70 86 1 41 44 53 62 75 55 67 6 90 5 99 37 73 12 78 46 13 51 66 0 67 60 7 10 33
95 68 36 88 35 95 18 46 12 26 55 40 77 96 94 21 73 55 0 48 0 85 26 10 29 62 38 37 81 45 65 98 72 4 96 64 93 47 18 81 91 65 59 28 67 0 71 13 54 79
38 39 87 63 79 59 78 29 67 28 13 50 30 61 54 7 1 32 68 10 40 13 30 16 14 96 14 98 34 38 22 64 86 18 5 97 99 4 55 91 6 80 69 82 60 71 0 25 26 44
50 24 12 22 53 13 35 98 76 49 56 2 57 23 41 32 31 37 96 3 44 19 85 61 67 61 23 28 28 22 62 35 45 52 17 40 88 47 49 24 83 88 83 48 7 13 25 0 31 74
51 68 84 14 66 16 93 12 97 50 30 88 23 72 22 23 66 18 54 61 80 39 83 50 76 82 87 3 3 67 47 29 54 19 14 82 7 98 44 90 74 63 88 24 10 54 26 31 0 28
72 1 86 30 87 9 65 13 67 33 68 80 8 94 74 22 44 86 88 21 90 15 28 57 3 6 39 7 7 47 31 51 24 40 36 35 4 34 28 55 56 66 27 58 33 79 44 74 28 0
RRRRRRBBRBBRBRBBBRRBBRBRBRRBBBBBBRBRRBRRBBBBBRRRRR
