30
0 14 86 82 89 81 80 43 82 81 84 94 95 97 82 81 84 94 95 97 82 81 84 94 95 97 82 81 84 94
14 0 19 31 92 91 94 90 85 93 82 85 89 88 85 93 82 85 89 88 85 93 82 85 89 88 85 93 82 85
86 19 0 82 80 83 87 96 80 90 94 90 87 82 80 90 94 90 87 82 80 90 94 90 87 82 80 90 94 90
82 31 82 0 20 92 93 81 80 98 95 90 81 82 80 98 95 90 81 82 80 98 95 90 81 82 80 98 95 90
89 92 80 20 0 8 94 92 91 95 97 88 90 93 91 95 97 88 90 93 91 95 97 88 90 93 91 95 97 88
81 91 83 92 8 0 17 83 84 95 99 87 84 82 82 81 84 94 95 97 82 81 84 94 95 97 82 81 84 94
80 94 87 93 94 17 0 9 85 94 82 83 94 85 85 93 82 85 89 88 85 93 82 85 89 88 85 93 82 85
43 90 96 81 92 83 9 0 6 86 90 88 86 80 80 90 94 90 87 82 80 90 94 90 87 82 80 90 94 90
82 85 80 80 91 84 85 6 0 21 87 94 97 80 80 98 95 90 81 82 80 98 95 90 81 82 80 98 95 90
81 93 90 98 95 95 94 86 21 0 27 86 81 97 91 95 97 88 90 93 91 95 97 88 90 93 91 95 97 88
84 82 94 95 97 99 82 90 87 27 0 45 93 81 97 82 82 97 97 94 82 81 84 94 95 97 91 95 97 88
94 85 90 90 88 87 83 88 94 86 45 0 32 93 81 85 85 81 81 86 85 93 82 85 89 88 85 93 82 85
95 89 87 81 90 84 94 86 97 81 93 32 0 70 93 80 80 93 93 19 80 90 94 90 87 82 80 90 94 90
97 88 82 82 93 82 85 80 80 97 81 93 70 0 13 80 80 9 9 88 80 98 95 90 81 82 80 98 95 90
82 85 80 80 91 82 85 80 80 91 97 81 93 13 0 43 20 80 97 82 91 95 97 88 90 93 91 95 97 88
81 93 90 98 95 81 93 90 98 95 82 85 80 80 43 0 31 89 81 85 82 82 81 84 94 95 97 84 94 95
84 82 94 95 97 84 82 94 95 97 82 85 80 80 20 31 0 80 93 80 85 85 93 82 85 89 88 82 85 89
94 85 90 90 88 94 85 90 90 88 97 81 93 9 80 89 80 0 70 80 80 80 90 94 90 87 82 94 90 87
95 89 87 81 90 95 89 87 81 90 97 81 93 9 97 81 93 70 0 70 80 80 98 95 90 81 82 95 90 81
97 88 82 82 93 97 88 82 82 93 94 86 19 88 82 85 80 80 70 0 48 91 95 97 88 90 93 97 88 90
82 85 80 80 91 82 85 80 80 91 82 85 80 80 91 82 85 80 80 48 0 45 87 97 97 94 82 82 97 94
81 93 90 98 95 81 93 90 98 95 81 93 90 98 95 82 85 80 80 91 45 0 11 81 81 86 85 85 81 86
84 82 94 95 97 84 82 94 95 97 84 82 94 95 97 81 93 90 98 95 87 11 0 93 93 11 80 80 93 45
94 85 90 90 88 94 85 90 90 88 94 85 90 90 88 84 82 94 95 97 97 81 93 0 21 82 80 80 50 7
95 89 87 81 90 95 89 87 81 90 95 89 87 81 90 94 85 90 90 88 97 81 93 21 0 86 34 98 95 31
97 88 82 82 93 97 88 82 82 93 97 88 82 82 93 95 89 87 81 90 94 86 11 82 86 0 45 21 94 99
82 85 80 80 91 82 85 80 80 91 91 85 80 80 91 97 88 82 82 93 82 85 80 80 34 45 0 90 86 15
81 93 90 98 95 81 93 90 98 95 95 93 90 98 95 84 82 94 95 97 82 85 80 80 98 21 90 0 31 94
84 82 94 95 97 84 82 94 95 97 97 82 94 95 97 94 85 90 90 88 97 81 93 50 95 94 86 31 0 86
94 85 90 90 88 94 85 90 90 88 88 85 90 90 88 95 89 87 81 90 94 86 45 7 31 99 15 94 86 0
RRBRRBBBRRRBBBRRRBBBRBBRRBRBBR
