50
0 44 25 87 18 95 74 35 57 52 77 74 15 11 6 54 43 86 0 43 40 70 12 3 93 72 67 94 53 60 7 64 11 89 44 27 47 12 43 54 59 87 8 87 78 42 49 45 3 60
44 0 68 98 95 56 59 9 55 35 21 85 64 70 57 51 42 25 77 79 17 74 83 37 84 99 30 79 86 94 38 65 66 73 57 36 83 76 83 99 27 7 51 51 28 47 98 42 53 20
25 68 0 37 74 83 47 65 26 23 34 64 90 54 59 99 73 73 35 5 21 24 87 46 12 91 61 94 76 2 64 87 37 11 78 1 68 91 96 21 12 54 56 34 33 27 13 60 32 3
87 98 37 0 19 80 10 59 81 95 42 23 73 94 49 82 73 68 23 77 89 64 38 47 86 22 16 32 37 68 85 46 80 24 16 87 93 6 23 6 27 76 9 11 78 29 91 40 15 18
18 95 74 19 0 49 31 86 52 75 12 74 72 66 27 59 14 29 8 16 40 43 19 59 98 41 17 14 30 61 93 29 74 90 66 32 15 74 13 40 83 65 29 99 27 96 84 69 65 65
95 56 83 80 49 0 22 82 66 81 77 70 82 55 62 81 70 89 84 57 94 0 79 93 16 98 91 89 59 62 30 72 87 70 54 6 75 89 87 83 48 32 59 74 60 78 66 51 36 34
74 59 47 10 31 22 0 17 23 9 35 49 37 4 79 58 38 26 14 92 74 64 4 21 36 63 67 46 13 43 0 51 82 61 76 62 19 42 44 18 76 89 51 63 79 85 90 14 28 23
35 9 65 59 86 82 17 0 34 2 85 25 71 19 25 25 59 13 95 18 61 93 26 32 92 75 54 39 60 27 48 36 95 29 81 31 93 1 68 88 27 89 14 51 78 24 10 70 64 10
57 55 26 81 52 66 23 34 0 7 5 55 37 54 47 11 32 95 51 28 60 88 1 29 87 39 42 32 82 46 23 43 16 19 42 37 7 14 58 23 74 67 99 34 15 19 25 41 57 23
52 35 23 95 75 81 9 2 7 0 51 95 69 83 3 31 70 63 87 11 2 71 46 91 75 31 58 95 98 35 47 64 57 23 15 35 13 74 7 63 32 61 70 59 52 93 55 51 48 6
77 21 34 42 12 77 35 85 5 51 0 91 59 42 39 61 15 44 56 75 14 92 10 38 16 59 43 61 85 67 13 51 35 76 74 18 39 5 97 94 53 19 44 11 46 39 13 63 45 15
74 85 64 23 74 70 49 25 55 95 91 0 4 3 15 68 15 54 19 55 27 0 98 0 32 4 87 87 74 48 97 55 76 90 14 7 10 77 33 80 26 67 56 5 0 85 71 92 12 74
15 64 90 73 72 82 37 71 37 69 59 4 0 23 24 55 88 93 11 63 94 2 97 52 93 78 86 5 55 57 59 26 20 35 46 58 95 61 13 16 20 85 14 26 74 52 78 6 47 9
11 70 54 94 66 55 4 19 54 83 42 3 23 0 25 97 15 77 52 58 18 93 52 18 70 85 92 47 40 59 54 55 88 7 49 38 49 19 31 3 78 26 10 72 60 36 24 6 63 30
6 57 59 49 27 62 79 25 47 3 39 15 24 25 0 4 22 62 14 35 29 82 70 13 19 14 80 58 9 87 11 94 39 94 23 57 89 17 53 41 95 62 43 32 18 48 39 88 88 32
54 51 99 82 59 81 58 25 11 31 61 68 55 97 4 0 43 85 50 29 9 9 74 41 52 26 32 46 68 95 18 52 61 78 79 50 94 64 4 62 53 80 86 95 14 67 25 58 7 59
43 42 73 73 14 70 38 59 32 70 15 15 88 15 22 43 0 59 68 14 7 0 37 98 7 28 35 29 46 71 24 57 64 86 36 62 19 69 50 63 67 94 47 90 68 22 52 89 0 60
86 25 73 68 29 89 26 13 95 63 44 54 93 77 62 85 59 0 98 59 25 28 78 58 44 10 11 2 86 27 91 72 98 46 65 95 78 39 51 0 53 63 94 52 60 14 44 74 47 88
0 77 35 23 8 84 14 95 51 87 56 19 11 52 14 50 68 98 0 35 94 11 93 4 57 74 48 10 87 9 63 31 31 18 72 7 47 87 48 97 80 56 58 3 6 92 32 87 44 48
43 79 5 77 16 57 92 18 28 11 75 55 63 58 35 29 14 59 35 0 97 26 44 65 96 52 98 23 16 55 93 79 96 61 95 75 53 80 12 30 61 14 67 11 4 43 14 76 70 7
40 17 21 89 40 94 74 61 60 2 14 27 94 18 29 9 7 25 94 97 0 39 4 59 34 6 8 73 12 25 59 97 40 45 1 66 56 67 60 85 94 56 37 26 47 20 73 11 75 39
70 74 24 64 43 0 64 93 88 71 92 0 2 93 82 9 0 28 11 26 39 0 64 39 40 28 36 76 8 52 57 4 28 70 47 27 98 67 6 45 77 82 54 74 55 29 24 22 80 76
12 83 87 38 19 79 4 26 1 46 10 98 97 52 70 74 37 78 93 44 4 64 0 87 27 95 12 77 14 89 40 2 84 28 81 62 72 51 6 11 84 35 73 62 9 80 1 6 51 27
3 37 46 47 59 93 21 32 29 91 38 0 52 18 13 41 98 58 4 65 59 39 87 0 29 12 96 66 98 53 31 73 22 39 63 9 13 18 25 20 21 46 7 4 81 59 27 79 54 43
93 84 12 86 98 16 36 92 87 75 16 32 93 70 19 52 7 44 57 96 34 40 27 29 0 78 39 37 25 51 92 67 92 64 25 64 29 33 40 27 61 10 42 18 39 26 39 82 52 0
72 99 91 22 41 98 63 75 39 31 59 4 78 85 14 26 28 10 74 52 6 28 95 12 78 0 45 92 18 24 67 39 55 8 61 81 33 50 96 22 17 13 31 46 6 48 17 44 84 22
67 30 61 16 17 91 67 54 42 58 43 87 86 92 80 32 35 11 48 98 8 36 12 96 39 45 0 75 72 12 85 12 72 23 1 75 81 58 6 96 67 82 10 41 84 60 39 25 48 61
94 79 94 32 14 89 46 39 32 95 61 87 5 47 58 46 29 2 10 23 73 76 77 66 37 92 75 0 58 21 1 4 97 88 16 37 58 17 36 73 67 63 22 4 90 7 98 46 2 63
53 86 76 37 30 59 13 60 82 98 85 74 55 40 9 68 46 86 87 16 12 8 14 98 25 18 72 58 0 28 34 31 45 99 67 36 96 50 4 2 37 56 69 40 14 36 11 65 80 64
60 94 2 68 61 62 43 27 46 35 67 48 57 59 87 95 71 27 9 55 25 52 89 53 51 24 12 21 28 0 39 2 86 5 26 96 63 21 39 94 41 21 89 11 43 46 30 25 80 81
7 38 64 85 93 30 0 48 23 47 13 97 59 54 11 18 24 91 63 93 59 57 40 31 92 67 85 1 34 39 0 95 69 47 94 62 89 85 88 17 34 51 97 31 17 71 57 32 16 80
64 65 87 46 29 72 51 36 43 64 51 55 26 55 94 52 57 72 31 79 97 4 2 73 67 39 12 4 31 2 95 0 19 58 66 2 23 97 34 66 79 29 35 49 75 98 56 27 54 34
11 66 37 80 74 87 82 95 16 57 35 76 20 88 39 61 64 98 31 96 40 28 84 22 92 55 72 97 45 86 69 19 0 63 59 82 53 9 44 25 15 40 15 83 82 22 3 33 54 79
89 73 11 24 90 70 61 29 19 23 76 90 35 7 94 78 86 46 18 61 45 70 28 39 64 8 23 88 99 5 47 58 63 0 1 13 90 58 14 38 37 48 10 84 79 2 75 8 69 86
44 57 78 16 66 54 76 81 42 15 74 14 46 49 23 79 36 65 72 95 1 47 81 63 25 61 1 16 67 26 94 66 59 1 0 52 91 89 27 47 37 25 49 8 76 10 18 22 28 47
27 36 1 87 32 6 62 31 37 35 18 7 58 38 57 50 62 95 7 75 66 27 62 9 64 81 75 37 36 96 62 2 82 13 52 0 57 54 57 13 78 4 41 26 6 80 38 67 42 72
47 83 68 93 15 75 19 93 7 13 39 10 95 49 89 94 19 78 47 53 56 98 72 13 29 33 81 58 96 63 89 23 53 90 91 57 0 43 33 91 86 96 43 42 98 94 18 51 46 0
12 76 91 6 74 89 42 1 14 74 5 77 61 19 17 64 69 39 87 80 67 67 51 18 33 50 58 17 50 21 85 97 9 58 89 54 43 0 76 80 77 75 98 71 29 86 32 81 45 41
43 83 96 23 13 87 44 68 58 7 97 33 13 31 53 4 50 51 48 12 60 6 6 25 40 96 6 36 4 39 88 34 44 14 27 57 33 76 0 23 2 17 77 44 71 81 76 53 77 82
54 99 21 6 40 83 18 88 23 63 94 80 16 3 41 62 63 0 97 30 85 45 11 20 27 22 96 73 2 94 17 66 25 38 47 13 91 80 23 0 18 76 53 84 57 13 9 47 94 39
59 27 12 27 83 48 76 27 74 32 53 26 20 78 95 53 67 53 80 61 94 77 84 21 61 17 67 67 37 41 34 79 15 37 37 78 86 77 2 18 0 54 9 34 22 8 1 82 82 99
87 7 54 76 65 32 89 89 67 61 19 67 85 26 62 80 94 63 56 14 56 82 35 46 10 13 82 63 56 21 51 29 40 48 25 4 96 75 17 76 54 0 7 3 74 31 99 75 39 92
8 51 56 9 29 59 51 14 99 70 44 56 14 10 43 86 47 94 58 67 37 54 73 7 42 31 10 22 69 89 97 35 15 10 49 41 43 98 77 53 9 7 0 19 81 31 47 80 28 63
87 51 34 11 99 74 63 51 34 59 11 5 26 72 32 95 90 52 3 11 26 74 62 4 18 46 41 4 40 11 31 49 83 84 8 26 42 71 44 84 34 3 19 0 17 54 43 83 99 41
78 28 33 78 27 60 79 78 15 52 46 0 74 60 18 14 68 60 6 4 47 55 9 81 39 6 84 90 14 43 17 75 82 79 76 6 98 29 71 57 22 74 81 17 0 54 72 24 29 40
42 47 27 29 96 78 85 24 19 93 39 85 52 36 48 67 22 14 92 43 20 29 80 59 26 48 60 7 36 46 71 98 22 2 10 80 94 86 81 13 8 31 31 54 54 0 97 28 64 65
49 98 13 91 84 66 90 10 25 55 13 71 78 24 39 25 52 44 32 14 73 24 1 27 39 17 39 98 11 30 57 56 3 75 18 38 18 32 76 9 1 99 47 43 72 97 0 86 16 59
45 42 60 40 69 51 14 70 41 51 63 92 6 6 88 58 89 74 87 76 11 22 6 79 82 44 25 46 65 25 32 27 33 8 22 67 51 81 53 47 82 75 80 83 24 28 86 0 97 71
3 53 32 15 65 36 28 64 57 48 45 12 47 63 88 7 0 47 44 70 75 80 51 54 52 84 48 2 80 80 16 54 54 69 28 42 46 45 77 94 82 39 28 99 29 64 16 97 0 57
60 20 3 18 65 34 23 10 23 6 15 74 9 30 32 59 60 88 48 7 39 76 27 43 0 22 61 63 64 81 80 34 79 86 47 72 0 41 82 39 99 92 63 41 40 65 59 71 57 0
BRBRBRBRBRBRBRBRBRBRBRBRBRBRBRBRBRBRBRBRBRBRBRBRBR