50
0 53 94 98 50 51 94 86 73 99 93 98 83 57 72 75 16 96 5 98 86 70 96 84 91 1 82 66 53 90 95 67 73 92 93 90 80 92 94 75 21 98 97 93 70 90 90 98 96 81
53 0 98 99 86 68 60 96 85 95 79 97 51 83 77 69 94 97 86 91 56 80 84 90 87 92 94 96 91 91 11 10 68 89 75 74 80 95 75 86 72 73 98 65 79 96 74 16 94 88
94 98 0 99 96 98 95 94 98 95 95 96 97 94 90 95 95 96 95 100 96 93 99 95 96 99 87 90 99 96 97 97 92 95 90 96 98 96 95 19 99 97 94 98 96 13 93 95 97 96
98 99 99 0 98 93 97 95 99 95 98 97 93 97 89 94 97 96 100 98 98 94 96 97 99 97 100 1 97 96 94 92 99 96 100 96 99 9 97 99 93 93 99 10 96 96 93 97 97 99
50 86 96 98 0 82 83 97 80 94 84 97 90 87 88 97 93 96 78 96 74 93 10 73 86 99 64 89 81 86 88 74 82 82 76 64 62 94 14 84 83 97 96 77 50 98 69 94 95 85
51 68 98 93 82 0 75 99 88 93 79 98 57 85 16 90 96 99 82 94 81 75 53 69 83 93 94 50 93 85 84 85 77 71 97 82 87 93 78 5 67 84 82 77 64 10 91 90 91 80
94 60 95 97 83 75 0 94 83 96 58 96 89 91 73 87 99 93 93 91 81 74 74 87 84 98 89 86 74 15 90 66 93 94 79 87 90 94 73 67 84 77 93 71 8 98 68 98 99 83
86 96 94 95 97 99 94 0 96 96 97 98 98 90 98 96 97 11 93 97 96 93 96 95 98 90 99 94 100 97 94 94 85 93 98 94 89 92 98 90 97 96 90 96 11 96 97 98 91 3
73 85 98 99 80 88 83 96 0 95 50 84 6 87 70 92 98 99 92 11 82 81 77 58 80 99 76 87 90 88 90 83 94 92 67 96 97 94 97 13 96 67 94 88 95 99 89 95 97 91
99 95 95 95 94 93 96 96 95 0 92 91 17 99 98 96 98 98 95 9 93 97 97 86 98 97 97 98 94 99 98 95 97 94 95 99 97 97 97 96 92 96 94 99 98 92 89 97 98 93
93 79 95 98 84 79 58 97 50 92 0 94 50 90 96 84 98 96 14 97 81 82 55 76 98 93 89 84 93 84 74 79 93 83 67 89 92 95 75 86 95 94 98 86 94 87 91 90 97 15
98 97 96 97 97 98 96 98 84 91 94 0 99 92 92 19 97 98 97 100 96 95 92 92 89 96 96 96 20 94 98 91 98 94 98 98 95 95 99 98 96 98 81 99 98 98 96 96 98 97
83 51 97 93 90 57 89 98 6 17 50 99 0 99 90 71 97 94 97 2 84 91 92 92 73 98 82 95 82 50 92 84 74 65 67 91 78 95 11 85 84 65 99 68 90 98 78 93 95 82
57 83 94 97 87 85 91 90 87 99 90 92 99 0 81 71 84 90 93 92 78 71 86 11 82 93 82 90 69 75 76 95 53 13 66 83 79 93 78 83 92 75 96 97 89 99 98 93 96 92
72 77 90 89 88 16 73 98 70 98 96 92 90 81 0 72 95 97 85 88 79 50 86 77 78 99 76 54 76 76 83 98 86 78 88 82 10 90 68 85 82 80 99 79 95 96 81 97 96 78
75 69 95 94 97 90 87 96 92 96 84 19 71 71 72 0 93 93 82 99 94 86 69 94 73 93 84 53 11 79 95 89 90 90 74 90 78 98 73 78 82 94 13 72 70 99 50 95 97 71
16 94 95 97 93 96 99 97 98 98 98 97 97 84 95 93 0 91 95 97 96 99 100 99 94 21 97 94 97 83 97 98 97 88 97 95 94 95 97 100 96 95 96 97 96 96 96 90 98 99
96 97 96 96 96 99 93 11 99 98 96 98 94 90 97 93 91 0 86 98 95 92 96 95 93 99 94 98 95 94 98 97 93 95 96 97 95 95 95 96 94 97 96 97 94 99 93 96 98 28
5 86 95 100 78 82 93 93 92 95 14 97 97 93 85 82 95 86 0 100 99 94 72 81 65 14 91 85 91 85 92 76 74 62 83 50 95 95 84 72 92 83 96 65 79 99 76 98 97 87
98 91 100 98 96 94 91 97 11 9 97 100 2 92 88 99 97 98 100 0 99 89 92 97 94 97 99 94 99 95 98 97 95 98 93 97 95 93 95 93 94 98 95 98 96 96 91 95 98 92
86 56 96 98 74 81 81 96 82 93 81 96 84 78 79 94 96 95 99 99 0 13 85 94 95 97 85 89 50 79 51 90 90 84 64 85 76 93 87 86 58 80 97 11 85 95 86 86 96 87
70 80 93 94 93 75 74 93 81 97 82 95 91 71 50 86 99 92 94 89 13 0 10 71 60 96 82 84 91 96 99 85 85 92 75 89 84 98 83 77 59 81 96 65 93 94 50 99 91 73
96 84 99 96 10 53 74 96 77 97 55 92 92 86 86 69 100 96 72 92 85 10 0 73 88 100 72 50 75 73 66 70 63 76 69 83 87 97 86 80 90 76 97 95 98 88 84 97 95 98
84 90 95 97 73 69 87 95 58 86 76 92 92 11 77 94 99 95 81 97 94 71 73 0 98 97 80 70 90 80 52 90 72 66 51 73 93 95 87 55 72 29 99 75 84 99 76 96 91 90
91 87 96 99 86 83 84 98 80 98 98 89 73 82 78 73 94 93 65 94 95 60 88 98 0 96 79 91 65 80 62 86 13 90 50 80 68 98 84 90 14 95 97 79 83 96 91 94 93 84
1 92 99 97 99 93 98 90 99 97 93 96 98 93 99 93 21 99 14 97 97 96 100 97 96 0 90 99 96 89 91 99 95 98 95 99 89 98 93 98 97 93 95 94 96 93 97 98 99 98
82 94 87 100 64 94 89 99 76 97 89 96 82 82 76 84 97 94 91 99 85 82 72 80 79 90 0 8 50 86 98 76 97 13 85 90 82 97 63 98 82 76 95 78 50 98 91 99 97 83
66 96 90 1 89 50 86 94 87 98 84 96 95 90 54 53 94 98 85 94 89 84 50 70 91 99 8 0 86 89 96 75 63 84 92 51 92 12 76 88 75 68 95 7 87 99 94 97 99 85
53 91 99 97 81 93 74 100 90 94 93 20 82 69 76 11 97 95 91 99 50 91 75 90 65 96 50 86 0 73 75 88 84 88 81 77 53 92 89 81 75 10 99 93 58 97 86 96 97 90
90 91 96 96 86 85 15 97 88 99 84 94 50 75 76 79 83 94 85 95 79 96 73 80 80 89 86 89 73 0 92 77 76 91 73 10 83 94 99 84 88 68 97 94 97 92 86 98 98 51
95 11 97 94 88 84 90 94 90 98 74 98 92 76 83 95 97 98 92 98 51 99 66 52 62 91 98 96 75 92 0 67 75 77 93 53 93 86 61 90 83 86 99 76 92 97 81 21 13 66
67 10 97 92 74 85 66 94 83 95 79 91 84 95 98 89 98 97 76 97 90 85 70 90 86 99 76 75 88 77 67 0 76 79 54 73 72 97 92 71 76 68 16 85 59 90 83 98 97 52
73 68 92 99 82 77 93 85 94 97 93 98 74 53 86 90 97 93 74 95 90 85 63 72 13 95 97 63 84 76 75 76 0 95 74 91 60 96 89 64 92 95 95 88 89 99 10 92 95 88
92 89 95 96 82 71 94 93 92 94 83 94 65 13 78 90 88 95 62 98 84 92 76 66 90 98 13 84 88 91 77 79 95 0 82 90 60 92 85 59 95 92 97 93 90 84 87 93 99 87
93 75 90 100 76 97 79 98 67 95 67 98 67 66 88 74 97 96 83 93 64 75 69 51 50 95 85 92 81 73 93 54 74 82 0 55 11 94 95 79 81 80 96 73 77 99 10 92 97 93
90 74 96 96 64 82 87 94 96 99 89 98 91 83 82 90 95 97 50 97 85 89 83 73 80 99 90 51 77 10 53 73 91 90 55 0 74 90 74 84 82 75 98 74 76 98 93 95 23 79
80 80 98 99 62 87 90 89 97 97 92 95 78 79 10 78 94 95 95 95 76 84 87 93 68 89 82 92 53 83 93 72 60 60 11 74 0 93 76 61 98 95 95 50 85 100 87 93 100 92
92 95 96 9 94 93 94 92 94 97 95 95 95 93 90 98 95 95 95 93 93 98 97 95 98 98 97 12 92 94 86 97 96 92 94 90 93 0 93 91 95 90 98 96 92 95 93 96 98 94
94 75 95 97 14 78 73 98 97 97 75 99 11 78 68 73 97 95 84 95 87 83 86 87 84 93 63 76 89 99 61 92 89 85 95 74 76 93 0 63 89 90 96 82 82 99 80 93 86 82
75 86 19 99 84 5 67 90 13 96 86 98 85 83 85 78 100 96 72 93 86 77 80 55 90 98 98 88 81 84 90 71 64 59 79 84 61 91 63 0 79 73 95 70 64 2 50 99 98 72
21 72 99 93 83 67 84 97 96 92 95 96 84 92 82 82 96 94 92 94 58 59 90 72 14 97 82 75 75 88 83 76 92 95 81 82 98 95 89 79 0 73 91 89 63 95 75 91 98 94
98 73 97 93 97 84 77 96 67 96 94 98 65 75 80 94 95 97 83 98 80 81 76 29 95 93 76 68 10 68 86 68 95 92 80 75 95 90 90 73 73 0 94 93 77 96 50 98 97 69
97 98 94 99 96 82 93 90 94 94 98 81 99 96 99 13 96 96 96 95 97 96 97 99 97 95 95 95 99 97 99 16 95 97 96 98 95 98 96 95 91 94 0 99 98 97 99 98 94 94
93 65 98 10 77 77 71 96 88 99 86 99 68 97 79 72 97 97 65 98 11 65 95 75 79 94 78 7 93 94 76 85 88 93 73 74 50 96 82 70 89 93 99 0 88 99 91 99 98 84
70 79 96 96 50 64 8 11 95 98 94 98 90 89 95 70 96 94 79 96 85 93 98 84 83 96 50 87 58 97 92 59 89 90 77 76 85 92 82 64 63 77 98 88 0 99 83 99 92 7
90 96 13 96 98 10 98 96 99 92 87 98 98 99 96 99 96 99 99 96 95 94 88 99 96 93 98 99 97 92 97 90 99 84 99 98 100 95 99 2 95 96 97 99 99 0 92 95 91 100
90 74 93 93 69 91 68 97 89 89 91 96 78 98 81 50 96 93 76 91 86 50 84 76 91 97 91 94 86 86 81 83 10 87 10 93 87 93 80 50 75 50 99 91 83 92 0 97 99 79
98 16 95 97 94 90 98 98 95 97 90 96 93 93 97 95 90 96 98 95 86 99 97 96 94 98 99 97 96 98 21 98 92 93 92 95 93 96 93 99 91 98 98 99 99 95 97 0 81 100
96 94 97 97 95 91 99 91 97 98 97 98 95 96 96 97 98 98 97 98 96 91 95 91 93 99 97 99 97 98 13 97 95 99 97 23 100 98 86 98 98 97 94 98 92 91 99 81 0 97
81 88 96 99 85 80 83 3 91 93 15 97 82 92 78 71 99 28 87 92 87 73 98 90 84 98 83 85 90 51 66 52 88 87 93 79 92 94 82 72 94 69 94 84 7 100 79 100 97 0
BBBRBRRRRRBBBRBRRBRRBBRBBBBRRRBRRBRRBBRBBBRRBBRRRB