50
0 98 100 1 99 3 71 82 58 37 13 47 36 41 55 95 58 77 92 43 4 67 50 52 28 25 40 62 30 15 78 100 34 18 87 47 100 63 30 49 67 46 48 66 94 78 34 16 94 16 
98 0 70 53 38 17 7 44 12 33 2 29 29 21 82 87 96 61 31 37 84 89 25 55 61 79 36 98 28 35 54 94 15 28 23 77 59 54 74 11 86 66 41 70 50 26 76 11 89 93 
100 70 0 91 95 34 46 49 36 34 52 50 38 45 60 10 45 86 49 47 88 32 62 33 34 12 44 64 49 86 88 30 73 45 34 79 80 45 18 92 91 52 36 17 94 1 90 20 88 11 
1 53 91 0 63 20 17 73 77 12 21 86 63 38 84 24 97 82 66 22 45 66 1 6 84 22 58 47 94 78 77 53 38 8 42 19 55 60 17 40 55 0 49 47 17 86 20 13 19 75 
99 38 95 63 0 36 15 28 67 10 8 4 86 78 43 69 31 68 53 61 58 19 39 79 24 40 16 17 6 28 85 10 66 52 14 62 11 71 46 35 75 46 72 28 76 96 17 27 53 9 
3 17 34 20 36 0 47 31 27 90 80 92 90 54 20 27 83 40 51 34 46 34 72 6 86 61 71 7 78 11 34 80 60 10 93 10 69 45 39 12 59 75 95 67 30 76 33 93 31 76 
71 7 46 17 15 47 0 50 86 55 66 93 42 41 73 50 17 2 96 62 83 78 12 34 29 69 10 65 9 16 9 32 54 42 43 89 42 72 82 82 21 87 28 86 90 30 19 66 72 89 
82 44 49 73 28 31 50 0 94 98 62 0 35 86 67 30 54 81 16 30 44 100 39 64 48 6 80 84 21 62 58 8 50 12 58 34 0 34 73 68 96 85 58 16 96 7 60 84 88 8 
58 12 36 77 67 27 86 94 0 27 67 55 81 87 86 79 17 37 31 60 99 8 61 32 57 67 77 62 5 49 26 11 53 34 89 34 65 38 31 92 3 66 36 45 72 61 42 71 72 14 
37 33 34 12 10 90 55 98 27 0 100 45 35 71 9 81 50 0 94 19 57 75 9 97 49 92 62 97 68 68 86 59 14 37 55 57 9 47 69 92 51 90 68 27 36 35 56 81 21 25 
13 2 52 21 8 80 66 62 67 100 0 35 55 53 43 46 37 43 61 15 99 45 48 63 69 24 53 47 64 86 80 97 22 56 40 95 99 97 76 21 60 66 100 64 75 19 93 14 89 22 
47 29 50 86 4 92 93 0 55 45 35 0 83 63 30 55 48 33 61 70 3 0 71 4 9 1 76 36 19 6 44 97 45 85 41 90 47 72 60 76 85 18 44 86 21 12 94 9 40 6 
36 29 38 63 86 90 42 35 81 35 55 83 0 60 31 26 30 77 3 25 90 89 62 12 42 16 78 83 6 31 86 2 2 17 65 34 40 11 34 52 6 81 80 52 92 70 59 99 7 31 
41 21 45 38 78 54 41 86 87 71 53 63 60 0 78 95 43 52 40 23 41 28 77 19 43 100 15 5 51 70 4 67 57 49 94 43 47 77 27 37 8 81 56 60 81 3 84 48 55 90 
55 82 60 84 43 20 73 67 86 9 43 30 31 78 0 88 83 13 66 38 28 27 74 30 98 16 6 99 1 6 27 4 5 36 28 35 49 84 7 60 82 85 30 36 74 46 85 32 25 4 
95 87 10 24 69 27 50 30 79 81 46 55 26 95 88 0 18 2 52 78 83 16 6 82 14 2 54 61 33 65 60 30 34 46 28 47 92 72 33 36 11 82 8 21 92 30 8 20 51 35 
58 96 45 97 31 83 17 54 17 50 37 48 30 43 83 18 0 79 95 36 75 2 89 50 33 16 12 66 75 10 34 77 96 40 53 65 93 73 88 55 82 17 32 6 78 41 57 28 18 93 
77 61 86 82 68 40 2 81 37 0 43 33 77 52 13 2 79 0 38 58 48 37 43 89 57 35 41 36 18 22 81 69 17 73 47 11 80 70 1 98 33 86 10 95 86 67 56 11 13 77 
92 31 49 66 53 51 96 16 31 94 61 61 3 40 66 52 95 38 0 10 2 34 22 67 65 69 76 12 53 0 56 98 94 88 18 58 32 68 29 44 91 8 26 46 93 47 12 21 5 56 
43 37 47 22 61 34 62 30 60 19 15 70 25 23 38 78 36 58 10 0 56 23 67 27 22 72 18 94 88 15 79 46 29 20 1 38 22 17 87 66 31 76 87 14 74 98 64 11 83 32 
4 84 88 45 58 46 83 44 99 57 99 3 90 41 28 83 75 48 2 56 0 65 49 97 34 74 89 48 47 91 61 90 48 43 94 19 99 31 64 91 68 65 91 45 65 11 89 30 13 84 
67 89 32 66 19 34 78 100 8 75 45 0 89 28 27 16 2 37 34 23 65 0 72 90 39 80 56 81 84 28 29 50 1 81 98 49 56 40 3 13 84 20 19 4 27 82 94 33 43 74 
50 25 62 1 39 72 12 39 61 9 48 71 62 77 74 6 89 43 22 67 49 72 0 1 0 13 56 9 31 20 51 69 57 93 59 53 16 6 47 64 67 31 97 77 14 81 43 59 69 47 
52 55 33 6 79 6 34 64 32 97 63 4 12 19 30 82 50 89 67 27 97 90 1 0 9 84 73 87 82 3 8 84 39 38 76 13 77 15 35 26 93 45 30 90 1 96 63 81 94 41 
28 61 34 84 24 86 29 48 57 49 69 9 42 43 98 14 33 57 65 22 34 39 0 9 0 62 42 32 79 11 42 48 27 63 90 89 97 30 57 51 17 10 66 24 72 95 56 64 45 67 
25 79 12 22 40 61 69 6 67 92 24 1 16 100 16 2 16 35 69 72 74 80 13 84 62 0 85 27 51 83 7 50 44 63 44 87 100 90 27 53 87 66 91 27 27 73 38 44 18 61 
40 36 44 58 16 71 10 80 77 62 53 76 78 15 6 54 12 41 76 18 89 56 56 73 42 85 0 80 48 64 20 12 29 93 15 39 100 91 98 58 50 7 52 59 81 32 1 93 30 98 
62 98 64 47 17 7 65 84 62 97 47 36 83 5 99 61 66 36 12 94 48 81 9 87 32 27 80 0 9 94 39 85 29 70 82 94 75 51 91 83 97 26 12 46 41 21 81 48 25 61 
30 28 49 94 6 78 9 21 5 68 64 19 6 51 1 33 75 18 53 88 47 84 31 82 79 51 48 9 0 94 59 5 54 6 66 36 17 6 64 66 79 62 85 3 43 66 15 18 20 10 
15 35 86 78 28 11 16 62 49 68 86 6 31 70 6 65 10 22 0 15 91 28 20 3 11 83 64 94 94 0 86 83 73 53 93 69 53 61 8 73 100 80 3 7 39 83 80 80 18 83 
78 54 88 77 85 34 9 58 26 86 80 44 86 4 27 60 34 81 56 79 61 29 51 8 42 7 20 39 59 86 0 7 15 74 9 7 57 23 69 78 32 29 99 10 88 74 34 35 58 42 
100 94 30 53 10 80 32 8 11 59 97 97 2 67 4 30 77 69 98 46 90 50 69 84 48 50 12 85 5 83 7 0 42 98 85 53 36 71 59 94 47 16 62 89 96 22 4 90 72 62 
34 15 73 38 66 60 54 50 53 14 22 45 2 57 5 34 96 17 94 29 48 1 57 39 27 44 29 29 54 73 15 42 0 21 59 61 91 84 87 92 87 33 86 12 24 8 53 67 60 39 
18 28 45 8 52 10 42 12 34 37 56 85 17 49 36 46 40 73 88 20 43 81 93 38 63 63 93 70 6 53 74 98 21 0 11 100 4 42 79 35 88 42 29 33 44 79 14 22 48 90 
87 23 34 42 14 93 43 58 89 55 40 41 65 94 28 28 53 47 18 1 94 98 59 76 90 44 15 82 66 93 9 85 59 11 0 39 11 67 35 88 76 49 84 79 54 10 53 28 2 28 
47 77 79 19 62 10 89 34 34 57 95 90 34 43 35 47 65 11 58 38 19 49 53 13 89 87 39 94 36 69 7 53 61 100 39 0 7 5 88 27 90 72 53 96 25 52 54 95 66 40 
100 59 80 55 11 69 42 0 65 9 99 47 40 47 49 92 93 80 32 22 99 56 16 77 97 100 100 75 17 53 57 36 91 4 11 7 0 62 89 31 2 3 11 41 1 71 18 25 44 74 
63 54 45 60 71 45 72 34 38 47 97 72 11 77 84 72 73 70 68 17 31 40 6 15 30 90 91 51 6 61 23 71 84 42 67 5 62 0 21 36 80 30 84 59 5 59 81 51 74 67 
30 74 18 17 46 39 82 73 31 69 76 60 34 27 7 33 88 1 29 87 64 3 47 35 57 27 98 91 64 8 69 59 87 79 35 88 89 21 0 4 45 4 74 89 98 30 5 86 11 90 
49 11 92 40 35 12 82 68 92 92 21 76 52 37 60 36 55 98 44 66 91 13 64 26 51 53 58 83 66 73 78 94 92 35 88 27 31 36 4 0 36 97 31 6 100 56 2 38 37 22 
67 86 91 55 75 59 21 96 3 51 60 85 6 8 82 11 82 33 91 31 68 84 67 93 17 87 50 97 79 100 32 47 87 88 76 90 2 80 45 36 0 51 19 89 8 77 80 44 52 67 
46 66 52 0 46 75 87 85 66 90 66 18 81 81 85 82 17 86 8 76 65 20 31 45 10 66 7 26 62 80 29 16 33 42 49 72 3 30 4 97 51 0 33 53 50 73 61 47 91 94 
48 41 36 49 72 95 28 58 36 68 100 44 80 56 30 8 32 10 26 87 91 19 97 30 66 91 52 12 85 3 99 62 86 29 84 53 11 84 74 31 19 33 0 91 49 3 32 49 84 33 
66 70 17 47 28 67 86 16 45 27 64 86 52 60 36 21 6 95 46 14 45 4 77 90 24 27 59 46 3 7 10 89 12 33 79 96 41 59 89 6 89 53 91 0 22 22 44 23 94 80 
94 50 94 17 76 30 90 96 72 36 75 21 92 81 74 92 78 86 93 74 65 27 14 1 72 27 81 41 43 39 88 96 24 44 54 25 1 5 98 100 8 50 49 22 0 31 54 63 39 20 
78 26 1 86 96 76 30 7 61 35 19 12 70 3 46 30 41 67 47 98 11 82 81 96 95 73 32 21 66 83 74 22 8 79 10 52 71 59 30 56 77 73 3 22 31 0 12 90 75 45 
34 76 90 20 17 33 19 60 42 56 93 94 59 84 85 8 57 56 12 64 89 94 43 63 56 38 1 81 15 80 34 4 53 14 53 54 18 81 5 2 80 61 32 44 54 12 0 96 54 21 
16 11 20 13 27 93 66 84 71 81 14 9 99 48 32 20 28 11 21 11 30 33 59 81 64 44 93 48 18 80 35 90 67 22 28 95 25 51 86 38 44 47 49 23 63 90 96 0 54 79 
94 89 88 19 53 31 72 88 72 21 89 40 7 55 25 51 18 13 5 83 13 43 69 94 45 18 30 25 20 18 58 72 60 48 2 66 44 74 11 37 52 91 84 94 39 75 54 54 0 65 
16 93 11 75 9 76 89 8 14 25 22 6 31 90 4 35 93 77 56 32 84 74 47 41 67 61 98 61 10 83 42 62 39 90 28 40 74 67 90 22 67 94 33 80 20 45 21 79 65 0 
BRRBRBRBRRRRRBBRRRBBRRBBBBRRBRBBBRBRRBBBBRRRRRBBBB
