40
0 2 40 11 29 44 36 9 37 100 41 88 70 85 22 18 85 23 47 80 16 67 60 7 69 30 43 66 21 17 86 2 69 83 75 93 88 97 15 6
2 0 3 14 43 41 61 68 93 38 48 100 99 76 43 87 22 63 4 25 65 61 97 69 16 17 31 21 90 57 54 73 13 46 54 79 27 90 19 94
40 3 0 0 58 96 46 76 8 48 48 84 39 17 19 80 65 10 52 15 67 2 48 77 18 10 16 22 14 57 75 16 63 59 64 66 13 22 29 21
11 14 0 0 2 69 4 63 78 87 53 77 86 76 35 47 41 100 34 21 67 55 18 45 39 79 14 68 22 21 77 25 5 41 4 85 87 0 98 43
29 43 58 2 0 1 77 85 45 11 46 8 45 73 51 13 8 68 87 40 35 30 89 95 43 76 95 37 1 8 44 78 51 21 61 87 32 56 78 45
44 41 96 69 1 0 1 34 9 58 75 92 5 66 93 99 22 18 80 65 29 80 26 43 14 63 47 50 47 95 84 43 78 31 50 90 26 8 95 86
36 61 46 4 77 1 0 1 28 75 32 2 34 4 23 61 82 97 47 84 80 63 47 91 13 80 4 39 85 18 71 58 65 19 98 74 22 61 84 14
9 68 76 63 85 34 1 0 0 90 98 28 10 0 55 81 6 28 93 69 39 41 88 65 56 38 57 100 7 99 68 4 81 11 94 80 56 54 73 86
37 93 8 78 45 9 28 0 0 4 78 76 99 46 72 14 6 59 96 18 30 14 22 61 64 79 14 22 49 28 98 11 100 44 70 9 41 23 15 49
100 38 48 87 11 58 75 90 4 0 2 100 44 14 41 97 47 23 94 94 57 25 4 69 23 8 94 50 7 92 84 42 80 75 38 84 59 58 12 83
41 48 48 53 46 75 32 98 78 2 0 0 43 32 66 24 78 12 88 80 42 1 13 60 81 17 36 12 95 8 36 31 23 31 16 93 47 40 64 100
88 100 84 77 8 92 2 28 76 100 0 0 3 41 43 63 46 37 9 45 12 52 76 35 55 29 24 19 5 78 32 23 67 46 80 66 65 76 11 48
70 99 39 86 45 5 34 10 99 44 43 3 0 2 93 34 64 43 82 80 46 79 17 43 8 15 7 35 88 60 14 76 26 62 58 71 68 49 86 0
85 76 17 76 73 66 4 0 46 14 32 41 2 0 0 31 56 91 34 89 8 11 66 27 21 86 77 82 100 68 16 20 41 71 68 71 66 75 24 11
22 43 19 35 51 93 23 55 72 41 66 43 93 0 0 2 49 10 34 28 10 69 17 40 29 74 93 37 38 43 65 98 56 51 99 84 45 1 90 64
18 87 80 47 13 99 61 81 14 97 24 63 34 31 2 0 2 31 29 91 14 49 43 93 93 94 43 32 83 76 55 84 61 38 92 72 13 22 41 91
85 22 65 41 8 22 82 6 6 47 78 46 64 56 49 2 0 1 36 35 13 61 73 46 57 77 93 18 66 52 98 31 19 56 84 50 33 100 35 91
23 63 10 100 68 18 97 28 59 23 12 37 43 91 10 31 1 0 2 57 85 50 5 90 72 37 56 85 39 98 58 16 72 93 67 99 9 66 14 6
47 4 52 34 87 80 47 93 96 94 88 9 82 34 34 29 36 2 0 1 77 65 24 69 5 55 37 9 27 43 37 35 53 89 90 29 100 2 34 30
80 25 15 21 40 65 84 69 18 94 80 45 80 89 28 91 35 57 1 0 2 6 65 91 95 71 44 83 20 32 21 28 36 33 71 22 58 40 80 85
16 65 67 67 35 29 80 39 30 57 42 12 46 8 10 14 13 85 77 2 0 2 78 82 4 20 38 17 27 52 35 71 56 20 60 31 31 31 31 61
67 61 2 55 30 80 63 41 14 25 1 52 79 11 69 49 61 50 65 6 2 0 1 69 41 63 51 32 28 92 51 63 63 61 48 14 100 10 41 95
60 97 48 18 89 26 47 88 22 4 13 76 17 66 17 43 73 5 24 65 78 1 0 0 47 18 32 44 90 14 88 63 51 23 9 39 80 55 79 35
7 69 77 45 95 43 91 65 61 69 60 35 43 27 40 93 46 90 69 91 82 69 0 0 2 68 66 79 47 64 28 2 28 4 13 64 68 11 18 56
69 16 18 39 43 14 13 56 64 23 81 55 8 21 29 93 57 72 5 95 4 41 47 2 0 0 6 15 0 36 75 37 28 79 57 32 82 6 21 90
30 17 10 79 76 63 80 38 79 8 17 29 15 86 74 94 77 37 55 71 20 63 18 68 0 0 3 93 54 36 63 97 40 74 84 48 99 80 93 35
43 31 16 14 95 47 4 57 14 94 36 24 7 77 93 43 93 56 37 44 38 51 32 66 6 3 0 4 20 86 100 90 44 82 79 6 82 63 20 63
66 21 22 68 37 50 39 100 22 50 12 19 35 82 37 32 18 85 9 83 17 32 44 79 15 93 4 0 1 83 24 15 59 61 80 57 79 75 94 79
21 90 14 22 1 47 85 7 49 7 95 5 88 100 38 83 66 39 27 20 27 28 90 47 0 54 20 1 0 2 2 10 100 83 35 72 71 57 1 74
17 57 57 21 8 95 18 99 28 92 8 78 60 68 43 76 52 98 43 32 52 92 14 64 36 36 86 83 2 0 3 40 79 2 36 32 22 53 68 78
86 54 75 77 44 84 71 68 98 84 36 32 14 16 65 55 98 58 37 21 35 51 88 28 75 63 100 24 2 3 0 1 36 41 82 58 46 41 38 41
2 73 16 25 78 43 58 4 11 42 31 23 76 20 98 84 31 16 35 28 71 63 63 2 37 97 90 15 10 40 1 0 2 11 36 94 18 100 58 65
69 13 63 5 51 78 65 81 100 80 23 67 26 41 56 61 19 72 53 36 56 63 51 28 28 40 44 59 100 79 36 2 0 1 4 87 40 25 80 85
83 46 59 41 21 31 19 11 44 75 31 46 62 71 51 38 56 93 89 33 20 61 23 4 79 74 82 61 83 2 41 11 1 0 2 4 28 47 43 61
75 54 64 4 61 50 98 94 70 38 16 80 58 68 99 92 84 67 90 71 60 48 9 13 57 84 79 80 35 36 82 36 4 2 0 3 90 51 5 88
93 79 66 85 87 90 74 80 9 84 93 66 71 71 84 72 50 99 29 22 31 14 39 64 32 48 6 57 72 32 58 94 87 4 3 0 2 12 99 36
88 27 13 87 32 26 22 56 41 59 47 65 68 66 45 13 33 9 100 58 31 100 80 68 82 99 82 79 71 22 46 18 40 28 90 2 0 0 82 87
97 90 22 0 56 8 61 54 23 58 40 76 49 75 1 22 100 66 2 40 31 10 55 11 6 80 63 75 57 53 41 100 25 47 51 12 0 0 0 12
15 19 29 98 78 95 84 73 15 12 64 11 86 24 90 41 35 14 34 80 31 41 79 18 21 93 20 94 1 68 38 58 80 43 5 99 82 0 0 1
6 94 21 43 45 86 14 86 49 83 100 48 0 11 64 91 91 6 30 85 61 95 35 56 90 35 63 79 74 78 41 65 85 61 88 36 87 12 1 0
BBRBBRRRBRRBRBBBRBRRBRBBBRRBRRBBRBBRRBRR