50
0 64 100 6 22 30 23 12 98 28 39 32 22 15 23 14 53 6 69 48 21 3 52 27 55 43 98 14 0 87 41 76 94 88 60 31 61 78 63 27 71 63 96 46 51 99 5 76 69 100 
64 0 100 28 100 44 10 47 78 51 66 100 0 73 89 47 46 56 9 3 87 64 76 71 28 42 94 40 7 14 67 29 60 54 87 54 99 94 93 16 79 78 88 49 85 56 80 100 83 43 
100 100 0 33 48 11 18 68 16 81 16 71 36 92 7 11 72 67 54 32 71 11 81 82 83 75 5 45 53 75 9 6 35 18 83 87 54 53 19 6 54 93 82 81 60 78 84 82 69 10 
6 28 33 0 7 22 97 95 9 10 55 90 28 69 5 3 99 48 37 29 72 25 69 96 16 26 72 29 68 69 77 49 54 1 18 20 19 55 7 100 0 84 13 36 81 95 55 59 44 89 
22 100 48 7 0 34 76 6 100 71 62 75 70 66 36 43 58 34 20 15 76 23 11 66 68 98 58 54 49 68 92 92 35 83 12 87 30 10 95 72 59 27 38 33 62 40 6 9 8 38 
30 44 11 22 34 0 98 65 3 10 19 44 69 63 100 66 79 73 84 72 43 11 26 79 41 5 48 80 57 21 78 95 63 100 69 5 46 6 65 88 39 97 20 21 49 7 13 7 68 82 
23 10 18 97 76 98 0 88 67 10 11 4 8 100 40 79 62 91 100 0 75 86 70 78 60 64 31 49 53 10 48 47 85 60 6 70 11 19 13 100 32 49 53 65 1 33 7 70 41 38 
12 47 68 95 6 65 88 0 100 60 61 12 5 19 65 8 31 61 99 28 40 51 33 64 44 57 7 23 50 55 75 21 63 95 66 47 12 8 37 37 58 48 12 55 74 87 41 75 37 52 
98 78 16 9 100 3 67 100 0 81 44 53 39 90 61 14 59 93 79 37 17 89 86 11 64 11 52 99 75 47 47 56 49 94 100 17 25 43 65 56 97 40 35 36 59 36 15 6 21 97 
28 51 81 10 71 10 10 60 81 0 60 59 69 65 48 45 55 3 96 5 99 2 52 24 92 100 99 6 7 93 41 62 55 78 22 25 77 80 96 18 64 93 86 6 83 0 9 23 82 69 
39 66 16 55 62 19 11 61 44 60 0 49 61 15 21 85 83 60 23 17 46 79 69 4 65 24 41 100 3 25 22 96 68 28 76 48 47 4 93 52 63 16 90 37 60 31 75 97 72 62 
32 100 71 90 75 44 4 12 53 59 49 0 23 35 57 11 59 52 83 0 30 74 33 34 18 56 11 64 70 56 1 82 89 27 6 66 21 11 39 47 71 88 12 41 69 17 26 3 75 100 
22 0 36 28 70 69 8 5 39 69 61 23 0 100 84 77 73 46 9 45 45 7 80 61 96 99 2 62 74 39 65 92 32 84 26 23 3 70 33 15 69 84 54 39 32 46 68 3 51 75 
15 73 92 69 66 63 100 19 90 65 15 35 100 0 32 54 14 85 78 19 25 11 45 4 4 13 46 9 7 14 40 72 90 47 36 41 2 48 22 85 42 58 16 44 11 99 25 50 35 52 
23 89 7 5 36 100 40 65 61 48 21 57 84 32 0 13 94 86 12 82 21 40 98 64 92 62 8 60 87 78 50 77 47 80 32 41 5 69 35 32 100 36 37 2 100 0 52 76 77 54 
14 47 11 3 43 66 79 8 14 45 85 11 77 54 13 0 66 70 10 82 79 86 97 10 51 29 66 50 50 68 94 6 28 98 9 89 84 5 93 34 14 100 92 2 18 32 45 30 100 86 
53 46 72 99 58 79 62 31 59 55 83 59 73 14 94 66 0 89 97 45 100 98 4 99 23 95 81 71 85 97 24 64 33 42 96 69 32 19 22 82 10 63 37 85 42 83 36 66 90 96 
6 56 67 48 34 73 91 61 93 3 60 52 46 85 86 70 89 0 80 12 26 6 16 100 89 3 78 40 27 94 60 15 30 42 25 18 72 30 93 23 43 33 44 60 84 55 97 64 88 67 
69 9 54 37 20 84 100 99 79 96 23 83 9 78 12 10 97 80 0 40 100 61 58 60 50 95 33 70 18 90 32 47 72 48 52 47 6 35 10 42 24 70 34 81 46 30 39 90 81 4 
48 3 32 29 15 72 0 28 37 5 17 0 45 19 82 82 45 12 40 0 29 40 100 2 84 91 36 38 96 87 75 68 25 30 85 39 85 27 60 14 18 42 85 67 21 37 95 34 44 24 
21 87 71 72 76 43 75 40 17 99 46 30 45 25 21 79 100 26 100 29 0 25 18 23 66 19 28 58 63 56 95 26 99 25 30 11 0 75 91 28 78 8 45 41 58 82 23 31 25 37 
3 64 11 25 23 11 86 51 89 2 79 74 7 11 40 86 98 6 61 40 25 0 57 82 86 70 67 49 31 3 81 76 62 44 83 22 50 100 6 44 65 63 62 28 52 62 61 53 10 84 
52 76 81 69 11 26 70 33 86 52 69 33 80 45 98 97 4 16 58 100 18 57 0 93 51 52 97 61 96 39 52 97 21 60 90 16 47 0 15 72 80 87 48 82 100 50 27 30 44 94 
27 71 82 96 66 79 78 64 11 24 4 34 61 4 64 10 99 100 60 2 23 82 93 0 58 32 73 31 9 74 42 43 80 22 50 91 2 80 52 36 71 17 33 72 6 77 20 32 21 2 
55 28 83 16 68 41 60 44 64 92 65 18 96 4 92 51 23 89 50 84 66 86 51 58 0 70 99 22 67 17 100 56 0 81 37 79 66 86 74 18 78 29 39 45 29 86 81 77 34 40 
43 42 75 26 98 5 64 57 11 100 24 56 99 13 62 29 95 3 95 91 19 70 52 32 70 0 37 46 86 8 27 50 67 49 68 23 24 97 37 40 83 88 47 5 60 72 96 67 11 71 
98 94 5 72 58 48 31 7 52 99 41 11 2 46 8 66 81 78 33 36 28 67 97 73 99 37 0 37 24 1 49 49 63 56 74 64 0 39 66 17 100 3 3 30 89 50 67 6 38 26 
14 40 45 29 54 80 49 23 99 6 100 64 62 9 60 50 71 40 70 38 58 49 61 31 22 46 37 0 82 63 75 27 33 55 31 63 32 40 88 56 19 30 74 77 25 16 16 83 9 7 
0 7 53 68 49 57 53 50 75 7 3 70 74 7 87 50 85 27 18 96 63 31 96 9 67 86 24 82 0 34 100 46 27 96 14 10 88 7 73 62 48 20 43 25 92 47 61 10 93 74 
87 14 75 69 68 21 10 55 47 93 25 56 39 14 78 68 97 94 90 87 56 3 39 74 17 8 1 63 34 0 27 61 29 7 0 100 81 2 40 93 33 18 83 87 34 43 32 57 93 68 
41 67 9 77 92 78 48 75 47 41 22 1 65 40 50 94 24 60 32 75 95 81 52 42 100 27 49 75 100 27 0 47 6 39 50 58 51 16 56 69 78 23 79 29 93 35 79 69 35 67 
76 29 6 49 92 95 47 21 56 62 96 82 92 72 77 6 64 15 47 68 26 76 97 43 56 50 49 27 46 61 47 0 79 92 77 51 43 12 85 84 53 8 18 100 0 55 28 98 41 34 
94 60 35 54 35 63 85 63 49 55 68 89 32 90 47 28 33 30 72 25 99 62 21 80 0 67 63 33 27 29 6 79 0 100 13 78 63 92 32 70 6 87 27 27 74 95 58 95 19 78 
88 54 18 1 83 100 60 95 94 78 28 27 84 47 80 98 42 42 48 30 25 44 60 22 81 49 56 55 96 7 39 92 100 0 40 69 2 6 31 100 4 53 26 64 15 63 44 56 34 73 
60 87 83 18 12 69 6 66 100 22 76 6 26 36 32 9 96 25 52 85 30 83 90 50 37 68 74 31 14 0 50 77 13 40 0 35 38 28 38 9 13 54 79 54 22 72 14 38 100 0 
31 54 87 20 87 5 70 47 17 25 48 66 23 41 41 89 69 18 47 39 11 22 16 91 79 23 64 63 10 100 58 51 78 69 35 0 31 25 99 82 56 67 76 60 50 42 60 29 38 86 
61 99 54 19 30 46 11 12 25 77 47 21 3 2 5 84 32 72 6 85 0 50 47 2 66 24 0 32 88 81 51 43 63 2 38 31 0 8 100 5 99 33 63 100 79 31 52 99 14 86 
78 94 53 55 10 6 19 8 43 80 4 11 70 48 69 5 19 30 35 27 75 100 0 80 86 97 39 40 7 2 16 12 92 6 28 25 8 0 35 21 49 5 31 91 12 17 39 4 12 81 
63 93 19 7 95 65 13 37 65 96 93 39 33 22 35 93 22 93 10 60 91 6 15 52 74 37 66 88 73 40 56 85 32 31 38 99 100 35 0 32 22 58 92 80 43 89 38 25 29 90 
27 16 6 100 72 88 100 37 56 18 52 47 15 85 32 34 82 23 42 14 28 44 72 36 18 40 17 56 62 93 69 84 70 100 9 82 5 21 32 0 27 89 100 24 24 94 43 63 73 8 
71 79 54 0 59 39 32 58 97 64 63 71 69 42 100 14 10 43 24 18 78 65 80 71 78 83 100 19 48 33 78 53 6 4 13 56 99 49 22 27 0 90 39 52 68 53 61 67 75 5 
63 78 93 84 27 97 49 48 40 93 16 88 84 58 36 100 63 33 70 42 8 63 87 17 29 88 3 30 20 18 23 8 87 53 54 67 33 5 58 89 90 0 49 3 18 78 20 46 79 62 
96 88 82 13 38 20 53 12 35 86 90 12 54 16 37 92 37 44 34 85 45 62 48 33 39 47 3 74 43 83 79 18 27 26 79 76 63 31 92 100 39 49 0 3 18 100 4 18 80 41 
46 49 81 36 33 21 65 55 36 6 37 41 39 44 2 2 85 60 81 67 41 28 82 72 45 5 30 77 25 87 29 100 27 64 54 60 100 91 80 24 52 3 3 0 87 9 60 80 72 74 
51 85 60 81 62 49 1 74 59 83 60 69 32 11 100 18 42 84 46 21 58 52 100 6 29 60 89 25 92 34 93 0 74 15 22 50 79 12 43 24 68 18 18 87 0 51 68 59 82 52 
99 56 78 95 40 7 33 87 36 0 31 17 46 99 0 32 83 55 30 37 82 62 50 77 86 72 50 16 47 43 35 55 95 63 72 42 31 17 89 94 53 78 100 9 51 0 19 26 80 83 
5 80 84 55 6 13 7 41 15 9 75 26 68 25 52 45 36 97 39 95 23 61 27 20 81 96 67 16 61 32 79 28 58 44 14 60 52 39 38 43 61 20 4 60 68 19 0 100 14 82 
76 100 82 59 9 7 70 75 6 23 97 3 3 50 76 30 66 64 90 34 31 53 30 32 77 67 6 83 10 57 69 98 95 56 38 29 99 4 25 63 67 46 18 80 59 26 100 0 0 15 
69 83 69 44 8 68 41 37 21 82 72 75 51 35 77 100 90 88 81 44 25 10 44 21 34 11 38 9 93 93 35 41 19 34 100 38 14 12 29 73 75 79 80 72 82 80 14 0 0 72 
100 43 10 89 38 82 38 52 97 69 62 100 75 52 54 86 96 67 4 24 37 84 94 2 40 71 26 7 74 68 67 34 78 73 0 86 86 81 90 8 5 62 41 74 52 83 82 15 72 0 
BBRRRRBRBRRRBRRRRRRRBRBBBBRBBRRRRBRBRBBBBBRBBBBRBB