50
0 100 91 90 94 96 90 98 92 93 92 100 95 99 96 100 97 95 100 94 90 12 94 97 90 92 98 94 98 93 93 93 93 95 93 97 99 96 100 3 95 96 91 4 94 95 95 91 99 98
100 0 95 100 100 95 96 90 92 92 10 94 95 91 95 100 90 97 96 100 96 98 96 94 90 90 100 98 1 94 93 80 94 95 92 99 100 97 97 91 90 99 97 99 91 91 100 96 93 96
91 95 0 93 99 94 100 99 98 99 91 90 100 95 94 7 94 96 1 99 94 90 97 98 94 2 98 93 98 92 98 96 92 94 97 94 94 97 94 93 95 93 91 97 97 98 96 98 93 100
90 100 93 0 99 98 91 91 93 99 98 97 91 97 95 100 100 90 94 92 100 92 95 98 93 94 99 95 91 94 90 98 97 90 95 94 97 3 94 90 92 95 95 90 95 92 100 94 11 95
94 100 99 99 0 97 100 93 90 93 97 99 97 91 93 99 98 94 96 96 99 96 92 4 94 91 98 95 99 92 95 95 97 98 91 96 98 92 100 91 2 90 97 96 98 99 91 91 94 10
96 95 94 98 97 0 99 91 95 97 100 92 98 96 83 92 96 1 91 93 90 91 100 90 91 98 7 91 98 98 96 97 95 100 97 95 95 95 95 92 92 90 93 99 97 90 92 96 98 99
90 96 100 91 100 99 0 98 91 100 94 99 2 96 97 92 100 92 98 99 93 91 6 96 93 99 99 97 96 94 1 93 96 91 98 93 98 97 100 97 98 99 95 93 100 97 94 94 99 100
98 90 99 91 93 91 98 0 92 100 98 94 98 2 7 100 95 100 93 99 91 93 12 94 100 97 97 4 92 91 97 98 98 94 91 94 94 98 98 91 99 90 90 93 94 93 100 95 95 96
92 92 98 93 90 95 91 92 0 6 92 93 92 97 97 91 94 94 97 99 97 92 90 91 98 90 99 92 98 94 97 97 97 96 98 100 95 96 92 98 98 93 91 99 100 94 2 100 76 90
93 92 99 99 93 97 100 100 6 0 91 93 95 95 96 98 98 100 100 100 92 100 95 92 94 98 97 94 94 91 94 94 93 100 93 97 98 3 90 100 92 92 94 95 93 94 95 91 4 90
92 10 91 98 97 100 94 98 92 91 0 97 95 96 90 90 97 96 96 95 99 97 95 99 100 96 91 92 2 100 100 95 1 91 96 91 99 100 98 100 95 96 98 98 98 9 99 99 97 93
100 94 90 97 99 92 99 94 93 93 97 0 100 95 90 4 93 100 97 100 96 99 93 98 95 100 100 90 94 100 95 96 11 96 12 1 95 90 90 90 100 90 98 100 93 90 98 94 91 94
95 95 100 91 97 98 2 98 92 95 95 100 0 93 95 99 94 92 98 100 99 96 68 97 98 99 99 92 99 90 11 90 91 97 93 97 92 93 96 90 100 94 100 97 5 93 100 94 100 96
99 91 95 97 91 96 96 2 97 95 96 95 93 0 95 93 100 99 98 72 96 96 100 95 100 94 97 99 92 100 95 91 92 90 96 91 91 100 6 91 93 90 95 99 99 91 97 99 95 100
96 95 94 95 93 83 97 7 97 96 90 90 95 95 0 97 94 90 92 92 95 99 91 96 94 95 4 5 90 97 97 97 98 90 96 97 95 91 98 93 97 90 93 97 98 93 96 95 98 93
100 100 7 100 99 92 92 100 91 98 90 4 99 93 97 0 98 90 90 98 99 92 92 99 99 82 90 93 91 93 100 92 98 10 93 99 94 91 92 96 100 95 91 90 93 91 98 94 90 92
97 90 94 100 98 96 100 95 94 98 97 93 94 100 94 98 0 93 91 97 95 98 92 92 1 95 90 97 92 100 91 95 99 93 91 94 93 92 90 91 98 92 92 91 96 86 9 98 100 90
95 97 96 90 94 1 92 100 94 100 96 100 92 99 90 90 93 0 94 98 99 99 92 95 97 92 92 95 99 11 90 90 97 99 99 94 96 100 90 91 95 91 100 91 93 94 97 1 98 98
100 96 1 94 96 91 98 93 97 100 96 97 98 98 92 90 91 94 0 96 90 93 90 92 94 6 94 98 97 100 90 100 95 93 95 99 95 93 96 98 93 1 96 99 96 91 92 98 94 94
94 100 99 92 96 93 99 99 99 100 95 100 100 72 92 98 97 98 96 0 98 90 94 94 93 91 91 96 96 95 96 92 91 11 90 98 97 98 1 96 99 94 94 97 93 100 100 90 96 93
90 96 94 100 99 90 93 91 97 92 99 96 99 96 95 99 95 99 90 98 0 95 99 95 100 91 96 96 90 99 99 98 98 90 94 91 5 91 98 90 100 99 100 93 91 100 99 95 93 88
12 98 90 92 96 91 91 93 92 100 97 99 96 96 99 92 98 99 93 90 95 0 91 99 94 93 93 96 98 90 92 97 74 90 93 94 98 100 95 10 94 90 91 1 100 95 90 92 97 91
94 96 97 95 92 100 6 12 90 95 95 93 68 100 91 92 92 92 90 94 99 91 0 97 97 95 97 95 98 99 100 97 91 4 91 93 95 90 93 93 90 99 92 92 96 97 100 98 91 96
97 94 98 98 4 90 96 94 91 92 99 98 97 95 96 99 92 95 92 94 95 99 97 0 98 98 99 97 95 93 99 95 100 99 98 98 1 94 94 97 90 92 91 100 95 99 95 98 96 7
90 90 94 93 94 91 93 100 98 94 100 95 98 100 94 99 1 97 94 93 100 94 97 98 0 90 97 95 96 90 99 94 98 100 95 99 90 95 98 90 94 91 94 95 92 11 2 93 94 93
92 90 2 94 91 98 99 97 90 98 96 100 99 94 95 82 95 92 6 91 91 93 95 98 90 0 97 97 90 99 96 98 99 90 96 96 93 97 91 100 97 8 99 95 100 92 94 96 90 100
98 100 98 99 98 7 99 97 99 97 91 100 99 97 4 90 90 92 94 91 96 93 97 99 97 97 0 3 93 93 96 100 98 93 98 95 96 92 99 97 100 90 91 95 90 93 92 96 91 100
94 98 93 95 95 91 97 4 92 94 92 90 92 99 5 93 97 95 98 96 96 96 95 97 95 97 3 0 100 90 95 97 98 93 91 91 91 96 94 96 98 100 94 90 90 95 95 100 93 100
98 1 98 91 99 98 96 92 98 94 2 94 99 92 90 91 92 99 97 96 90 98 98 95 96 90 93 100 0 93 95 7 95 97 100 94 92 90 92 96 97 92 90 92 92 91 96 94 98 93
93 94 92 94 92 98 94 91 94 91 100 100 90 100 97 93 100 11 100 95 99 90 99 93 90 99 93 90 93 0 100 93 98 95 98 97 97 98 98 99 62 96 99 92 91 90 94 3 92 92
93 93 98 90 95 96 1 97 97 94 100 95 11 95 97 100 91 90 90 96 99 92 100 99 99 96 96 95 95 100 0 91 99 99 90 91 93 94 99 90 94 95 92 100 3 92 100 91 99 98
93 80 96 98 95 97 93 98 97 94 95 96 90 91 97 92 95 90 100 92 98 97 97 95 94 98 100 97 7 93 91 0 98 100 99 97 95 91 99 100 92 1 99 99 90 90 96 97 92 90
93 94 92 97 97 95 96 98 97 93 1 11 91 92 98 98 99 97 95 91 98 74 91 100 98 99 98 98 95 98 99 98 0 95 91 93 93 90 92 98 91 93 100 7 98 100 100 97 96 92
95 95 94 90 98 100 91 94 96 100 91 96 97 90 90 10 93 99 93 11 90 90 4 99 100 90 93 93 97 95 99 100 95 0 98 93 91 92 3 94 99 94 93 95 96 94 97 98 100 93
93 92 97 95 91 97 98 91 98 93 96 12 93 96 96 93 91 99 95 90 94 93 91 98 95 96 98 91 100 98 90 99 91 98 0 2 96 100 100 100 95 91 75 95 90 90 96 92 90 100
97 99 94 94 96 95 93 94 100 97 91 1 97 91 97 99 94 94 99 98 91 94 93 98 99 96 95 91 94 97 91 97 93 93 2 0 92 100 97 91 96 97 10 94 93 91 99 94 98 98
99 100 94 97 98 95 98 94 95 98 99 95 92 91 95 94 93 96 95 97 5 98 95 1 90 93 96 91 92 97 93 95 93 91 96 92 0 99 90 91 96 91 95 99 98 94 94 97 95 1
96 97 97 3 92 95 97 98 96 3 100 90 93 100 91 91 92 100 93 98 91 100 90 94 95 97 92 96 90 98 94 91 90 92 100 100 99 0 93 90 92 93 91 100 95 99 96 91 5 100
100 97 94 94 100 95 100 98 92 90 98 90 96 6 98 92 90 90 96 1 98 95 93 94 98 91 99 94 92 98 99 99 92 3 100 97 90 93 0 98 99 91 96 97 97 100 90 94 96 96
3 91 93 90 91 92 97 91 98 100 100 90 90 91 93 96 91 91 98 96 90 10 93 97 90 100 97 96 96 99 90 100 98 94 100 91 91 90 98 0 99 100 93 92 92 3 94 99 97 90
95 90 95 92 2 92 98 99 98 92 95 100 100 93 97 100 98 95 93 99 100 94 90 90 94 97 100 98 97 62 94 92 91 99 95 96 96 92 99 99 0 91 93 96 92 98 96 11 92 94
96 99 93 95 90 90 99 90 93 92 96 90 94 90 90 95 92 91 1 94 99 90 99 92 91 8 90 100 92 96 95 1 93 94 91 97 91 93 91 100 91 0 100 100 93 100 100 92 100 95
91 97 91 95 97 93 95 90 91 94 98 98 100 95 93 91 92 100 96 94 100 91 92 91 94 99 91 94 90 99 92 99 100 93 75 10 95 91 96 93 93 100 0 97 88 91 95 90 90 96
4 99 97 90 96 99 93 93 99 95 98 100 97 99 97 90 91 91 99 97 93 1 92 100 95 95 95 90 92 92 100 99 7 95 95 94 99 100 97 92 96 100 97 0 92 93 99 99 94 93
94 91 97 95 98 97 100 94 100 93 98 93 5 99 98 93 96 93 96 93 91 100 96 95 92 100 90 90 92 91 3 90 98 96 90 93 98 95 97 92 92 93 88 92 0 95 99 100 96 98
95 91 98 92 99 90 97 93 94 94 9 90 93 91 93 91 86 94 91 100 100 95 97 99 11 92 93 95 91 90 92 90 100 94 90 91 94 99 100 3 98 100 91 93 95 0 90 90 94 99
95 100 96 100 91 92 94 100 2 95 99 98 100 97 96 98 9 97 92 100 99 90 100 95 2 94 92 95 96 94 100 96 100 97 96 99 94 96 90 94 96 100 95 99 99 90 0 99 93 92
91 96 98 94 91 96 94 95 100 91 99 94 94 99 95 94 98 1 98 90 95 92 98 98 93 96 96 100 94 3 91 97 97 98 92 94 97 91 94 99 11 92 90 99 100 90 99 0 95 90
99 93 93 11 94 98 99 95 76 4 97 91 100 95 98 90 100 98 94 96 93 97 91 96 94 90 91 93 98 92 99 92 96 100 90 98 95 5 96 97 92 100 90 94 96 94 93 95 0 96
98 96 100 95 10 99 100 96 90 90 93 94 96 100 93 92 90 98 94 93 88 91 96 7 93 100 100 100 93 92 98 90 92 93 100 98 1 100 96 90 94 95 96 93 98 99 92 90 96 0
BRBRBRRRRBRBRBBRRBRRBRBBBBBRBRBBBRRBRRBBRRRRBRBBBR
