50
0 89 0 20 44 81 19 8 83 73 27 63 90 24 26 48 43 20 82 82 19 57 0 23 29 81 14 89 11 52 52 80 84 18 60 95 3 47 60 16 29 51 91 100 20 93 0 7 12 96
89 0 72 35 40 76 57 56 99 81 38 25 63 52 52 8 18 9 9 5 75 91 54 32 27 47 2 67 32 77 70 93 55 8 50 51 45 22 91 82 43 64 43 91 5 1 5 54 88 82
0 72 0 62 60 61 27 27 57 51 17 79 44 97 28 45 44 97 55 100 32 49 74 59 20 42 56 75 26 6 61 50 86 55 32 65 76 12 27 21 22 83 100 86 51 20 94 93 20 16
20 35 62 0 46 85 7 41 37 65 30 80 33 21 88 10 57 83 43 12 37 14 9 21 69 4 25 32 17 48 76 84 95 56 89 95 55 19 35 67 38 70 25 41 91 68 15 17 37 38
44 40 60 46 0 16 43 36 96 79 21 35 5 71 75 43 23 98 65 41 73 74 0 78 98 22 10 58 74 23 3 44 25 1 53 79 20 15 67 57 98 89 80 50 78 62 96 35 79 78
81 76 61 85 16 0 83 91 18 37 42 52 79 30 53 47 100 39 37 33 9 76 71 92 13 23 59 59 48 39 81 26 62 43 89 48 68 49 28 51 53 82 55 45 36 7 75 100 11 73
19 57 27 7 43 83 0 48 73 79 72 40 7 27 50 75 43 96 3 24 81 86 96 72 12 67 96 92 30 42 10 96 96 93 17 82 83 78 75 86 69 7 33 87 36 96 20 66 48 100
8 56 27 41 36 91 48 0 14 88 100 21 30 49 8 40 13 50 49 34 84 74 42 2 9 26 46 44 84 29 89 53 23 80 65 87 42 75 95 64 92 74 16 57 73 16 91 18 98 97
83 99 57 37 96 18 73 14 0 29 24 91 96 84 88 14 23 45 80 29 33 88 68 93 19 83 72 4 78 64 50 42 19 89 0 1 85 96 82 43 83 0 78 24 27 95 57 25 12 97
73 81 51 65 79 37 79 88 29 0 86 15 89 23 64 13 41 17 63 63 57 99 40 35 28 72 54 74 70 43 70 57 29 33 85 26 77 60 84 24 60 43 22 96 30 98 86 15 77 46
27 38 17 30 21 42 72 100 24 86 0 21 35 94 68 24 0 17 2 3 30 6 100 95 88 81 91 63 58 23 61 31 73 28 88 77 79 66 68 82 13 81 45 53 43 4 100 82 6 49
63 25 79 80 35 52 40 21 91 15 21 0 11 12 14 93 83 13 96 52 35 65 90 62 25 80 56 20 25 63 81 64 89 68 1 74 57 7 86 48 17 89 87 13 1 48 41 43 90 19
90 63 44 33 5 79 7 30 96 89 35 11 0 92 5 17 45 9 72 2 18 11 33 49 79 25 38 28 33 56 27 32 88 38 65 82 33 1 89 39 37 44 1 48 14 72 12 89 98 8
24 52 97 21 71 30 27 49 84 23 94 12 92 0 8 2 44 50 40 69 81 55 60 66 10 31 17 23 68 57 60 55 80 62 70 46 7 42 4 70 63 11 13 18 82 33 34 64 6 74
26 52 28 88 75 53 50 8 88 64 68 14 5 8 0 64 91 9 74 12 100 11 12 27 32 45 84 36 86 29 2 79 96 86 54 27 3 50 67 29 49 86 79 25 77 64 24 69 42 9
48 8 45 10 43 47 75 40 14 13 24 93 17 2 64 0 54 92 7 50 40 93 46 50 81 5 92 11 24 1 82 52 3 40 25 94 69 10 8 89 71 98 92 5 32 26 25 59 32 35
43 18 44 57 23 100 43 13 23 41 0 83 45 44 91 54 0 16 27 73 90 60 8 92 84 68 44 66 25 99 43 11 24 3 67 39 2 57 8 26 31 75 49 39 9 61 42 41 52 22
20 9 97 83 98 39 96 50 45 17 17 13 9 50 9 92 16 0 23 98 98 30 80 30 60 0 83 88 72 83 82 50 51 98 80 4 35 26 9 12 30 15 93 25 30 66 16 43 84 61
82 9 55 43 65 37 3 49 80 63 2 96 72 40 74 7 27 23 0 79 41 8 42 73 93 49 59 75 47 31 33 53 16 21 38 26 19 75 18 100 63 11 39 16 30 87 66 87 44 8
82 5 100 12 41 33 24 34 29 63 3 52 2 69 12 50 73 98 79 0 85 20 4 43 83 56 63 73 11 35 72 96 0 15 27 47 35 71 87 25 9 31 49 97 69 2 14 5 85 85
19 75 32 37 73 9 81 84 33 57 30 35 18 81 100 40 90 98 41 85 0 27 79 34 59 83 2 16 16 64 30 35 19 89 52 86 22 48 21 68 54 43 1 83 34 33 17 36 56 76
57 91 49 14 74 76 86 74 88 99 6 65 11 55 11 93 60 30 8 20 27 0 38 66 24 78 33 95 45 1 39 59 9 15 44 89 81 15 59 49 24 59 70 57 50 16 14 99 42 5
0 54 74 9 0 71 96 42 68 40 100 90 33 60 12 46 8 80 42 4 79 38 0 83 37 18 36 47 11 85 29 48 70 6 92 16 4 88 69 0 95 18 39 18 21 66 46 23 23 20
23 32 59 21 78 92 72 2 93 35 95 62 49 66 27 50 92 30 73 43 34 66 83 0 78 59 24 52 7 67 96 71 15 96 29 44 10 21 20 19 36 72 51 87 44 48 95 67 30 53
29 27 20 69 98 13 12 9 19 28 88 25 79 10 32 81 84 60 93 83 59 24 37 78 0 74 75 13 77 37 71 41 66 75 11 56 18 51 46 2 55 4 99 21 28 38 1 67 46 66
81 47 42 4 22 23 67 26 83 72 81 80 25 31 45 5 68 0 49 56 83 78 18 59 74 0 16 67 50 58 65 92 77 71 9 50 48 49 53 33 2 33 14 97 12 72 12 26 64 13
14 2 56 25 10 59 96 46 72 54 91 56 38 17 84 92 44 83 59 63 2 33 36 24 75 16 0 92 27 89 20 88 32 53 49 68 62 20 94 16 93 63 93 5 72 36 24 28 54 56
89 67 75 32 58 59 92 44 4 74 63 20 28 23 36 11 66 88 75 73 16 95 47 52 13 67 92 0 72 93 46 59 95 77 92 71 91 93 62 32 5 78 58 40 79 6 49 35 9 56
11 32 26 17 74 48 30 84 78 70 58 25 33 68 86 24 25 72 47 11 16 45 11 7 77 50 27 72 0 71 42 21 9 60 90 80 99 23 59 59 10 7 45 26 50 57 51 2 74 41
52 77 6 48 23 39 42 29 64 43 23 63 56 57 29 1 99 83 31 35 64 1 85 67 37 58 89 93 71 0 100 37 90 72 98 100 18 20 24 74 91 82 93 70 82 66 90 26 49 92
52 70 61 76 3 81 10 89 50 70 61 81 27 60 2 82 43 82 33 72 30 39 29 96 71 65 20 46 42 100 0 6 31 22 55 53 47 17 100 16 61 12 54 8 97 43 76 92 60 51
80 93 50 84 44 26 96 53 42 57 31 64 32 55 79 52 11 50 53 96 35 59 48 71 41 92 88 59 21 37 6 0 29 22 21 77 76 68 29 55 32 69 88 85 50 58 34 26 83 13
84 55 86 95 25 62 96 23 19 29 73 89 88 80 96 3 24 51 16 0 19 9 70 15 66 77 32 95 9 90 31 29 0 70 24 15 74 69 20 3 65 16 11 89 54 42 31 39 89 69
18 8 55 56 1 43 93 80 89 33 28 68 38 62 86 40 3 98 21 15 89 15 6 96 75 71 53 77 60 72 22 22 70 0 1 26 57 64 72 3 12 49 48 12 78 83 46 85 85 39
60 50 32 89 53 89 17 65 0 85 88 1 65 70 54 25 67 80 38 27 52 44 92 29 11 9 49 92 90 98 55 21 24 1 0 19 92 98 85 15 5 37 20 5 14 86 58 53 48 83
95 51 65 95 79 48 82 87 1 26 77 74 82 46 27 94 39 4 26 47 86 89 16 44 56 50 68 71 80 100 53 77 15 26 19 0 66 1 26 46 34 6 22 37 69 2 78 30 96 94
3 45 76 55 20 68 83 42 85 77 79 57 33 7 3 69 2 35 19 35 22 81 4 10 18 48 62 91 99 18 47 76 74 57 92 66 0 35 92 64 75 98 39 45 33 32 10 5 37 61
47 22 12 19 15 49 78 75 96 60 66 7 1 42 50 10 57 26 75 71 48 15 88 21 51 49 20 93 23 20 17 68 69 64 98 1 35 0 4 39 27 4 46 66 80 80 54 37 33 5
60 91 27 35 67 28 75 95 82 84 68 86 89 4 67 8 8 9 18 87 21 59 69 20 46 53 94 62 59 24 100 29 20 72 85 26 92 4 0 0 6 79 43 51 50 17 60 83 6 71
16 82 21 67 57 51 86 64 43 24 82 48 39 70 29 89 26 12 100 25 68 49 0 19 2 33 16 32 59 74 16 55 3 3 15 46 64 39 0 0 57 54 1 58 80 80 19 15 32 42
29 43 22 38 98 53 69 92 83 60 13 17 37 63 49 71 31 30 63 9 54 24 95 36 55 2 93 5 10 91 61 32 65 12 5 34 75 27 6 57 0 22 55 17 100 86 71 11 7 40
51 64 83 70 89 82 7 74 0 43 81 89 44 11 86 98 75 15 11 31 43 59 18 72 4 33 63 78 7 82 12 69 16 49 37 6 98 4 79 54 22 0 35 83 52 25 30 20 57 43
91 43 100 25 80 55 33 16 78 22 45 87 1 13 79 92 49 93 39 49 1 70 39 51 99 14 93 58 45 93 54 88 11 48 20 22 39 46 43 1 55 35 0 49 93 80 44 24 61 62
100 91 86 41 50 45 87 57 24 96 53 13 48 18 25 5 39 25 16 97 83 57 18 87 21 97 5 40 26 70 8 85 89 12 5 37 45 66 51 58 17 83 49 0 11 32 10 68 80 97
20 5 51 91 78 36 36 73 27 30 43 1 14 82 77 32 9 30 30 69 34 50 21 44 28 12 72 79 50 82 97 50 54 78 14 69 33 80 50 80 100 52 93 11 0 57 49 60 12 95
93 1 20 68 62 7 96 16 95 98 4 48 72 33 64 26 61 66 87 2 33 16 66 48 38 72 36 6 57 66 43 58 42 83 86 2 32 80 17 80 86 25 80 32 57 0 81 17 68 53
0 5 94 15 96 75 20 91 57 86 100 41 12 34 24 25 42 16 66 14 17 14 46 95 1 12 24 49 51 90 76 34 31 46 58 78 10 54 60 19 71 30 44 10 49 81 0 58 100 82
7 54 93 17 35 100 66 18 25 15 82 43 89 64 69 59 41 43 87 5 36 99 23 67 67 26 28 35 2 26 92 26 39 85 53 30 5 37 83 15 11 20 24 68 60 17 58 0 4 11
12 88 20 37 79 11 48 98 12 77 6 90 98 6 42 32 52 84 44 85 56 42 23 30 46 64 54 9 74 49 60 83 89 85 48 96 37 33 6 32 7 57 61 80 12 68 100 4 0 23
96 82 16 38 78 73 100 97 97 46 49 19 8 74 9 35 22 61 8 85 76 5 20 53 66 13 56 56 41 92 51 13 69 39 83 94 61 5 71 42 40 43 62 97 95 53 82 11 23 0
RRRBBBBRBBRRRBBBBBRRBRBRBRBRBBBRRRBRBRBRBBRBRRRRBR