24
0 1 80 80 0 80 80 80 80 80 80 80 80 80 80 80 80 80 80 80 80 80 80 1
1 0 1 80 80 80 80 80 80 80 80 80 80 80 80 80 80 80 80 80 80 80 80 80
80 1 0 1 80 40 80 80 80 80 40 80 80 40 80 80 80 80 40 80 80 40 80 80
80 80 1 0 1 80 80 0 80 80 80 80 80 80 80 80 80 80 80 80 80 80 80 80
0 80 80 1 0 1 80 80 80 80 80 80 80 80 80 80 80 80 80 80 80 80 80 80
80 80 40 80 1 0 1 80 80 80 0 80 80 0 80 80 80 80 0 80 80 0 80 80
80 80 80 80 80 1 0 1 80 80 80 80 80 80 80 80 80 80 80 80 80 80 80 80
80 80 80 0 80 80 1 0 1 80 80 80 80 80 80 80 80 80 80 80 80 80 80 80
80 80 80 80 80 80 80 1 0 1 80 80 0 80 80 80 80 80 80 80 80 80 80 80
80 80 80 80 80 80 80 80 1 0 1 80 80 80 80 80 80 80 80 80 80 80 80 80
80 80 40 80 80 0 80 80 80 1 0 1 80 0 80 80 80 80 0 80 80 0 80 80
80 80 80 80 80 80 80 80 80 80 1 0 1 80 80 0 80 80 80 80 80 80 80 80
80 80 80 80 80 80 80 80 0 80 80 1 0 1 80 80 80 80 80 80 80 80 80 80
80 80 40 80 80 0 80 80 80 80 0 80 1 0 1 80 80 80 0 80 80 0 80 80
80 80 80 80 80 80 80 80 80 80 80 80 80 1 0 1 80 80 80 80 80 80 80 80
80 80 80 80 80 80 80 80 80 80 80 0 80 80 1 0 1 80 80 80 80 80 80 80
80 80 80 80 80 80 80 80 80 80 80 80 80 80 80 1 0 1 80 80 0 80 80 80
80 80 80 80 80 80 80 80 80 80 80 80 80 80 80 80 1 0 1 80 80 80 80 80
80 80 40 80 80 0 80 80 80 80 0 80 80 0 80 80 80 1 0 1 80 0 80 80
80 80 80 80 80 80 80 80 80 80 80 80 80 80 80 80 80 80 1 0 1 80 80 0
80 80 80 80 80 80 80 80 80 80 80 80 80 80 80 80 0 80 80 1 0 1 80 80
80 80 40 80 80 0 80 80 80 80 0 80 80 0 80 80 80 80 0 80 1 0 1 80
80 80 80 80 80 80 80 80 80 80 80 80 80 80 80 80 80 80 80 80 80 1 0 1
1 80 80 80 80 80 80 80 80 80 80 80 80 80 80 80 80 80 80 0 80 80 1 0
BRBRBRBRBRBRBRBRBRBRBRBR