50
0 32 50 66 64 58 33 33 45 47 41 38 60 77 71 63 33 59 39 81 92 58 71 24 71 72 9 88 80 49 24 11 43 94 75 16 31 80 82 3 85 83 29 97 58 67 32 22 71 4
32 0 29 28 12 55 64 54 30 44 81 77 27 80 53 59 8 41 62 26 13 99 66 69 69 13 36 49 37 41 88 45 73 24 4 87 86 71 43 3 87 33 52 77 62 43 23 14 88 30
50 29 0 58 58 36 74 42 39 54 97 25 61 26 53 48 93 78 17 65 66 86 1 77 26 27 41 52 23 57 22 7 44 36 26 26 12 43 16 6 72 30 90 18 98 77 88 46 13 90
66 28 58 0 0 5 18 13 23 65 67 13 40 11 20 48 85 15 29 42 66 40 8 94 93 15 75 51 93 29 52 56 32 78 13 80 67 52 65 18 41 68 22 35 8 26 71 44 34 21
64 12 58 0 0 25 34 16 46 93 11 3 76 62 17 51 43 13 40 51 51 91 53 51 7 14 41 22 71 25 11 87 100 29 80 3 26 62 53 65 93 25 14 91 2 91 66 75 84 12
58 55 36 5 25 0 71 27 4 70 99 72 79 89 81 62 64 32 47 93 57 63 90 56 87 92 60 48 61 80 45 16 31 22 59 78 41 26 94 74 25 3 92 40 29 9 9 19 86 69
33 64 74 18 34 71 0 24 81 9 89 65 39 6 16 45 20 10 61 77 95 43 57 88 53 21 20 43 9 53 5 51 51 18 94 96 61 13 72 36 82 64 4 56 22 63 33 34 22 32
33 54 42 13 16 27 24 0 51 9 21 84 26 30 95 73 59 95 25 35 98 0 48 40 84 57 15 64 30 36 11 96 3 41 11 80 66 66 19 50 91 78 60 96 14 25 11 52 36 55
45 30 39 23 46 4 81 51 0 53 9 51 33 62 96 4 53 96 45 85 56 91 41 89 21 19 19 16 43 77 81 29 71 46 80 20 87 93 8 51 26 64 19 65 24 6 23 53 48 97
47 44 54 65 93 70 9 9 53 0 2 20 5 32 69 44 59 11 25 93 54 3 81 50 40 18 41 94 31 22 52 67 15 35 7 30 55 4 82 83 17 82 43 49 23 37 47 81 86 11
41 81 97 67 11 99 89 21 9 2 0 73 48 42 85 74 50 83 32 67 85 33 72 59 47 96 98 63 89 30 5 37 93 31 68 34 96 94 0 59 86 9 28 74 37 91 92 6 97 99
38 77 25 13 3 72 65 84 51 20 73 0 13 62 39 53 24 9 13 45 55 82 41 91 50 95 61 2 28 83 16 99 25 66 18 13 88 36 66 12 13 9 89 52 74 24 28 51 8 86
60 27 61 40 76 79 39 26 33 5 48 13 0 45 100 33 52 46 75 61 14 100 82 79 33 35 67 20 61 32 2 95 2 24 97 74 87 7 93 6 84 99 59 90 2 25 84 71 76 91
77 80 26 11 62 89 6 30 62 32 42 62 45 0 58 10 100 60 76 67 44 85 4 0 26 78 99 28 58 95 64 52 55 89 32 16 61 94 52 14 11 74 18 61 68 58 38 41 91 9
71 53 53 20 17 81 16 95 96 69 85 39 100 58 0 10 88 21 4 22 1 65 19 93 96 42 97 57 79 34 60 34 32 50 17 15 72 7 86 41 6 28 24 45 99 49 69 93 84 40
63 59 48 48 51 62 45 73 4 44 74 53 33 10 10 0 15 82 88 31 81 55 93 26 97 44 67 68 98 12 48 25 61 95 80 57 79 21 94 63 34 60 44 84 71 89 7 9 51 20
33 8 93 85 43 64 20 59 53 59 50 24 52 100 88 15 0 40 84 74 72 79 96 56 59 92 55 96 7 20 24 30 3 3 87 9 9 26 17 70 45 67 12 33 93 31 34 61 43 26
59 41 78 15 13 32 10 95 96 11 83 9 46 60 21 82 40 0 43 83 52 79 46 67 60 86 30 59 20 42 79 20 75 31 6 8 47 75 4 9 61 56 38 94 24 11 69 80 91 75
39 62 17 29 40 47 61 25 45 25 32 13 75 76 4 88 84 43 0 70 5 96 93 26 62 8 1 73 69 41 80 0 1 18 93 35 52 30 87 61 73 19 73 44 9 39 35 20 74 26
81 26 65 42 51 93 77 35 85 93 67 45 61 67 22 31 74 83 70 0 57 69 70 39 90 74 92 66 16 3 62 34 88 27 77 89 26 14 92 11 13 65 45 94 71 81 18 34 56 98
92 13 66 66 51 57 95 98 56 54 85 55 14 44 1 81 72 52 5 57 0 64 32 73 74 61 73 92 69 44 41 54 12 25 38 90 58 61 85 88 27 43 2 8 14 58 69 22 35 57
58 99 86 40 91 63 43 0 91 3 33 82 100 85 65 55 79 79 96 69 64 0 61 68 88 100 63 10 36 67 25 57 71 43 65 1 59 98 29 92 17 70 97 18 11 87 21 78 72 11
71 66 1 8 53 90 57 48 41 81 72 41 82 4 19 93 96 46 93 70 32 61 0 74 44 51 42 8 5 58 83 71 59 23 6 32 34 87 44 85 29 6 75 85 71 71 4 21 50 46
24 69 77 94 51 56 88 40 89 50 59 91 79 0 93 26 56 67 26 39 73 68 74 0 2 82 59 42 96 2 90 52 62 6 94 70 52 59 2 17 82 62 38 57 86 33 88 61 24 88
71 69 26 93 7 87 53 84 21 40 47 50 33 26 96 97 59 60 62 90 74 88 44 2 0 28 1 78 54 33 21 72 36 18 10 14 96 80 97 33 94 93 1 48 75 88 20 99 3 65
72 13 27 15 14 92 21 57 19 18 96 95 35 78 42 44 92 86 8 74 61 100 51 82 28 0 64 100 72 29 78 20 71 94 24 81 18 89 68 34 40 48 96 89 18 22 49 27 94 88
9 36 41 75 41 60 20 15 19 41 98 61 67 99 97 67 55 30 1 92 73 63 42 59 1 64 0 22 77 61 30 94 52 2 37 42 84 92 12 3 37 96 78 80 94 61 46 79 69 0
88 49 52 51 22 48 43 64 16 94 63 2 20 28 57 68 96 59 73 66 92 10 8 42 78 100 22 0 40 92 23 74 90 4 9 12 38 9 12 46 90 54 64 88 10 66 60 73 98 32
80 37 23 93 71 61 9 30 43 31 89 28 61 58 79 98 7 20 69 16 69 36 5 96 54 72 77 40 0 26 78 45 62 23 49 85 83 59 33 57 95 97 28 30 58 45 58 55 100 52
49 41 57 29 25 80 53 36 77 22 30 83 32 95 34 12 20 42 41 3 44 67 58 2 33 29 61 92 26 0 35 56 33 14 12 21 74 19 66 3 90 55 82 40 2 4 51 0 38 75
24 88 22 52 11 45 5 11 81 52 5 16 2 64 60 48 24 79 80 62 41 25 83 90 21 78 30 23 78 35 0 89 12 100 75 5 31 16 95 31 23 31 14 51 43 19 75 54 34 41
11 45 7 56 87 16 51 96 29 67 37 99 95 52 34 25 30 20 0 34 54 57 71 52 72 20 94 74 45 56 89 0 64 77 93 14 72 14 28 93 13 81 9 58 71 14 9 61 53 94
43 73 44 32 100 31 51 3 71 15 93 25 2 55 32 61 3 75 1 88 12 71 59 62 36 71 52 90 62 33 12 64 0 24 13 46 29 88 78 81 0 88 92 83 92 1 33 77 8 88
94 24 36 78 29 22 18 41 46 35 31 66 24 89 50 95 3 31 18 27 25 43 23 6 18 94 2 4 23 14 100 77 24 0 19 8 79 97 33 48 22 16 59 55 14 9 28 63 73 100
75 4 26 13 80 59 94 11 80 7 68 18 97 32 17 80 87 6 93 77 38 65 6 94 10 24 37 9 49 12 75 93 13 19 0 69 17 77 59 17 39 93 27 15 26 93 93 90 89 12
16 87 26 80 3 78 96 80 20 30 34 13 74 16 15 57 9 8 35 89 90 1 32 70 14 81 42 12 85 21 5 14 46 8 69 0 97 39 58 66 5 64 37 100 65 4 57 77 81 38
31 86 12 67 26 41 61 66 87 55 96 88 87 61 72 79 9 47 52 26 58 59 34 52 96 18 84 38 83 74 31 72 29 79 17 97 0 10 55 15 78 52 76 90 69 64 12 29 5 12
80 71 43 52 62 26 13 66 93 4 94 36 7 94 7 21 26 75 30 14 61 98 87 59 80 89 92 9 59 19 16 14 88 97 77 39 10 0 22 98 100 93 94 61 74 55 100 49 62 40
82 43 16 65 53 94 72 19 8 82 0 66 93 52 86 94 17 4 87 92 85 29 44 2 97 68 12 12 33 66 95 28 78 33 59 58 55 22 0 42 70 23 36 19 22 68 90 20 58 37
3 3 6 18 65 74 36 50 51 83 59 12 6 14 41 63 70 9 61 11 88 92 85 17 33 34 3 46 57 3 31 93 81 48 17 66 15 98 42 0 77 65 83 75 35 75 15 16 51 23
85 87 72 41 93 25 82 91 26 17 86 13 84 11 6 34 45 61 73 13 27 17 29 82 94 40 37 90 95 90 23 13 0 22 39 5 78 100 70 77 0 82 20 91 25 44 100 43 99 3
83 33 30 68 25 3 64 78 64 82 9 9 99 74 28 60 67 56 19 65 43 70 6 62 93 48 96 54 97 55 31 81 88 16 93 64 52 93 23 65 82 0 46 14 89 23 88 13 5 2
29 52 90 22 14 92 4 60 19 43 28 89 59 18 24 44 12 38 73 45 2 97 75 38 1 96 78 64 28 82 14 9 92 59 27 37 76 94 36 83 20 46 0 42 9 70 28 1 25 79
97 77 18 35 91 40 56 96 65 49 74 52 90 61 45 84 33 94 44 94 8 18 85 57 48 89 80 88 30 40 51 58 83 55 15 100 90 61 19 75 91 14 42 0 0 63 72 69 52 43
58 62 98 8 2 29 22 14 24 23 37 74 2 68 99 71 93 24 9 71 14 11 71 86 75 18 94 10 58 2 43 71 92 14 26 65 69 74 22 35 25 89 9 0 0 100 44 2 27 82
67 43 77 26 91 9 63 25 6 37 91 24 25 58 49 89 31 11 39 81 58 87 71 33 88 22 61 66 45 4 19 14 1 9 93 4 64 55 68 75 44 23 70 63 100 0 41 82 17 94
32 23 88 71 66 9 33 11 23 47 92 28 84 38 69 7 34 69 35 18 69 21 4 88 20 49 46 60 58 51 75 9 33 28 93 57 12 100 90 15 100 88 28 72 44 41 0 75 53 6
22 14 46 44 75 19 34 52 53 81 6 51 71 41 93 9 61 80 20 34 22 78 21 61 99 27 79 73 55 0 54 61 77 63 90 77 29 49 20 16 43 13 1 69 2 82 75 0 19 43
71 88 13 34 84 86 22 36 48 86 97 8 76 91 84 51 43 91 74 56 35 72 50 24 3 94 69 98 100 38 34 53 8 73 89 81 5 62 58 51 99 5 25 52 27 17 53 19 0 23
4 30 90 21 12 69 32 55 97 11 99 86 91 9 40 20 26 75 26 98 57 11 46 88 65 88 0 32 52 75 41 94 88 100 12 38 12 40 37 23 3 2 79 43 82 94 6 43 23 0
BBBBRRRBBBRBRBRRBRBBRBBRBRBBBRBRBRRRRBRRBBRBRRRRRB