50
0 92 5 40 51 78 68 34 96 69 91 2 74 8 67 64 82 14 86 8 27 55 56 98 56 56 0 22 99 12 73 57 97 13 83 3 84 27 81 30 84 98 5 54 10 18 100 35 98 95
92 0 71 16 4 36 75 73 11 95 63 29 24 87 68 61 28 94 100 50 12 24 22 71 66 92 42 86 35 20 8 74 59 6 28 90 12 69 61 68 0 7 24 18 95 72 15 83 19 3
5 71 0 9 35 99 13 61 77 28 7 47 55 24 85 20 38 56 23 62 38 13 11 9 71 32 42 8 72 32 74 92 19 37 52 82 75 11 57 62 6 31 76 99 15 36 64 81 89 28
40 16 9 0 82 73 99 5 10 74 97 98 10 84 83 86 30 48 64 1 39 44 38 76 73 63 93 66 6 80 54 31 0 51 27 24 48 96 4 16 97 46 12 55 53 75 13 37 68 60
51 4 35 82 0 1 18 64 37 18 8 35 80 49 60 16 12 26 60 3 49 16 19 94 36 42 68 44 100 95 50 15 17 69 18 14 90 88 27 79 30 95 63 99 63 81 40 32 92 58
78 36 99 73 1 0 27 9 62 78 50 65 77 48 1 86 40 69 75 52 36 11 44 3 39 29 48 2 87 41 100 7 23 81 31 77 41 52 65 22 84 39 9 64 72 16 14 7 99 96
68 75 13 99 18 27 0 21 51 13 40 16 57 68 37 82 91 81 23 70 5 8 2 68 53 37 25 13 67 54 5 13 57 3 38 27 10 55 47 39 24 11 99 11 79 12 61 10 86 6
34 73 61 5 64 9 21 0 67 7 79 15 56 97 18 29 33 21 47 44 77 43 54 90 62 79 78 48 17 48 18 89 11 7 51 31 49 100 25 40 24 85 74 16 17 28 91 96 44 62
96 11 77 10 37 62 51 67 0 58 21 63 45 56 51 2 30 31 59 14 27 91 54 67 49 92 96 87 43 59 45 84 42 9 57 9 99 23 7 80 40 30 57 0 15 89 81 13 98 64
69 95 28 74 18 78 13 7 58 0 66 38 24 24 9 90 81 47 75 38 6 80 23 97 86 48 43 60 88 36 94 68 55 15 88 28 35 1 88 97 25 22 7 15 85 17 93 58 87 85
91 63 7 97 8 50 40 79 21 66 0 51 49 90 63 86 47 44 100 92 91 20 75 70 89 39 87 7 60 95 49 90 4 91 48 56 61 39 12 18 92 19 26 8 89 46 9 66 85 6
2 29 47 98 35 65 16 15 63 38 51 0 79 87 94 88 89 63 100 65 83 48 72 44 8 62 73 28 68 62 80 83 40 7 1 67 95 76 66 54 87 42 51 55 55 84 44 51 41 59
74 24 55 10 80 77 57 56 45 24 49 79 0 87 31 72 59 89 14 6 36 69 32 1 81 98 92 0 51 81 54 75 82 45 88 14 73 21 50 95 39 33 33 16 23 53 47 2 31 10
8 87 24 84 49 48 68 97 56 24 90 87 87 0 84 79 49 0 55 96 8 64 81 48 4 41 71 90 47 3 49 54 6 28 15 6 76 81 39 22 17 18 31 97 27 34 10 74 33 37
67 68 85 83 60 1 37 18 51 9 63 94 31 84 0 31 0 73 16 20 39 74 11 58 22 0 63 68 49 85 28 22 10 36 33 17 30 31 3 6 9 48 98 81 40 18 77 34 25 24
64 61 20 86 16 86 82 29 2 90 86 88 72 79 31 0 19 15 90 77 47 79 27 30 80 36 25 8 79 64 68 46 41 1 19 62 93 68 80 25 98 93 37 90 58 55 21 12 84 21
82 28 38 30 12 40 91 33 30 81 47 89 59 49 0 19 0 57 41 47 96 90 14 66 48 70 45 16 39 33 34 79 78 25 18 92 30 74 71 80 26 62 12 0 96 32 18 34 75 15
14 94 56 48 26 69 81 21 31 47 44 63 89 0 73 15 57 0 33 61 24 1 67 14 84 61 25 40 5 62 29 15 73 95 91 0 54 42 59 20 74 17 92 89 61 48 50 7 54 77
86 100 23 64 60 75 23 47 59 75 100 100 14 55 16 90 41 33 0 65 19 32 6 11 5 6 71 89 49 40 68 46 82 76 57 28 65 76 33 34 15 20 94 61 85 17 83 37 21 39
8 50 62 1 3 52 70 44 14 38 92 65 6 96 20 77 47 61 65 0 37 3 80 100 73 14 50 13 2 77 68 53 15 17 98 22 43 82 54 15 21 95 80 22 75 77 92 50 86 88
27 12 38 39 49 36 5 77 27 6 91 83 36 8 39 47 96 24 19 37 0 89 14 29 52 87 84 7 66 88 48 21 7 68 47 95 90 45 71 95 59 25 8 50 89 40 47 28 6 74
55 24 13 44 16 11 8 43 91 80 20 48 69 64 74 79 90 1 32 3 89 0 34 13 95 14 14 28 15 59 58 30 22 55 26 71 29 82 67 34 5 52 53 88 30 70 7 33 51 92
56 22 11 38 19 44 2 54 54 23 75 72 32 81 11 27 14 67 6 80 14 34 0 39 2 97 99 0 1 67 100 62 86 11 3 6 35 11 89 76 89 78 29 51 76 64 76 76 64 77
98 71 9 76 94 3 68 90 67 97 70 44 1 48 58 30 66 14 11 100 29 13 39 0 50 92 92 75 55 55 59 69 75 24 98 59 91 53 61 16 35 83 35 2 29 70 14 16 26 74
56 66 71 73 36 39 53 62 49 86 89 8 81 4 22 80 48 84 5 73 52 95 2 50 0 15 41 93 19 61 32 23 36 4 62 54 50 11 0 89 12 4 67 8 46 46 47 14 22 3
56 92 32 63 42 29 37 79 92 48 39 62 98 41 0 36 70 61 6 14 87 14 97 92 15 0 22 65 22 37 60 53 34 34 19 38 10 46 41 21 81 58 79 50 15 63 44 51 39 98
0 42 42 93 68 48 25 78 96 43 87 73 92 71 63 25 45 25 71 50 84 14 99 92 41 22 0 100 43 7 47 61 21 56 99 73 21 60 0 59 43 36 65 32 24 24 22 92 75 17
22 86 8 66 44 2 13 48 87 60 7 28 0 90 68 8 16 40 89 13 7 28 0 75 93 65 100 0 51 86 30 76 16 70 67 27 51 83 78 28 33 64 74 40 97 22 12 81 54 70
99 35 72 6 100 87 67 17 43 88 60 68 51 47 49 79 39 5 49 2 66 15 1 55 19 22 43 51 0 61 45 86 77 80 83 82 9 91 22 71 70 56 30 29 49 99 27 29 43 79
12 20 32 80 95 41 54 48 59 36 95 62 81 3 85 64 33 62 40 77 88 59 67 55 61 37 7 86 61 0 48 77 77 88 91 38 73 46 90 47 63 25 96 13 68 86 80 15 14 34
73 8 74 54 50 100 5 18 45 94 49 80 54 49 28 68 34 29 68 68 48 58 100 59 32 60 47 30 45 48 0 70 98 40 4 83 26 81 40 31 68 84 94 56 77 14 17 74 52 77
57 74 92 31 15 7 13 89 84 68 90 83 75 54 22 46 79 15 46 53 21 30 62 69 23 53 61 76 86 77 70 0 80 58 30 29 64 83 81 9 54 29 68 69 23 10 31 28 94 77
97 59 19 0 17 23 57 11 42 55 4 40 82 6 10 41 78 73 82 15 7 22 86 75 36 34 21 16 77 77 98 80 0 98 0 57 58 4 14 69 32 37 54 6 36 12 21 5 88 95
13 6 37 51 69 81 3 7 9 15 91 7 45 28 36 1 25 95 76 17 68 55 11 24 4 34 56 70 80 88 40 58 98 0 30 70 87 46 72 96 96 85 5 19 38 25 23 85 98 14
83 28 52 27 18 31 38 51 57 88 48 1 88 15 33 19 18 91 57 98 47 26 3 98 62 19 99 67 83 91 4 30 0 30 0 93 43 26 47 27 1 33 37 20 16 91 95 77 3 76
3 90 82 24 14 77 27 31 9 28 56 67 14 6 17 62 92 0 28 22 95 71 6 59 54 38 73 27 82 38 83 29 57 70 93 0 92 88 96 7 17 93 40 8 100 33 20 58 24 0
84 12 75 48 90 41 10 49 99 35 61 95 73 76 30 93 30 54 65 43 90 29 35 91 50 10 21 51 9 73 26 64 58 87 43 92 0 49 20 52 10 50 28 89 81 15 38 1 30 61
27 69 11 96 88 52 55 100 23 1 39 76 21 81 31 68 74 42 76 82 45 82 11 53 11 46 60 83 91 46 81 83 4 46 26 88 49 0 32 13 33 100 85 87 29 87 66 17 55 11
81 61 57 4 27 65 47 25 7 88 12 66 50 39 3 80 71 59 33 54 71 67 89 61 0 41 0 78 22 90 40 81 14 72 47 96 20 32 0 92 53 95 30 31 64 65 98 86 48 16
30 68 62 16 79 22 39 40 80 97 18 54 95 22 6 25 80 20 34 15 95 34 76 16 89 21 59 28 71 47 31 9 69 96 27 7 52 13 92 0 16 28 57 45 28 45 37 68 26 82
84 0 6 97 30 84 24 24 40 25 92 87 39 17 9 98 26 74 15 21 59 5 89 35 12 81 43 33 70 63 68 54 32 96 1 17 10 33 53 16 0 1 100 80 3 63 42 36 81 38
98 7 31 46 95 39 11 85 30 22 19 42 33 18 48 93 62 17 20 95 25 52 78 83 4 58 36 64 56 25 84 29 37 85 33 93 50 100 95 28 1 0 68 32 3 35 71 10 14 18
5 24 76 12 63 9 99 74 57 7 26 51 33 31 98 37 12 92 94 80 8 53 29 35 67 79 65 74 30 96 94 68 54 5 37 40 28 85 30 57 100 68 0 15 37 74 43 11 54 71
54 18 99 55 99 64 11 16 0 15 8 55 16 97 81 90 0 89 61 22 50 88 51 2 8 50 32 40 29 13 56 69 6 19 20 8 89 87 31 45 80 32 15 0 7 90 65 62 49 97
10 95 15 53 63 72 79 17 15 85 89 55 23 27 40 58 96 61 85 75 89 30 76 29 46 15 24 97 49 68 77 23 36 38 16 100 81 29 64 28 3 3 37 7 0 95 60 16 85 96
18 72 36 75 81 16 12 28 89 17 46 84 53 34 18 55 32 48 17 77 40 70 64 70 46 63 24 22 99 86 14 10 12 25 91 33 15 87 65 45 63 35 74 90 95 0 14 70 80 15
100 15 64 13 40 14 61 91 81 93 9 44 47 10 77 21 18 50 83 92 47 7 76 14 47 44 22 12 27 80 17 31 21 23 95 20 38 66 98 37 42 71 43 65 60 14 0 34 58 99
35 83 81 37 32 7 10 96 13 58 66 51 2 74 34 12 34 7 37 50 28 33 76 16 14 51 92 81 29 15 74 28 5 85 77 58 1 17 86 68 36 10 11 62 16 70 34 0 13 28
98 19 89 68 92 99 86 44 98 87 85 41 31 33 25 84 75 54 21 86 6 51 64 26 22 39 75 54 43 14 52 94 88 98 3 24 30 55 48 26 81 14 54 49 85 80 58 13 0 62
95 3 28 60 58 96 6 62 64 85 6 59 10 37 24 21 15 77 39 88 74 92 77 74 3 98 17 70 79 34 77 77 95 14 76 0 61 11 16 82 38 18 71 97 96 15 99 28 62 0
BRBBBBBBRBBRBBRBRRRBBRRBRBBBRRRBBBRRRRBBRRRRBRRBRR