50
0 10 18 43 67 43 12 43 20 59 39 46 47 21 57 41 24 71 28 45 50 68 54 19 35 68 63 51 94 78 76 99 51 87 97 61 49 40 70 94 70 40 51 66 52 81 96 72 70 72
10 0 39 69 28 60 69 24 43 54 20 18 60 56 49 46 15 35 70 41 30 56 65 71 27 45 67 39 89 65 92 47 53 51 96 65 91 61 56 57 50 58 60 83 83 95 77 66 71 40
18 39 0 25 61 39 11 34 23 15 37 45 30 44 21 71 28 54 71 22 31 38 22 12 23 52 64 63 86 76 89 47 60 76 97 97 60 70 99 67 49 66 48 50 55 91 46 62 45 44
43 69 25 0 44 68 26 13 67 18 67 32 46 21 38 40 35 15 34 35 48 66 51 40 68 71 47 40 65 54 55 63 77 86 60 99 40 79 98 53 66 77 43 88 77 66 44 90 93 88
67 28 61 44 0 15 55 24 18 65 66 41 53 49 51 69 18 40 43 21 34 60 21 10 48 92 45 78 51 52 65 54 79 99 92 57 82 47 74 61 81 53 43 95 47 94 72 54 66 74
43 60 39 68 15 0 11 46 29 17 29 63 32 33 56 25 70 46 69 66 55 10 65 67 29 46 57 78 74 66 69 88 80 74 46 49 53 94 85 71 40 41 98 41 70 72 65 64 42 92
12 69 11 26 55 11 0 26 69 71 52 54 31 54 12 71 31 61 34 21 56 22 51 32 50 84 81 45 69 82 79 96 43 84 92 90 82 60 86 71 61 59 57 55 44 44 53 99 60 99
43 24 34 13 24 46 26 0 21 11 67 24 64 69 70 45 46 18 63 14 48 65 46 63 63 60 72 99 59 88 66 52 74 50 78 78 42 47 62 69 46 86 50 78 63 83 85 97 76 86
20 43 23 67 18 29 69 21 0 63 51 28 42 48 57 13 46 49 66 14 38 41 42 21 35 94 65 44 80 69 98 39 39 50 99 83 82 68 61 75 74 43 84 82 93 60 61 68 44 61
59 54 15 18 65 17 71 11 63 0 48 17 67 57 38 20 61 55 68 53 64 10 32 41 28 47 58 89 72 99 55 84 58 93 71 56 65 44 64 93 86 77 75 52 66 97 82 85 71 98
39 20 37 67 66 29 52 67 51 48 0 45 14 52 68 53 65 50 38 70 35 57 12 66 51 77 98 45 78 47 56 79 96 41 90 41 51 56 72 52 77 44 95 46 43 51 41 50 83 50
46 18 45 32 41 63 54 24 28 17 45 0 57 30 13 56 49 65 53 50 43 36 67 47 10 77 93 55 93 60 83 63 75 61 70 62 98 90 54 39 81 89 85 88 82 60 93 56 48 46
47 60 30 46 53 32 31 64 42 67 14 57 0 27 66 67 13 47 63 13 12 30 45 37 14 77 63 72 56 88 61 64 66 49 50 95 66 40 93 43 56 43 69 72 53 42 74 98 75 91
21 56 44 21 49 33 54 69 48 57 52 30 27 0 40 25 19 55 40 63 20 39 22 41 26 40 54 76 83 67 40 54 40 95 87 60 49 64 71 54 69 76 55 83 43 76 64 67 64 71
57 49 21 38 51 56 12 70 57 38 68 13 66 40 0 20 18 42 35 24 13 57 47 22 62 41 45 74 57 60 42 66 52 92 77 82 81 91 74 93 87 42 73 95 43 53 92 88 52 51
41 46 71 40 69 25 71 45 13 20 53 56 67 25 20 0 66 25 65 55 45 18 24 31 24 94 45 73 47 51 79 58 88 55 73 85 88 98 86 54 94 77 92 70 58 99 93 74 40 54
24 15 28 35 18 70 31 46 46 61 65 49 13 19 18 66 0 15 56 71 23 65 24 66 46 45 75 95 50 63 49 68 93 77 97 72 82 94 39 81 57 86 80 92 47 57 79 45 50 43
71 35 54 15 40 46 61 18 49 55 50 65 47 55 42 25 15 0 70 17 53 20 35 61 35 54 94 89 46 45 99 95 87 90 51 86 65 86 99 95 93 83 93 78 45 47 95 86 53 85
28 70 71 34 43 69 34 63 66 68 38 53 63 40 35 65 56 70 0 30 67 47 27 42 53 40 45 73 82 40 76 62 48 78 65 99 82 48 78 90 62 56 88 53 71 92 59 93 45 92
45 41 22 35 21 66 21 14 14 53 70 50 13 63 24 55 71 17 30 0 71 17 28 37 55 73 82 62 71 57 53 80 42 54 93 55 91 48 90 90 51 92 98 92 72 74 47 45 62 45
50 30 31 48 34 55 56 48 38 64 35 43 12 20 13 45 23 53 67 71 0 59 71 47 49 79 86 94 62 68 92 61 75 50 71 48 48 73 97 75 78 91 61 89 58 77 78 55 79 91
68 56 38 66 60 10 22 65 41 10 57 36 30 39 57 18 65 20 47 17 59 0 66 48 34 68 65 97 86 96 71 41 74 69 74 91 59 87 62 50 97 61 91 97 78 71 42 61 71 56
54 65 22 51 21 65 51 46 42 32 12 67 45 22 47 24 24 35 27 28 71 66 0 23 65 45 93 97 71 98 99 79 71 64 97 76 85 47 67 66 93 68 81 72 96 76 92 47 52 75
19 71 12 40 10 67 32 63 21 41 66 47 37 41 22 31 66 61 42 37 47 48 23 0 46 44 62 40 87 64 86 86 78 43 41 94 74 99 45 57 70 57 55 41 85 99 53 44 77 76
35 27 23 68 48 29 50 63 35 28 51 10 14 26 62 24 46 35 53 55 49 34 65 46 0 94 55 69 86 53 59 64 94 74 41 82 81 84 80 49 50 90 61 59 93 86 71 57 81 56
68 45 52 71 92 46 84 60 94 47 77 77 77 40 41 94 45 54 40 73 79 68 45 44 94 0 26 51 41 27 23 26 35 64 51 55 28 60 61 63 22 60 29 32 20 19 42 51 40 56
63 67 64 47 45 57 81 72 65 58 98 93 63 54 45 45 75 94 45 82 86 65 93 62 55 26 0 24 39 30 13 56 23 24 25 25 13 18 59 30 14 11 25 58 47 17 41 56 10 19
51 39 63 40 78 78 45 99 44 89 45 55 72 76 74 73 95 89 73 62 94 97 97 40 69 51 24 0 40 25 32 41 23 56 20 24 64 61 40 20 33 26 34 64 28 16 33 26 10 43
94 89 86 65 51 74 69 59 80 72 78 93 56 83 57 47 50 46 82 71 62 86 71 87 86 41 39 40 0 51 34 52 11 22 26 45 35 12 19 48 12 49 25 23 36 31 59 58 57 61
78 65 76 54 52 66 82 88 69 99 47 60 88 67 60 51 63 45 40 57 68 96 98 64 53 27 30 25 51 0 55 20 40 19 54 34 31 13 40 35 30 13 50 23 60 36 21 56 38 47
76 92 89 55 65 69 79 66 98 55 56 83 61 40 42 79 49 99 76 53 92 71 99 86 59 23 13 32 34 55 0 49 41 39 20 60 51 25 20 51 60 27 61 24 34 53 14 14 16 12
99 47 47 63 54 88 96 52 39 84 79 63 64 54 66 58 68 95 62 80 61 41 79 86 64 26 56 41 52 20 49 0 21 11 59 54 11 45 63 62 42 57 32 53 54 32 12 47 25 21
51 53 60 77 79 80 43 74 39 58 96 75 66 40 52 88 93 87 48 42 75 74 71 78 94 35 23 23 11 40 41 21 0 38 51 33 58 44 29 33 17 43 44 63 52 16 43 51 33 26
87 51 76 86 99 74 84 50 50 93 41 61 49 95 92 55 77 90 78 54 50 69 64 43 74 64 24 56 22 19 39 11 38 0 41 14 23 43 14 23 47 57 28 53 38 45 34 18 49 16
97 96 97 60 92 46 92 78 99 71 90 70 50 87 77 73 97 51 65 93 71 74 97 41 41 51 25 20 26 54 20 59 51 41 0 41 60 50 63 45 29 62 27 18 34 18 56 17 42 36
61 65 97 99 57 49 90 78 83 56 41 62 95 60 82 85 72 86 99 55 48 91 76 94 82 55 25 24 45 34 60 54 33 14 41 0 46 55 46 13 14 21 14 39 25 55 44 18 35 47
49 91 60 40 82 53 82 42 82 65 51 98 66 49 81 88 82 65 82 91 48 59 85 74 81 28 13 64 35 31 51 11 58 23 60 46 0 25 41 53 63 57 13 25 27 12 53 52 20 57
40 61 70 79 47 94 60 47 68 44 56 90 40 64 91 98 94 86 48 48 73 87 47 99 84 60 18 61 12 13 25 45 44 43 50 55 25 0 55 34 38 59 26 43 45 59 43 23 41 24
70 56 99 98 74 85 86 62 61 64 72 54 93 71 74 86 39 99 78 90 97 62 67 45 80 61 59 40 19 40 20 63 29 14 63 46 41 55 0 55 56 54 13 16 36 57 56 10 24 30
94 57 67 53 61 71 71 69 75 93 52 39 43 54 93 54 81 95 90 90 75 50 66 57 49 63 30 20 48 35 51 62 33 23 45 13 53 34 55 0 32 20 36 18 63 46 37 22 59 59
70 50 49 66 81 40 61 46 74 86 77 81 56 69 87 94 57 93 62 51 78 97 93 70 50 22 14 33 12 30 60 42 17 47 29 14 63 38 56 32 0 37 60 56 23 49 17 52 41 39
40 58 66 77 53 41 59 86 43 77 44 89 43 76 42 77 86 83 56 92 91 61 68 57 90 60 11 26 49 13 27 57 43 57 62 21 57 59 54 20 37 0 15 62 23 37 59 33 12 26
51 60 48 43 43 98 57 50 84 75 95 85 69 55 73 92 80 93 88 98 61 91 81 55 61 29 25 34 25 50 61 32 44 28 27 14 13 26 13 36 60 15 0 11 58 14 43 52 33 13
66 83 50 88 95 41 55 78 82 52 46 88 72 83 95 70 92 78 53 92 89 97 72 41 59 32 58 64 23 23 24 53 63 53 18 39 25 43 16 18 56 62 11 0 52 20 34 53 60 56
52 83 55 77 47 70 44 63 93 66 43 82 53 43 43 58 47 45 71 72 58 78 96 85 93 20 47 28 36 60 34 54 52 38 34 25 27 45 36 63 23 23 58 52 0 51 10 56 12 29
81 95 91 66 94 72 44 83 60 97 51 60 42 76 53 99 57 47 92 74 77 71 76 99 86 19 17 16 31 36 53 32 16 45 18 55 12 59 57 46 49 37 14 20 51 0 51 49 30 11
96 77 46 44 72 65 53 85 61 82 41 93 74 64 92 93 79 95 59 47 78 42 92 53 71 42 41 33 59 21 14 12 43 34 56 44 53 43 56 37 17 59 43 34 10 51 0 56 20 29
72 66 62 90 54 64 99 97 68 85 50 56 98 67 88 74 45 86 93 45 55 61 47 44 57 51 56 26 58 56 14 47 51 18 17 18 52 23 10 22 52 33 52 53 56 49 56 0 54 26
70 71 45 93 66 42 60 76 44 71 83 48 75 64 52 40 50 53 45 62 79 71 52 77 81 40 10 10 57 38 16 25 33 49 42 35 20 41 24 59 41 12 33 60 12 30 20 54 0 18
72 40 44 88 74 92 99 86 61 98 50 46 91 71 51 54 43 85 92 45 91 56 75 76 56 56 19 43 61 47 12 21 26 16 36 47 57 24 30 59 39 26 13 56 29 11 29 26 18 0
RRRRRRRRRRRRRRRRRRRRRRRRRBBBBBBBBBBBBBBBBBBBBBBBBB