50
0 35 92 3 52 68 31 7 10 82 9 11 83 46 50 61 32 2 67 87 2 64 57 6 77 15 48 13 39 51 96 91 14 30 45 51 41 97 62 72 62 79 42 59 22 21 52 30 0 9 
35 0 81 74 96 50 31 30 54 22 82 15 94 74 65 17 16 28 78 16 65 9 77 90 15 76 48 54 19 68 9 78 6 27 92 65 69 10 97 93 73 9 20 24 56 23 32 7 98 45 
92 81 0 14 14 45 58 61 37 49 3 99 42 61 15 40 71 24 43 2 75 69 20 65 77 37 31 42 7 62 26 27 63 19 66 69 7 81 53 10 83 82 18 20 25 18 18 21 11 31 
3 74 14 0 33 63 27 53 47 70 36 77 20 31 8 34 83 59 63 45 96 1 89 66 79 30 80 56 86 85 2 64 99 47 5 89 52 6 19 7 6 8 19 61 81 31 22 11 58 73 
52 96 14 33 0 71 60 36 17 90 85 52 60 25 5 71 3 2 93 10 18 30 43 58 79 38 90 28 75 87 20 25 22 57 9 98 65 16 38 68 56 86 85 13 42 88 8 21 5 72 
68 50 45 63 71 0 81 63 62 23 51 25 23 42 84 35 40 7 78 35 98 89 20 96 11 53 40 93 87 8 41 39 75 60 57 41 7 88 43 36 2 30 32 83 47 93 38 95 41 86 
31 31 58 27 60 81 0 2 77 1 35 62 37 4 70 67 67 41 13 97 67 22 39 12 34 8 56 94 74 54 68 41 90 100 88 12 65 97 46 54 91 74 30 47 31 52 48 96 42 50 
7 30 61 53 36 63 2 0 98 76 78 58 88 73 39 95 28 90 37 72 18 21 37 26 100 45 6 15 3 90 83 86 44 83 41 97 65 65 93 65 16 21 59 91 100 98 85 79 7 74 
10 54 37 47 17 62 77 98 0 72 19 48 45 20 50 80 62 99 90 61 35 79 52 24 61 66 3 19 84 29 8 70 83 70 73 61 16 35 100 80 42 87 31 21 23 28 82 67 27 54 
82 22 49 70 90 23 1 76 72 0 10 12 93 45 52 82 51 81 19 64 97 47 61 25 77 85 68 72 46 21 2 28 13 50 49 88 40 27 91 78 42 1 19 69 72 43 80 52 95 66 
9 82 3 36 85 51 35 78 19 10 0 68 65 93 27 90 76 35 53 51 63 42 90 72 7 79 76 65 48 70 3 28 32 74 64 57 14 40 71 23 92 85 18 72 85 21 19 96 36 38 
11 15 99 77 52 25 62 58 48 12 68 0 41 70 72 29 38 12 3 17 20 10 65 93 85 40 45 53 59 49 66 32 13 81 31 16 39 27 27 11 47 94 64 14 42 26 62 55 83 43 
83 94 42 20 60 23 37 88 45 93 65 41 0 2 48 46 4 93 72 75 51 35 42 93 94 55 95 9 9 97 47 18 83 72 9 79 26 97 45 72 79 65 36 81 35 28 10 21 56 40 
46 74 61 31 25 42 4 73 20 45 93 70 2 0 64 51 99 56 17 87 33 72 25 66 23 30 34 60 48 73 68 73 51 37 2 80 76 64 65 47 62 27 72 49 46 55 55 23 91 49 
50 65 15 8 5 84 70 39 50 52 27 72 48 64 0 42 71 45 14 85 49 38 47 33 64 1 26 67 2 64 6 56 89 83 18 95 2 83 96 11 77 10 92 34 15 3 48 37 65 59 
61 17 40 34 71 35 67 95 80 82 90 29 46 51 42 0 13 91 30 64 87 93 9 81 18 91 96 75 69 62 58 37 34 45 13 96 90 85 78 26 5 46 30 50 16 43 71 17 2 63 
32 16 71 83 3 40 67 28 62 51 76 38 4 99 71 13 0 5 44 60 29 89 76 42 53 1 64 43 73 37 45 33 15 55 58 6 68 79 54 53 79 41 35 25 71 99 47 97 23 86 
2 28 24 59 2 7 41 90 99 81 35 12 93 56 45 91 5 0 24 49 56 62 35 58 42 9 7 64 5 72 41 53 6 31 3 60 66 24 94 4 65 12 76 97 74 100 14 23 67 60 
67 78 43 63 93 78 13 37 90 19 53 3 72 17 14 30 44 24 0 88 81 16 30 84 18 78 78 47 37 99 72 75 74 27 52 19 2 77 76 86 49 32 51 41 21 50 60 94 12 11 
87 16 2 45 10 35 97 72 61 64 51 17 75 87 85 64 60 49 88 0 9 90 87 3 95 55 32 45 46 17 22 80 19 20 53 25 89 91 36 1 7 34 22 93 5 83 33 95 76 93 
2 65 75 96 18 98 67 18 35 97 63 20 51 33 49 87 29 56 81 9 0 11 23 74 95 100 60 28 24 7 24 26 51 34 17 45 93 4 81 65 68 25 75 33 8 59 33 30 52 33 
64 9 69 1 30 89 22 21 79 47 42 10 35 72 38 93 89 62 16 90 11 0 98 70 79 77 51 44 83 81 55 56 20 17 36 17 2 65 61 11 64 31 40 87 80 70 99 68 24 24 
57 77 20 89 43 20 39 37 52 61 90 65 42 25 47 9 76 35 30 87 23 98 0 24 49 93 7 3 21 84 85 2 44 94 41 24 98 31 66 95 75 0 61 16 70 55 72 99 87 85 
6 90 65 66 58 96 12 26 24 25 72 93 93 66 33 81 42 58 84 3 74 70 24 0 62 22 87 95 73 74 70 72 94 26 44 40 91 34 14 58 58 2 91 90 9 98 89 27 64 43 
77 15 77 79 79 11 34 100 61 77 7 85 94 23 64 18 53 42 18 95 95 79 49 62 0 97 13 88 93 33 46 38 20 1 36 77 71 83 19 28 14 87 1 60 83 59 33 46 6 97 
15 76 37 30 38 53 8 45 66 85 79 40 55 30 1 91 1 9 78 55 100 77 93 22 97 0 79 95 79 28 83 7 11 20 77 29 32 37 17 51 16 41 98 64 99 92 6 43 28 97 
48 48 31 80 90 40 56 6 3 68 76 45 95 34 26 96 64 7 78 32 60 51 7 87 13 79 0 37 78 68 19 41 70 12 81 56 73 21 0 42 13 1 13 16 13 40 89 32 39 45 
13 54 42 56 28 93 94 15 19 72 65 53 9 60 67 75 43 64 47 45 28 44 3 95 88 95 37 0 5 54 61 13 79 77 88 65 54 5 99 38 24 92 78 50 25 12 99 28 92 35 
39 19 7 86 75 87 74 3 84 46 48 59 9 48 2 69 73 5 37 46 24 83 21 73 93 79 78 5 0 70 31 19 37 81 78 69 3 86 18 96 25 67 38 71 35 10 8 67 29 9 
51 68 62 85 87 8 54 90 29 21 70 49 97 73 64 62 37 72 99 17 7 81 84 74 33 28 68 54 70 0 12 6 87 28 74 12 42 69 85 98 92 80 99 77 85 68 57 34 18 64 
96 9 26 2 20 41 68 83 8 2 3 66 47 68 6 58 45 41 72 22 24 55 85 70 46 83 19 61 31 12 0 31 74 2 33 32 78 52 50 17 32 68 40 31 38 76 87 15 68 11 
91 78 27 64 25 39 41 86 70 28 28 32 18 73 56 37 33 53 75 80 26 56 2 72 38 7 41 13 19 6 31 0 29 2 81 27 52 51 24 78 15 9 62 34 22 91 14 53 3 92 
14 6 63 99 22 75 90 44 83 13 32 13 83 51 89 34 15 6 74 19 51 20 44 94 20 11 70 79 37 87 74 29 0 39 63 15 44 64 75 85 37 85 8 65 89 58 23 80 6 33 
30 27 19 47 57 60 100 83 70 50 74 81 72 37 83 45 55 31 27 20 34 17 94 26 1 20 12 77 81 28 2 2 39 0 84 14 56 5 85 62 20 31 75 5 89 39 61 38 9 88 
45 92 66 5 9 57 88 41 73 49 64 31 9 2 18 13 58 3 52 53 17 36 41 44 36 77 81 88 78 74 33 81 63 84 0 73 99 1 81 58 12 14 38 40 43 49 48 76 90 26 
51 65 69 89 98 41 12 97 61 88 57 16 79 80 95 96 6 60 19 25 45 17 24 40 77 29 56 65 69 12 32 27 15 14 73 0 64 42 40 99 17 31 69 99 32 42 76 62 26 40 
41 69 7 52 65 7 65 65 16 40 14 39 26 76 2 90 68 66 2 89 93 2 98 91 71 32 73 54 3 42 78 52 44 56 99 64 0 32 30 84 97 86 34 1 100 41 45 61 98 96 
97 10 81 6 16 88 97 65 35 27 40 27 97 64 83 85 79 24 77 91 4 65 31 34 83 37 21 5 86 69 52 51 64 5 1 42 32 0 75 62 38 26 29 83 34 14 100 59 6 78 
62 97 53 19 38 43 46 93 100 91 71 27 45 65 96 78 54 94 76 36 81 61 66 14 19 17 0 99 18 85 50 24 75 85 81 40 30 75 0 96 20 66 53 53 21 74 56 94 49 25 
72 93 10 7 68 36 54 65 80 78 23 11 72 47 11 26 53 4 86 1 65 11 95 58 28 51 42 38 96 98 17 78 85 62 58 99 84 62 96 0 52 34 46 45 86 60 16 14 64 84 
62 73 83 6 56 2 91 16 42 42 92 47 79 62 77 5 79 65 49 7 68 64 75 58 14 16 13 24 25 92 32 15 37 20 12 17 97 38 20 52 0 68 73 87 8 33 92 43 45 25 
79 9 82 8 86 30 74 21 87 1 85 94 65 27 10 46 41 12 32 34 25 31 0 2 87 41 1 92 67 80 68 9 85 31 14 31 86 26 66 34 68 0 61 41 35 95 84 72 10 50 
42 20 18 19 85 32 30 59 31 19 18 64 36 72 92 30 35 76 51 22 75 40 61 91 1 98 13 78 38 99 40 62 8 75 38 69 34 29 53 46 73 61 0 8 1 22 25 88 85 95 
59 24 20 61 13 83 47 91 21 69 72 14 81 49 34 50 25 97 41 93 33 87 16 90 60 64 16 50 71 77 31 34 65 5 40 99 1 83 53 45 87 41 8 0 74 4 44 22 13 12 
22 56 25 81 42 47 31 100 23 72 85 42 35 46 15 16 71 74 21 5 8 80 70 9 83 99 13 25 35 85 38 22 89 89 43 32 100 34 21 86 8 35 1 74 0 48 10 17 14 89 
21 23 18 31 88 93 52 98 28 43 21 26 28 55 3 43 99 100 50 83 59 70 55 98 59 92 40 12 10 68 76 91 58 39 49 42 41 14 74 60 33 95 22 4 48 0 86 59 63 70 
52 32 18 22 8 38 48 85 82 80 19 62 10 55 48 71 47 14 60 33 33 99 72 89 33 6 89 99 8 57 87 14 23 61 48 76 45 100 56 16 92 84 25 44 10 86 0 4 94 50 
30 7 21 11 21 95 96 79 67 52 96 55 21 23 37 17 97 23 94 95 30 68 99 27 46 43 32 28 67 34 15 53 80 38 76 62 61 59 94 14 43 72 88 22 17 59 4 0 81 68 
0 98 11 58 5 41 42 7 27 95 36 83 56 91 65 2 23 67 12 76 52 24 87 64 6 28 39 92 29 18 68 3 6 9 90 26 98 6 49 64 45 10 85 13 14 63 94 81 0 10 
9 45 31 73 72 86 50 74 54 66 38 43 40 49 59 63 86 60 11 93 33 24 85 43 97 97 45 35 9 64 11 92 33 88 26 40 96 78 25 84 25 50 95 12 89 70 50 68 10 0 
BBBBRRRRBBBRRRRBBBRRBBBBRRRBBRRBBBBRBBRBBRRBRRRRRR
