50
0 59 95 14 54 37 14 31 54 50 57 29 9 6 15 24 10 76 73 60 50 33 6 93 36 52 70 90 8 74 35 45 5 41 48 36 51 14 51 58 68 67 41 7 66 57 82 31 40 93
59 0 44 99 23 94 62 86 73 86 17 4 37 10 29 61 80 44 57 12 9 64 60 44 35 41 72 15 22 42 12 41 57 41 69 61 27 12 48 46 80 61 68 70 25 52 18 47 75 74
95 44 0 29 61 30 50 88 16 94 76 21 60 51 17 94 33 45 58 99 63 42 4 16 5 19 15 87 61 6 67 27 78 84 55 5 25 95 92 89 16 14 3 53 30 92 31 57 1 84
14 99 29 0 27 15 84 13 12 60 42 58 95 9 83 85 96 35 16 55 13 34 81 54 84 53 71 91 80 62 67 67 40 45 74 15 23 100 57 21 12 35 53 74 29 62 19 82 25 25
54 23 61 27 0 10 75 2 68 38 38 72 20 18 56 52 89 49 21 63 97 78 40 61 50 97 57 84 3 49 44 58 50 7 75 12 61 50 13 19 93 100 2 39 62 61 27 48 79 31
37 94 30 15 10 0 77 88 37 54 89 96 73 36 8 41 72 51 30 92 33 93 33 52 29 42 39 65 42 86 64 63 28 6 38 34 94 100 18 32 61 41 12 83 77 97 65 82 60 43
14 62 50 84 75 77 0 63 47 59 3 94 39 50 3 29 56 14 93 87 22 5 42 63 49 52 72 78 7 41 9 35 28 74 42 14 64 29 63 90 31 5 32 66 52 41 78 66 96 98
31 86 88 13 2 88 63 0 62 92 44 52 25 53 74 56 16 86 25 76 88 6 26 31 74 96 1 48 72 59 45 16 23 12 58 35 59 23 20 25 100 71 70 33 25 85 18 44 46 77
54 73 16 12 68 37 47 62 0 59 49 74 37 42 96 16 11 32 18 46 53 57 8 92 88 96 63 75 1 47 36 43 52 82 34 77 14 74 89 48 81 95 6 97 49 32 74 98 55 23
50 86 94 60 38 54 59 92 59 0 9 1 47 59 53 78 40 41 43 97 19 2 16 78 28 67 84 42 86 35 44 27 19 50 76 76 6 41 11 76 78 18 14 58 82 55 27 95 79 19
57 17 76 42 38 89 3 44 49 9 0 54 62 63 82 15 27 26 14 54 59 85 1 31 85 40 86 44 92 29 51 86 12 78 59 75 36 36 10 19 54 37 21 32 17 34 33 99 80 45
29 4 21 58 72 96 94 52 74 1 54 0 1 59 1 56 33 72 100 29 71 70 12 13 33 27 71 2 73 67 8 43 51 81 75 29 12 51 17 21 93 51 86 81 12 22 4 34 51 85
9 37 60 95 20 73 39 25 37 47 62 1 0 26 67 73 9 7 82 12 23 25 13 93 76 45 8 86 66 99 33 46 5 85 78 38 83 96 63 38 46 85 1 39 44 99 49 49 44 1
6 10 51 9 18 36 50 53 42 59 63 59 26 0 93 85 5 81 7 76 92 8 85 53 38 46 50 25 85 72 12 9 9 26 77 1 38 40 99 70 49 34 66 48 64 62 94 72 31 54
15 29 17 83 56 8 3 74 96 53 82 1 67 93 0 48 40 21 83 32 92 97 55 71 99 72 39 3 10 63 70 8 62 23 71 43 96 75 28 75 87 93 93 7 78 89 66 34 86 11
24 61 94 85 52 41 29 56 16 78 15 56 73 85 48 0 87 27 26 59 46 9 72 54 74 71 5 6 98 21 82 43 59 74 15 99 73 19 100 5 13 73 22 16 79 45 27 48 61 62
10 80 33 96 89 72 56 16 11 40 27 33 9 5 40 87 0 7 36 56 31 81 96 16 11 76 88 11 68 34 80 7 26 34 49 12 97 44 64 38 88 24 60 4 12 26 33 52 12 25
76 44 45 35 49 51 14 86 32 41 26 72 7 81 21 27 7 0 57 33 4 2 55 14 41 24 73 79 29 26 88 73 46 51 96 7 91 48 21 30 57 88 15 84 62 30 95 56 70 25
73 57 58 16 21 30 93 25 18 43 14 100 82 7 83 26 36 57 0 100 58 90 23 10 80 18 80 3 51 56 42 82 48 16 7 66 8 93 7 22 75 69 24 3 97 53 54 29 55 31
60 12 99 55 63 92 87 76 46 97 54 29 12 76 32 59 56 33 100 0 16 9 58 95 5 24 47 15 19 58 41 15 72 42 95 69 23 13 12 86 6 57 58 53 88 5 90 81 80 44
50 9 63 13 97 33 22 88 53 19 59 71 23 92 92 46 31 4 58 16 0 100 56 2 72 28 65 79 14 91 57 8 85 59 91 61 6 11 78 29 58 62 13 48 56 62 80 54 52 21
33 64 42 34 78 93 5 6 57 2 85 70 25 8 97 9 81 2 90 9 100 0 9 60 11 80 30 91 94 79 26 93 72 39 61 85 15 9 11 76 20 64 71 74 40 97 94 8 82 81
6 60 4 81 40 33 42 26 8 16 1 12 13 85 55 72 96 55 23 58 56 9 0 85 43 64 64 71 19 94 36 26 64 45 90 2 36 63 33 41 60 29 1 49 2 86 20 45 55 96
93 44 16 54 61 52 63 31 92 78 31 13 93 53 71 54 16 14 10 95 2 60 85 0 56 45 72 1 60 38 32 98 31 90 30 30 83 86 89 31 2 99 93 76 3 23 46 75 53 33
36 35 5 84 50 29 49 74 88 28 85 33 76 38 99 74 11 41 80 5 72 11 43 56 0 94 18 74 23 64 87 35 90 15 79 27 83 31 24 52 56 3 98 83 94 20 84 29 99 88
52 41 19 53 97 42 52 96 96 67 40 27 45 46 72 71 76 24 18 24 28 80 64 45 94 0 2 19 51 42 11 62 39 27 6 49 77 19 3 84 77 32 91 48 94 96 44 32 55 92
70 72 15 71 57 39 72 1 63 84 86 71 8 50 39 5 88 73 80 47 65 30 64 72 18 2 0 2 4 88 3 89 8 58 10 47 19 53 59 97 88 65 82 87 16 88 63 40 72 68
90 15 87 91 84 65 78 48 75 42 44 2 86 25 3 6 11 79 3 15 79 91 71 1 74 19 2 0 37 81 49 46 15 25 54 92 1 26 22 95 93 29 93 59 72 77 82 79 22 5
8 22 61 80 3 42 7 72 1 86 92 73 66 85 10 98 68 29 51 19 14 94 19 60 23 51 4 37 0 66 31 42 20 48 45 74 36 94 50 74 32 62 66 9 5 97 5 61 57 81
74 42 6 62 49 86 41 59 47 35 29 67 99 72 63 21 34 26 56 58 91 79 94 38 64 42 88 81 66 0 95 2 46 30 63 3 81 51 99 98 23 53 35 95 40 42 59 20 3 41
35 12 67 67 44 64 9 45 36 44 51 8 33 12 70 82 80 88 42 41 57 26 36 32 87 11 3 49 31 95 0 42 49 25 14 68 93 9 31 28 76 95 2 63 21 85 46 76 14 96
45 41 27 67 58 63 35 16 43 27 86 43 46 9 8 43 7 73 82 15 8 93 26 98 35 62 89 46 42 2 42 0 83 77 2 70 78 88 33 30 5 4 9 71 7 98 77 35 33 63
5 57 78 40 50 28 28 23 52 19 12 51 5 9 62 59 26 46 48 72 85 72 64 31 90 39 8 15 20 46 49 83 0 51 23 6 34 41 37 79 72 73 20 53 17 76 27 24 91 100
41 41 84 45 7 6 74 12 82 50 78 81 85 26 23 74 34 51 16 42 59 39 45 90 15 27 58 25 48 30 25 77 51 0 18 83 20 85 39 69 50 75 78 37 1 51 43 2 36 13
48 69 55 74 75 38 42 58 34 76 59 75 78 77 71 15 49 96 7 95 91 61 90 30 79 6 10 54 45 63 14 2 23 18 0 70 3 52 13 72 85 33 79 12 33 34 40 52 37 39
36 61 5 15 12 34 14 35 77 76 75 29 38 1 43 99 12 7 66 69 61 85 2 30 27 49 47 92 74 3 68 70 6 83 70 0 85 60 58 71 75 59 5 53 94 68 68 59 1 51
51 27 25 23 61 94 64 59 14 6 36 12 83 38 96 73 97 91 8 23 6 15 36 83 83 77 19 1 36 81 93 78 34 20 3 85 0 20 1 95 67 28 16 47 64 36 37 42 44 40
14 12 95 100 50 100 29 23 74 41 36 51 96 40 75 19 44 48 93 13 11 9 63 86 31 19 53 26 94 51 9 88 41 85 52 60 20 0 9 97 65 4 98 51 80 19 38 28 70 95
51 48 92 57 13 18 63 20 89 11 10 17 63 99 28 100 64 21 7 12 78 11 33 89 24 3 59 22 50 99 31 33 37 39 13 58 1 9 0 78 12 87 12 35 7 38 45 13 67 23
58 46 89 21 19 32 90 25 48 76 19 21 38 70 75 5 38 30 22 86 29 76 41 31 52 84 97 95 74 98 28 30 79 69 72 71 95 97 78 0 78 18 41 71 89 9 81 28 78 5
68 80 16 12 93 61 31 100 81 78 54 93 46 49 87 13 88 57 75 6 58 20 60 2 56 77 88 93 32 23 76 5 72 50 85 75 67 65 12 78 0 37 43 33 83 33 70 36 4 88
67 61 14 35 100 41 5 71 95 18 37 51 85 34 93 73 24 88 69 57 62 64 29 99 3 32 65 29 62 53 95 4 73 75 33 59 28 4 87 18 37 0 54 68 98 61 81 14 67 46
41 68 3 53 2 12 32 70 6 14 21 86 1 66 93 22 60 15 24 58 13 71 1 93 98 91 82 93 66 35 2 9 20 78 79 5 16 98 12 41 43 54 0 18 44 6 56 13 17 79
7 70 53 74 39 83 66 33 97 58 32 81 39 48 7 16 4 84 3 53 48 74 49 76 83 48 87 59 9 95 63 71 53 37 12 53 47 51 35 71 33 68 18 0 85 72 97 27 89 29
66 25 30 29 62 77 52 25 49 82 17 12 44 64 78 79 12 62 97 88 56 40 2 3 94 94 16 72 5 40 21 7 17 1 33 94 64 80 7 89 83 98 44 85 0 82 56 42 86 11
57 52 92 62 61 97 41 85 32 55 34 22 99 62 89 45 26 30 53 5 62 97 86 23 20 96 88 77 97 42 85 98 76 51 34 68 36 19 38 9 33 61 6 72 82 0 17 27 39 55
82 18 31 19 27 65 78 18 74 27 33 4 49 94 66 27 33 95 54 90 80 94 20 46 84 44 63 82 5 59 46 77 27 43 40 68 37 38 45 81 70 81 56 97 56 17 0 56 9 73
31 47 57 82 48 82 66 44 98 95 99 34 49 72 34 48 52 56 29 81 54 8 45 75 29 32 40 79 61 20 76 35 24 2 52 59 42 28 13 28 36 14 13 27 42 27 56 0 50 46
40 75 1 25 79 60 96 46 55 79 80 51 44 31 86 61 12 70 55 80 52 82 55 53 99 55 72 22 57 3 14 33 91 36 37 1 44 70 67 78 4 67 17 89 86 39 9 50 0 61
93 74 84 25 31 43 98 77 23 19 45 85 1 54 11 62 25 25 31 44 21 81 96 33 88 92 68 5 81 41 96 63 100 13 39 51 40 95 23 5 88 46 79 29 11 55 73 46 61 0
RRRRBBRRRRBRBBBBBRRRRRBRRBBBBRRBRBRRBBBBBBBBRBRRBR