50
0 87 65 0 81 68 92 66 54 54 80 94 56 95 60 88 100 62 67 75 93 54 51 50 77 70 56 77 98 87 87 0 50 54 68 74 86 92 80 81 84 63 67 94 75 74 54 50 71 68
87 0 55 54 69 87 72 65 96 76 54 54 60 57 75 54 55 0 88 70 76 62 80 84 55 70 55 65 52 0 90 100 60 64 63 99 69 79 63 73 91 55 67 57 55 80 90 52 92 83
65 55 0 70 84 77 51 99 100 93 60 97 91 63 81 83 87 95 80 72 89 78 85 92 93 71 92 90 59 82 65 64 85 80 96 100 53 79 0 68 58 84 89 81 78 96 58 57 96 67
0 54 70 0 77 61 68 81 78 90 90 72 0 80 81 89 100 99 99 82 71 60 78 63 92 86 87 95 87 60 87 84 86 83 67 86 86 86 60 84 81 83 96 89 73 50 86 94 81 71
81 69 84 77 0 69 79 87 73 51 51 63 88 59 0 70 65 74 62 50 73 92 55 50 69 52 88 67 93 88 69 75 83 73 94 92 67 64 68 50 79 0 81 91 65 79 64 82 56 85
68 87 77 61 69 0 84 61 80 64 67 85 86 97 56 75 97 62 77 67 76 55 92 84 0 60 99 83 97 55 89 67 96 66 87 85 95 85 50 97 67 71 99 87 96 50 0 84 63 62
92 72 51 68 79 84 0 68 85 79 75 62 94 55 66 95 81 92 67 83 74 94 80 65 92 0 86 86 74 91 60 71 80 94 92 85 69 82 57 86 59 0 67 50 94 63 80 79 77 69
66 65 99 81 87 61 68 0 81 98 77 56 91 84 76 56 61 95 71 92 95 60 73 0 79 76 92 55 87 64 72 78 59 100 54 72 79 71 62 79 80 79 78 75 68 57 69 87 0 85
54 96 100 78 73 80 85 81 0 0 0 100 88 95 87 62 53 82 67 76 72 71 85 60 70 78 65 100 70 51 95 85 73 100 78 76 65 80 81 85 98 86 79 75 70 75 65 97 65 53
54 76 93 90 51 64 79 98 0 0 82 54 97 82 51 60 76 73 60 85 79 75 94 89 66 56 55 89 93 60 76 97 78 89 93 68 71 58 59 61 56 76 67 61 81 74 76 94 55 88
80 54 60 90 51 67 75 77 0 82 0 89 82 61 84 93 51 64 77 91 67 0 96 56 82 87 85 98 82 88 80 54 56 83 62 86 62 82 72 58 73 75 53 93 100 90 79 62 67 65
94 54 97 72 63 85 62 56 100 54 89 0 52 97 96 93 81 93 59 66 85 56 54 91 69 76 74 94 98 78 80 0 76 0 81 67 76 62 86 59 68 92 60 80 59 53 65 81 56 100
56 60 91 0 88 86 94 91 88 97 82 52 0 81 71 67 97 75 50 85 55 83 0 92 91 99 91 91 64 71 96 70 88 71 88 97 50 53 56 51 71 60 100 98 71 89 52 98 62 55
95 57 63 80 59 97 55 84 95 82 61 97 81 0 94 91 62 55 61 75 89 0 81 77 84 95 85 61 0 57 66 90 69 86 65 95 100 98 84 75 72 82 90 88 53 73 87 61 91 65
60 75 81 81 0 56 66 76 87 51 84 96 71 94 0 74 59 70 72 91 56 51 50 67 70 62 52 95 75 57 90 51 52 79 73 56 62 75 96 66 88 73 0 56 87 93 75 95 69 60
88 54 83 89 70 75 95 56 62 60 93 93 67 91 74 0 82 55 98 100 0 66 67 78 65 52 88 92 85 98 97 56 64 65 82 54 97 80 85 75 64 99 92 78 78 56 60 89 0 68
100 55 87 100 65 97 81 61 53 76 51 81 97 62 59 82 0 92 84 81 53 86 98 54 83 64 61 50 82 54 92 71 56 75 91 54 89 81 97 65 61 74 76 74 0 88 53 0 68 94
62 0 95 99 74 62 92 95 82 73 64 93 75 55 70 55 92 0 56 61 77 86 92 59 76 56 82 67 87 55 51 94 90 50 80 80 88 99 80 96 83 70 84 75 98 91 91 60 72 0
67 88 80 99 62 77 67 71 67 60 77 59 50 61 72 98 84 56 0 54 51 69 62 68 80 52 75 88 53 57 99 77 99 62 93 87 67 0 87 51 60 93 91 0 88 83 75 91 53 83
75 70 72 82 50 67 83 92 76 85 91 66 85 75 91 100 81 61 54 0 0 66 99 97 81 93 83 86 58 50 83 64 0 100 71 79 89 52 100 58 80 100 62 78 87 93 53 86 60 60
93 76 89 71 73 76 74 95 72 79 67 85 55 89 56 0 53 77 51 0 0 63 65 57 62 88 84 70 69 64 62 74 51 87 64 96 83 51 77 77 90 83 93 82 90 73 65 95 96 66
54 62 78 60 92 55 94 60 71 75 0 56 83 0 51 66 86 86 69 66 63 0 51 93 63 68 72 64 91 67 78 74 55 89 57 70 56 84 61 88 100 72 58 54 100 63 88 73 100 100
51 80 85 78 55 92 80 73 85 94 96 54 0 81 50 67 98 92 62 99 65 51 0 59 86 66 99 97 93 87 53 75 82 83 71 73 90 85 85 0 66 69 80 92 58 97 77 61 53 52
50 84 92 63 50 84 65 0 60 89 56 91 92 77 67 78 54 59 68 97 57 93 59 0 87 94 64 65 53 92 84 60 76 56 71 89 55 0 65 92 76 89 96 82 69 54 81 85 91 77
77 55 93 92 69 0 92 79 70 66 82 69 91 84 70 65 83 76 80 81 62 63 86 87 0 88 94 85 71 54 50 76 99 57 0 90 83 99 60 60 71 96 97 58 51 61 79 55 68 93
70 70 71 86 52 60 0 76 78 56 87 76 99 95 62 52 64 56 52 93 88 68 66 94 88 0 89 77 94 96 68 96 84 54 97 68 53 82 0 58 54 67 84 97 68 97 100 78 58 59
56 55 92 87 88 99 86 92 65 55 85 74 91 85 52 88 61 82 75 83 84 72 99 64 94 89 0 0 0 76 74 96 68 98 55 97 71 94 52 91 87 64 74 50 91 62 55 61 74 89
77 65 90 95 67 83 86 55 100 89 98 94 91 61 95 92 50 67 88 86 70 64 97 65 85 77 0 0 91 73 51 61 64 99 65 58 67 64 75 93 62 77 81 0 86 98 58 66 97 56
98 52 59 87 93 97 74 87 70 93 82 98 64 0 75 85 82 87 53 58 69 91 93 53 71 94 0 91 0 92 68 93 81 62 80 83 57 60 62 56 67 95 60 95 94 89 60 86 99 92
87 0 82 60 88 55 91 64 51 60 88 78 71 57 57 98 54 55 57 50 64 67 87 92 54 96 76 73 92 0 80 85 82 81 61 83 65 72 55 86 77 95 90 93 0 98 72 79 75 97
87 90 65 87 69 89 60 72 95 76 80 80 96 66 90 97 92 51 99 83 62 78 53 84 50 68 74 51 68 80 0 67 54 55 90 100 0 56 89 0 50 90 56 61 62 82 96 92 69 84
0 100 64 84 75 67 71 78 85 97 54 0 70 90 51 56 71 94 77 64 74 74 75 60 76 96 96 61 93 85 67 0 98 80 74 85 76 62 79 55 98 66 51 85 68 92 67 65 62 84
50 60 85 86 83 96 80 59 73 78 56 76 88 69 52 64 56 90 99 0 51 55 82 76 99 84 68 64 81 82 54 98 0 65 69 98 0 51 76 91 67 85 57 70 85 56 89 73 74 76
54 64 80 83 73 66 94 100 100 89 83 0 71 86 79 65 75 50 62 100 87 89 83 56 57 54 98 99 62 81 55 80 65 0 75 74 56 99 71 50 80 89 51 84 76 0 70 82 59 51
68 63 96 67 94 87 92 54 78 93 62 81 88 65 73 82 91 80 93 71 64 57 71 71 0 97 55 65 80 61 90 74 69 75 0 53 97 67 73 72 87 53 69 54 55 55 70 0 91 87
74 99 100 86 92 85 85 72 76 68 86 67 97 95 56 54 54 80 87 79 96 70 73 89 90 68 97 58 83 83 100 85 98 74 53 0 97 51 93 63 0 77 84 90 96 0 100 99 76 81
86 69 53 86 67 95 69 79 65 71 62 76 50 100 62 97 89 88 67 89 83 56 90 55 83 53 71 67 57 65 0 76 0 56 97 97 0 89 92 99 57 50 62 52 51 98 78 67 99 61
92 79 79 86 64 85 82 71 80 58 82 62 53 98 75 80 81 99 0 52 51 84 85 0 99 82 94 64 60 72 56 62 51 99 67 51 89 0 75 81 72 71 70 95 94 85 54 90 65 69
80 63 0 60 68 50 57 62 81 59 72 86 56 84 96 85 97 80 87 100 77 61 85 65 60 0 52 75 62 55 89 79 76 71 73 93 92 75 0 50 89 72 97 87 98 50 62 57 61 88
81 73 68 84 50 97 86 79 85 61 58 59 51 75 66 75 65 96 51 58 77 88 0 92 60 58 91 93 56 86 0 55 91 50 72 63 99 81 50 0 60 85 59 60 50 57 70 89 71 66
84 91 58 81 79 67 59 80 98 56 73 68 71 72 88 64 61 83 60 80 90 100 66 76 71 54 87 62 67 77 50 98 67 80 87 0 57 72 89 60 0 57 51 97 76 55 71 72 54 0
63 55 84 83 0 71 0 79 86 76 75 92 60 82 73 99 74 70 93 100 83 72 69 89 96 67 64 77 95 95 90 66 85 89 53 77 50 71 72 85 57 0 53 58 61 100 87 74 67 77
67 67 89 96 81 99 67 78 79 67 53 60 100 90 0 92 76 84 91 62 93 58 80 96 97 84 74 81 60 90 56 51 57 51 69 84 62 70 97 59 51 53 0 52 68 93 0 99 69 53
94 57 81 89 91 87 50 75 75 61 93 80 98 88 56 78 74 75 0 78 82 54 92 82 58 97 50 0 95 93 61 85 70 84 54 90 52 95 87 60 97 58 52 0 93 58 87 98 86 76
75 55 78 73 65 96 94 68 70 81 100 59 71 53 87 78 0 98 88 87 90 100 58 69 51 68 91 86 94 0 62 68 85 76 55 96 51 94 98 50 76 61 68 93 0 59 99 76 55 99
74 80 96 50 79 50 63 57 75 74 90 53 89 73 93 56 88 91 83 93 73 63 97 54 61 97 62 98 89 98 82 92 56 0 55 0 98 85 50 57 55 100 93 58 59 0 61 52 63 97
54 90 58 86 64 0 80 69 65 76 79 65 52 87 75 60 53 91 75 53 65 88 77 81 79 100 55 58 60 72 96 67 89 70 70 100 78 54 62 70 71 87 0 87 99 61 0 96 69 80
50 52 57 94 82 84 79 87 97 94 62 81 98 61 95 89 0 60 91 86 95 73 61 85 55 78 61 66 86 79 92 65 73 82 0 99 67 90 57 89 72 74 99 98 76 52 96 0 89 82
71 92 96 81 56 63 77 0 65 55 67 56 62 91 69 0 68 72 53 60 96 100 53 91 68 58 74 97 99 75 69 62 74 59 91 76 99 65 61 71 54 67 69 86 55 63 69 89 0 88
68 83 67 71 85 62 69 85 53 88 65 100 55 65 60 68 94 0 83 60 66 100 52 77 93 59 89 56 92 97 84 84 76 51 87 81 61 69 88 66 0 77 53 76 99 97 80 82 88 0
RBRRBBBRRBBBBBRBRBBBBBBRBRRRRBRRRBBRRBRBRBRBRBRRRR
