46
0 51 17 98 40 97 72 65 87 80 45 5 61 39 15 21 47 86 1 60 49 23 47 69 59 88 63 56 13 10 61 84 40 21 22 69 72 100 77 63 29 4 48 77 58 50
51 0 58 21 11 69 74 49 58 89 71 45 27 22 19 2 80 75 9 85 63 95 53 60 42 22 44 89 6 20 12 18 34 91 84 57 83 51 100 9 83 65 58 32 46 39
17 58 0 60 47 40 55 33 81 78 54 68 46 95 48 51 63 76 80 53 88 80 99 64 72 5 78 2 32 41 30 54 91 38 53 40 32 28 61 38 82 74 44 40 100 3
98 21 60 0 3 78 87 2 33 100 76 3 65 63 81 5 94 55 36 49 66 86 56 26 56 19 53 94 31 30 2 97 91 58 64 78 91 74 68 29 87 29 29 70 95 24
40 11 47 3 0 29 4 85 35 33 54 30 35 82 56 26 30 64 43 44 10 28 14 8 21 72 10 70 80 71 52 86 9 67 38 31 52 35 11 70 100 48 84 44 99 45
97 69 40 78 29 0 20 73 82 44 4 49 93 13 42 22 40 87 24 32 89 6 98 39 99 87 20 74 75 56 26 16 30 5 91 73 67 66 78 59 68 81 41 85 20 83
72 74 55 87 4 20 0 37 87 14 99 23 99 74 28 96 89 67 56 56 27 12 42 63 28 68 63 46 5 44 94 67 19 70 51 90 59 91 80 7 87 56 76 13 71 74
65 49 33 2 85 73 37 0 2 14 98 51 15 8 19 70 98 45 20 37 80 56 48 86 78 30 49 70 37 71 9 21 58 66 33 59 5 39 68 75 10 100 11 81 72 91
87 58 81 33 35 82 87 2 0 96 43 1 10 30 7 19 89 37 3 73 30 35 16 95 56 3 37 95 4 11 55 33 11 76 41 52 40 60 82 16 90 80 30 97 26 24
80 89 78 100 33 44 14 14 96 0 49 58 18 54 78 15 4 10 10 99 32 16 21 64 61 82 80 23 38 67 100 21 64 22 40 3 98 34 75 91 40 92 60 24 50 46
45 71 54 76 54 4 99 98 43 49 0 91 45 61 50 40 65 71 13 45 30 86 34 19 82 37 12 77 12 49 81 63 31 9 55 73 16 28 63 39 5 51 33 66 70 48
5 45 68 3 30 49 23 51 1 58 91 0 36 82 77 90 66 70 89 95 82 5 68 88 93 92 45 97 44 61 62 68 46 91 5 26 84 12 76 73 30 69 25 89 98 78
61 27 46 65 35 93 99 15 10 18 45 36 0 91 57 87 18 89 91 60 59 45 34 70 86 96 88 92 27 53 41 57 67 86 7 57 1 83 65 86 62 8 92 20 88 22
39 22 95 63 82 13 74 8 30 54 61 82 91 0 75 11 42 26 73 69 31 81 86 82 33 98 65 54 96 29 5 70 31 100 79 41 44 95 14 52 94 75 54 21 20 26
15 19 48 81 56 42 28 19 7 78 50 77 57 75 0 58 73 50 97 11 59 81 48 40 32 66 12 73 88 82 82 51 70 73 91 31 23 61 38 86 58 96 20 89 10 90
21 2 51 5 26 22 96 70 19 15 40 90 87 11 58 0 89 71 82 28 43 20 81 26 64 29 36 41 31 80 26 3 88 49 34 24 45 16 66 57 22 24 73 20 95 75
47 80 63 94 30 40 89 98 89 4 65 66 18 42 73 89 0 78 70 29 86 37 21 56 4 16 30 81 93 55 56 12 29 90 51 77 98 5 63 55 70 1 90 4 40 2
86 75 76 55 64 87 67 45 37 10 71 70 89 26 50 71 78 0 4 57 37 70 51 12 20 92 79 67 72 95 39 72 93 16 48 33 85 50 95 14 80 90 36 56 16 94
1 9 80 36 43 24 56 20 3 10 13 89 91 73 97 82 70 4 0 69 22 3 13 97 76 73 76 68 49 98 63 87 93 79 33 34 8 7 68 31 56 72 9 74 49 70
60 85 53 49 44 32 56 37 73 99 45 95 60 69 11 28 29 57 69 0 96 65 56 26 28 86 49 1 16 49 47 96 99 100 12 43 49 73 14 58 26 7 19 14 14 66
49 63 88 66 10 89 27 80 30 32 30 82 59 31 59 43 86 37 22 96 0 8 18 33 28 70 37 12 81 58 32 79 93 10 28 55 56 46 94 19 50 2 49 74 6 25
23 95 80 86 28 6 12 56 35 16 86 5 45 81 81 20 37 70 3 65 8 0 47 37 6 15 64 33 12 36 69 94 36 90 65 90 63 81 90 22 23 10 25 74 45 85
47 53 99 56 14 98 42 48 16 21 34 68 34 86 48 81 21 51 13 56 18 47 0 99 82 99 1 5 42 96 28 41 33 87 6 28 90 50 9 23 50 68 69 83 79 38
69 60 64 26 8 39 63 86 95 64 19 88 70 82 40 26 56 12 97 26 33 37 99 0 55 75 100 29 97 54 56 96 64 21 22 27 70 53 44 81 40 1 82 5 23 13
59 42 72 56 21 99 28 78 56 61 82 93 86 33 32 64 4 20 76 28 28 6 82 55 0 34 56 23 77 94 87 39 23 90 73 53 24 53 28 69 80 25 75 92 69 52
88 22 5 19 72 87 68 30 3 82 37 92 96 98 66 29 16 92 73 86 70 15 99 75 34 0 36 12 95 77 87 5 20 69 67 37 33 53 13 74 75 69 31 13 75 72
63 44 78 53 10 20 63 49 37 80 12 45 88 65 12 36 30 79 76 49 37 64 1 100 56 36 0 69 2 24 23 51 21 52 7 46 11 36 51 2 26 88 87 1 29 20
56 89 2 94 70 74 46 70 95 23 77 97 92 54 73 41 81 67 68 1 12 33 5 29 23 12 69 0 33 67 12 93 13 99 100 1 26 40 41 27 69 92 73 4 86 65
13 6 32 31 80 75 5 37 4 38 12 44 27 96 88 31 93 72 49 16 81 12 42 97 77 95 2 33 0 6 44 35 7 35 65 36 74 82 59 99 87 31 20 93 93 56
10 20 41 30 71 56 44 71 11 67 49 61 53 29 82 80 55 95 98 49 58 36 96 54 94 77 24 67 6 0 100 75 36 46 17 26 72 97 33 4 85 18 91 50 34 18
61 12 30 2 52 26 94 9 55 100 81 62 41 5 82 26 56 39 63 47 32 69 28 56 87 87 23 12 44 100 0 68 62 23 41 68 9 54 31 100 70 9 36 65 47 84
84 18 54 97 86 16 67 21 33 21 63 68 57 70 51 3 12 72 87 96 79 94 41 96 39 5 51 93 35 75 68 0 71 89 54 35 37 54 35 72 2 20 59 43 50 97
40 34 91 91 9 30 19 58 11 64 31 46 67 31 70 88 29 93 93 99 93 36 33 64 23 20 21 13 7 36 62 71 0 40 21 1 51 77 42 72 28 66 86 47 15 100
21 91 38 58 67 5 70 66 76 22 9 91 86 100 73 49 90 16 79 100 10 90 87 21 90 69 52 99 35 46 23 89 40 0 12 28 39 45 58 78 89 50 53 79 98 4
22 84 53 64 38 91 51 33 41 40 55 5 7 79 91 34 51 48 33 12 28 65 6 22 73 67 7 100 65 17 41 54 21 12 0 52 62 29 19 1 42 57 5 5 79 75
69 57 40 78 31 73 90 59 52 3 73 26 57 41 31 24 77 33 34 43 55 90 28 27 53 37 46 1 36 26 68 35 1 28 52 0 88 46 78 75 90 1 95 73 53 65
72 83 32 91 52 67 59 5 40 98 16 84 1 44 23 45 98 85 8 49 56 63 90 70 24 33 11 26 74 72 9 37 51 39 62 88 0 69 7 52 13 53 14 64 53 62
100 51 28 74 35 66 91 39 60 34 28 12 83 95 61 16 5 50 7 73 46 81 50 53 53 53 36 40 82 97 54 54 77 45 29 46 69 0 2 18 30 16 29 1 21 20
77 100 61 68 11 78 80 68 82 75 63 76 65 14 38 66 63 95 68 14 94 90 9 44 28 13 51 41 59 33 31 35 42 58 19 78 7 2 0 50 77 65 27 60 92 88
63 9 38 29 70 59 7 75 16 91 39 73 86 52 86 57 55 14 31 58 19 22 23 81 69 74 2 27 99 4 100 72 72 78 1 75 52 18 50 0 7 51 7 82 45 85
29 83 82 87 100 68 87 10 90 40 5 30 62 94 58 22 70 80 56 26 50 23 50 40 80 75 26 69 87 85 70 2 28 89 42 90 13 30 77 7 0 37 41 11 97 28
4 65 74 29 48 81 56 100 80 92 51 69 8 75 96 24 1 90 72 7 2 10 68 1 25 69 88 92 31 18 9 20 66 50 57 1 53 16 65 51 37 0 9 51 16 50
48 58 44 29 84 41 76 11 30 60 33 25 92 54 20 73 90 36 9 19 49 25 69 82 75 31 87 73 20 91 36 59 86 53 5 95 14 29 27 7 41 9 0 34 77 49
77 32 40 70 44 85 13 81 97 24 66 89 20 21 89 20 4 56 74 14 74 74 83 5 92 13 1 4 93 50 65 43 47 79 5 73 64 1 60 82 11 51 34 0 69 66
58 46 100 95 99 20 71 72 26 50 70 98 88 20 10 95 40 16 49 14 6 45 79 23 69 75 29 86 93 34 47 50 15 98 79 53 53 21 92 45 97 16 77 69 0 92
50 39 3 24 45 83 74 91 24 46 48 78 22 26 90 75 2 94 70 66 25 85 38 13 52 72 20 65 56 18 84 97 100 4 75 65 62 20 88 85 28 50 49 66 92 0
RBRRBBRRBRRBRRRBRBBBRRBBBBRBRBRBBBBBBRRRBRRRRB
