50
0 33 50 31 99 28 34 63 11 4 7 29 28 54 11 31 38 12 79 68 43 68 29 62 74 82 47 55 85 63 2 80 28 20 40 19 87 38 16 54 40 17 27 42 56 64 70 96 34 71 
33 0 77 88 6 42 63 99 62 46 100 62 99 74 86 44 29 17 40 61 84 96 1 67 29 13 89 63 96 79 66 70 34 33 70 60 5 43 28 9 46 40 72 56 19 19 14 17 79 26 
50 77 0 60 32 93 86 41 92 26 76 26 28 8 40 16 30 5 54 6 83 94 33 47 95 28 23 27 7 41 86 77 59 14 40 29 40 96 98 47 18 65 100 57 81 1 40 29 79 36 
31 88 60 0 38 70 31 9 30 15 23 34 56 65 54 94 43 29 85 10 4 32 11 42 95 73 98 75 93 31 31 59 15 37 89 26 20 14 26 96 45 54 61 19 58 19 55 24 53 26 
99 6 32 38 0 78 5 28 20 2 94 61 27 14 82 10 92 91 81 47 15 8 71 39 41 74 43 10 90 11 29 63 84 43 63 3 72 50 33 12 74 60 81 44 5 64 97 57 64 6 
28 42 93 70 78 0 82 22 51 6 50 15 78 50 88 5 84 34 45 66 69 21 18 47 89 58 6 8 37 54 12 77 79 13 59 82 38 21 57 74 100 19 47 53 6 17 34 60 78 26 
34 63 86 31 5 82 0 28 3 12 91 50 71 63 70 20 4 30 70 12 83 40 46 7 14 20 7 23 68 88 51 94 94 42 71 66 10 4 77 93 91 71 98 10 75 93 75 83 95 87 
63 99 41 9 28 22 28 0 8 36 60 15 96 52 66 46 26 19 60 42 67 32 71 37 21 14 28 77 2 86 54 82 84 11 3 6 97 56 66 68 78 5 21 73 55 38 48 54 87 11 
11 62 92 30 20 51 3 8 0 75 73 73 4 96 60 27 22 28 38 95 33 8 52 11 25 31 67 11 14 70 38 87 13 2 34 42 40 33 5 40 40 61 19 42 30 9 88 81 36 4 
4 46 26 15 2 6 12 36 75 0 33 37 97 29 4 22 67 98 53 5 86 82 10 87 81 81 79 68 78 45 30 51 27 95 55 53 75 48 25 63 14 67 27 84 1 32 79 13 82 53 
7 100 76 23 94 50 91 60 73 33 0 43 43 26 93 4 54 76 97 54 16 12 60 99 24 13 16 24 94 61 24 58 19 82 52 46 36 37 92 24 99 2 97 26 90 3 27 79 60 10 
29 62 26 34 61 15 50 15 73 37 43 0 12 12 82 68 83 60 91 36 29 25 6 20 36 28 83 56 36 62 78 74 29 12 45 93 81 62 4 97 14 12 94 47 22 28 75 68 2 11 
28 99 28 56 27 78 71 96 4 97 43 12 0 4 92 35 19 47 22 1 99 58 19 27 52 26 87 97 13 36 96 2 32 3 89 54 81 67 17 48 28 56 15 75 97 99 50 31 26 67 
54 74 8 65 14 50 63 52 96 29 26 12 4 0 50 50 53 59 6 44 52 40 79 77 61 93 40 69 88 50 4 94 30 89 84 49 67 58 73 31 56 4 71 90 42 49 50 12 83 29 
11 86 40 54 82 88 70 66 60 4 93 82 92 50 0 85 47 55 37 14 14 62 34 46 42 3 94 63 5 77 10 31 7 26 48 33 56 20 19 91 19 47 38 73 89 65 87 86 15 28 
31 44 16 94 10 5 20 46 27 22 4 68 35 50 85 0 23 82 1 29 57 58 56 33 51 92 51 66 78 35 86 98 17 34 38 56 31 13 50 53 12 78 50 5 59 75 65 6 47 100 
38 29 30 43 92 84 4 26 22 67 54 83 19 53 47 23 0 5 19 71 68 73 52 98 21 49 96 83 22 25 66 57 25 25 78 66 80 46 22 36 59 41 55 98 40 36 45 7 70 29 
12 17 5 29 91 34 30 19 28 98 76 60 47 59 55 82 5 0 55 26 57 52 37 79 4 67 11 24 30 7 67 72 23 57 37 46 92 1 54 3 87 66 59 67 96 50 74 62 52 31 
79 40 54 85 81 45 70 60 38 53 97 91 22 6 37 1 19 55 0 21 100 8 95 39 38 19 24 95 38 57 11 6 1 6 57 37 58 66 24 43 100 84 99 91 88 65 17 98 16 55 
68 61 6 10 47 66 12 42 95 5 54 36 1 44 14 29 71 26 21 0 63 6 93 45 67 49 14 22 73 45 36 34 35 30 13 63 36 64 13 34 74 42 54 21 77 71 78 67 96 100 
43 84 83 4 15 69 83 67 33 86 16 29 99 52 14 57 68 57 100 63 0 63 56 57 46 33 8 57 44 15 82 92 16 12 19 75 38 55 71 18 28 4 36 91 21 24 90 29 36 91 
68 96 94 32 8 21 40 32 8 82 12 25 58 40 62 58 73 52 8 6 63 0 71 97 50 70 29 52 12 69 73 24 77 54 50 39 11 24 70 49 24 16 96 91 59 47 54 26 60 90 
29 1 33 11 71 18 46 71 52 10 60 6 19 79 34 56 52 37 95 93 56 71 0 95 7 81 62 55 13 94 69 4 95 35 44 60 55 91 34 62 96 35 87 98 81 65 59 41 23 23 
62 67 47 42 39 47 7 37 11 87 99 20 27 77 46 33 98 79 39 45 57 97 95 0 97 24 53 43 87 92 21 6 34 12 4 41 93 75 20 16 47 61 17 4 24 97 64 67 22 9 
74 29 95 95 41 89 14 21 25 81 24 36 52 61 42 51 21 4 38 67 46 50 7 97 0 19 63 59 23 21 78 43 77 91 29 21 69 74 92 16 52 20 93 59 61 92 20 14 43 55 
82 13 28 73 74 58 20 14 31 81 13 28 26 93 3 92 49 67 19 49 33 70 81 24 19 0 97 92 38 68 97 69 70 42 38 80 6 18 80 80 16 72 35 45 90 24 68 91 90 78 
47 89 23 98 43 6 7 28 67 79 16 83 87 40 94 51 96 11 24 14 8 29 62 53 63 97 0 61 34 88 58 6 75 94 29 29 84 60 76 80 66 5 21 66 71 20 63 54 43 54 
55 63 27 75 10 8 23 77 11 68 24 56 97 69 63 66 83 24 95 22 57 52 55 43 59 92 61 0 13 17 61 76 26 27 79 73 84 5 91 74 18 69 91 21 7 20 79 46 20 18 
85 96 7 93 90 37 68 2 14 78 94 36 13 88 5 78 22 30 38 73 44 12 13 87 23 38 34 13 0 14 61 57 96 32 10 1 6 40 43 76 63 96 86 45 20 36 14 80 9 92 
63 79 41 31 11 54 88 86 70 45 61 62 36 50 77 35 25 7 57 45 15 69 94 92 21 68 88 17 14 0 34 98 83 50 27 77 27 24 38 32 45 78 13 61 34 47 36 78 10 29 
2 66 86 31 29 12 51 54 38 30 24 78 96 4 10 86 66 67 11 36 82 73 69 21 78 97 58 61 61 34 0 89 5 36 71 68 32 92 81 89 29 54 28 18 39 78 93 29 22 64 
80 70 77 59 63 77 94 82 87 51 58 74 2 94 31 98 57 72 6 34 92 24 4 6 43 69 6 76 57 98 89 0 11 7 98 15 9 92 14 82 59 52 32 85 98 84 25 81 82 10 
28 34 59 15 84 79 94 84 13 27 19 29 32 30 7 17 25 23 1 35 16 77 95 34 77 70 75 26 96 83 5 11 0 40 93 46 94 18 55 12 13 62 10 93 54 35 47 82 14 68 
20 33 14 37 43 13 42 11 2 95 82 12 3 89 26 34 25 57 6 30 12 54 35 12 91 42 94 27 32 50 36 7 40 0 50 40 3 29 2 2 100 87 32 35 95 86 74 51 32 82 
40 70 40 89 63 59 71 3 34 55 52 45 89 84 48 38 78 37 57 13 19 50 44 4 29 38 29 79 10 27 71 98 93 50 0 47 38 50 96 93 34 64 83 38 2 88 86 14 93 45 
19 60 29 26 3 82 66 6 42 53 46 93 54 49 33 56 66 46 37 63 75 39 60 41 21 80 29 73 1 77 68 15 46 40 47 0 47 36 45 60 12 5 10 58 10 46 58 89 43 56 
87 5 40 20 72 38 10 97 40 75 36 81 81 67 56 31 80 92 58 36 38 11 55 93 69 6 84 84 6 27 32 9 94 3 38 47 0 72 17 75 96 10 35 65 73 70 62 64 26 39 
38 43 96 14 50 21 4 56 33 48 37 62 67 58 20 13 46 1 66 64 55 24 91 75 74 18 60 5 40 24 92 92 18 29 50 36 72 0 79 40 22 84 74 53 54 54 36 10 88 30 
16 28 98 26 33 57 77 66 5 25 92 4 17 73 19 50 22 54 24 13 71 70 34 20 92 80 76 91 43 38 81 14 55 2 96 45 17 79 0 50 18 94 12 69 66 52 87 36 63 93 
54 9 47 96 12 74 93 68 40 63 24 97 48 31 91 53 36 3 43 34 18 49 62 16 16 80 80 74 76 32 89 82 12 2 93 60 75 40 50 0 98 26 31 19 46 43 54 67 46 90 
40 46 18 45 74 100 91 78 40 14 99 14 28 56 19 12 59 87 100 74 28 24 96 47 52 16 66 18 63 45 29 59 13 100 34 12 96 22 18 98 0 78 31 74 75 88 14 75 37 44 
17 40 65 54 60 19 71 5 61 67 2 12 56 4 47 78 41 66 84 42 4 16 35 61 20 72 5 69 96 78 54 52 62 87 64 5 10 84 94 26 78 0 39 57 3 97 14 100 46 77 
27 72 100 61 81 47 98 21 19 27 97 94 15 71 38 50 55 59 99 54 36 96 87 17 93 35 21 91 86 13 28 32 10 32 83 10 35 74 12 31 31 39 0 68 37 84 92 45 59 85 
42 56 57 19 44 53 10 73 42 84 26 47 75 90 73 5 98 67 91 21 91 91 98 4 59 45 66 21 45 61 18 85 93 35 38 58 65 53 69 19 74 57 68 0 86 90 31 44 15 87 
56 19 81 58 5 6 75 55 30 1 90 22 97 42 89 59 40 96 88 77 21 59 81 24 61 90 71 7 20 34 39 98 54 95 2 10 73 54 66 46 75 3 37 86 0 61 51 22 9 90 
64 19 1 19 64 17 93 38 9 32 3 28 99 49 65 75 36 50 65 71 24 47 65 97 92 24 20 20 36 47 78 84 35 86 88 46 70 54 52 43 88 97 84 90 61 0 91 22 28 72 
70 14 40 55 97 34 75 48 88 79 27 75 50 50 87 65 45 74 17 78 90 54 59 64 20 68 63 79 14 36 93 25 47 74 86 58 62 36 87 54 14 14 92 31 51 91 0 26 17 39 
96 17 29 24 57 60 83 54 81 13 79 68 31 12 86 6 7 62 98 67 29 26 41 67 14 91 54 46 80 78 29 81 82 51 14 89 64 10 36 67 75 100 45 44 22 22 26 0 3 92 
34 79 79 53 64 78 95 87 36 82 60 2 26 83 15 47 70 52 16 96 36 60 23 22 43 90 43 20 9 10 22 82 14 32 93 43 26 88 63 46 37 46 59 15 9 28 17 3 0 87 
71 26 36 26 6 26 87 11 4 53 10 11 67 29 28 100 29 31 55 100 91 90 23 9 55 78 54 18 92 29 64 10 68 82 45 56 39 30 93 90 44 77 85 87 90 72 39 92 87 0 
RRRRRRRRRRRRRRRRRRRRRRRRRBBBBBBBBBBBBBBBBBBBBBBBBB
