50
0 57 40 48 48 60 40 49 51 52 60 60 41 58 43 56 51 40 57 52 42 51 98 96 40 54 41 58 58 60 51 55 45 57 59 49 55 46 40 57 48 42 58 53 47 58 40 59 43 45
57 0 43 45 40 48 41 54 49 48 54 44 40 45 43 47 40 60 41 53 60 55 90 99 50 54 42 60 42 44 48 44 50 48 47 45 45 43 56 55 46 41 58 54 44 48 52 41 58 54
40 43 0 53 52 42 46 53 59 49 46 56 54 50 44 52 48 40 41 41 52 49 91 90 40 57 45 49 40 52 45 52 59 57 58 49 56 57 52 48 59 60 49 58 54 53 45 41 50 43
48 45 53 0 56 57 59 42 56 41 59 53 56 47 47 53 60 51 53 47 51 41 95 94 58 52 50 47 55 55 41 48 59 46 54 56 58 51 48 46 45 55 44 49 54 52 59 46 43 45
48 40 52 56 0 53 56 46 43 56 57 46 44 58 56 54 60 49 45 45 56 46 98 96 56 55 55 42 58 41 49 47 48 40 40 40 50 43 46 43 46 60 48 53 54 42 49 47 59 57
60 48 42 57 53 0 54 42 40 41 44 50 56 59 58 58 56 45 52 49 52 59 91 99 57 46 60 44 46 45 57 60 47 48 50 47 58 57 60 41 48 40 49 52 59 56 44 59 60 54
40 41 46 59 56 54 0 43 55 55 59 50 45 58 49 54 53 44 40 42 53 45 96 95 51 51 43 59 42 49 54 43 56 41 54 50 47 59 47 57 50 54 58 42 59 52 41 41 42 48
49 54 53 42 46 42 43 0 49 57 53 54 60 51 48 52 49 58 47 57 43 51 90 93 48 57 48 50 45 46 46 51 48 43 57 46 49 54 49 43 60 54 51 48 45 42 43 43 55 53
51 49 59 56 43 40 55 49 0 42 57 56 46 53 59 46 43 60 42 46 48 49 99 94 53 53 46 56 41 44 49 54 45 44 44 47 56 57 46 57 51 50 51 54 56 58 49 50 47 57
52 48 49 41 56 41 55 57 42 0 55 40 55 40 48 43 51 45 59 41 44 50 93 92 57 48 55 46 46 52 57 51 57 50 48 56 41 43 55 41 47 57 55 43 45 42 47 42 59 59
60 54 46 59 57 44 59 53 57 55 0 42 57 53 55 41 54 55 54 48 57 59 93 91 57 44 49 51 48 45 48 57 42 41 57 43 55 45 48 51 50 45 56 48 56 44 48 49 47 60
60 44 56 53 46 50 50 54 56 40 42 0 47 43 41 59 45 40 59 51 44 54 96 90 55 50 45 51 40 55 43 49 43 45 58 60 53 46 57 52 48 54 40 57 43 54 47 60 47 56
41 40 54 56 44 56 45 60 46 55 57 47 0 50 46 44 48 47 41 47 53 42 99 96 48 49 58 52 44 48 48 41 57 49 47 53 55 46 46 46 57 46 44 41 46 60 55 59 60 41
58 45 50 47 58 59 58 51 53 40 53 43 50 0 44 46 53 51 49 51 41 57 98 99 50 50 54 54 56 49 49 59 50 41 41 54 49 44 52 59 46 43 52 48 41 57 46 45 50 49
43 43 44 47 56 58 49 48 59 48 55 41 46 44 0 58 53 50 56 49 50 58 94 98 48 58 57 49 42 42 47 57 41 51 41 46 59 50 54 57 47 50 51 40 55 46 55 50 47 50
56 47 52 53 54 58 54 52 46 43 41 59 44 46 58 0 50 44 41 40 40 40 96 94 42 51 42 48 57 60 59 58 41 53 47 46 52 54 45 54 56 60 45 50 48 48 41 50 60 40
51 40 48 60 60 56 53 49 43 51 54 45 48 53 53 50 0 59 56 54 60 56 98 92 59 48 44 48 41 44 49 53 53 54 53 48 44 44 44 42 40 50 54 40 44 53 60 59 50 48
40 60 40 51 49 45 44 58 60 45 55 40 47 51 50 44 59 0 54 45 41 50 90 98 52 53 49 42 45 40 53 47 53 50 49 44 43 49 55 41 60 40 49 55 57 57 51 45 51 47
57 41 41 53 45 52 40 47 42 59 54 59 41 49 56 41 56 54 0 56 58 59 92 95 48 52 58 60 47 58 53 59 54 54 53 44 46 58 52 54 52 60 54 60 43 50 57 41 47 57
52 53 41 47 45 49 42 57 46 41 48 51 47 51 49 40 54 45 56 0 52 45 10 98 43 54 49 47 55 41 46 45 58 47 41 55 41 60 60 46 43 40 41 41 58 49 59 44 45 55
42 60 52 51 56 52 53 43 48 44 57 44 53 41 50 40 60 41 58 52 0 57 95 10 49 47 48 49 40 54 52 50 49 59 55 41 55 48 43 57 44 54 54 48 54 53 47 53 41 44
51 55 49 41 46 59 45 51 49 50 59 54 42 57 58 40 56 50 59 45 57 0 97 99 50 41 41 50 48 60 44 55 54 43 48 40 56 54 56 60 53 41 48 44 52 44 46 45 42 41
98 90 91 95 98 91 96 90 99 93 93 96 99 98 94 96 98 90 92 10 95 97 0 95 92 99 99 96 93 90 90 94 94 97 94 98 91 93 98 92 90 93 91 93 90 94 98 96 92 91
96 99 90 94 96 99 95 93 94 92 91 90 96 99 98 94 92 98 95 98 10 99 95 0 96 90 93 95 97 94 95 96 94 97 94 99 91 91 96 92 97 95 96 95 95 93 96 94 90 92
40 50 40 58 56 57 51 48 53 57 57 55 48 50 48 42 59 52 48 43 49 50 92 96 0 45 44 54 40 49 54 50 54 56 43 53 52 52 47 45 41 60 51 57 48 59 49 55 49 48
54 54 57 52 55 46 51 57 53 48 44 50 49 50 58 51 48 53 52 54 47 41 99 90 45 0 51 42 56 58 45 51 46 40 49 44 48 57 44 51 51 47 43 60 54 48 60 60 50 42
41 42 45 50 55 60 43 48 46 55 49 45 58 54 57 42 44 49 58 49 48 41 99 93 44 51 0 53 57 53 53 40 51 52 41 56 43 51 58 48 44 48 50 58 46 54 51 51 54 50
58 60 49 47 42 44 59 50 56 46 51 51 52 54 49 48 48 42 60 47 49 50 96 95 54 42 53 0 49 59 48 42 51 51 54 55 49 47 55 54 43 50 46 50 47 54 50 56 58 49
58 42 40 55 58 46 42 45 41 46 48 40 44 56 42 57 41 45 47 55 40 48 93 97 40 56 57 49 0 52 50 44 54 46 57 60 55 60 51 55 50 41 45 59 55 58 45 40 45 44
60 44 52 55 41 45 49 46 44 52 45 55 48 49 42 60 44 40 58 41 54 60 90 94 49 58 53 59 52 0 51 42 50 46 41 58 43 40 41 46 43 45 58 57 40 43 52 47 56 47
51 48 45 41 49 57 54 46 49 57 48 43 48 49 47 59 49 53 53 46 52 44 90 95 54 45 53 48 50 51 0 41 60 49 43 45 52 45 46 46 56 53 44 59 43 49 55 41 46 44
55 44 52 48 47 60 43 51 54 51 57 49 41 59 57 58 53 47 59 45 50 55 94 96 50 51 40 42 44 42 41 0 53 55 40 56 47 47 41 53 40 44 53 56 51 42 40 46 42 55
45 50 59 59 48 47 56 48 45 57 42 43 57 50 41 41 53 53 54 58 49 54 94 94 54 46 51 51 54 50 60 53 0 50 51 52 41 55 54 54 55 46 55 47 40 51 58 47 57 57
57 48 57 46 40 48 41 43 44 50 41 45 49 41 51 53 54 50 54 47 59 43 97 97 56 40 52 51 46 46 49 55 50 0 53 50 50 41 43 52 56 54 56 40 56 49 57 41 42 56
59 47 58 54 40 50 54 57 44 48 57 58 47 41 41 47 53 49 53 41 55 48 94 94 43 49 41 54 57 41 43 40 51 53 0 59 57 46 43 50 48 42 56 42 47 53 41 40 52 51
49 45 49 56 40 47 50 46 47 56 43 60 53 54 46 46 48 44 44 55 41 40 98 99 53 44 56 55 60 58 45 56 52 50 59 0 47 41 57 42 59 60 46 60 50 56 57 57 44 56
55 45 56 58 50 58 47 49 56 41 55 53 55 49 59 52 44 43 46 41 55 56 91 91 52 48 43 49 55 43 52 47 41 50 57 47 0 58 40 40 50 59 48 56 43 47 45 54 55 56
46 43 57 51 43 57 59 54 57 43 45 46 46 44 50 54 44 49 58 60 48 54 93 91 52 57 51 47 60 40 45 47 55 41 46 41 58 0 46 42 40 60 44 49 53 56 45 60 54 44
40 56 52 48 46 60 47 49 46 55 48 57 46 52 54 45 44 55 52 60 43 56 98 96 47 44 58 55 51 41 46 41 54 43 43 57 40 46 0 48 48 43 50 58 51 57 60 40 45 41
57 55 48 46 43 41 57 43 57 41 51 52 46 59 57 54 42 41 54 46 57 60 92 92 45 51 48 54 55 46 46 53 54 52 50 42 40 42 48 0 53 41 41 42 60 46 52 47 40 59
48 46 59 45 46 48 50 60 51 47 50 48 57 46 47 56 40 60 52 43 44 53 90 97 41 51 44 43 50 43 56 40 55 56 48 59 50 40 48 53 0 49 57 51 49 55 55 44 51 43
42 41 60 55 60 40 54 54 50 57 45 54 46 43 50 60 50 40 60 40 54 41 93 95 60 47 48 50 41 45 53 44 46 54 42 60 59 60 43 41 49 0 59 48 51 58 46 43 60 56
58 58 49 44 48 49 58 51 51 55 56 40 44 52 51 45 54 49 54 41 54 48 91 96 51 43 50 46 45 58 44 53 55 56 56 46 48 44 50 41 57 59 0 51 52 57 58 57 60 50
53 54 58 49 53 52 42 48 54 43 48 57 41 48 40 50 40 55 60 41 48 44 93 95 57 60 58 50 59 57 59 56 47 40 42 60 56 49 58 42 51 48 51 0 53 54 56 48 42 58
47 44 54 54 54 59 59 45 56 45 56 43 46 41 55 48 44 57 43 58 54 52 90 95 48 54 46 47 55 40 43 51 40 56 47 50 43 53 51 60 49 51 52 53 0 40 40 54 56 59
58 48 53 52 42 56 52 42 58 42 44 54 60 57 46 48 53 57 50 49 53 44 94 93 59 48 54 54 58 43 49 42 51 49 53 56 47 56 57 46 55 58 57 54 40 0 60 40 45 47
40 52 45 59 49 44 41 43 49 47 48 47 55 46 55 41 60 51 57 59 47 46 98 96 49 60 51 50 45 52 55 40 58 57 41 57 45 45 60 52 55 46 58 56 40 60 0 50 44 44
59 41 41 46 47 59 41 43 50 42 49 60 59 45 50 50 59 45 41 44 53 45 96 94 55 60 51 56 40 47 41 46 47 41 40 57 54 60 40 47 44 43 57 48 54 40 50 0 49 56
43 58 50 43 59 60 42 55 47 59 47 47 60 50 47 60 50 51 47 45 41 42 92 90 49 50 54 58 45 56 46 42 57 42 52 44 55 54 45 40 51 60 60 42 56 45 44 49 0 51
45 54 43 45 57 54 48 53 57 59 60 56 41 49 50 40 48 47 57 55 44 41 91 92 48 42 50 49 44 47 44 55 57 56 51 56 56 44 41 59 43 56 50 58 59 47 44 56 51 0
RRBBBRBRBBBRRRRBRRBBBRBRBBRRBBRRRBBRBBRRRRBRRBBRBB