50
0 89 15 82 92 5 5 100 3 37 85 85 2 87 86 18 7 12 81 36 9 98 1 97 18 16 16 25 22 6 4 10 92 83 10 25 81 98 96 38 84 93 90 86 21 97 92 90 91 84
89 0 26 9 95 92 81 3 95 50 28 28 81 4 7 37 100 27 95 37 82 99 82 1 97 84 87 16 100 82 92 88 2 7 86 50 93 88 38 94 5 81 2 10 15 97 2 46 6 20
15 26 0 14 91 96 100 98 100 96 86 93 95 87 35 83 17 100 95 88 91 91 89 30 98 93 96 92 93 84 85 88 44 37 86 97 92 97 83 86 37 89 34 24 82 90 38 95 40 97
82 9 14 0 16 94 86 4 96 100 43 44 85 1 2 91 94 44 24 98 100 27 92 6 96 86 97 83 90 95 91 95 4 6 97 93 44 21 26 94 9 94 5 9 93 29 2 28 6 46
92 95 91 16 0 16 45 39 44 92 10 2 20 28 86 92 89 87 4 89 18 3 13 90 5 84 83 98 94 47 48 27 100 95 32 82 5 5 9 91 84 5 93 83 81 4 89 7 82 7
5 92 96 94 16 0 3 87 10 91 86 91 8 84 82 37 7 85 43 94 10 83 6 84 33 42 34 32 21 1 3 9 90 94 1 89 48 99 98 19 96 47 82 84 13 12 100 96 91 88
5 81 100 86 45 3 0 97 9 88 84 89 9 87 82 39 7 96 82 13 4 85 5 88 26 21 47 33 23 10 2 4 98 90 7 42 17 85 82 37 98 24 83 81 45 96 88 94 90 89
100 3 98 4 39 87 97 0 96 86 46 21 81 7 5 100 88 17 32 83 89 33 95 7 93 81 89 81 100 83 97 90 9 9 99 94 34 21 35 89 6 18 10 1 83 36 8 27 1 23
3 95 100 96 44 10 9 96 0 87 86 100 7 82 92 14 7 82 47 81 4 18 3 93 43 44 36 35 19 3 3 1 82 93 8 84 23 93 85 19 84 50 84 85 87 26 97 89 90 90
37 50 96 100 92 91 88 86 87 0 95 99 99 81 33 89 50 96 94 96 89 87 15 42 84 89 84 98 81 100 95 97 31 32 99 95 86 88 83 83 41 93 36 11 93 96 29 99 46 94
85 28 86 43 10 86 84 46 86 95 0 6 16 22 31 82 91 89 10 100 90 8 91 13 3 84 95 91 96 89 93 91 19 41 83 86 2 2 8 95 42 6 17 35 92 8 34 10 98 3
85 28 93 44 2 91 89 21 100 99 6 0 35 18 19 93 92 83 5 90 12 2 99 98 6 92 94 93 90 83 86 88 19 46 91 97 3 3 6 95 25 9 31 25 95 10 48 2 88 9
2 81 95 85 20 8 9 81 7 99 16 35 0 100 90 100 1 98 17 97 6 29 8 93 50 85 98 84 17 5 1 2 95 94 8 97 22 47 28 92 91 37 97 93 91 41 90 93 88 15
87 4 87 1 28 84 87 7 82 81 22 18 100 0 1 92 86 88 19 88 83 19 85 3 12 84 94 92 98 89 87 100 5 10 84 83 16 40 45 96 8 29 3 6 85 39 4 18 7 28
86 7 35 2 86 82 82 5 92 33 31 19 90 1 0 82 91 16 89 25 89 20 92 1 92 91 84 92 86 89 92 100 5 3 93 15 87 17 30 87 1 100 6 1 89 15 3 34 5 45
18 37 83 91 92 37 39 100 14 89 82 93 100 92 82 0 34 83 89 97 99 87 17 21 92 91 85 84 98 94 96 48 33 23 90 92 99 89 96 91 81 100 85 96 89 86 15 90 29 81
7 100 17 94 89 7 7 88 7 50 91 92 1 86 91 34 0 92 86 28 6 89 5 81 50 28 16 29 46 7 1 5 99 81 1 28 84 85 97 42 82 12 96 87 41 97 90 85 100 88
12 27 100 44 87 85 96 17 82 96 89 83 98 88 16 83 92 0 82 95 84 90 83 25 81 99 83 93 87 81 87 83 31 37 90 97 95 82 93 100 44 83 39 35 100 96 28 93 41 96
81 95 95 24 4 43 82 32 47 94 10 5 17 19 89 89 86 82 0 86 16 3 91 96 7 90 86 92 91 37 42 18 92 94 43 96 6 3 2 92 92 6 15 34 88 5 96 4 94 6
36 37 88 98 89 94 13 83 81 96 100 90 97 88 25 97 28 95 86 0 94 100 48 42 85 82 98 92 90 89 81 99 41 19 91 93 81 90 84 97 49 88 17 82 81 90 42 89 44 92
9 82 91 100 18 10 4 89 4 89 90 12 6 83 89 99 6 84 16 94 0 29 4 95 48 100 82 99 41 7 1 3 89 99 8 82 26 40 43 16 93 32 85 100 91 16 88 98 84 19
98 99 91 27 3 83 85 33 18 87 8 2 29 19 20 87 89 90 3 100 29 0 85 86 6 89 98 81 84 47 15 93 85 100 37 86 1 3 8 100 13 4 43 27 81 8 93 6 83 5
1 82 89 92 13 6 5 95 3 15 91 99 8 85 92 17 5 83 91 48 4 85 0 84 41 42 23 37 45 4 8 5 89 99 6 31 92 86 94 26 94 15 98 82 27 96 97 82 87 91
97 1 30 6 90 84 88 7 93 42 13 98 93 3 1 21 81 25 96 42 95 86 84 0 92 26 30 45 86 93 90 99 10 9 91 22 84 99 84 16 8 84 4 6 37 82 2 24 4 97
18 97 98 96 5 33 26 93 43 84 3 6 50 12 92 92 50 81 7 85 48 6 41 92 0 83 81 99 97 20 46 37 92 95 27 99 7 4 4 99 91 10 94 97 98 10 86 10 83 10
16 84 93 86 84 42 21 81 44 89 84 92 85 84 91 91 28 99 90 82 100 89 42 26 83 0 100 98 87 20 23 18 18 91 28 98 93 98 91 91 86 96 87 99 90 87 82 81 22 98
16 87 96 97 83 34 47 89 36 84 95 94 98 94 84 85 16 83 86 98 82 98 23 30 81 100 0 94 82 89 42 24 42 16 18 85 84 96 99 92 96 100 93 98 94 86 90 88 43 89
25 16 92 83 98 32 33 81 35 98 91 93 84 92 92 84 29 93 92 92 99 81 37 45 99 98 94 0 82 83 12 42 33 37 89 95 92 81 90 95 91 90 99 98 95 96 88 91 22 96
22 100 93 90 94 21 23 100 19 81 96 90 17 98 86 98 46 87 91 90 41 84 45 86 97 87 82 82 0 28 45 36 83 88 30 93 89 85 96 92 91 94 91 88 93 91 85 92 16 84
6 82 84 95 47 1 10 83 3 100 89 83 5 89 89 94 7 81 37 89 7 47 4 93 20 20 89 83 28 0 6 7 91 94 8 91 48 22 16 15 99 29 89 99 94 18 94 87 91 46
4 92 85 91 48 3 2 97 3 95 93 86 1 87 92 96 1 87 42 81 1 15 8 90 46 23 42 12 45 6 0 10 87 81 3 83 35 14 97 40 91 49 84 100 88 20 91 97 91 100
10 88 88 95 27 9 4 90 1 97 91 88 2 100 100 48 5 83 18 99 3 93 5 99 37 18 24 42 36 7 10 0 95 81 5 20 21 95 95 15 93 43 99 94 21 87 85 87 84 90
92 2 44 4 100 90 98 9 82 31 19 19 95 5 5 33 99 31 92 41 89 85 89 10 92 18 42 33 83 91 87 95 0 7 100 18 87 85 87 81 2 96 6 2 46 89 1 23 8 89
83 7 37 6 95 94 90 9 93 32 41 46 94 10 3 23 81 37 94 19 99 100 99 9 95 91 16 37 88 94 81 81 7 0 91 41 89 89 18 83 8 87 10 10 26 85 6 49 1 85
10 86 86 97 32 1 7 99 8 99 83 91 8 84 93 90 1 90 43 91 8 37 6 91 27 28 18 89 30 8 3 5 100 91 0 91 28 38 95 16 90 35 91 94 95 29 100 96 84 20
25 50 97 93 82 89 42 94 84 95 86 97 97 83 15 92 28 97 96 93 82 86 31 22 99 98 85 95 93 91 83 20 18 41 91 0 98 82 89 87 41 94 93 89 82 95 19 95 33 88
81 93 92 44 5 48 17 34 23 86 2 3 22 16 87 99 84 95 6 81 26 1 92 84 7 93 84 92 89 48 35 21 87 89 28 98 0 10 7 99 91 3 95 17 88 1 94 2 100 6
98 88 97 21 5 99 85 21 93 88 2 3 47 40 17 89 85 82 3 90 40 3 86 99 4 98 96 81 85 22 14 95 85 89 38 82 10 0 8 92 17 8 37 40 99 7 16 4 92 5
96 38 83 26 9 98 82 35 85 83 8 6 28 45 30 96 97 93 2 84 43 8 94 84 4 91 99 90 96 16 97 95 87 18 95 89 7 8 0 97 16 4 46 37 100 5 24 9 98 8
38 94 86 94 91 19 37 89 19 83 95 95 92 96 87 91 42 100 92 97 16 100 26 16 99 91 92 95 92 15 40 15 81 83 16 87 99 92 97 0 93 91 86 91 86 94 100 91 15 92
84 5 37 9 84 96 98 6 84 41 42 25 91 8 1 81 82 44 92 49 93 13 94 8 91 86 96 91 91 99 91 93 2 8 90 41 91 17 16 93 0 100 1 1 12 81 6 16 10 40
93 81 89 94 5 47 24 18 50 93 6 9 37 29 100 100 12 83 6 88 32 4 15 84 10 96 100 90 94 29 49 43 96 87 35 94 3 8 4 91 100 0 90 100 96 4 88 2 91 1
90 2 34 5 93 82 83 10 84 36 17 31 97 3 6 85 96 39 15 17 85 43 98 4 94 87 93 99 91 89 84 99 6 10 91 93 95 37 46 86 1 90 0 1 96 27 10 46 2 27
86 10 24 9 83 84 81 1 85 11 35 25 93 6 1 96 87 35 34 82 100 27 82 6 97 99 98 98 88 99 100 94 2 10 94 89 17 40 37 91 1 100 1 0 93 21 5 16 1 25
21 15 82 93 81 13 45 83 87 93 92 95 91 85 89 89 41 100 88 81 91 81 27 37 98 90 94 95 93 94 88 21 46 26 95 82 88 99 100 86 12 96 96 93 0 84 23 84 35 93
97 97 90 29 4 12 96 36 26 96 8 10 41 39 15 86 97 96 5 90 16 8 96 82 10 87 86 96 91 18 20 87 89 85 29 95 1 7 5 94 81 4 27 21 84 0 97 2 100 2
92 2 38 2 89 100 88 8 97 29 34 48 90 4 3 15 90 28 96 42 88 93 97 2 86 82 90 88 85 94 91 85 1 6 100 19 94 16 24 100 6 88 10 5 23 97 0 29 5 30
90 46 95 28 7 96 94 27 89 99 10 2 93 18 34 90 85 93 4 89 98 6 82 24 10 81 88 91 92 87 97 87 23 49 96 95 2 4 9 91 16 2 46 16 84 2 29 0 20 2
91 6 40 6 82 91 90 1 90 46 98 88 88 7 5 29 100 41 94 44 84 83 87 4 83 22 43 22 16 91 91 84 8 1 84 33 100 92 98 15 10 91 2 1 35 100 5 20 0 83
84 20 97 46 7 88 89 23 90 94 3 9 15 28 45 81 88 96 6 92 19 5 91 97 10 98 89 96 84 46 100 90 89 85 20 88 6 5 8 92 40 1 27 25 93 2 30 2 83 0
RBRBRRRBRRRRBBBBBBRBRRBBRRBBRBRRBRRBBRBBBRBRBRBBRR
