50
0 43 15 32 22 74 65 48 39 2 74 95 93 3 18 64 34 2 53 86 80 9 52 77 52 28 56 12 16 63 95 2 78 26 41 43 82 21 3 15 32 2 74 33 18 32 94 62 97 56 
43 0 1 44 13 63 64 94 32 84 89 98 93 18 8 74 83 61 32 62 81 41 29 58 60 59 17 40 7 96 64 45 19 5 89 4 76 45 86 85 5 35 79 35 4 88 8 57 61 49 
15 1 0 62 48 77 26 61 10 66 41 99 32 14 10 99 21 10 25 61 10 14 18 3 50 18 94 2 39 95 14 84 44 0 77 65 34 33 88 56 86 7 30 20 44 66 18 8 86 19 
32 44 62 0 55 17 57 49 58 86 58 20 29 14 73 62 49 27 65 81 26 10 8 53 15 52 14 39 39 16 86 76 12 90 73 1 60 48 46 75 17 68 99 51 62 23 35 87 23 81 
22 13 48 55 0 22 4 44 85 5 85 43 24 50 73 54 59 8 42 64 18 49 26 35 4 65 47 27 72 91 34 84 77 39 91 46 71 2 61 50 74 75 22 88 65 39 10 15 68 31 
74 63 77 17 22 0 70 62 91 95 59 13 63 30 73 41 22 34 98 85 51 78 71 84 88 50 99 84 13 84 6 74 86 72 42 17 37 59 10 22 77 57 88 1 47 81 89 77 31 82 
65 64 26 57 4 70 0 78 69 79 67 98 23 96 85 39 63 82 65 67 81 48 17 85 33 64 51 16 8 89 17 96 72 82 25 43 64 82 97 71 46 31 16 28 85 60 87 16 31 21 
48 94 61 49 44 62 78 0 54 88 41 61 63 30 79 67 9 59 12 14 34 72 41 93 23 72 10 92 26 5 73 69 83 93 52 28 4 36 39 38 98 1 62 4 40 77 5 36 47 7 
39 32 10 58 85 91 69 54 0 70 4 69 27 85 13 87 70 99 64 70 76 52 15 65 17 90 94 41 52 4 40 27 86 73 75 78 36 42 24 14 77 50 72 9 82 3 16 17 7 99 
2 84 66 86 5 95 79 88 70 0 70 63 87 31 6 14 21 17 17 41 63 89 13 87 23 20 46 73 1 4 75 53 51 60 34 90 85 28 7 52 98 99 67 95 47 25 18 85 79 88 
74 89 41 58 85 59 67 41 4 70 0 6 40 67 79 3 34 17 84 29 71 56 15 45 14 43 12 61 20 56 72 5 58 3 53 14 1 59 31 23 27 41 62 35 74 97 69 12 50 11 
95 98 99 20 43 13 98 61 69 63 6 0 42 13 66 55 36 62 87 60 54 37 39 78 58 24 13 2 14 48 86 77 48 69 28 42 45 64 52 24 52 10 54 72 36 70 21 16 3 62 
93 93 32 29 24 63 23 63 27 87 40 42 0 21 86 19 14 48 47 18 83 69 24 79 24 81 6 25 76 80 26 4 15 69 69 11 82 41 94 67 2 37 47 83 81 36 33 81 73 42 
3 18 14 14 50 30 96 30 85 31 67 13 21 0 77 1 81 32 19 38 67 14 13 37 31 31 61 19 51 13 36 67 0 84 89 80 35 17 6 36 74 27 1 85 2 2 50 55 56 4 
18 8 10 73 73 73 85 79 13 6 79 66 86 77 0 41 29 27 73 28 89 32 20 72 53 21 1 21 95 0 31 39 5 13 61 7 48 27 76 7 28 51 19 51 75 90 39 97 26 3 
64 74 99 62 54 41 39 67 87 14 3 55 19 1 41 0 51 32 72 82 89 53 96 75 36 75 64 58 37 85 80 83 61 34 48 6 25 81 20 75 69 15 14 5 23 27 87 68 87 40 
34 83 21 49 59 22 63 9 70 21 34 36 14 81 29 51 0 23 88 68 66 99 53 26 6 17 25 99 36 99 45 78 12 26 89 43 69 46 91 48 75 19 19 28 99 70 21 33 5 82 
2 61 10 27 8 34 82 59 99 17 17 62 48 32 27 32 23 0 7 74 2 22 9 11 76 79 35 46 15 48 28 74 97 26 6 81 14 55 41 76 83 23 21 8 29 33 15 14 27 92 
53 32 25 65 42 98 65 12 64 17 84 87 47 19 73 72 88 7 0 95 42 29 65 6 40 31 86 43 55 98 73 79 12 53 23 86 25 32 41 1 34 98 73 71 29 74 98 48 28 33 
86 62 61 81 64 85 67 14 70 41 29 60 18 38 28 82 68 74 95 0 5 9 37 71 20 13 80 48 13 44 73 21 84 91 73 99 2 29 41 35 22 42 17 85 54 65 32 84 19 63 
80 81 10 26 18 51 81 34 76 63 71 54 83 67 89 89 66 2 42 5 0 78 13 82 51 60 56 11 40 3 86 4 92 55 44 32 43 47 76 50 75 10 76 0 16 50 64 45 19 69 
9 41 14 10 49 78 48 72 52 89 56 37 69 14 32 53 99 22 29 9 78 0 93 59 37 69 56 51 21 5 40 94 7 74 82 16 65 4 15 32 63 61 48 4 60 72 1 53 7 92 
52 29 18 8 26 71 17 41 15 13 15 39 24 13 20 96 53 9 65 37 13 93 0 58 83 80 96 72 89 73 59 37 87 33 92 76 9 69 92 40 57 4 89 59 14 68 71 62 20 60 
77 58 3 53 35 84 85 93 65 87 45 78 79 37 72 75 26 11 6 71 82 59 58 0 94 36 95 45 7 64 11 98 24 93 11 4 2 6 83 46 39 39 24 74 9 51 82 49 70 62 
52 60 50 15 4 88 33 23 17 23 14 58 24 31 53 36 6 76 40 20 51 37 83 94 0 49 26 65 55 44 19 94 64 84 47 3 10 14 76 14 97 44 57 53 51 74 84 44 33 87 
28 59 18 52 65 50 64 72 90 20 43 24 81 31 21 75 17 79 31 13 60 69 80 36 49 0 59 41 20 52 84 30 62 76 83 84 58 7 76 58 33 55 91 88 83 56 25 18 86 83 
56 17 94 14 47 99 51 10 94 46 12 13 6 61 1 64 25 35 86 80 56 56 96 95 26 59 0 68 37 78 4 34 76 46 90 47 45 34 42 97 23 74 89 33 11 52 59 17 99 23 
12 40 2 39 27 84 16 92 41 73 61 2 25 19 21 58 99 46 43 48 11 51 72 45 65 41 68 0 71 84 71 4 3 66 80 82 90 78 36 77 47 14 27 54 66 30 64 71 45 80 
16 7 39 39 72 13 8 26 52 1 20 14 76 51 95 37 36 15 55 13 40 21 89 7 55 20 37 71 0 91 30 79 36 15 25 36 28 9 34 30 71 3 69 50 16 31 75 80 70 29 
63 96 95 16 91 84 89 5 4 4 56 48 80 13 0 85 99 48 98 44 3 5 73 64 44 52 78 84 91 0 84 68 62 8 22 97 93 62 45 48 57 35 79 94 75 35 69 27 26 55 
95 64 14 86 34 6 17 73 40 75 72 86 26 36 31 80 45 28 73 73 86 40 59 11 19 84 4 71 30 84 0 79 87 75 65 21 19 77 33 11 9 20 36 73 2 7 17 16 76 87 
2 45 84 76 84 74 96 69 27 53 5 77 4 67 39 83 78 74 79 21 4 94 37 98 94 30 34 4 79 68 79 0 87 56 0 47 2 47 86 78 46 43 8 92 22 48 46 56 67 13 
78 19 44 12 77 86 72 83 86 51 58 48 15 0 5 61 12 97 12 84 92 7 87 24 64 62 76 3 36 62 87 87 0 67 22 80 41 61 77 6 86 94 30 92 66 23 77 88 30 92 
26 5 0 90 39 72 82 93 73 60 3 69 69 84 13 34 26 26 53 91 55 74 33 93 84 76 46 66 15 8 75 56 67 0 64 38 44 99 73 79 20 22 20 2 95 54 67 27 49 85 
41 89 77 73 91 42 25 52 75 34 53 28 69 89 61 48 89 6 23 73 44 82 92 11 47 83 90 80 25 22 65 0 22 64 0 11 41 49 56 13 26 7 95 61 54 87 35 2 32 49 
43 4 65 1 46 17 43 28 78 90 14 42 11 80 7 6 43 81 86 99 32 16 76 4 3 84 47 82 36 97 21 47 80 38 11 0 37 86 45 53 25 54 63 39 2 31 63 23 37 20 
82 76 34 60 71 37 64 4 36 85 1 45 82 35 48 25 69 14 25 2 43 65 9 2 10 58 45 90 28 93 19 2 41 44 41 37 0 56 92 81 76 55 44 38 87 12 14 43 5 11 
21 45 33 48 2 59 82 36 42 28 59 64 41 17 27 81 46 55 32 29 47 4 69 6 14 7 34 78 9 62 77 47 61 99 49 86 56 0 27 14 15 52 69 6 66 12 50 56 70 84 
3 86 88 46 61 10 97 39 24 7 31 52 94 6 76 20 91 41 41 41 76 15 92 83 76 76 42 36 34 45 33 86 77 73 56 45 92 27 0 9 15 57 33 44 58 41 87 23 12 77 
15 85 56 75 50 22 71 38 14 52 23 24 67 36 7 75 48 76 1 35 50 32 40 46 14 58 97 77 30 48 11 78 6 79 13 53 81 14 9 0 92 72 87 67 76 65 38 45 66 58 
32 5 86 17 74 77 46 98 77 98 27 52 2 74 28 69 75 83 34 22 75 63 57 39 97 33 23 47 71 57 9 46 86 20 26 25 76 15 15 92 0 73 62 74 51 24 29 51 63 64 
2 35 7 68 75 57 31 1 50 99 41 10 37 27 51 15 19 23 98 42 10 61 4 39 44 55 74 14 3 35 20 43 94 22 7 54 55 52 57 72 73 0 51 5 66 97 74 3 58 29 
74 79 30 99 22 88 16 62 72 67 62 54 47 1 19 14 19 21 73 17 76 48 89 24 57 91 89 27 69 79 36 8 30 20 95 63 44 69 33 87 62 51 0 56 7 65 58 13 78 15 
33 35 20 51 88 1 28 4 9 95 35 72 83 85 51 5 28 8 71 85 0 4 59 74 53 88 33 54 50 94 73 92 92 2 61 39 38 6 44 67 74 5 56 0 75 53 23 88 53 11 
18 4 44 62 65 47 85 40 82 47 74 36 81 2 75 23 99 29 29 54 16 60 14 9 51 83 11 66 16 75 2 22 66 95 54 2 87 66 58 76 51 66 7 75 0 48 88 65 66 40 
32 88 66 23 39 81 60 77 3 25 97 70 36 2 90 27 70 33 74 65 50 72 68 51 74 56 52 30 31 35 7 48 23 54 87 31 12 12 41 65 24 97 65 53 48 0 59 63 37 42 
94 8 18 35 10 89 87 5 16 18 69 21 33 50 39 87 21 15 98 32 64 1 71 82 84 25 59 64 75 69 17 46 77 67 35 63 14 50 87 38 29 74 58 23 88 59 0 56 61 96 
62 57 8 87 15 77 16 36 17 85 12 16 81 55 97 68 33 14 48 84 45 53 62 49 44 18 17 71 80 27 16 56 88 27 2 23 43 56 23 45 51 3 13 88 65 63 56 0 7 1 
97 61 86 23 68 31 31 47 7 79 50 3 73 56 26 87 5 27 28 19 19 7 20 70 33 86 99 45 70 26 76 67 30 49 32 37 5 70 12 66 63 58 78 53 66 37 61 7 0 42 
56 49 19 81 31 82 21 7 99 88 11 62 42 4 3 40 82 92 33 63 69 92 60 62 87 83 23 80 29 55 87 13 92 85 49 20 11 84 77 58 64 29 15 11 40 42 96 1 42 0 
BBBRRBRRBBRBBRBRBBBBRBRRBBRRRRRRRBRRRBBBRBRBBBRRRB
