26																										
	0	8	7	6	8	10	6	9	7	10	9	9	7	9	6	9	10	9	10	92	8	3	8	7	9	7
	8	0	9	8	6	7	8	6	6	7	8	8	7	6	9	10	10	8	9	98	6	5	6	9	7	10
	7	9	0	9	10	6	6	10	10	7	8	7	7	7	8	6	8	6	9	92	7	4	10	7	9	9
	6	8	9	0	8	10	9	7	6	6	10	9	8	6	8	9	7	10	6	92	7	5	8	8	8	7
	8	6	10	8	0	9	9	8	8	6	10	9	6	9	10	7	9	8	6	93	8	4	6	6	7	9
	10	7	6	10	9	0	7	9	7	9	6	6	6	6	9	8	7	9	8	95	10	4	10	7	6	8
	6	8	6	9	9	7	0	10	10	7	7	7	6	10	8	6	6	7	8	92	6	3	10	7	6	10
	9	6	10	7	8	9	10	0	6	9	6	10	10	9	6	8	6	7	6	99	10	2	6	8	6	8
	7	6	10	6	8	7	10	6	0	9	8	9	10	10	8	7	6	6	8	97	10	2	6	8	8	7
	10	7	7	6	6	9	7	9	9	0	9	6	8	8	7	7	10	6	9	98	10	4	8	8	7	6
	9	8	8	10	10	6	7	6	8	9	0	10	6	9	6	10	8	8	6	97	6	5	10	8	10	7
	9	8	7	9	9	6	7	10	9	6	10	0	9	8	6	8	8	10	8	90	8	4	10	10	8	6
	7	7	7	8	6	6	6	10	10	8	6	9	0	6	7	7	7	6	10	97	9	4	7	7	9	6
	9	6	7	6	9	6	10	9	10	8	9	8	6	0	10	8	10	7	10	96	10	4	10	6	10	8
	6	9	8	8	10	9	8	6	8	7	6	6	7	10	0	9	8	8	10	98	7	3	8	6	6	8
	9	10	6	9	7	8	6	8	7	7	10	8	7	8	9	0	8	6	6	100	10	5	8	8	6	8
	10	10	8	7	9	7	6	6	6	10	8	8	7	10	8	8	0	7	8	92	7	5	9	7	6	6
	9	8	6	10	8	9	7	7	6	6	8	10	6	7	8	6	7	0	10	96	8	3	6	6	8	8
	10	9	9	6	6	8	8	6	8	9	6	8	10	10	10	6	8	10	0	91	8	4	6	8	10	7
	92	98	92	92	93	95	92	99	97	98	97	90	97	96	98	100	92	96	91	0	100	1	91	92	99	90
	8	6	7	7	8	10	6	10	10	10	6	8	9	10	7	10	7	8	8	100	0	5	7	10	9	7
	3	5	4	5	4	4	3	2	2	4	5	4	4	4	3	5	5	3	4	1	5	0	3	5	4	8
	8	6	10	8	6	10	10	6	6	8	10	10	7	10	8	8	9	6	6	91	7	3	0	5	4	10
	7	9	7	8	6	7	7	8	8	8	8	10	7	6	6	8	7	6	8	92	10	5	5	0	3	7
	9	7	9	8	7	6	6	6	8	7	10	8	9	10	6	6	6	8	10	99	9	4	4	3	0	8
	7	10	9	7	9	8	10	8	7	6	7	6	6	8	8	8	6	8	7	90	7	8	10	7	8	0
RBRBRBRBRBRBRBRBRBRBRBRBRB