50
0 60 78 63 4 3 97 93 34 38 6 88 4 25 54 38 5 90 58 5 7 26 43 50 0 14 19 79 97 7 2 34 68 10 42 37 37 64 25 43 5 97 12 81 66 60 42 89 39 4 
60 0 15 3 72 1 71 49 8 83 55 99 47 87 98 57 79 0 93 25 63 94 1 96 45 93 83 21 21 34 34 80 7 6 85 78 64 84 88 14 66 46 13 48 25 72 72 82 5 57 
78 15 0 56 47 93 30 33 6 75 1 46 83 94 87 59 93 53 78 29 44 74 31 31 74 43 52 70 85 94 18 77 87 80 45 42 7 96 9 40 96 89 41 85 28 5 23 73 83 94 
63 3 56 0 0 94 2 78 62 56 19 84 4 76 11 67 77 77 83 55 5 67 64 31 13 91 90 0 30 88 20 69 38 44 82 44 11 24 3 1 88 15 71 19 14 33 69 19 36 52 
4 72 47 0 0 26 86 4 99 26 51 99 90 68 77 15 28 38 62 91 40 15 68 75 23 52 39 63 51 68 6 63 53 24 91 17 73 53 8 63 42 35 15 19 97 78 30 85 92 95 
3 1 93 94 26 0 46 68 0 8 63 5 8 29 67 49 53 12 75 15 95 72 10 62 21 98 39 41 13 5 28 97 92 1 41 43 88 30 2 83 57 67 95 40 6 97 98 51 89 98 
97 71 30 2 86 46 0 72 0 26 45 37 97 84 27 98 98 31 53 25 68 18 27 52 57 25 1 28 58 51 98 93 13 9 49 11 30 55 62 83 8 25 98 76 8 26 23 9 11 73 
93 49 33 78 4 68 72 0 10 79 82 68 94 65 40 78 54 0 59 34 15 58 51 18 77 11 28 18 53 74 87 33 79 74 60 47 6 36 59 78 93 22 94 54 33 42 91 3 17 37 
34 8 6 62 99 0 0 10 0 51 73 93 72 99 84 57 85 62 64 9 59 4 28 58 79 81 30 36 83 43 74 6 29 31 76 72 77 15 1 91 84 10 5 9 1 71 55 52 42 48 
38 83 75 56 26 8 26 79 51 0 35 88 28 15 85 5 92 71 0 93 82 90 53 92 52 10 57 43 61 67 50 64 52 8 55 25 23 90 7 62 9 74 31 85 4 53 36 37 65 50 
6 55 1 19 51 63 45 82 73 35 0 33 70 49 53 7 28 56 60 94 58 9 67 56 16 74 45 92 50 72 89 29 21 7 75 10 95 58 17 62 41 45 66 93 65 20 14 37 6 61 
88 99 46 84 99 5 37 68 93 88 33 0 51 71 90 11 92 10 78 14 17 95 69 70 66 60 63 83 93 19 29 28 19 46 86 85 35 83 32 67 56 2 17 38 92 20 58 10 77 77 
4 47 83 4 90 8 97 94 72 28 70 51 0 35 90 79 22 21 27 49 60 32 10 78 97 16 97 56 16 12 72 65 61 30 38 96 91 70 20 63 77 26 69 59 88 39 29 81 34 14 
25 87 94 76 68 29 84 65 99 15 49 71 35 0 42 37 94 22 16 4 29 25 65 84 77 66 42 91 49 71 66 44 94 9 50 84 13 10 78 29 99 53 81 9 51 80 62 94 45 26 
54 98 87 11 77 67 27 40 84 85 53 90 90 42 0 64 53 26 93 31 85 35 77 53 51 7 27 25 32 1 25 53 63 57 42 24 11 74 74 10 53 49 75 45 49 41 3 66 22 86 
38 57 59 67 15 49 98 78 57 5 7 11 79 37 64 0 43 85 90 96 17 94 71 69 87 40 31 88 99 92 67 65 46 63 18 74 9 41 23 16 16 30 81 74 35 95 96 83 10 42 
5 79 93 77 28 53 98 54 85 92 28 92 22 94 53 43 0 52 12 77 12 48 5 65 39 33 73 7 0 54 61 18 19 22 22 11 54 88 35 46 69 90 5 95 91 85 58 1 74 89 
90 0 53 77 38 12 31 0 62 71 56 10 21 22 26 85 52 0 57 70 17 38 97 11 74 99 94 52 56 46 32 67 12 57 18 56 16 33 83 16 45 89 33 35 49 6 35 65 81 33 
58 93 78 83 62 75 53 59 64 0 60 78 27 16 93 90 12 57 0 97 88 97 81 98 80 78 64 18 99 65 21 0 72 22 37 91 59 44 60 88 32 72 81 98 98 65 43 42 31 19 
5 25 29 55 91 15 25 34 9 93 94 14 49 4 31 96 77 70 97 0 90 27 6 33 53 71 92 25 24 85 43 38 61 31 29 89 6 0 18 57 77 25 5 93 11 40 77 60 23 82 
7 63 44 5 40 95 68 15 59 82 58 17 60 29 85 17 12 17 88 90 0 44 12 19 40 33 8 34 71 11 61 76 52 90 52 56 38 30 45 39 57 26 63 38 64 32 56 94 48 84 
26 94 74 67 15 72 18 58 4 90 9 95 32 25 35 94 48 38 97 27 44 0 6 72 65 74 16 93 19 28 63 68 89 9 4 96 94 50 75 16 76 35 66 4 10 58 88 86 95 79 
43 1 31 64 68 10 27 51 28 53 67 69 10 65 77 71 5 97 81 6 12 6 0 93 39 17 18 90 69 61 7 79 18 60 29 54 75 46 43 31 38 19 7 38 34 7 5 36 2 16 
50 96 31 31 75 62 52 18 58 92 56 70 78 84 53 69 65 11 98 33 19 72 93 0 84 25 33 71 44 84 73 28 56 17 1 50 50 89 10 39 50 64 22 54 80 91 16 92 6 25 
0 45 74 13 23 21 57 77 79 52 16 66 97 77 51 87 39 74 80 53 40 65 39 84 0 70 69 54 7 20 34 1 45 86 72 17 41 28 59 21 18 50 66 99 26 75 20 63 1 39 
14 93 43 91 52 98 25 11 81 10 74 60 16 66 7 40 33 99 78 71 33 74 17 25 70 0 69 83 22 38 67 51 45 76 27 92 27 26 32 8 57 43 73 72 24 25 68 38 82 90 
19 83 52 90 39 39 1 28 30 57 45 63 97 42 27 31 73 94 64 92 8 16 18 33 69 69 0 43 51 6 72 36 41 6 76 18 38 42 51 26 78 42 87 60 94 76 65 30 26 56 
79 21 70 0 63 41 28 18 36 43 92 83 56 91 25 88 7 52 18 25 34 93 90 71 54 83 43 0 50 64 4 45 63 30 15 1 18 78 56 25 46 66 60 55 87 18 41 65 79 37 
97 21 85 30 51 13 58 53 83 61 50 93 16 49 32 99 0 56 99 24 71 19 69 44 7 22 51 50 0 94 71 25 42 68 98 41 69 67 0 72 99 62 4 70 22 8 37 86 55 76 
7 34 94 88 68 5 51 74 43 67 72 19 12 71 1 92 54 46 65 85 11 28 61 84 20 38 6 64 94 0 88 75 99 52 3 82 57 82 85 43 6 40 69 97 51 34 10 64 92 66 
2 34 18 20 6 28 98 87 74 50 89 29 72 66 25 67 61 32 21 43 61 63 7 73 34 67 72 4 71 88 0 17 34 86 4 89 43 7 16 1 18 18 81 37 31 82 88 95 62 83 
34 80 77 69 63 97 93 33 6 64 29 28 65 44 53 65 18 67 0 38 76 68 79 28 1 51 36 45 25 75 17 0 90 97 78 15 51 43 6 72 64 50 89 96 44 24 10 59 67 72 
68 7 87 38 53 92 13 79 29 52 21 19 61 94 63 46 19 12 72 61 52 89 18 56 45 45 41 63 42 99 34 90 0 58 57 56 51 34 51 97 41 68 95 69 98 27 44 22 92 93 
10 6 80 44 24 1 9 74 31 8 7 46 30 9 57 63 22 57 22 31 90 9 60 17 86 76 6 30 68 52 86 97 58 0 31 72 97 78 41 27 47 45 95 81 96 41 29 56 49 18 
42 85 45 82 91 41 49 60 76 55 75 86 38 50 42 18 22 18 37 29 52 4 29 1 72 27 76 15 98 3 4 78 57 31 0 40 15 7 10 93 91 53 85 50 10 64 61 91 57 36 
37 78 42 44 17 43 11 47 72 25 10 85 96 84 24 74 11 56 91 89 56 96 54 50 17 92 18 1 41 82 89 15 56 72 40 0 71 11 99 33 23 18 45 42 70 7 88 58 15 99 
37 64 7 11 73 88 30 6 77 23 95 35 91 13 11 9 54 16 59 6 38 94 75 50 41 27 38 18 69 57 43 51 51 97 15 71 0 82 69 83 33 46 50 42 25 24 39 71 15 68 
64 84 96 24 53 30 55 36 15 90 58 83 70 10 74 41 88 33 44 0 30 50 46 89 28 26 42 78 67 82 7 43 34 78 7 11 82 0 67 96 85 94 0 4 42 23 32 86 2 8 
25 88 9 3 8 2 62 59 1 7 17 32 20 78 74 23 35 83 60 18 45 75 43 10 59 32 51 56 0 85 16 6 51 41 10 99 69 67 0 69 87 87 26 26 95 10 89 34 57 90 
43 14 40 1 63 83 83 78 91 62 62 67 63 29 10 16 46 16 88 57 39 16 31 39 21 8 26 25 72 43 1 72 97 27 93 33 83 96 69 0 25 96 86 79 14 32 32 79 51 92 
5 66 96 88 42 57 8 93 84 9 41 56 77 99 53 16 69 45 32 77 57 76 38 50 18 57 78 46 99 6 18 64 41 47 91 23 33 85 87 25 0 36 58 11 60 85 64 70 73 75 
97 46 89 15 35 67 25 22 10 74 45 2 26 53 49 30 90 89 72 25 26 35 19 64 50 43 42 66 62 40 18 50 68 45 53 18 46 94 87 96 36 0 86 47 93 97 52 23 71 31 
12 13 41 71 15 95 98 94 5 31 66 17 69 81 75 81 5 33 81 5 63 66 7 22 66 73 87 60 4 69 81 89 95 95 85 45 50 0 26 86 58 86 0 86 21 73 85 74 4 40 
81 48 85 19 19 40 76 54 9 85 93 38 59 9 45 74 95 35 98 93 38 4 38 54 99 72 60 55 70 97 37 96 69 81 50 42 42 4 26 79 11 47 86 0 21 74 91 45 24 89 
66 25 28 14 97 6 8 33 1 4 65 92 88 51 49 35 91 49 98 11 64 10 34 80 26 24 94 87 22 51 31 44 98 96 10 70 25 42 95 14 60 93 21 21 0 7 38 84 81 0 
60 72 5 33 78 97 26 42 71 53 20 20 39 80 41 95 85 6 65 40 32 58 7 91 75 25 76 18 8 34 82 24 27 41 64 7 24 23 10 32 85 97 73 74 7 0 71 29 73 21 
42 72 23 69 30 98 23 91 55 36 14 58 29 62 3 96 58 35 43 77 56 88 5 16 20 68 65 41 37 10 88 10 44 29 61 88 39 32 89 32 64 52 85 91 38 71 0 22 66 98 
89 82 73 19 85 51 9 3 52 37 37 10 81 94 66 83 1 65 42 60 94 86 36 92 63 38 30 65 86 64 95 59 22 56 91 58 71 86 34 79 70 23 74 45 84 29 22 0 18 11 
39 5 83 36 92 89 11 17 42 65 6 77 34 45 22 10 74 81 31 23 48 95 2 6 1 82 26 79 55 92 62 67 92 49 57 15 15 2 57 51 73 71 4 24 81 73 66 18 0 83 
4 57 94 52 95 98 73 37 48 50 61 77 14 26 86 42 89 33 19 82 84 79 16 25 39 90 56 37 76 66 83 72 93 18 36 99 68 8 90 92 75 31 40 89 0 21 98 11 83 0 
BRRRBRBBBRRBBBBBBBBRBRRBBBRRRBRBBRBRRRRRRRRRBBRBRB
