50
0 91 93 12 0 0 75 0 0 62 47 40 94 0 0 62 84 41 74 30 67 2 43 0 0 0 82 9 78 88 22 50 9 99 93 50 32 67 64 2 68 33 45 96 82 21 70 26 26 6 
91 0 23 6 80 58 3 14 88 81 42 90 96 53 12 93 0 0 9 62 75 5 0 67 69 40 53 57 34 64 99 0 60 65 57 42 72 0 30 42 88 0 4 71 96 62 21 93 75 59 
93 23 0 65 0 81 29 39 48 96 9 91 83 94 52 38 97 90 22 4 49 0 76 3 11 14 0 22 73 22 16 98 0 44 60 80 49 66 98 39 29 68 49 68 52 0 36 61 77 3 
12 6 65 0 0 38 74 42 87 91 18 48 55 97 93 63 77 93 3 0 37 0 15 0 49 0 36 0 74 88 87 0 20 22 29 48 0 97 34 91 11 65 99 16 76 71 87 0 0 24 
0 80 0 0 0 42 0 6 0 0 25 32 61 70 0 52 70 2 18 25 100 44 45 67 78 13 24 12 99 58 31 0 18 60 55 75 24 46 51 7 90 19 72 88 6 0 25 94 17 52 
0 58 81 38 42 0 19 94 57 35 22 69 35 4 11 24 84 79 62 80 84 82 95 51 46 20 83 26 59 27 57 20 75 0 88 30 0 45 0 0 89 0 65 56 36 81 92 56 28 53 
75 3 29 74 0 19 0 1 94 50 0 0 0 77 13 48 9 22 37 97 39 49 31 19 5 28 94 83 30 0 80 29 0 0 58 52 58 5 91 74 82 33 0 84 0 6 83 93 56 26 
0 14 39 42 6 94 1 0 7 55 0 0 27 0 42 3 58 100 0 86 94 4 73 85 29 10 0 4 0 19 0 60 55 85 1 12 6 81 96 88 66 0 48 66 0 50 0 91 88 93 
0 88 48 87 0 57 94 7 0 85 0 43 6 21 12 49 0 70 75 43 0 88 27 86 6 6 0 55 73 66 40 79 96 40 25 90 0 17 39 88 37 82 0 40 1 0 0 74 87 81 
62 81 96 91 0 35 50 55 85 0 63 0 59 0 71 60 98 5 0 68 97 45 4 65 36 1 12 16 77 60 98 53 0 36 19 28 93 0 4 3 98 0 51 38 0 0 0 87 55 0 
47 42 9 18 25 22 0 0 0 63 0 10 43 51 0 100 44 12 79 60 62 89 17 0 65 0 29 95 73 87 26 11 1 76 43 86 96 58 0 63 67 34 87 0 87 7 76 0 84 78 
40 90 91 48 32 69 0 0 43 0 10 0 73 0 39 23 9 56 21 95 0 44 0 0 73 0 26 1 28 0 74 69 0 69 48 64 57 0 52 81 16 73 89 92 77 74 87 0 7 0 
94 96 83 55 61 35 0 27 6 59 43 73 0 27 65 98 53 46 72 80 0 71 0 38 62 24 21 34 0 60 0 96 84 96 95 73 64 87 0 39 43 90 0 55 23 28 0 0 47 0 
0 53 94 97 70 4 77 0 21 0 51 0 27 0 4 54 42 55 30 30 99 22 65 0 51 73 51 100 46 28 66 64 91 43 100 79 50 5 61 77 32 92 9 34 44 2 0 14 14 24 
0 12 52 93 0 11 13 42 12 71 0 39 65 4 0 55 97 89 88 55 12 74 29 0 83 61 100 6 60 0 0 70 0 3 4 45 32 28 34 0 60 0 18 73 97 92 0 43 75 7 
62 93 38 63 52 24 48 3 49 60 100 23 98 54 55 0 12 78 73 0 46 50 98 84 72 90 13 39 92 49 55 98 0 55 52 75 11 1 85 75 66 0 40 83 0 91 89 73 90 46 
84 0 97 77 70 84 9 58 0 98 44 9 53 42 97 12 0 78 97 1 0 0 80 59 51 49 60 6 50 21 28 16 95 64 74 0 94 47 51 63 0 84 0 81 22 8 66 0 9 90 
41 0 90 93 2 79 22 100 70 5 12 56 46 55 89 78 78 0 96 0 35 58 3 52 0 80 47 78 75 89 11 98 86 28 48 8 68 40 68 84 50 61 7 100 46 92 69 0 0 90 
74 9 22 3 18 62 37 0 75 0 79 21 72 30 88 73 97 96 0 11 4 39 1 94 57 17 0 0 64 15 52 25 53 100 8 82 17 0 19 43 74 54 12 16 69 67 44 10 0 96 
30 62 4 0 25 80 97 86 43 68 60 95 80 30 55 0 1 0 11 0 0 56 95 95 0 41 11 36 94 0 100 33 20 0 38 76 17 91 3 0 0 0 6 61 90 12 27 0 98 68 
67 75 49 37 100 84 39 94 0 97 62 0 0 99 12 46 0 35 4 0 0 70 28 52 25 18 18 59 78 92 55 82 0 39 8 10 98 1 70 97 54 8 59 0 51 26 7 26 57 20 
2 5 0 0 44 82 49 4 88 45 89 44 71 22 74 50 0 58 39 56 70 0 65 48 31 0 38 36 36 40 27 94 50 17 9 83 0 1 51 0 52 40 40 72 11 0 1 99 0 7 
43 0 76 15 45 95 31 73 27 4 17 0 0 65 29 98 80 3 1 95 28 65 0 33 0 56 30 6 70 0 43 0 34 70 29 47 83 61 0 91 18 85 62 7 26 39 0 22 18 9 
0 67 3 0 67 51 19 85 86 65 0 0 38 0 0 84 59 52 94 95 52 48 33 0 52 76 96 29 47 23 0 0 92 49 0 68 20 75 38 28 52 51 44 47 14 44 0 94 98 1 
0 69 11 49 78 46 5 29 6 36 65 73 62 51 83 72 51 0 57 0 25 31 0 52 0 0 16 0 96 33 71 0 34 0 96 77 23 21 38 77 0 91 58 0 20 47 88 95 84 0 
0 40 14 0 13 20 28 10 6 1 0 0 24 73 61 90 49 80 17 41 18 0 56 76 0 0 40 0 56 78 16 49 80 2 18 14 17 88 51 30 52 50 0 95 27 0 59 76 34 31 
82 53 0 36 24 83 94 0 0 12 29 26 21 51 100 13 60 47 0 11 18 38 30 96 16 40 0 66 46 82 74 63 78 94 21 4 51 43 0 48 39 100 79 72 98 34 11 56 44 21 
9 57 22 0 12 26 83 4 55 16 95 1 34 100 6 39 6 78 0 36 59 36 6 29 0 0 66 0 65 17 83 0 0 49 8 0 43 86 13 57 59 98 0 0 50 63 0 58 53 19 
78 34 73 74 99 59 30 0 73 77 73 28 0 46 60 92 50 75 64 94 78 36 70 47 96 56 46 65 0 24 32 36 95 28 64 0 11 63 48 66 84 0 69 47 0 0 28 71 0 78 
88 64 22 88 58 27 0 19 66 60 87 0 60 28 0 49 21 89 15 0 92 40 0 23 33 78 82 17 24 0 20 0 2 98 61 14 75 57 1 94 96 25 56 36 13 0 68 32 0 90 
22 99 16 87 31 57 80 0 40 98 26 74 0 66 0 55 28 11 52 100 55 27 43 0 71 16 74 83 32 20 0 8 47 0 50 0 43 37 0 55 28 61 100 38 44 0 50 28 79 17 
50 0 98 0 0 20 29 60 79 53 11 69 96 64 70 98 16 98 25 33 82 94 0 0 0 49 63 0 36 0 8 0 59 1 0 85 11 25 0 33 51 3 94 3 0 37 0 11 2 0 
9 60 0 20 18 75 0 55 96 0 1 0 84 91 0 0 95 86 53 20 0 50 34 92 34 80 78 0 95 2 47 59 0 15 54 16 58 73 53 87 0 15 0 93 47 43 38 0 64 16 
99 65 44 22 60 0 0 85 40 36 76 69 96 43 3 55 64 28 100 0 39 17 70 49 0 2 94 49 28 98 0 1 15 0 41 22 100 49 0 81 39 76 74 36 99 0 15 23 0 51 
93 57 60 29 55 88 58 1 25 19 43 48 95 100 4 52 74 48 8 38 8 9 29 0 96 18 21 8 64 61 50 0 54 41 0 50 0 51 90 73 8 61 35 54 60 50 25 53 18 83 
50 42 80 48 75 30 52 12 90 28 86 64 73 79 45 75 0 8 82 76 10 83 47 68 77 14 4 0 0 14 0 85 16 22 50 0 0 90 22 66 41 88 18 23 93 75 35 85 76 43 
32 72 49 0 24 0 58 6 0 93 96 57 64 50 32 11 94 68 17 17 98 0 83 20 23 17 51 43 11 75 43 11 58 100 0 0 0 31 33 0 24 92 53 0 96 65 25 12 42 66 
67 0 66 97 46 45 5 81 17 0 58 0 87 5 28 1 47 40 0 91 1 1 61 75 21 88 43 86 63 57 37 25 73 49 51 90 31 0 5 61 0 88 3 0 56 0 20 0 36 52 
64 30 98 34 51 0 91 96 39 4 0 52 0 61 34 85 51 68 19 3 70 51 0 38 38 51 0 13 48 1 0 0 53 0 90 22 33 5 0 96 87 0 0 0 4 0 92 50 60 6 
2 42 39 91 7 0 74 88 88 3 63 81 39 77 0 75 63 84 43 0 97 0 91 28 77 30 48 57 66 94 55 33 87 81 73 66 0 61 96 0 34 55 78 13 98 40 48 61 92 23 
68 88 29 11 90 89 82 66 37 98 67 16 43 32 60 66 0 50 74 0 54 52 18 52 0 52 39 59 84 96 28 51 0 39 8 41 24 0 87 34 0 45 23 38 77 0 0 0 45 69 
33 0 68 65 19 0 33 0 82 0 34 73 90 92 0 0 84 61 54 0 8 40 85 51 91 50 100 98 0 25 61 3 15 76 61 88 92 88 0 55 45 0 76 42 0 0 57 15 99 49 
45 4 49 99 72 65 0 48 0 51 87 89 0 9 18 40 0 7 12 6 59 40 62 44 58 0 79 0 69 56 100 94 0 74 35 18 53 3 0 78 23 76 0 29 18 46 27 0 25 50 
96 71 68 16 88 56 84 66 40 38 0 92 55 34 73 83 81 100 16 61 0 72 7 47 0 95 72 0 47 36 38 3 93 36 54 23 0 0 0 13 38 42 29 0 71 23 4 47 6 0 
82 96 52 76 6 36 0 0 1 0 87 77 23 44 97 0 22 46 69 90 51 11 26 14 20 27 98 50 0 13 44 0 47 99 60 93 96 56 4 98 77 0 18 71 0 0 38 32 75 34 
21 62 0 71 0 81 6 50 0 0 7 74 28 2 92 91 8 92 67 12 26 0 39 44 47 0 34 63 0 0 0 37 43 0 50 75 65 0 0 40 0 0 46 23 0 0 80 37 56 0 
70 21 36 87 25 92 83 0 0 0 76 87 0 0 0 89 66 69 44 27 7 1 0 0 88 59 11 0 28 68 50 0 38 15 25 35 25 20 92 48 0 57 27 4 38 80 0 78 84 12 
26 93 61 0 94 56 93 91 74 87 0 0 0 14 43 73 0 0 10 0 26 99 22 94 95 76 56 58 71 32 28 11 0 23 53 85 12 0 50 61 0 15 0 47 32 37 78 0 0 0 
26 75 77 0 17 28 56 88 87 55 84 7 47 14 75 90 9 0 0 98 57 0 18 98 84 34 44 53 0 0 79 2 64 0 18 76 42 36 60 92 45 99 25 6 75 56 84 0 0 57 
6 59 3 24 52 53 26 93 81 0 78 0 0 24 7 46 90 90 96 68 20 7 9 1 0 31 21 19 78 90 17 0 16 51 83 43 66 52 6 23 69 49 50 0 34 0 12 0 57 0 
RRBBRRBBBRBBBBRBBRBBRBBBRRBBBRBBRRBBRRBBRRRRRRRRRR