50
0 72 66 27 71 43 60 27 56 27 57 30 44 54 64 28 59 50 25 40 45 11 49 40 66 47 23 20 57 18 65 76 16 30 54 38 9 62 40 19 64 26 87 18 66 19 26 73 72 55
72 0 40 54 40 50 33 63 33 45 21 31 33 54 64 81 16 67 97 23 30 62 67 19 39 50 36 6 63 26 46 81 30 82 31 78 51 53 26 46 67 52 10 37 79 38 20 56 84 34
66 40 0 88 59 89 51 57 84 34 16 67 64 68 59 32 48 64 10 33 48 91 39 23 59 57 51 78 72 45 23 7 31 82 51 50 67 43 13 62 78 28 65 38 47 58 39 55 29 29
27 54 88 0 13 24 83 20 27 48 57 86 55 31 34 69 38 43 33 62 82 24 45 71 42 29 7 73 54 60 19 83 36 58 52 42 75 85 51 22 73 78 33 69 34 39 68 31 29 66
71 40 59 13 0 45 28 35 59 38 30 46 40 41 64 95 38 80 41 53 5 45 79 64 62 22 37 29 2 52 88 80 27 67 61 8 33 21 20 55 49 70 39 45 69 39 20 57 41 62
43 50 89 24 45 0 47 67 56 48 82 67 3 54 86 38 50 15 61 69 59 70 72 57 11 67 43 41 25 25 52 89 34 37 21 51 51 49 39 88 53 28 12 49 51 59 54 60 71 23
60 33 51 83 28 47 0 34 78 15 22 47 41 28 32 58 73 70 81 49 69 82 37 20 50 52 70 61 89 25 72 73 31 20 64 33 44 62 60 48 60 40 71 51 45 33 48 74 70 56
27 63 57 20 35 67 34 0 78 59 49 78 59 30 63 45 79 18 88 57 86 25 24 53 49 35 35 61 35 37 59 61 44 58 38 46 66 69 42 45 54 26 69 14 67 37 87 77 58 37
56 33 84 27 59 56 78 78 0 48 89 82 96 43 25 45 73 39 53 51 47 38 64 72 74 56 79 43 76 42 50 43 59 48 40 41 46 38 69 47 75 49 65 36 45 59 29 54 55 54
27 45 34 48 38 48 15 59 48 0 24 69 35 46 9 69 36 35 53 16 86 38 71 38 11 56 48 46 47 70 21 47 25 28 50 48 27 68 13 83 19 77 44 51 40 36 30 61 18 40
57 21 16 57 30 82 22 49 89 24 0 42 25 79 51 28 86 50 64 73 66 92 68 51 36 57 94 60 66 53 72 70 28 14 58 66 15 55 41 76 71 9 33 72 87 7 38 55 54 28
30 31 67 86 46 67 47 78 82 69 42 0 59 24 41 19 56 59 58 40 41 41 66 58 13 95 17 35 26 16 79 89 4 45 55 68 24 28 54 87 60 47 48 90 39 82 84 23 40 54
44 33 64 55 40 3 41 59 96 35 25 59 0 84 59 27 34 50 33 42 72 24 27 74 58 49 77 47 63 41 38 90 41 33 49 63 36 25 51 77 33 7 52 60 72 85 59 67 50 41
54 54 68 31 41 54 28 30 43 46 79 24 84 0 53 43 45 43 51 29 73 10 23 53 30 56 30 11 68 74 69 39 42 54 25 32 7 46 14 50 56 54 56 68 78 79 80 37 37 10
64 64 59 34 64 86 32 63 25 9 51 41 59 53 0 52 60 17 71 8 49 72 11 39 47 23 35 40 73 28 8 55 53 26 62 14 50 21 27 49 82 12 69 51 71 53 54 41 45 68
28 81 32 69 95 38 58 45 45 69 28 19 27 43 52 0 53 57 65 9 10 31 64 52 68 36 21 59 33 91 46 68 65 38 56 24 26 25 23 42 64 70 25 88 62 49 96 31 14 16
59 16 48 38 38 50 73 79 73 36 86 56 34 45 60 53 0 61 68 34 46 57 52 33 74 46 99 36 33 29 54 56 26 59 76 66 37 69 88 53 45 67 53 56 60 79 65 45 58 38
50 67 64 43 80 15 70 18 39 35 50 59 50 43 17 57 61 0 41 40 61 77 75 41 48 26 57 38 64 34 85 45 8 32 72 45 51 62 84 48 42 71 72 7 30 67 75 71 14 34
25 97 10 33 41 61 81 88 53 53 64 58 33 51 71 65 68 41 0 74 17 40 41 42 51 29 84 35 88 34 65 96 32 94 68 52 84 71 71 92 62 55 64 64 19 59 68 72 33 56
40 23 33 62 53 69 49 57 51 16 73 40 42 29 8 9 34 40 74 0 70 90 37 37 4 57 72 59 23 43 57 12 40 93 38 76 52 36 28 64 68 44 46 81 74 73 43 49 51 70
45 30 48 82 5 59 69 86 47 86 66 41 72 73 49 10 46 61 17 70 0 86 74 65 49 15 27 22 73 37 37 41 80 47 34 93 81 76 46 39 35 68 47 46 90 77 52 74 11 82
11 62 91 24 45 70 82 25 38 38 92 41 24 10 72 31 57 77 40 90 86 0 46 80 73 33 53 39 34 25 62 51 52 57 65 69 21 61 59 56 48 50 41 52 69 46 28 49 67 8
49 67 39 45 79 72 37 24 64 71 68 66 27 23 11 64 52 75 41 37 74 46 0 39 28 72 81 52 49 29 41 47 58 3 68 85 80 24 73 36 68 55 72 51 54 60 53 43 44 16
40 19 23 71 64 57 20 53 72 38 51 58 74 53 39 52 33 41 42 37 65 80 39 0 44 36 69 45 39 36 86 48 66 66 75 23 37 12 23 65 46 58 92 52 44 79 40 14 32 81
66 39 59 42 62 11 50 49 74 11 36 13 58 30 47 68 74 48 51 4 49 73 28 44 0 48 34 50 48 40 28 55 10 23 71 57 87 28 65 93 63 40 34 43 55 57 81 36 24 50
47 50 57 29 22 67 52 35 56 56 57 95 49 56 23 36 46 26 29 57 15 33 72 36 48 0 97 66 30 56 51 75 64 43 5 25 10 65 36 50 50 68 54 20 57 54 56 34 26 57
23 36 51 7 37 43 70 35 79 48 94 17 77 30 35 21 99 57 84 72 27 53 81 69 34 97 0 77 77 58 41 48 71 24 83 58 27 40 27 70 19 81 31 54 24 64 35 24 38 29
20 6 78 73 29 41 61 61 43 46 60 35 47 11 40 59 36 38 35 59 22 39 52 45 50 66 77 0 55 55 32 78 51 81 59 54 82 37 55 23 75 15 77 55 66 37 70 39 49 30
57 63 72 54 2 25 89 35 76 47 66 26 63 68 73 33 33 64 88 23 73 34 49 39 48 30 77 55 0 49 10 85 53 49 41 19 76 48 49 11 60 37 35 27 30 49 56 47 40 66
18 26 45 60 52 25 25 37 42 70 53 16 41 74 28 91 29 34 34 43 37 25 29 36 40 56 58 55 49 0 70 23 87 51 45 81 49 47 43 67 68 59 95 54 40 46 69 69 52 59
65 46 23 19 88 52 72 59 50 21 72 79 38 69 8 46 54 85 65 57 37 62 41 86 28 51 41 32 10 70 0 26 30 53 34 53 94 10 67 20 45 22 19 21 45 84 91 53 29 51
76 81 7 83 80 89 73 61 43 47 70 89 90 39 55 68 56 45 96 12 41 51 47 48 55 75 48 78 85 23 26 0 62 45 26 49 65 54 58 57 62 50 32 21 78 52 62 73 24 35
16 30 31 36 27 34 31 44 59 25 28 4 41 42 53 65 26 8 32 40 80 52 58 66 10 64 71 51 53 87 30 62 0 22 37 65 32 19 73 53 18 36 21 53 28 68 27 21 53 16
30 82 82 58 67 37 20 58 48 28 14 45 33 54 26 38 59 32 94 93 47 57 3 66 23 43 24 81 49 51 53 45 22 0 23 21 45 34 50 42 45 10 47 55 58 25 48 41 71 69
54 31 51 52 61 21 64 38 40 50 58 55 49 25 62 56 76 72 68 38 34 65 68 75 71 5 83 59 41 45 34 26 37 23 0 29 48 62 38 75 70 45 28 27 9 69 22 40 51 44
38 78 50 42 8 51 33 46 41 48 66 68 63 32 14 24 66 45 52 76 93 69 85 23 57 25 58 54 19 81 53 49 65 21 29 0 82 46 30 57 23 73 91 32 43 55 75 32 33 30
9 51 67 75 33 51 44 66 46 27 15 24 36 7 50 26 37 51 84 52 81 21 80 37 87 10 27 82 76 49 94 65 32 45 48 82 0 47 23 37 61 50 94 42 32 25 72 61 61 51
62 53 43 85 21 49 62 69 38 68 55 28 25 46 21 25 69 62 71 36 76 61 24 12 28 65 40 37 48 47 10 54 19 34 62 46 47 0 90 45 45 70 57 50 20 81 16 46 40 91
40 26 13 51 20 39 60 42 69 13 41 54 51 14 27 23 88 84 71 28 46 59 73 23 65 36 27 55 49 43 67 58 73 50 38 30 23 90 0 52 66 47 41 40 10 54 54 69 33 54
19 46 62 22 55 88 48 45 47 83 76 87 77 50 49 42 53 48 92 64 39 56 36 65 93 50 70 23 11 67 20 57 53 42 75 57 37 45 52 0 53 29 39 13 38 51 19 92 68 64
64 67 78 73 49 53 60 54 75 19 71 60 33 56 82 64 45 42 62 68 35 48 68 46 63 50 19 75 60 68 45 62 18 45 70 23 61 45 66 53 0 34 76 48 45 51 10 65 50 81
26 52 28 78 70 28 40 26 49 77 9 47 7 54 12 70 67 71 55 44 68 50 55 58 40 68 81 15 37 59 22 50 36 10 45 73 50 70 47 29 34 0 32 23 58 46 49 53 46 59
87 10 65 33 39 12 71 69 65 44 33 48 52 56 69 25 53 72 64 46 47 41 72 92 34 54 31 77 35 95 19 32 21 47 28 91 94 57 41 39 76 32 0 92 76 82 49 59 41 45
18 37 38 69 45 49 51 14 36 51 72 90 60 68 51 88 56 7 64 81 46 52 51 52 43 20 54 55 27 54 21 21 53 55 27 32 42 50 40 13 48 23 92 0 52 56 46 83 40 46
66 79 47 34 69 51 45 67 45 40 87 39 72 78 71 62 60 30 19 74 90 69 54 44 55 57 24 66 30 40 45 78 28 58 9 43 32 20 10 38 45 58 76 52 0 58 62 54 38 62
19 38 58 39 39 59 33 37 59 36 7 82 85 79 53 49 79 67 59 73 77 46 60 79 57 54 64 37 49 46 84 52 68 25 69 55 25 81 54 51 51 46 82 56 58 0 57 61 53 68
26 20 39 68 20 54 48 87 29 30 38 84 59 80 54 96 65 75 68 43 52 28 53 40 81 56 35 70 56 69 91 62 27 48 22 75 72 16 54 19 10 49 49 46 62 57 0 66 85 48
73 56 55 31 57 60 74 77 54 61 55 23 67 37 41 31 45 71 72 49 74 49 43 14 36 34 24 39 47 69 53 73 21 41 40 32 61 46 69 92 65 53 59 83 54 61 66 0 54 22
72 84 29 29 41 71 70 58 55 18 54 40 50 37 45 14 58 14 33 51 11 67 44 32 24 26 38 49 40 52 29 24 53 71 51 33 61 40 33 68 50 46 41 40 38 53 85 54 0 56
55 34 29 66 62 23 56 37 54 40 28 54 41 10 68 16 38 34 56 70 82 8 16 81 50 57 29 30 66 59 51 35 16 69 44 30 51 91 54 64 81 59 45 46 62 68 48 22 56 0
RRRRRRRRRRRRRRRRRRRRRRRRRBBBBBBBBBBBBBBBBBBBBBBBBB
