50
0 64 14 3 82 88 45 68 44 27 50 75 92 85 27 86 88 41 29 83 4 31 40 32 17 3 31 23 77 12 99 84 66 76 92 95 4 59 36 40 68 75 80 75 41 44 84 92 39 68
64 0 37 4 81 8 89 40 77 100 46 15 19 22 49 28 49 99 52 28 78 69 32 27 80 79 85 10 25 86 28 43 69 34 23 35 78 4 53 93 35 30 31 47 51 30 72 47 36 47
14 37 0 34 89 75 34 86 8 30 40 43 93 64 47 67 81 9 24 68 34 7 99 75 36 9 28 7 81 4 73 31 47 79 61 78 36 36 15 35 74 86 26 99 32 51 55 62 57 21
3 4 34 0 63 25 34 88 26 3 42 63 55 79 19 93 44 53 41 75 60 67 92 80 19 34 56 6 77 44 38 24 25 80 77 96 67 81 56 16 86 75 22 31 20 100 87 76 35 29
82 81 89 63 0 72 92 19 49 43 61 9 57 5 78 17 6 75 100 52 93 37 12 23 51 84 87 54 71 60 60 32 68 34 2 44 71 65 86 70 44 20 75 9 21 23 17 56 57 74
88 8 75 25 72 0 84 19 71 51 72 20 12 76 22 13 43 57 29 3 7 82 58 15 8 47 96 27 9 97 12 1 48 6 37 2 38 62 90 86 32 16 94 12 54 5 38 35 60 38
45 89 34 34 92 84 0 59 62 39 31 79 70 51 21 75 83 87 61 49 52 26 55 80 28 48 12 19 58 6 45 72 15 54 100 94 4 80 7 1 41 87 7 99 4 92 82 67 12 42
68 40 86 88 19 19 59 0 98 79 87 40 31 34 97 3 37 90 80 22 93 66 4 20 70 60 59 87 19 91 17 41 73 39 7 10 79 20 86 99 26 27 50 17 29 42 64 61 90 66
44 77 8 26 49 71 62 98 0 22 13 99 58 35 22 90 79 5 53 55 23 56 65 38 53 28 8 16 54 20 97 72 58 81 98 98 51 59 57 32 88 73 55 56 4 57 44 60 8 18
27 100 30 3 43 51 39 79 22 0 16 94 58 96 30 83 73 74 53 78 13 24 66 67 27 15 16 47 85 6 61 99 15 43 71 92 71 70 51 4 93 45 39 57 47 74 50 65 41 15
50 46 40 42 61 72 31 87 13 16 0 38 80 66 20 72 98 41 9 98 39 80 64 87 74 5 15 70 65 66 71 41 61 92 89 94 26 86 19 12 56 80 57 51 66 93 66 56 15 13
75 15 43 63 9 20 79 40 99 94 38 0 9 21 80 25 20 73 31 29 99 91 47 46 44 94 52 83 45 47 22 32 87 21 33 5 68 37 85 68 58 27 87 24 82 52 19 2 65 86
92 19 93 55 57 12 70 31 58 58 80 9 0 29 84 3 38 48 92 7 46 61 14 2 67 65 57 56 40 49 35 24 93 11 28 18 79 13 54 78 19 29 56 52 61 29 14 17 60 35
85 22 64 79 5 76 51 34 35 96 66 21 29 0 50 14 30 100 68 25 60 76 10 44 79 85 79 75 27 85 17 45 96 3 6 43 100 93 85 87 34 2 87 32 53 43 58 24 77 73
27 49 47 19 78 22 21 97 22 30 20 80 84 50 0 99 79 9 14 37 12 49 79 84 13 19 32 2 92 32 88 73 17 76 50 86 30 76 27 12 95 77 46 71 4 10 53 60 21 54
86 28 67 93 17 13 75 3 90 83 72 25 3 14 99 0 16 45 88 4 76 47 33 18 81 70 68 44 56 91 30 8 73 25 38 62 66 32 35 52 8 48 99 32 42 63 38 11 73 78
88 49 81 44 6 43 83 37 79 73 98 20 38 30 79 16 0 95 78 43 56 86 55 25 91 45 45 33 23 63 31 31 79 7 27 31 66 21 64 44 40 97 95 20 18 38 19 35 32 64
41 99 9 53 75 57 87 90 5 74 41 73 48 100 9 45 95 0 8 86 35 46 90 49 20 18 56 97 39 35 91 56 49 81 72 65 49 92 5 14 92 47 53 45 11 89 33 50 53 29
29 52 24 41 100 29 61 80 53 53 9 31 92 68 14 88 78 8 0 89 58 2 71 99 23 18 2 49 58 13 40 97 55 53 71 79 27 94 2 63 87 68 65 66 18 94 90 49 34 31
83 28 68 75 52 3 49 22 55 78 98 29 7 25 37 4 43 86 89 0 87 74 54 34 93 64 54 41 18 91 10 20 25 6 15 65 53 32 54 99 70 31 80 21 94 30 46 46 90 67
4 78 34 60 93 7 52 93 23 13 39 99 46 60 12 76 56 35 58 87 0 25 95 54 5 31 40 28 91 30 99 70 73 48 29 68 3 64 32 73 75 53 17 79 26 53 56 82 4 18
31 69 7 67 37 82 26 66 56 24 80 91 61 76 49 47 86 46 2 74 25 0 82 95 46 22 58 30 40 6 99 69 39 72 56 95 54 79 26 58 64 93 12 67 12 52 99 80 31 44
40 32 99 92 12 58 55 4 65 66 64 47 14 10 79 33 55 90 71 54 95 82 0 51 66 69 86 85 12 93 18 41 77 79 43 33 98 32 60 71 29 33 52 17 57 4 12 17 35 90
32 27 75 80 23 15 80 20 38 67 87 46 2 44 84 18 25 49 99 34 54 95 51 0 79 93 94 98 17 81 33 21 93 42 10 47 69 34 35 40 14 69 56 16 3 13 27 41 55 87
17 80 36 19 51 8 28 70 53 27 74 44 67 79 13 81 91 20 23 93 5 46 66 79 0 4 44 32 20 16 78 99 42 84 75 70 33 75 16 15 61 86 68 93 2 24 82 53 28 16
3 79 9 34 84 47 48 60 28 15 5 94 65 85 19 70 45 18 18 64 31 22 69 93 4 0 13 63 73 5 81 44 9 86 79 68 15 89 24 73 99 99 13 44 46 52 93 64 24 36
31 85 28 56 87 96 12 59 8 16 15 52 57 79 32 68 45 56 2 54 40 58 86 94 44 13 0 38 99 18 58 63 35 92 67 97 30 87 65 29 79 93 18 95 17 97 71 84 7 7
23 10 7 6 54 27 19 87 16 47 70 83 56 75 2 44 33 97 49 41 28 30 85 98 32 63 38 0 97 53 9 12 20 72 88 53 61 72 1 30 79 60 27 49 18 60 91 95 3 56
77 25 81 77 71 9 58 19 54 85 65 45 40 27 92 56 23 39 58 18 91 40 12 17 20 73 99 97 0 64 5 35 88 66 39 28 78 45 65 87 2 30 85 6 69 74 40 14 96 59
12 86 4 44 60 97 6 91 20 6 66 47 49 85 32 91 63 35 13 91 30 6 93 81 16 5 18 53 64 0 37 79 34 77 99 50 25 88 51 12 74 5 49 23 79 93 85 70 34 38
99 28 73 38 60 12 45 17 97 61 71 22 35 17 88 30 31 91 40 10 99 99 18 33 78 81 58 9 5 37 0 6 56 41 31 4 83 35 32 51 54 9 90 71 75 25 36 41 79 55
84 43 31 24 32 1 72 41 72 99 41 32 24 45 73 8 31 56 97 20 70 69 41 21 99 44 63 12 35 79 6 0 93 53 29 34 54 26 82 78 49 61 49 5 98 7 33 14 90 28
66 69 47 25 68 48 15 73 58 15 61 87 93 96 17 73 79 49 55 25 73 39 77 93 42 9 35 20 88 34 56 93 0 85 61 63 2 99 3 1 69 57 7 94 5 47 85 65 27 67
76 34 79 80 34 6 54 39 81 43 92 21 11 3 76 25 7 81 53 6 48 72 79 42 84 86 92 72 66 77 41 53 85 0 16 54 99 8 82 77 27 42 100 25 57 59 1 26 87 61
92 23 61 77 2 37 100 7 98 71 89 33 28 6 50 38 27 72 71 15 29 56 43 10 75 79 67 88 39 99 31 29 61 16 0 64 86 9 85 32 42 49 96 32 9 10 20 26 90 57
95 35 78 96 44 2 94 10 98 92 94 5 18 43 86 62 31 65 79 65 68 95 33 47 70 68 97 53 28 50 4 34 63 54 64 0 50 27 90 74 41 4 74 23 55 31 6 25 83 96
4 78 36 67 71 38 4 79 51 71 26 68 79 100 30 66 66 49 27 53 3 54 98 69 33 15 30 61 78 25 83 54 2 99 86 50 0 67 56 8 50 80 3 94 25 58 59 52 24 38
59 4 36 81 65 62 80 20 59 70 86 37 13 93 76 32 21 92 94 32 64 79 32 34 75 89 87 72 45 88 35 26 99 8 9 27 67 0 91 63 54 19 42 16 78 74 30 33 75 86
36 53 15 56 86 90 7 86 57 51 19 85 54 85 27 35 64 5 2 54 32 26 60 35 16 24 65 1 65 51 32 82 3 82 85 90 56 91 0 26 81 60 20 85 39 63 73 89 27 38
40 93 35 16 70 86 1 99 32 4 12 68 78 87 12 52 44 14 63 99 73 58 71 40 15 73 29 30 87 12 51 78 1 77 32 74 8 63 26 0 78 90 26 95 11 74 63 73 29 8
68 35 74 86 44 32 41 26 88 93 56 58 19 34 95 8 40 92 87 70 75 64 29 14 61 99 79 79 2 74 54 49 69 27 42 41 50 54 81 78 0 35 80 24 12 71 27 42 94 77
75 30 86 75 20 16 87 27 73 45 80 27 29 2 77 48 97 47 68 31 53 93 33 69 86 99 93 60 30 5 9 61 57 42 49 4 80 19 60 90 35 0 61 34 61 45 8 3 92 42
80 31 26 22 75 94 7 50 55 39 57 87 56 87 46 99 95 53 65 80 17 12 52 56 68 13 18 27 85 49 90 49 7 100 96 74 3 42 20 26 80 61 0 75 17 47 92 100 90 60
75 47 99 31 9 12 99 17 56 57 51 24 52 32 71 32 20 45 66 21 79 67 17 16 93 44 95 49 6 23 71 5 94 25 32 23 94 16 85 95 24 34 75 0 56 26 34 8 61 94
41 51 32 20 21 54 4 29 4 47 66 82 61 53 4 42 18 11 18 94 26 12 57 3 2 46 17 18 69 79 75 98 5 57 9 55 25 78 39 11 12 61 17 56 0 40 74 69 25 10
44 30 51 100 23 5 92 42 57 74 93 52 29 43 10 63 38 89 94 30 53 52 4 13 24 52 97 60 74 93 25 7 47 59 10 31 58 74 63 74 71 45 47 26 40 0 77 25 94 93
84 72 55 87 17 38 82 64 44 50 66 19 14 58 53 38 19 33 90 46 56 99 12 27 82 93 71 91 40 85 36 33 85 1 20 6 59 30 73 63 27 8 92 34 74 77 0 5 60 77
92 47 62 76 56 35 67 61 60 65 56 2 17 24 60 11 35 50 49 46 82 80 17 41 53 64 84 95 14 70 41 14 65 26 26 25 52 33 89 73 42 3 100 8 69 25 5 0 90 93
39 36 57 35 57 60 12 90 8 41 15 65 60 77 21 73 32 53 34 90 4 31 35 55 28 24 7 3 96 34 79 90 27 87 90 83 24 75 27 29 94 92 90 61 25 94 60 90 0 19
68 47 21 29 74 38 42 66 18 15 13 86 35 73 54 78 64 29 31 67 18 44 90 87 16 36 7 56 59 38 55 28 67 61 57 96 38 86 38 8 77 42 60 94 10 93 77 93 19 0
BRBBRRBRBBBRRRBRRBBRBBRRBBBBRBRRBRRRBRBBRRBRBRRRBB
