50
0 36 98 57 73 52 92 40 56 79 63 98 92 41 94 70 42 50 50 34 74 76 78 100 55 64 67 60 56 49 87 66 72 39 34 99 59 75 83 100 57 76 75 61 52 81 42 49 96 97 
36 0 59 17 61 13 50 29 14 35 12 50 43 22 55 53 27 22 19 32 54 53 59 54 10 14 56 9 17 30 41 0 52 31 23 62 27 48 53 46 9 54 58 25 29 57 11 32 49 41 
98 59 0 38 95 57 85 44 47 78 48 87 67 56 85 94 38 57 41 44 72 73 75 93 41 49 73 62 45 51 86 52 86 42 52 93 51 71 90 74 34 70 97 63 58 89 66 36 93 89 
57 17 38 0 53 2 34 33 9 39 1 65 56 5 37 47 0 19 29 5 39 43 66 39 9 21 49 30 31 6 35 26 39 31 13 62 1 34 58 47 16 53 53 10 26 47 7 18 61 37 
73 61 95 53 0 42 84 57 56 70 44 85 94 36 98 74 51 57 47 64 91 85 89 97 45 48 86 42 50 55 77 55 89 36 37 93 58 76 79 85 41 81 89 41 66 72 64 46 97 73 
52 13 57 2 42 0 44 17 5 60 30 52 34 17 66 34 26 19 17 18 65 52 35 46 25 27 45 25 28 2 47 31 54 0 32 60 26 54 34 51 1 36 41 21 10 38 13 27 55 65 
92 50 85 34 84 44 0 43 63 86 35 78 99 45 72 71 50 37 47 60 94 96 86 79 45 34 68 57 64 41 92 59 77 46 54 80 34 74 85 78 37 88 68 42 45 96 61 39 90 98 
40 29 44 33 57 17 43 0 14 65 14 48 44 23 46 49 2 3 23 5 63 36 55 50 17 8 42 15 31 4 62 30 66 28 1 51 28 64 52 48 2 39 40 19 19 36 28 11 52 63 
56 14 47 9 56 5 63 14 0 56 28 37 38 28 60 34 28 7 3 1 53 36 39 48 7 6 41 12 17 24 55 8 63 3 14 49 3 56 53 65 31 58 50 0 4 65 30 2 43 60 
79 35 78 39 70 60 86 65 56 0 56 70 84 65 100 85 37 49 52 36 68 84 82 69 44 49 87 41 63 61 89 49 70 51 50 98 46 73 84 79 39 68 97 59 40 79 55 58 79 91 
63 12 48 1 44 30 35 14 28 56 0 40 42 1 47 36 7 25 2 0 57 34 39 45 3 16 59 21 7 12 36 0 58 28 23 53 15 59 36 42 8 40 46 3 21 50 26 26 61 66 
98 50 87 65 85 52 78 48 37 70 40 0 80 62 92 78 50 56 57 35 98 74 73 100 57 62 94 63 49 47 67 54 78 66 47 69 65 95 68 84 59 73 80 50 49 85 58 54 96 93 
92 43 67 56 94 34 99 44 38 84 42 80 0 55 98 84 55 58 45 60 97 91 80 97 51 62 84 49 48 52 81 50 94 37 44 93 66 72 100 96 50 86 98 62 58 81 34 34 86 73 
41 22 56 5 36 17 45 23 28 65 1 62 55 0 46 55 10 30 11 7 48 59 35 34 3 23 41 25 21 10 35 26 60 31 10 65 12 59 43 54 33 34 59 1 17 44 20 16 44 60 
94 55 85 37 98 66 72 46 60 100 47 92 98 46 0 87 47 48 58 36 86 84 71 86 58 39 87 52 42 40 81 43 79 48 43 87 63 78 87 86 55 67 69 50 40 98 48 56 78 99 
70 53 94 47 74 34 71 49 34 85 36 78 84 55 87 0 41 53 40 64 94 99 76 89 45 61 89 41 45 64 91 48 72 34 50 74 46 74 91 92 42 100 97 65 49 90 65 54 71 86 
42 27 38 0 51 26 50 2 28 37 7 50 55 10 47 41 0 8 3 12 34 49 64 56 20 3 47 24 4 13 43 15 41 17 19 40 24 55 51 41 1 47 42 24 4 40 0 31 41 66 
50 22 57 19 57 19 37 3 7 49 25 56 58 30 48 53 8 0 0 5 44 49 54 41 18 8 49 2 2 31 63 10 43 25 4 51 1 57 61 55 6 62 55 23 19 54 17 0 51 54 
50 19 41 29 47 17 47 23 3 52 2 57 45 11 58 40 3 0 0 13 62 51 49 57 28 8 50 5 29 5 52 32 59 10 0 38 19 44 63 43 28 60 54 7 18 66 31 30 38 65 
34 32 44 5 64 18 60 5 1 36 0 35 60 7 36 64 12 5 13 0 55 38 43 65 28 2 48 31 25 14 60 9 40 3 9 51 16 49 50 49 16 53 54 4 25 49 19 27 62 51 
74 54 72 39 91 65 94 63 53 68 57 98 97 48 86 94 34 44 62 55 0 78 76 82 46 44 80 50 34 43 79 62 82 63 58 75 57 69 73 95 54 93 72 51 39 71 42 41 87 70 
76 53 73 43 85 52 96 36 36 84 34 74 91 59 84 99 49 49 51 38 78 0 78 100 37 52 75 49 35 53 92 48 84 64 51 77 45 100 70 72 37 100 84 62 50 73 53 48 78 90 
78 59 75 66 89 35 86 55 39 82 39 73 80 35 71 76 64 54 49 43 76 78 0 92 41 66 100 36 66 49 94 56 82 39 35 86 53 99 96 77 63 78 80 46 63 67 55 48 77 96 
100 54 93 39 97 46 79 50 48 69 45 100 97 34 86 89 56 41 57 65 82 100 92 0 54 56 82 35 37 57 82 50 97 43 46 72 44 75 92 86 44 92 81 55 45 90 37 65 69 89 
55 10 41 9 45 25 45 17 7 44 3 57 51 3 58 45 20 18 28 28 46 37 41 54 0 16 44 17 28 11 38 26 60 16 25 59 4 49 37 63 16 35 55 24 17 47 32 13 58 53 
64 14 49 21 48 27 34 8 6 49 16 62 62 23 39 61 3 8 8 2 44 52 66 56 16 0 58 20 5 19 56 29 49 8 13 55 32 46 39 55 0 53 48 23 26 43 12 33 54 36 
67 56 73 49 86 45 68 42 41 87 59 94 84 41 87 89 47 49 50 48 80 75 100 82 44 58 0 48 40 36 90 58 90 44 47 79 57 93 69 67 61 70 86 55 58 80 51 47 98 93 
60 9 62 30 42 25 57 15 12 41 21 63 49 25 52 41 24 2 5 31 50 49 36 35 17 20 48 0 29 26 43 14 47 22 20 34 2 63 39 38 32 38 66 29 26 43 30 5 63 61 
56 17 45 31 50 28 64 31 17 63 7 49 48 21 42 45 4 2 29 25 34 35 66 37 28 5 40 29 0 29 34 4 60 13 13 49 9 45 61 59 29 65 62 4 9 48 31 33 42 44 
49 30 51 6 55 2 41 4 24 61 12 47 52 10 40 64 13 31 5 14 43 53 49 57 11 19 36 26 29 0 38 4 46 29 22 43 32 59 66 43 28 45 47 27 22 45 11 29 44 41 
87 41 86 35 77 47 92 62 55 89 36 67 81 35 81 91 43 63 52 60 79 92 94 82 38 56 90 43 34 38 0 53 85 63 45 82 62 82 68 98 58 96 91 53 43 75 38 55 96 89 
66 0 52 26 55 31 59 30 8 49 0 54 50 26 43 48 15 10 32 9 62 48 56 50 26 29 58 14 4 4 53 0 35 31 33 66 30 65 40 39 28 50 43 11 15 36 25 31 66 50 
72 52 86 39 89 54 77 66 63 70 58 78 94 60 79 72 41 43 59 40 82 84 82 97 60 49 90 47 60 46 85 35 0 58 61 76 45 91 98 86 40 75 76 41 53 78 59 63 96 86 
39 31 42 31 36 0 46 28 3 51 28 66 37 31 48 34 17 25 10 3 63 64 39 43 16 8 44 22 13 29 63 31 58 0 13 64 25 62 39 49 16 50 48 18 29 60 7 26 50 40 
34 23 52 13 37 32 54 1 14 50 23 47 44 10 43 50 19 4 0 9 58 51 35 46 25 13 47 20 13 22 45 33 61 13 0 46 8 40 62 55 29 54 61 12 7 41 20 6 55 34 
99 62 93 62 93 60 80 51 49 98 53 69 93 65 87 74 40 51 38 51 75 77 86 72 59 55 79 34 49 43 82 66 76 64 46 0 46 86 99 100 38 95 100 54 63 71 51 46 98 100 
59 27 51 1 58 26 34 28 3 46 15 65 66 12 63 46 24 1 19 16 57 45 53 44 4 32 57 2 9 32 62 30 45 25 8 46 0 46 47 66 18 58 37 16 3 60 1 16 65 38 
75 48 71 34 76 54 74 64 56 73 59 95 72 59 78 74 55 57 44 49 69 100 99 75 49 46 93 63 45 59 82 65 91 62 40 86 46 0 82 93 40 97 76 50 51 70 35 40 81 71 
83 53 90 58 79 34 85 52 53 84 36 68 100 43 87 91 51 61 63 50 73 70 96 92 37 39 69 39 61 66 68 40 98 39 62 99 47 82 0 80 49 82 79 54 56 80 59 49 97 84 
100 46 74 47 85 51 78 48 65 79 42 84 96 54 86 92 41 55 43 49 95 72 77 86 63 55 67 38 59 43 98 39 86 49 55 100 66 93 80 0 45 79 69 62 48 94 55 52 73 71 
57 9 34 16 41 1 37 2 31 39 8 59 50 33 55 42 1 6 28 16 54 37 63 44 16 0 61 32 29 28 58 28 40 16 29 38 18 40 49 45 0 43 54 14 17 62 21 28 48 54 
76 54 70 53 81 36 88 39 58 68 40 73 86 34 67 100 47 62 60 53 93 100 78 92 35 53 70 38 65 45 96 50 75 50 54 95 58 97 82 79 43 0 67 34 58 95 43 64 97 92 
75 58 97 53 89 41 68 40 50 97 46 80 98 59 69 97 42 55 54 54 72 84 80 81 55 48 86 66 62 47 91 43 76 48 61 100 37 76 79 69 54 67 0 51 65 95 66 46 97 88 
61 25 63 10 41 21 42 19 0 59 3 50 62 1 50 65 24 23 7 4 51 62 46 55 24 23 55 29 4 27 53 11 41 18 12 54 16 50 54 62 14 34 51 0 16 34 11 1 60 59 
52 29 58 26 66 10 45 19 4 40 21 49 58 17 40 49 4 19 18 25 39 50 63 45 17 26 58 26 9 22 43 15 53 29 7 63 3 51 56 48 17 58 65 16 0 43 0 22 66 36 
81 57 89 47 72 38 96 36 65 79 50 85 81 44 98 90 40 54 66 49 71 73 67 90 47 43 80 43 48 45 75 36 78 60 41 71 60 70 80 94 62 95 95 34 43 0 39 64 80 90 
42 11 66 7 64 13 61 28 30 55 26 58 34 20 48 65 0 17 31 19 42 53 55 37 32 12 51 30 31 11 38 25 59 7 20 51 1 35 59 55 21 43 66 11 0 39 0 26 39 49 
49 32 36 18 46 27 39 11 2 58 26 54 34 16 56 54 31 0 30 27 41 48 48 65 13 33 47 5 33 29 55 31 63 26 6 46 16 40 49 52 28 64 46 1 22 64 26 0 59 35 
96 49 93 61 97 55 90 52 43 79 61 96 86 44 78 71 41 51 38 62 87 78 77 69 58 54 98 63 42 44 96 66 96 50 55 98 65 81 97 73 48 97 97 60 66 80 39 59 0 86 
97 41 89 37 73 65 98 63 60 91 66 93 73 60 99 86 66 54 65 51 70 90 96 89 53 36 93 61 44 41 89 50 86 40 34 100 38 71 84 71 54 92 88 59 36 90 49 35 86 0 
BRBRBRBRRBRBBRBBRRRRBBBBRRBRRRBRBRRBRBBBRBBRRBRRBB