50
0 69 45 83 86 48 43 47 92 66 55 80 17 1 69 21 20 52 33 24 0 24 33 7 80 95 17 46 98 3 98 9 42 26 33 3 85 17 49 48 30 60 36 6 38 4 99 56 24 92
69 0 43 40 36 40 49 31 11 48 18 38 9 0 41 6 10 15 24 13 19 25 29 44 48 6 31 38 43 4 42 35 23 27 40 39 12 39 31 9 48 23 29 21 19 49 10 24 29 18
45 43 0 37 42 48 51 57 53 54 43 60 47 51 53 61 59 40 43 60 35 51 60 63 53 43 37 56 54 41 57 56 57 49 35 62 49 43 55 52 55 64 49 61 45 36 63 36 61 40
83 40 37 0 10 20 37 13 39 3 43 19 45 42 21 11 15 6 1 35 41 34 2 40 11 12 0 3 10 21 31 10 44 37 46 25 50 14 3 36 13 1 48 3 37 15 44 41 13 7
86 36 42 10 0 76 71 99 78 85 82 60 61 83 64 88 94 84 53 86 83 72 73 90 64 56 83 81 55 92 95 64 70 73 94 67 54 94 81 65 79 99 81 64 61 90 92 95 53 91
48 40 48 20 76 0 64 62 48 35 56 56 51 53 39 42 39 35 65 61 37 60 60 57 40 46 64 60 58 39 51 39 63 57 47 59 38 38 49 48 53 37 49 36 36 41 35 60 43 49
43 49 51 37 71 64 0 26 28 38 37 11 37 27 20 30 35 41 40 31 24 49 0 50 50 39 0 4 25 42 44 0 37 4 26 33 39 24 3 2 2 48 43 12 15 39 23 15 5 6
47 31 57 13 99 62 26 0 59 87 58 64 52 94 77 52 97 100 74 70 73 59 95 72 95 59 59 68 78 68 97 73 55 89 53 73 92 93 72 50 76 77 94 53 88 59 86 82 90 64
92 11 53 39 78 48 28 59 0 45 28 13 3 45 30 11 3 29 24 11 22 43 6 40 34 14 22 0 12 46 23 10 0 11 12 44 25 0 19 1 30 46 9 24 50 23 44 39 23 15
66 48 54 3 85 35 38 87 45 0 45 1 49 23 26 50 7 34 30 47 40 49 33 18 0 44 17 30 27 33 38 28 32 24 17 30 5 21 15 21 45 13 28 46 5 22 14 42 41 45
55 18 43 43 82 56 37 58 28 45 0 93 99 74 83 74 56 92 93 74 72 66 85 81 53 71 62 59 96 85 54 96 63 89 98 76 60 58 73 50 74 61 83 77 88 95 78 88 66 67
80 38 60 19 60 56 11 64 13 1 93 0 97 72 91 99 90 90 52 54 51 74 86 71 65 81 95 55 72 74 54 93 76 65 100 84 71 82 77 99 63 90 81 83 74 74 75 72 76 93
17 9 47 45 61 51 37 52 3 49 99 97 0 57 44 54 57 53 46 62 48 64 52 64 40 58 47 38 48 63 44 64 39 50 63 46 37 49 55 51 61 44 44 38 49 42 50 36 65 65
1 0 51 42 83 53 27 94 45 23 74 72 57 0 60 49 65 61 58 64 45 59 54 41 41 51 46 56 55 50 56 52 57 60 60 46 49 61 53 56 65 39 40 47 38 65 59 55 39 49
69 41 53 21 64 39 20 77 30 26 83 91 44 60 0 37 35 57 43 58 35 49 52 39 52 46 39 54 52 38 52 41 51 44 53 55 57 43 54 62 56 41 55 51 61 37 60 38 64 62
21 6 61 11 88 42 30 52 11 50 74 99 54 49 37 0 90 53 79 64 86 91 84 50 55 75 97 86 89 78 61 60 98 66 60 93 60 58 61 88 86 62 57 72 59 51 59 94 100 69
20 10 59 15 94 39 35 97 3 7 56 90 57 65 35 90 0 49 53 49 57 47 60 39 52 37 39 54 60 45 59 51 59 46 51 46 61 43 63 36 45 51 50 64 43 36 42 60 56 43
52 15 40 6 84 35 41 100 29 34 92 90 53 61 57 53 49 0 65 51 62 39 48 43 40 49 53 64 48 36 65 41 56 56 56 50 55 42 46 45 48 46 58 52 59 43 52 55 65 52
33 24 43 1 53 65 40 74 24 30 93 52 46 58 43 79 53 65 0 65 98 55 64 96 94 76 94 97 65 72 78 81 66 56 67 57 76 64 82 57 61 78 64 92 95 66 92 63 56 74
24 13 60 35 86 61 31 70 11 47 74 54 62 64 58 64 49 51 65 0 4 13 49 6 0 25 14 1 26 9 10 38 29 45 23 12 34 50 49 28 32 13 19 7 38 50 31 42 39 8
0 19 35 41 83 37 24 73 22 40 72 51 48 45 35 86 57 62 98 4 0 39 43 64 41 49 62 38 39 42 47 59 42 61 41 44 43 37 62 59 60 53 63 63 36 51 65 64 44 60
24 25 51 34 72 60 49 59 43 49 66 74 64 59 49 91 47 39 55 13 39 0 31 15 15 31 20 11 25 12 20 42 30 41 13 32 33 22 41 24 39 39 22 11 7 29 1 17 42 14
33 29 60 2 73 60 0 95 6 33 85 86 52 54 52 84 60 48 64 49 43 31 0 99 95 96 67 70 74 85 92 58 75 74 79 81 72 66 86 70 84 68 62 64 89 72 73 80 76 77
7 44 63 40 90 57 50 72 40 18 81 71 64 41 39 50 39 43 96 6 64 15 99 0 65 40 61 44 47 48 37 40 60 62 45 44 63 52 63 58 54 59 52 58 58 60 37 45 37 48
80 48 53 11 64 40 50 95 34 0 53 65 40 41 52 55 52 40 94 0 41 15 95 65 0 94 68 85 88 56 93 50 79 98 52 78 73 62 83 88 73 60 92 54 81 98 66 84 85 63
95 6 43 12 56 46 39 59 14 44 71 81 58 51 46 75 37 49 76 25 49 31 96 40 94 0 48 64 36 58 35 54 53 49 63 53 48 43 52 37 38 62 46 43 64 36 63 55 41 40
17 31 37 0 83 64 0 59 22 17 62 95 47 46 39 97 39 53 94 14 62 20 67 61 68 48 0 35 61 61 55 39 39 59 40 36 57 58 49 41 56 37 60 37 44 48 41 48 46 35
46 38 56 3 81 60 4 68 0 30 59 55 38 56 54 86 54 64 97 1 38 11 70 44 85 64 35 0 65 76 79 61 75 58 86 72 72 75 67 55 91 92 78 96 63 68 73 90 81 90
98 43 54 10 55 58 25 78 12 27 96 72 48 55 52 89 60 48 65 26 39 25 74 47 88 36 61 65 0 2 2 6 42 33 37 8 44 43 8 8 33 26 37 39 39 36 50 21 23 1
3 4 41 21 92 39 42 68 46 33 85 74 63 50 38 78 45 36 72 9 42 12 85 48 56 58 61 76 2 0 87 87 78 88 97 97 90 60 61 59 55 100 64 91 80 99 54 54 79 56
98 42 57 31 95 51 44 97 23 38 54 54 44 56 52 61 59 65 78 10 47 20 92 37 93 35 55 79 2 87 0 39 33 41 13 12 39 3 5 46 50 39 14 31 21 32 10 18 7 6
9 35 56 10 64 39 0 73 10 28 96 93 64 52 41 60 51 41 81 38 59 42 58 40 50 54 39 61 6 87 39 0 42 39 58 49 50 53 56 59 58 52 47 50 60 60 53 39 57 50
42 23 57 44 70 63 37 55 0 32 63 76 39 57 51 98 59 56 66 29 42 30 75 60 79 53 39 75 42 78 33 42 0 50 33 37 24 6 11 24 24 10 48 5 18 11 30 37 13 12
26 27 49 37 73 57 4 89 11 24 89 65 50 60 44 66 46 56 56 45 61 41 74 62 98 49 59 58 33 88 41 39 50 0 32 42 47 35 37 48 2 16 32 11 49 26 29 42 18 11
33 40 35 46 94 47 26 53 12 17 98 100 63 60 53 60 51 56 67 23 41 13 79 45 52 63 40 86 37 97 13 58 33 32 0 2 28 5 29 31 21 23 43 25 48 36 2 12 2 25
3 39 62 25 67 59 33 73 44 30 76 84 46 46 55 93 46 50 57 12 44 32 81 44 78 53 36 72 8 97 12 49 37 42 2 0 54 45 35 54 57 40 64 45 64 48 43 55 53 44
85 12 49 50 54 38 39 92 25 5 60 71 37 49 57 60 61 55 76 34 43 33 72 63 73 48 57 72 44 90 39 50 24 47 28 54 0 16 11 26 18 43 50 8 40 36 39 22 8 1
17 39 43 14 94 38 24 93 0 21 58 82 49 61 43 58 43 42 64 50 37 22 66 52 62 43 58 75 43 60 3 53 6 35 5 45 16 0 35 49 54 45 45 47 62 36 52 44 61 64
49 31 55 3 81 49 3 72 19 15 73 77 55 53 54 61 63 46 82 49 62 41 86 63 83 52 49 67 8 61 5 56 11 37 29 35 11 35 0 69 74 59 85 74 72 71 98 85 60 68
48 9 52 36 65 48 2 50 1 21 50 99 51 56 62 88 36 45 57 28 59 24 70 58 88 37 41 55 8 59 46 59 24 48 31 54 26 49 69 0 69 57 75 87 76 80 74 60 69 62
30 48 55 13 79 53 2 76 30 45 74 63 61 65 56 86 45 48 61 32 60 39 84 54 73 38 56 91 33 55 50 58 24 2 21 57 18 54 74 69 0 36 45 35 47 54 54 50 59 45
60 23 64 1 99 37 48 77 46 13 61 90 44 39 41 62 51 46 78 13 53 39 68 59 60 62 37 92 26 100 39 52 10 16 23 40 43 45 59 57 36 0 76 55 71 92 75 63 88 66
36 29 49 48 81 49 43 94 9 28 83 81 44 40 55 57 50 58 64 19 63 22 62 52 92 46 60 78 37 64 14 47 48 32 43 64 50 45 85 75 45 76 0 12 31 23 7 8 15 46
6 21 61 3 64 36 12 53 24 46 77 83 38 47 51 72 64 52 92 7 63 11 64 58 54 43 37 96 39 91 31 50 5 11 25 45 8 47 74 87 35 55 12 0 79 96 80 63 87 99
38 19 45 37 61 36 15 88 50 5 88 74 49 38 61 59 43 59 95 38 36 7 89 58 81 64 44 63 39 80 21 60 18 49 48 64 40 62 72 76 47 71 31 79 0 42 23 27 17 6
4 49 36 15 90 41 39 59 23 22 95 74 42 65 37 51 36 43 66 50 51 29 72 60 98 36 48 68 36 99 32 60 11 26 36 48 36 36 71 80 54 92 23 96 42 0 41 10 44 24
99 10 63 44 92 35 23 86 44 14 78 75 50 59 60 59 42 52 92 31 65 1 73 37 66 63 41 73 50 54 10 53 30 29 2 43 39 52 98 74 54 75 7 80 23 41 0 17 41 0
56 24 36 41 95 60 15 82 39 42 88 72 36 55 38 94 60 55 63 42 64 17 80 45 84 55 48 90 21 54 18 39 37 42 12 55 22 44 85 60 50 63 8 63 27 10 17 0 58 47
24 29 61 13 53 43 5 90 23 41 66 76 65 39 64 100 56 65 56 39 44 42 76 37 85 41 46 81 23 79 7 57 13 18 2 53 8 61 60 69 59 88 15 87 17 44 41 58 0 80
92 18 40 7 91 49 6 64 15 45 67 93 65 49 62 69 43 52 74 8 60 14 77 48 63 40 35 90 1 56 6 50 12 11 25 44 1 64 68 62 45 66 46 99 6 24 0 47 80 0
RRRRRRRRRRRRRRRRRRRRRRRRRBBBBBBBBBBBBBBBBBBBBBBBBB