50
0 99 8 1 6 8 5 7 7 7 2 10 7 1 7 2 6 5 5 9 2 6 2 5 7 10 39 12 29 53 26 11 44 27 10 46 35 48 34 49 12 13 22 10 16 30 23 38 45 14
99 0 36 12 54 25 31 18 12 34 23 21 22 48 48 31 22 38 39 15 39 20 46 50 17 11 0 0 0 0 0 0 0 0 0 0 0 0 0 0 0 0 0 0 0 0 0 0 0 0
8 36 0 98 56 66 71 74 74 84 75 100 98 98 98 91 92 100 63 72 70 85 68 61 63 88 52 28 34 24 10 54 36 34 23 28 16 52 31 11 25 19 49 10 41 15 31 35 19 44
1 12 98 0 71 86 70 63 63 56 78 98 65 83 99 59 89 84 61 58 64 88 66 80 86 59 12 44 30 49 23 55 43 16 25 40 43 15 41 13 35 25 16 19 14 38 30 20 29 50
6 54 56 71 0 100 95 85 62 61 87 81 83 68 62 95 62 56 82 70 80 83 74 84 64 56 46 23 11 16 31 24 42 21 51 23 43 40 52 38 32 22 31 31 32 39 45 30 21 42
8 25 66 86 100 0 72 59 99 90 83 58 61 64 76 92 89 62 83 84 82 93 82 67 56 62 44 12 40 44 38 39 38 31 50 29 32 41 52 40 14 27 18 42 27 44 11 51 52 53
5 31 71 70 95 72 0 84 56 84 55 86 79 56 82 88 63 67 60 85 56 77 90 91 65 86 45 54 17 28 19 35 30 40 37 39 37 38 46 28 46 35 26 38 37 28 47 31 29 38
7 18 74 63 85 59 84 0 71 84 75 86 99 73 97 69 96 65 70 92 97 73 82 85 63 62 38 13 21 29 25 45 10 54 45 10 36 41 37 31 26 17 51 22 30 52 19 37 46 17
7 12 74 63 62 99 56 71 0 69 90 92 94 56 70 67 99 92 97 86 88 87 91 59 55 97 31 43 29 40 51 25 28 21 44 21 16 22 47 36 52 29 27 32 45 26 50 19 20 42
7 34 84 56 61 90 84 84 69 0 60 80 100 94 59 79 72 88 66 56 88 86 73 97 90 69 31 20 29 55 19 42 13 55 42 43 46 32 36 36 34 28 48 38 19 37 44 52 43 27
2 23 75 78 87 83 55 75 90 60 0 82 63 94 84 79 93 55 77 95 92 61 60 58 85 84 28 25 36 51 43 37 10 46 45 35 23 23 47 26 51 44 37 13 46 14 28 40 53 10
10 21 100 98 81 58 86 86 92 80 82 0 84 97 56 65 95 61 63 77 82 89 84 70 57 60 24 50 15 44 19 47 46 50 17 29 20 11 53 23 31 30 34 27 39 37 32 28 35 31
7 22 98 65 83 61 79 99 94 100 63 84 0 84 57 97 96 100 98 92 66 90 89 77 70 81 30 43 36 35 12 13 44 47 14 10 41 34 15 30 32 28 30 17 47 44 54 40 18 39
1 48 98 83 68 64 56 73 56 94 94 97 84 0 71 63 84 55 67 60 63 73 75 89 68 86 17 17 34 54 20 11 14 52 40 40 47 52 37 17 10 18 51 38 24 16 37 21 53 24
7 48 98 99 62 76 82 97 70 59 84 56 57 71 0 60 71 85 80 88 64 69 93 69 66 57 23 49 42 55 20 26 23 20 32 22 51 38 11 49 45 41 36 15 53 37 37 47 16 22
2 31 91 59 95 92 88 69 67 79 79 65 97 63 60 0 74 87 57 90 55 77 87 55 73 59 23 44 42 28 39 25 49 46 53 24 39 53 13 54 24 52 30 43 14 14 52 31 36 44
6 22 92 89 62 89 63 96 99 72 93 95 96 84 71 74 0 98 91 56 60 82 85 70 68 99 50 36 36 48 21 50 26 48 45 52 50 51 19 43 25 41 16 40 55 39 55 37 48 23
5 38 100 84 56 62 67 65 92 88 55 61 100 55 85 87 98 0 64 67 97 88 73 93 78 71 46 29 43 52 49 26 48 19 41 17 11 19 20 47 29 53 28 51 41 31 21 12 29 40
5 39 63 61 82 83 60 70 97 66 77 63 98 67 80 57 91 64 0 94 80 89 77 73 81 69 43 28 39 28 33 21 16 45 35 48 36 50 42 30 51 43 39 55 34 22 24 31 55 55
9 15 72 58 70 84 85 92 86 56 95 77 92 60 88 90 56 67 94 0 67 86 83 92 72 62 47 42 50 36 22 47 14 14 43 22 14 41 39 53 36 38 36 52 47 20 31 11 24 31
2 39 70 64 80 82 56 97 88 88 92 82 66 63 64 55 60 97 80 67 0 85 71 56 86 70 21 22 50 51 38 34 30 55 29 54 28 54 18 17 52 18 55 31 49 27 14 52 16 16
6 20 85 88 83 93 77 73 87 86 61 89 90 73 69 77 82 88 89 86 85 0 87 69 92 83 27 50 14 13 44 53 50 27 36 51 29 32 12 43 39 14 54 16 21 33 19 24 39 41
2 46 68 66 74 82 90 82 91 73 60 84 89 75 93 87 85 73 77 83 71 87 0 83 98 58 16 34 39 17 18 41 46 53 49 22 32 16 51 35 32 24 55 12 51 43 12 44 34 14
5 50 61 80 84 67 91 85 59 97 58 70 77 89 69 55 70 93 73 92 56 69 83 0 73 68 23 55 35 17 50 24 27 54 12 34 17 47 30 32 13 42 23 48 52 47 10 41 24 19
7 17 63 86 64 56 65 63 55 90 85 57 70 68 66 73 68 78 81 72 86 92 98 73 0 100 48 14 43 38 10 11 33 20 18 54 49 47 44 46 53 34 50 13 25 32 38 33 40 51
10 11 88 59 56 62 86 62 97 69 84 60 81 86 57 59 99 71 69 62 70 83 58 68 100 0 31 17 33 44 43 48 14 54 33 48 22 43 28 34 35 25 39 50 45 10 15 54 35 30
39 0 52 12 46 44 45 38 31 31 28 24 30 17 23 23 50 46 43 47 21 27 16 23 48 31 0 55 92 67 97 93 88 63 90 57 56 71 64 81 91 73 88 73 70 69 69 80 83 75
12 0 28 44 23 12 54 13 43 20 25 50 43 17 49 44 36 29 28 42 22 50 34 55 14 17 55 0 95 73 90 60 65 83 96 78 95 94 64 81 60 60 68 57 71 80 60 82 78 79
29 0 34 30 11 40 17 21 29 29 36 15 36 34 42 42 36 43 39 50 50 14 39 35 43 33 92 95 0 96 90 81 96 91 62 64 93 72 79 76 86 89 98 77 70 99 58 60 56 67
53 0 24 49 16 44 28 29 40 55 51 44 35 54 55 28 48 52 28 36 51 13 17 17 38 44 67 73 96 0 68 100 86 96 85 94 72 75 71 75 94 66 84 94 96 56 74 69 99 80
26 0 10 23 31 38 19 25 51 19 43 19 12 20 20 39 21 49 33 22 38 44 18 50 10 43 97 90 90 68 0 55 99 84 90 62 96 80 100 87 86 68 74 82 87 88 79 63 86 75
11 0 54 55 24 39 35 45 25 42 37 47 13 11 26 25 50 26 21 47 34 53 41 24 11 48 93 60 81 100 55 0 70 97 67 80 92 74 55 63 55 93 78 80 94 73 57 72 57 82
44 0 36 43 42 38 30 10 28 13 10 46 44 14 23 49 26 48 16 14 30 50 46 27 33 14 88 65 96 86 99 70 0 89 90 75 90 100 97 73 55 72 84 57 76 56 73 69 58 70
27 0 34 16 21 31 40 54 21 55 46 50 47 52 20 46 48 19 45 14 55 27 53 54 20 54 63 83 91 96 84 97 89 0 68 59 90 92 87 60 55 93 95 59 83 73 58 94 73 83
10 0 23 25 51 50 37 45 44 42 45 17 14 40 32 53 45 41 35 43 29 36 49 12 18 33 90 96 62 85 90 67 90 68 0 55 63 64 66 78 89 96 94 87 92 79 62 64 74 81
46 0 28 40 23 29 39 10 21 43 35 29 10 40 22 24 52 17 48 22 54 51 22 34 54 48 57 78 64 94 62 80 75 59 55 0 91 88 94 83 62 66 91 75 59 92 56 78 90 96
35 0 16 43 43 32 37 36 16 46 23 20 41 47 51 39 50 11 36 14 28 29 32 17 49 22 56 95 93 72 96 92 90 90 63 91 0 72 72 64 86 66 99 88 86 71 63 77 82 85
48 0 52 15 40 41 38 41 22 32 23 11 34 52 38 53 51 19 50 41 54 32 16 47 47 43 71 94 72 75 80 74 100 92 64 88 72 0 56 61 73 90 57 70 99 84 59 76 81 95
34 0 31 41 52 52 46 37 47 36 47 53 15 37 11 13 19 20 42 39 18 12 51 30 44 28 64 64 79 71 100 55 97 87 66 94 72 56 0 72 97 77 99 96 99 88 73 61 83 95
49 0 11 13 38 40 28 31 36 36 26 23 30 17 49 54 43 47 30 53 17 43 35 32 46 34 81 81 76 75 87 63 73 60 78 83 64 61 72 0 67 72 62 95 88 74 85 75 99 98
12 0 25 35 32 14 46 26 52 34 51 31 32 10 45 24 25 29 51 36 52 39 32 13 53 35 91 60 86 94 86 55 55 55 89 62 86 73 97 67 0 57 99 56 80 93 80 71 80 92
13 0 19 25 22 27 35 17 29 28 44 30 28 18 41 52 41 53 43 38 18 14 24 42 34 25 73 60 89 66 68 93 72 93 96 66 66 90 77 72 57 0 75 67 89 90 55 100 93 87
22 0 49 16 31 18 26 51 27 48 37 34 30 51 36 30 16 28 39 36 55 54 55 23 50 39 88 68 98 84 74 78 84 95 94 91 99 57 99 62 99 75 0 58 59 59 87 57 71 78
10 0 10 19 31 42 38 22 32 38 13 27 17 38 15 43 40 51 55 52 31 16 12 48 13 50 73 57 77 94 82 80 57 59 87 75 88 70 96 95 56 67 58 0 98 100 60 69 82 55
16 0 41 14 32 27 37 30 45 19 46 39 47 24 53 14 55 41 34 47 49 21 51 52 25 45 70 71 70 96 87 94 76 83 92 59 86 99 99 88 80 89 59 98 0 92 73 63 87 73
30 0 15 38 39 44 28 52 26 37 14 37 44 16 37 14 39 31 22 20 27 33 43 47 32 10 69 80 99 56 88 73 56 73 79 92 71 84 88 74 93 90 59 100 92 0 90 78 82 65
23 0 31 30 45 11 47 19 50 44 28 32 54 37 37 52 55 21 24 31 14 19 12 10 38 15 69 60 58 74 79 57 73 58 62 56 63 59 73 85 80 55 87 60 73 90 0 92 97 83
38 0 35 20 30 51 31 37 19 52 40 28 40 21 47 31 37 12 31 11 52 24 44 41 33 54 80 82 60 69 63 72 69 94 64 78 77 76 61 75 71 100 57 69 63 78 92 0 86 56
45 0 19 29 21 52 29 46 20 43 53 35 18 53 16 36 48 29 55 24 16 39 34 24 40 35 83 78 56 99 86 57 58 73 74 90 82 81 83 99 80 93 71 82 87 82 97 86 0 72
14 0 44 50 42 53 38 17 42 27 10 31 39 24 22 44 23 40 55 31 16 41 14 19 51 30 75 79 67 80 75 82 70 83 81 96 85 95 95 98 92 87 78 55 73 65 83 56 72 0
BRBBBBBBBBBBBBBBBBBBBBBBBBRRRRRRRRRRRRRRRRRRRRRRRR