48
00 00 00 00 05 05 05 05 10 10 10 10 15 15 15 15 20 20 20 20 25 25 25 25 30 30 30 30 35 35 35 35 40 40 40 40 45 45 45 45 50 50 50 50 55 55 55 55 
00 00 00 00 05 05 05 05 10 10 10 10 15 15 15 15 20 20 20 20 25 25 25 25 30 30 30 30 35 35 35 35 40 40 40 40 45 45 45 45 50 50 50 50 55 55 55 55 
00 00 00 00 05 05 05 05 10 10 10 10 15 15 15 15 20 20 20 20 25 25 25 25 30 30 30 30 35 35 35 35 40 40 40 40 45 45 45 45 50 50 50 50 55 55 55 55 
00 00 00 00 05 05 02 05 10 10 10 10 15 15 15 15 20 20 20 20 25 25 25 25 30 30 30 30 35 35 35 35 40 40 40 40 45 45 45 45 50 50 50 50 55 55 55 55 
05 05 05 05 00 00 00 00 05 05 05 05 10 10 10 10 15 15 15 15 20 20 20 20 25 25 25 25 30 30 30 30 35 35 35 35 40 40 40 40 45 45 45 45 50 50 50 50 
05 05 05 05 00 00 00 00 05 05 05 05 10 10 10 10 15 15 15 15 20 20 20 20 25 25 25 25 30 30 30 30 35 35 35 35 40 40 40 40 45 45 45 45 50 50 50 50 
05 05 05 02 00 00 00 00 05 05 05 05 10 10 10 10 15 15 15 15 20 20 20 20 25 25 25 25 30 30 30 30 35 35 35 35 40 40 40 40 45 45 45 45 50 50 50 50 
05 05 05 05 00 00 00 00 05 05 02 05 10 10 10 10 15 15 15 15 20 20 20 20 25 25 25 25 30 30 30 30 35 35 35 35 40 40 40 40 45 45 45 45 50 50 50 50 
10 10 10 10 05 05 05 05 00 00 00 00 05 05 05 05 10 10 10 10 15 15 15 15 20 20 20 20 25 25 25 25 30 30 30 30 35 35 35 35 40 40 40 40 45 45 45 45 
10 10 10 10 05 05 05 05 00 00 00 00 05 05 05 05 10 10 10 10 15 15 15 15 20 20 20 20 25 25 25 25 30 30 30 30 35 35 35 35 40 40 40 40 45 45 45 45 
10 10 10 10 05 05 05 02 00 00 00 00 05 05 05 05 10 10 10 10 15 15 15 15 20 20 20 20 25 25 25 25 30 30 30 30 35 35 35 35 40 40 40 40 45 45 45 45 
10 10 10 10 05 05 05 05 00 00 00 00 05 05 02 05 10 10 10 10 15 15 15 15 20 20 20 20 25 25 25 25 30 30 30 30 35 35 35 35 40 40 40 40 45 45 45 45 
15 15 15 15 10 10 10 10 05 05 05 05 00 00 00 00 05 05 05 05 10 10 10 10 15 15 15 15 20 20 20 20 25 25 25 25 30 30 30 30 35 35 35 35 40 40 40 40 
15 15 15 15 10 10 10 10 05 05 05 05 00 00 00 00 05 05 05 05 10 10 10 10 15 15 15 15 20 20 20 20 25 25 25 25 30 30 30 30 35 35 35 35 40 40 40 40 
15 15 15 15 10 10 10 10 05 05 05 02 00 00 00 00 05 05 05 05 10 10 10 10 15 15 15 15 20 20 20 20 25 25 25 25 30 30 30 30 35 35 35 35 40 40 40 40 
15 15 15 15 10 10 10 10 05 05 05 05 00 00 00 00 05 05 02 05 10 10 10 10 15 15 15 15 20 20 20 20 25 25 25 25 30 30 30 30 35 35 35 35 40 40 40 40 
20 20 20 20 15 15 15 15 10 10 10 10 05 05 05 05 00 00 00 00 05 05 05 05 10 10 10 10 15 15 15 15 20 20 20 20 25 25 25 25 30 30 30 30 35 35 35 35 
20 20 20 20 15 15 15 15 10 10 10 10 05 05 05 05 00 00 00 00 05 05 05 05 10 10 10 10 15 15 15 15 20 20 20 20 25 25 25 25 30 30 30 30 35 35 35 35 
20 20 20 20 15 15 15 15 10 10 10 10 05 05 05 02 00 00 00 00 05 05 05 05 10 10 10 10 15 15 15 15 20 20 20 20 25 25 25 25 30 30 30 30 35 35 35 35 
20 20 20 20 15 15 15 15 10 10 10 10 05 05 05 05 00 00 00 00 05 05 02 05 10 10 10 10 15 15 15 15 20 20 20 20 25 25 25 25 30 30 30 30 35 35 35 35 
25 25 25 25 20 20 20 20 15 15 15 15 10 10 10 10 05 05 05 05 00 00 00 00 05 05 05 05 10 10 10 10 15 15 15 15 20 20 20 20 25 25 25 25 30 30 30 30 
25 25 25 25 20 20 20 20 15 15 15 15 10 10 10 10 05 05 05 05 00 00 00 00 05 05 05 05 10 10 10 10 15 15 15 15 20 20 20 20 25 25 25 25 30 30 30 30 
25 25 25 25 20 20 20 20 15 15 15 15 10 10 10 10 05 05 05 02 00 00 00 00 05 05 05 05 10 10 10 10 15 15 15 15 20 20 20 20 25 25 25 25 30 30 30 30 
25 25 25 25 20 20 20 20 15 15 15 15 10 10 10 10 05 05 05 05 00 00 00 00 05 05 02 05 10 10 10 10 15 15 15 15 20 20 20 20 25 25 25 25 30 30 30 30 
30 30 30 30 25 25 25 25 20 20 20 20 15 15 15 15 10 10 10 10 05 05 05 05 00 00 00 00 05 05 05 05 10 10 10 10 15 15 15 15 20 20 20 20 25 25 25 25 
30 30 30 30 25 25 25 25 20 20 20 20 15 15 15 15 10 10 10 10 05 05 05 05 00 00 00 00 05 05 05 05 10 10 10 10 15 15 15 15 20 20 20 20 25 25 25 25 
30 30 30 30 25 25 25 25 20 20 20 20 15 15 15 15 10 10 10 10 05 05 05 02 00 00 00 00 05 05 05 05 10 10 10 10 15 15 15 15 20 20 20 20 25 25 25 25 
30 30 30 30 25 25 25 25 20 20 20 20 15 15 15 15 10 10 10 10 05 05 05 05 00 00 00 00 05 05 02 05 10 10 10 10 15 15 15 15 20 20 20 20 25 25 25 25 
35 35 35 35 30 30 30 30 25 25 25 25 20 20 20 20 15 15 15 15 10 10 10 10 05 05 05 05 00 00 00 00 05 05 05 05 10 10 10 10 15 15 15 15 20 20 20 20 
35 35 35 35 30 30 30 30 25 25 25 25 20 20 20 20 15 15 15 15 10 10 10 10 05 05 05 05 00 00 00 00 05 05 05 05 10 10 10 10 15 15 15 15 20 20 20 20 
35 35 35 35 30 30 30 30 25 25 25 25 20 20 20 20 15 15 15 15 10 10 10 10 05 05 05 02 00 00 00 00 05 05 05 05 10 10 10 10 15 15 15 15 20 20 20 20 
35 35 35 35 30 30 30 30 25 25 25 25 20 20 20 20 15 15 15 15 10 10 10 10 05 05 05 05 00 00 00 00 05 05 02 05 10 10 10 10 15 15 15 15 20 20 20 20 
40 40 40 40 35 35 35 35 30 30 30 30 25 25 25 25 20 20 20 20 15 15 15 15 10 10 10 10 05 05 05 05 00 00 00 00 05 05 05 05 10 10 10 10 15 15 15 15 
40 40 40 40 35 35 35 35 30 30 30 30 25 25 25 25 20 20 20 20 15 15 15 15 10 10 10 10 05 05 05 05 00 00 00 00 05 05 05 05 10 10 10 10 15 15 15 15 
40 40 40 40 35 35 35 35 30 30 30 30 25 25 25 25 20 20 20 20 15 15 15 15 10 10 10 10 05 05 05 02 00 00 00 00 05 05 05 05 10 10 10 10 15 15 15 15 
40 40 40 40 35 35 35 35 30 30 30 30 25 25 25 25 20 20 20 20 15 15 15 15 10 10 10 10 05 05 05 05 00 00 00 00 05 05 02 05 10 10 10 10 15 15 15 15 
45 45 45 45 40 40 40 40 35 35 35 35 30 30 30 30 25 25 25 25 20 20 20 20 15 15 15 15 10 10 10 10 05 05 05 05 00 00 00 00 05 05 05 05 10 10 10 10 
45 45 45 45 40 40 40 40 35 35 35 35 30 30 30 30 25 25 25 25 20 20 20 20 15 15 15 15 10 10 10 10 05 05 05 05 00 00 00 00 05 05 05 05 10 10 10 10 
45 45 45 45 40 40 40 40 35 35 35 35 30 30 30 30 25 25 25 25 20 20 20 20 15 15 15 15 10 10 10 10 05 05 05 02 00 00 00 00 05 05 05 05 10 10 10 10 
45 45 45 45 40 40 40 40 35 35 35 35 30 30 30 30 25 25 25 25 20 20 20 20 15 15 15 15 10 10 10 10 05 05 05 05 00 00 00 00 05 05 02 05 10 10 10 10 
50 50 50 50 45 45 45 45 40 40 40 40 35 35 35 35 30 30 30 30 25 25 25 25 20 20 20 20 15 15 15 15 10 10 10 10 05 05 05 05 00 00 00 00 05 05 05 05 
50 50 50 50 45 45 45 45 40 40 40 40 35 35 35 35 30 30 30 30 25 25 25 25 20 20 20 20 15 15 15 15 10 10 10 10 05 05 05 05 00 00 00 00 05 05 05 05 
50 50 50 50 45 45 45 45 40 40 40 40 35 35 35 35 30 30 30 30 25 25 25 25 20 20 20 20 15 15 15 15 10 10 10 10 05 05 05 02 00 00 00 00 05 05 05 05 
50 50 50 50 45 45 45 45 40 40 40 40 35 35 35 35 30 30 30 30 25 25 25 25 20 20 20 20 15 15 15 15 10 10 10 10 05 05 05 05 00 00 00 00 05 05 02 05 
55 55 55 55 50 50 50 50 45 45 45 45 40 40 40 40 35 35 35 35 30 30 30 30 25 25 25 25 20 20 20 20 15 15 15 15 10 10 10 10 05 05 05 05 00 00 00 00 
55 55 55 55 50 50 50 50 45 45 45 45 40 40 40 40 35 35 35 35 30 30 30 30 25 25 25 25 20 20 20 20 15 15 15 15 10 10 10 10 05 05 05 05 00 00 00 00 
55 55 55 55 50 50 50 50 45 45 45 45 40 40 40 40 35 35 35 35 30 30 30 30 25 25 25 25 20 20 20 20 15 15 15 15 10 10 10 10 05 05 05 02 00 00 00 00 
55 55 55 55 50 50 50 50 45 45 45 45 40 40 40 40 35 35 35 35 30 30 30 30 25 25 25 25 20 20 20 20 15 15 15 15 10 10 10 10 05 05 05 05 00 00 00 00
RRRRBBBBRRRRBBBBRRRRBBBBRRRRBBBBRRRRBBBBRRRRBBBB