18
0 50 71 15 13 2 12 3 22 45 76 26 63 97 86 3 15 41 
50 0 64 28 48 22 94 24 5 31 40 77 7 63 88 14 43 98 
71 64 0 94 10 58 64 69 12 16 48 62 14 28 19 5 48 76 
15 28 94 0 12 51 75 76 36 4 8 17 29 44 96 94 79 74 
13 48 10 12 0 4 89 19 59 59 92 65 17 72 82 86 24 75 
2 22 58 51 4 0 7 54 34 24 51 65 9 11 56 74 11 44 
12 94 64 75 89 7 0 13 61 16 74 82 98 46 48 87 64 54 
3 24 69 76 19 54 13 0 33 28 61 29 71 82 27 16 76 25 
22 5 12 36 59 34 61 33 0 94 34 52 38 45 32 88 48 23 
45 31 16 4 59 24 16 28 94 0 3 38 50 9 11 97 40 70 
76 40 48 8 92 51 74 61 34 3 0 64 95 39 98 14 57 8 
26 77 62 17 65 65 82 29 52 38 64 0 85 84 22 49 65 87 
63 7 14 29 17 9 98 71 38 50 95 85 0 57 57 81 57 86 
97 63 28 44 72 11 46 82 45 9 39 84 57 0 29 3 10 39 
86 88 19 96 82 56 48 27 32 11 98 22 57 29 0 56 56 72 
3 14 5 94 86 74 87 16 88 97 14 49 81 3 56 0 8 18 
15 43 48 79 24 11 64 76 48 40 57 65 57 10 56 8 0 36 
41 98 76 74 75 44 54 25 23 70 8 87 86 39 72 18 36 0
BBBBBRRRRRBBBRRRBR