50
0 97 82 40 87 62 11 1 23 33 76 52 85 60 17 29 65 74 65 9 87 54 99 31 67 32 89 78 14 43 26 52 76 35 11 87 25 27 22 46 20 9 87 13 0 86 78 15 29 100
97 0 74 69 27 54 48 91 52 77 58 64 24 8 39 74 80 64 5 30 31 19 79 90 61 35 36 29 21 64 64 73 60 21 82 40 29 93 93 60 15 18 81 42 55 88 90 3 32 83
82 74 0 73 72 86 63 49 60 60 74 78 64 82 46 54 99 89 31 64 45 87 93 62 60 57 89 66 77 59 48 40 20 60 70 28 55 56 61 52 86 19 82 53 43 38 66 18 90 21
40 69 73 0 43 96 46 35 60 50 90 94 53 29 26 93 41 29 95 31 59 68 15 36 11 71 14 66 49 17 97 44 10 4 28 100 23 23 53 77 51 54 69 20 12 94 91 60 93 65
87 27 72 43 0 32 69 67 1 94 32 47 81 75 49 30 32 51 19 96 8 57 42 58 71 8 4 46 29 13 68 26 30 48 49 5 25 41 19 30 14 27 55 71 95 80 9 7 88 14
62 54 86 96 32 0 76 96 65 65 67 43 82 92 4 21 99 7 5 93 18 92 14 70 11 30 18 72 92 19 90 52 29 79 40 8 21 37 17 9 42 14 41 92 50 7 70 35 36 70
11 48 63 46 69 76 0 31 13 82 25 16 26 91 6 74 31 24 33 48 12 50 76 51 70 96 8 12 1 60 32 100 71 45 10 33 60 30 41 6 38 18 16 89 84 71 36 11 95 28
1 91 49 35 67 96 31 0 28 61 6 1 60 44 26 11 76 17 63 21 62 90 50 99 28 96 83 53 14 7 5 44 82 11 67 32 59 97 18 97 88 94 78 67 20 84 9 82 32 72
23 52 60 60 1 65 13 28 0 40 49 100 80 49 87 26 92 30 66 71 29 52 67 1 54 49 71 88 74 74 43 0 40 48 13 22 64 19 56 78 41 63 36 31 89 93 35 77 18 71
33 77 60 50 94 65 82 61 40 0 89 87 19 39 12 9 55 74 29 64 94 65 54 77 24 28 26 84 23 70 96 99 65 45 72 4 91 97 16 63 49 72 18 82 95 73 11 61 19 2
76 58 74 90 32 67 25 6 49 89 0 41 82 84 28 42 76 3 39 94 85 3 98 14 89 80 91 70 100 95 61 43 30 98 40 68 27 79 81 10 68 87 70 97 0 99 0 36 45 49
52 64 78 94 47 43 16 1 100 87 41 0 38 91 31 1 56 73 87 97 15 98 19 1 96 99 70 77 68 52 80 37 60 27 40 65 75 64 96 42 47 0 51 61 12 28 87 44 65 48
85 24 64 53 81 82 26 60 80 19 82 38 0 41 93 83 43 81 39 22 10 40 10 77 26 57 48 33 80 29 82 41 43 97 76 11 53 52 32 56 78 67 49 38 97 93 8 32 10 80
60 8 82 29 75 92 91 44 49 39 84 91 41 0 65 28 37 32 68 77 59 44 45 77 71 63 25 9 56 81 3 24 62 46 78 51 26 83 33 28 11 13 53 85 86 63 7 12 2 31
17 39 46 26 49 4 6 26 87 12 28 31 93 65 0 77 58 99 85 48 44 50 95 41 38 35 15 54 98 60 64 83 91 65 22 12 25 88 40 95 92 19 62 83 10 2 88 41 49 94
29 74 54 93 30 21 74 11 26 9 42 1 83 28 77 0 39 47 58 35 85 73 0 84 32 27 84 41 95 58 10 83 44 11 0 81 95 23 57 38 9 66 93 68 98 24 92 62 90 68
65 80 99 41 32 99 31 76 92 55 76 56 43 37 58 39 0 38 44 17 54 16 100 36 52 17 28 99 4 39 32 20 41 50 79 46 6 55 45 98 98 79 67 22 93 83 0 96 35 90
74 64 89 29 51 7 24 17 30 74 3 73 81 32 99 47 38 0 39 59 71 25 51 25 13 3 5 61 37 27 61 47 13 59 6 100 5 14 100 15 10 38 41 2 90 35 74 35 20 31
65 5 31 95 19 5 33 63 66 29 39 87 39 68 85 58 44 39 0 27 31 99 5 74 43 94 13 1 13 93 31 76 39 29 20 37 37 66 35 62 48 64 87 30 33 68 21 73 42 67
9 30 64 31 96 93 48 21 71 64 94 97 22 77 48 35 17 59 27 0 62 87 97 91 53 86 30 62 9 59 32 14 62 92 96 37 72 25 57 90 42 55 64 98 75 69 61 43 17 20
87 31 45 59 8 18 12 62 29 94 85 15 10 59 44 85 54 71 31 62 0 12 75 100 3 24 99 21 70 43 55 37 76 53 98 66 36 78 45 79 73 23 4 60 43 55 9 37 86 20
54 19 87 68 57 92 50 90 52 65 3 98 40 44 50 73 16 25 99 87 12 0 85 2 96 47 38 68 19 12 27 63 60 37 88 51 67 47 45 56 45 96 48 11 36 36 100 36 2 29
99 79 93 15 42 14 76 50 67 54 98 19 10 45 95 0 100 51 5 97 75 85 0 8 23 16 14 57 45 72 60 60 29 69 70 13 49 13 68 63 34 88 44 74 42 26 97 59 55 55
31 90 62 36 58 70 51 99 1 77 14 1 77 77 41 84 36 25 74 91 100 2 8 0 10 55 13 23 10 60 82 25 35 67 77 38 13 58 86 89 71 57 91 16 55 37 38 50 67 28
67 61 60 11 71 11 70 28 54 24 89 96 26 71 38 32 52 13 43 53 3 96 23 10 0 98 23 28 30 51 99 86 36 64 5 72 99 61 73 6 32 37 1 87 62 17 97 82 45 49
32 35 57 71 8 30 96 96 49 28 80 99 57 63 35 27 17 3 94 86 24 47 16 55 98 0 42 90 85 51 19 97 23 89 8 37 99 75 34 13 66 7 5 41 15 22 63 34 82 16
89 36 89 14 4 18 8 83 71 26 91 70 48 25 15 84 28 5 13 30 99 38 14 13 23 42 0 63 86 91 48 53 68 2 68 8 94 79 48 75 48 76 34 57 11 5 84 91 84 8
78 29 66 66 46 72 12 53 88 84 70 77 33 9 54 41 99 61 1 62 21 68 57 23 28 90 63 0 17 29 25 11 26 56 92 9 2 66 95 95 14 69 72 77 89 82 84 61 38 57
14 21 77 49 29 92 1 14 74 23 100 68 80 56 98 95 4 37 13 9 70 19 45 10 30 85 86 17 0 65 96 65 76 33 64 97 59 100 78 28 77 4 94 41 31 48 4 60 25 56
43 64 59 17 13 19 60 7 74 70 95 52 29 81 60 58 39 27 93 59 43 12 72 60 51 51 91 29 65 0 64 5 51 83 1 6 88 95 73 19 50 30 94 99 6 70 96 89 33 96
26 64 48 97 68 90 32 5 43 96 61 80 82 3 64 10 32 61 31 32 55 27 60 82 99 19 48 25 96 64 0 49 90 13 23 16 1 79 73 80 91 24 79 56 81 88 84 93 34 73
52 73 40 44 26 52 100 44 0 99 43 37 41 24 83 83 20 47 76 14 37 63 60 25 86 97 53 11 65 5 49 0 52 99 6 58 65 32 67 55 81 66 43 63 2 73 88 69 37 48
76 60 20 10 30 29 71 82 40 65 30 60 43 62 91 44 41 13 39 62 76 60 29 35 36 23 68 26 76 51 90 52 0 3 16 20 61 60 68 19 52 35 59 5 56 10 34 90 68 55
35 21 60 4 48 79 45 11 48 45 98 27 97 46 65 11 50 59 29 92 53 37 69 67 64 89 2 56 33 83 13 99 3 0 18 32 67 9 77 56 44 67 53 70 55 14 23 66 85 54
11 82 70 28 49 40 10 67 13 72 40 40 76 78 22 0 79 6 20 96 98 88 70 77 5 8 68 92 64 1 23 6 16 18 0 25 95 11 24 76 35 79 5 35 99 92 43 100 10 18
87 40 28 100 5 8 33 32 22 4 68 65 11 51 12 81 46 100 37 37 66 51 13 38 72 37 8 9 97 6 16 58 20 32 25 0 47 11 15 71 57 45 13 85 82 86 43 21 63 21
25 29 55 23 25 21 60 59 64 91 27 75 53 26 25 95 6 5 37 72 36 67 49 13 99 99 94 2 59 88 1 65 61 67 95 47 0 52 70 26 92 62 32 3 89 37 0 42 67 32
27 93 56 23 41 37 30 97 19 97 79 64 52 83 88 23 55 14 66 25 78 47 13 58 61 75 79 66 100 95 79 32 60 9 11 11 52 0 72 7 41 70 76 49 71 34 56 36 84 50
22 93 61 53 19 17 41 18 56 16 81 96 32 33 40 57 45 100 35 57 45 45 68 86 73 34 48 95 78 73 73 67 68 77 24 15 70 72 0 68 47 23 79 90 38 48 88 67 18 31
46 60 52 77 30 9 6 97 78 63 10 42 56 28 95 38 98 15 62 90 79 56 63 89 6 13 75 95 28 19 80 55 19 56 76 71 26 7 68 0 73 87 86 76 24 24 48 71 61 64
20 15 86 51 14 42 38 88 41 49 68 47 78 11 92 9 98 10 48 42 73 45 34 71 32 66 48 14 77 50 91 81 52 44 35 57 92 41 47 73 0 98 92 78 92 34 21 28 54 64
9 18 19 54 27 14 18 94 63 72 87 0 67 13 19 66 79 38 64 55 23 96 88 57 37 7 76 69 4 30 24 66 35 67 79 45 62 70 23 87 98 0 69 62 23 9 46 93 68 12
87 81 82 69 55 41 16 78 36 18 70 51 49 53 62 93 67 41 87 64 4 48 44 91 1 5 34 72 94 94 79 43 59 53 5 13 32 76 79 86 92 69 0 9 11 85 59 68 56 21
13 42 53 20 71 92 89 67 31 82 97 61 38 85 83 68 22 2 30 98 60 11 74 16 87 41 57 77 41 99 56 63 5 70 35 85 3 49 90 76 78 62 9 0 37 45 10 39 17 67
0 55 43 12 95 50 84 20 89 95 0 12 97 86 10 98 93 90 33 75 43 36 42 55 62 15 11 89 31 6 81 2 56 55 99 82 89 71 38 24 92 23 11 37 0 81 57 27 22 41
86 88 38 94 80 7 71 84 93 73 99 28 93 63 2 24 83 35 68 69 55 36 26 37 17 22 5 82 48 70 88 73 10 14 92 86 37 34 48 24 34 9 85 45 81 0 52 30 31 88
78 90 66 91 9 70 36 9 35 11 0 87 8 7 88 92 0 74 21 61 9 100 97 38 97 63 84 84 4 96 84 88 34 23 43 43 0 56 88 48 21 46 59 10 57 52 0 60 80 11
15 3 18 60 7 35 11 82 77 61 36 44 32 12 41 62 96 35 73 43 37 36 59 50 82 34 91 61 60 89 93 69 90 66 100 21 42 36 67 71 28 93 68 39 27 30 60 0 46 14
29 32 90 93 88 36 95 32 18 19 45 65 10 2 49 90 35 20 42 17 86 2 55 67 45 82 84 38 25 33 34 37 68 85 10 63 67 84 18 61 54 68 56 17 22 31 80 46 0 97
100 83 21 65 14 70 28 72 71 2 49 48 80 31 94 68 90 31 67 20 20 29 55 28 49 16 8 57 56 96 73 48 55 54 18 21 32 50 31 64 64 12 21 67 41 88 11 14 97 0
RRBBBBBBRBRBBRRRBRBRBRBRBBRRRRBBBRBBRRRRRRRBBRRBBB
