50
0 8 0 1 0 11 12 3 7 7 7 6 11 12 10 5 9 6 2 11 4 10 3 6 11 10 12 9 9 9 2 12 3 4 12 9 1 5 0 11 12 0 6 11 1 5 11 8 6 12
8 0 0 9 3 55 55 20 50 47 45 38 55 55 55 34 55 43 17 55 28 55 22 40 55 55 55 55 55 55 15 55 22 31 55 55 11 35 5 55 55 6 41 55 9 35 55 53 38 55
0 0 0 0 0 0 0 0 0 0 0 0 0 0 0 0 0 0 0 0 0 0 0 0 0 0 0 0 0 0 0 0 0 0 0 0 0 0 0 0 0 0 0 0 0 0 0 0 0 0
1 9 0 0 2 7 7 7 7 7 7 7 7 7 7 7 7 7 7 7 7 7 7 7 7 7 7 7 7 7 7 7 7 7 7 7 7 7 3 7 7 4 7 7 6 7 7 7 7 7
0 3 0 2 0 1 1 1 1 1 1 1 1 1 1 1 1 1 1 1 1 1 1 1 1 1 1 1 1 1 1 1 1 1 1 1 1 1 1 1 1 1 1 1 1 1 1 1 1 1
11 55 0 7 1 0 78 22 53 50 48 40 77 78 73 37 65 46 18 76 30 72 23 43 75 72 78 63 64 61 16 78 24 33 78 61 12 37 5 78 78 6 44 78 10 37 75 56 41 78
12 55 0 7 1 78 0 7 17 16 15 13 24 27 23 11 21 14 5 24 9 23 7 13 24 23 28 20 20 19 5 27 7 10 26 19 3 11 1 25 26 2 14 25 3 12 24 18 13 28
3 20 0 7 1 22 7 0 22 22 22 22 22 22 22 22 22 22 19 22 22 22 22 22 22 22 22 22 22 22 17 22 22 22 22 22 12 22 5 22 22 6 22 22 10 22 22 22 22 22
7 50 0 7 1 53 17 22 0 33 32 27 35 35 35 24 35 30 12 35 19 35 15 28 35 35 35 35 35 35 11 35 16 22 35 35 8 24 3 35 35 4 29 35 6 24 35 35 27 35
7 47 0 7 1 50 16 22 33 0 28 24 29 29 29 21 29 27 10 29 17 29 14 25 29 29 29 29 29 29 9 29 14 19 29 29 7 22 3 29 29 3 26 29 6 22 29 29 24 29
7 45 0 7 1 48 15 22 32 28 0 18 21 21 21 16 21 20 8 21 13 21 10 19 21 21 21 21 21 21 7 21 10 14 21 21 5 16 2 21 21 2 19 21 4 16 21 21 18 21
6 38 0 7 1 40 13 22 27 24 18 0 14 14 14 13 14 14 6 14 10 14 8 14 14 14 14 14 14 14 6 14 8 12 14 14 4 13 1 14 14 2 14 14 3 13 14 14 14 14
11 55 0 7 1 77 24 22 35 29 21 14 0 62 59 30 53 37 15 61 24 58 19 35 61 58 62 51 52 50 13 62 19 27 62 50 9 30 4 62 62 5 35 62 8 30 61 46 33 62
12 55 0 7 1 78 27 22 35 29 21 14 62 0 33 16 29 21 8 34 13 32 10 19 34 32 38 28 29 28 7 38 10 15 38 28 5 16 2 35 37 2 19 35 4 17 34 25 18 38
10 55 0 7 1 73 23 22 35 29 21 14 59 33 0 0 0 0 0 0 0 0 0 0 0 0 0 0 0 0 0 0 0 0 0 0 0 0 0 0 0 0 0 0 0 0 0 0 0 0
5 34 0 7 1 37 11 22 24 21 16 13 30 16 0 0 25 25 12 25 20 25 16 25 25 25 25 25 25 25 11 25 16 23 25 25 8 25 3 25 25 4 25 25 7 25 25 25 25 25
9 55 0 7 1 65 21 22 35 29 21 14 53 29 0 25 0 21 8 29 13 29 10 19 29 29 29 28 29 28 7 29 10 15 29 28 5 16 2 29 29 2 19 29 4 17 29 25 18 29
6 43 0 7 1 46 14 22 30 27 20 14 37 21 0 25 21 0 1 3 2 3 1 3 3 3 3 3 3 3 1 3 1 2 3 3 0 2 0 3 3 0 3 3 0 2 3 3 2 3
2 17 0 7 1 18 5 19 12 10 8 6 15 8 0 12 8 1 0 7 7 7 7 7 7 7 7 7 7 7 7 7 7 7 7 7 5 7 2 7 7 2 7 7 4 7 7 7 7 7
11 55 0 7 1 76 24 22 35 29 21 14 61 34 0 25 29 3 7 0 8 21 6 12 22 21 22 18 18 18 4 22 7 9 22 18 3 10 1 22 22 1 12 22 3 11 22 16 12 22
4 28 0 7 1 30 9 22 19 17 13 10 24 13 0 20 13 2 7 8 0 28 22 28 28 28 28 28 28 28 16 28 23 28 28 28 11 28 5 28 28 6 28 28 9 28 28 28 28 28
10 55 0 7 1 72 23 22 35 29 21 14 58 32 0 25 29 3 7 21 28 0 15 28 48 48 48 41 42 41 11 48 16 22 48 41 8 24 3 48 48 4 29 48 6 25 48 37 27 48
3 22 0 7 1 23 7 22 15 14 10 8 19 10 0 16 10 1 7 6 22 15 0 4 4 4 4 4 4 4 3 4 4 4 4 4 2 4 0 4 4 1 4 4 1 4 4 4 4 4
6 40 0 7 1 43 13 22 28 25 19 14 35 19 0 25 19 3 7 12 28 28 4 0 3 3 3 3 3 3 1 3 2 3 3 3 1 3 0 3 3 0 3 3 0 3 3 3 3 3
11 55 0 7 1 75 24 22 35 29 21 14 61 34 0 25 29 3 7 22 28 48 4 3 0 36 38 31 32 31 8 38 12 16 38 31 6 18 2 38 38 3 22 38 5 18 38 28 20 38
10 55 0 7 1 72 23 22 35 29 21 14 58 32 0 25 29 3 7 21 28 48 4 3 36 0 38 33 33 32 8 38 12 17 38 32 6 19 2 38 38 3 23 38 5 19 38 29 21 38
12 55 0 7 1 78 28 22 35 29 21 14 62 38 0 25 29 3 7 22 28 48 4 3 38 38 0 21 21 20 5 28 8 11 28 20 4 12 1 26 27 2 14 26 3 12 25 19 13 30
9 55 0 7 1 63 20 22 35 29 21 14 51 28 0 25 28 3 7 18 28 41 4 3 31 33 21 0 31 30 8 31 12 16 31 30 6 18 2 31 31 3 21 31 5 18 31 28 20 31
9 55 0 7 1 64 20 22 35 29 21 14 52 29 0 25 29 3 7 18 28 42 4 3 32 33 21 31 0 53 14 55 20 28 55 53 10 32 4 55 55 5 38 55 8 32 55 49 35 55
9 55 0 7 1 61 19 22 35 29 21 14 50 28 0 25 28 3 7 18 28 41 4 3 31 32 20 30 53 0 13 48 19 26 48 48 9 29 4 48 48 5 34 48 8 29 48 44 32 48
2 15 0 7 1 16 5 17 11 9 7 6 13 7 0 11 7 1 7 4 16 11 3 1 8 8 5 8 14 13 0 7 7 7 7 7 5 7 2 7 7 2 7 7 4 7 7 7 7 7
12 55 0 7 1 78 27 22 35 29 21 14 62 38 0 25 29 3 7 22 28 48 4 3 38 38 28 31 55 48 7 0 13 19 48 35 6 21 3 44 47 3 25 45 5 21 43 32 23 48
3 22 0 7 1 24 7 22 16 14 10 8 19 10 0 16 10 1 7 7 23 16 4 2 12 12 8 12 20 19 7 13 0 12 12 12 6 12 2 12 12 3 12 12 5 12 12 12 12 12
4 31 0 7 1 33 10 22 22 19 14 12 27 15 0 23 15 2 7 9 28 22 4 3 16 17 11 16 28 26 7 19 12 0 6 6 2 6 1 6 6 1 6 6 1 6 6 6 6 6
12 55 0 7 1 78 26 22 35 29 21 14 62 38 0 25 29 3 7 22 28 48 4 3 38 38 28 31 55 48 7 48 12 6 0 45 8 27 3 57 60 4 32 57 7 27 55 41 30 61
9 55 0 7 1 61 19 22 35 29 21 14 50 28 0 25 28 3 7 18 28 41 4 3 31 32 20 30 53 48 7 35 12 6 45 0 2 6 0 11 11 1 7 11 1 6 11 10 7 11
1 11 0 7 1 12 3 12 8 7 5 4 9 5 0 8 5 0 5 3 11 8 2 1 6 6 4 6 10 9 5 6 6 2 8 2 0 2 1 2 2 1 2 2 2 2 2 2 2 2
5 35 0 7 1 37 11 22 24 22 16 13 30 16 0 25 16 2 7 10 28 24 4 3 18 19 12 18 32 29 7 21 12 6 27 6 2 0 3 21 21 3 21 21 5 21 21 21 21 21
0 5 0 3 1 5 1 5 3 3 2 1 4 2 0 3 2 0 2 1 5 3 0 0 2 2 1 2 4 4 2 3 2 1 3 0 1 3 0 0 0 0 0 0 0 0 0 0 0 0
11 55 0 7 1 78 25 22 35 29 21 14 62 35 0 25 29 3 7 22 28 48 4 3 38 38 26 31 55 48 7 44 12 6 57 11 2 21 0 0 58 4 32 58 7 28 56 42 30 58
12 55 0 7 1 78 26 22 35 29 21 14 62 37 0 25 29 3 7 22 28 48 4 3 38 38 27 31 55 48 7 47 12 6 60 11 2 21 0 58 0 4 31 57 7 27 54 41 29 59
0 6 0 4 1 6 2 6 4 3 2 2 5 2 0 4 2 0 2 1 6 4 1 0 3 3 2 3 5 5 2 3 3 1 4 1 1 3 0 4 4 0 3 3 3 3 3 3 3 3
6 41 0 7 1 44 14 22 29 26 19 14 35 19 0 25 19 3 7 12 28 29 4 3 22 23 14 21 38 34 7 25 12 6 32 7 2 21 0 32 31 3 0 26 6 22 26 26 24 26
11 55 0 7 1 78 25 22 35 29 21 14 62 35 0 25 29 3 7 22 28 48 4 3 38 38 26 31 55 48 7 45 12 6 57 11 2 21 0 58 57 3 26 0 6 25 51 38 28 53
1 9 0 6 1 10 3 10 6 6 4 3 8 4 0 7 4 0 4 3 9 6 1 0 5 5 3 5 8 8 4 5 5 1 7 1 2 5 0 7 7 3 6 6 0 4 4 4 4 4
5 35 0 7 1 37 12 22 24 22 16 13 30 17 0 25 17 2 7 11 28 25 4 3 18 19 12 18 32 29 7 21 12 6 27 6 2 21 0 28 27 3 22 25 4 0 0 0 0 0
11 55 0 7 1 75 24 22 35 29 21 14 61 34 0 25 29 3 7 22 28 48 4 3 38 38 25 31 55 48 7 43 12 6 55 11 2 21 0 56 54 3 26 51 4 0 0 48 35 64
8 53 0 7 1 56 18 22 35 29 21 14 46 25 0 25 25 3 7 16 28 37 4 3 28 29 19 28 49 44 7 32 12 6 41 10 2 21 0 42 41 3 26 38 4 0 48 0 11 15
6 38 0 7 1 41 13 22 27 24 18 14 33 18 0 25 18 2 7 12 28 27 4 3 20 21 13 20 35 32 7 23 12 6 30 7 2 21 0 30 29 3 24 28 4 0 35 11 0 7
12 55 0 7 1 78 28 22 35 29 21 14 62 38 0 25 29 3 7 22 28 48 4 3 38 38 30 31 55 48 7 48 12 6 61 11 2 21 0 58 59 3 26 53 4 0 64 15 7 0
BRBBRRRBRBRRBBBRRBRBRBBBBRBBBBBRBRRRBRRBRRRBRRRRBB