50
0 66 74 99 63 86 84 61 79 90 81 72 87 92 71 89 90 78 83 75 63 81 69 73 84 92 68 96 83 95 3 84 77 85 97 77 95 80 69 77 8 96 64 63 78 86 80 70 1 82
66 0 88 66 83 67 67 80 77 95 80 85 86 93 66 8 61 96 70 74 79 64 85 70 93 85 63 68 83 61 94 92 90 65 86 100 60 66 81 69 92 78 97 74 98 80 92 92 73 61
74 88 0 100 90 98 89 82 84 60 76 80 86 85 96 100 63 70 95 85 62 87 66 60 83 71 90 8 79 84 89 81 66 80 7 96 61 99 96 63 99 65 86 85 62 61 70 74 76 82
99 66 100 0 4 62 75 75 87 89 75 93 69 72 99 75 100 96 81 75 87 79 83 96 81 84 94 88 85 64 91 73 93 93 82 76 96 3 82 84 99 80 76 79 88 78 81 76 65 100
63 83 90 4 0 74 91 73 83 76 70 64 82 88 6 63 83 94 77 85 89 69 94 75 93 62 3 66 100 68 97 63 98 60 85 96 71 99 96 62 83 67 81 92 72 62 70 80 98 88
86 67 98 62 74 0 77 79 97 74 85 78 83 8 3 70 8 92 75 62 92 61 97 88 63 82 74 69 87 97 68 86 69 68 89 82 87 83 61 69 86 98 98 94 79 100 80 86 71 77
84 67 89 75 91 77 0 97 60 8 83 74 72 85 93 86 67 90 77 93 63 70 72 85 86 92 66 61 66 94 71 80 68 77 64 61 96 8 73 93 66 84 93 96 93 95 68 100 60 78
61 80 82 75 73 79 97 0 60 73 82 91 80 100 70 84 83 76 89 64 99 69 68 88 66 64 86 75 83 64 93 68 76 74 86 72 97 97 62 84 83 97 63 65 70 75 92 74 75 63
79 77 84 87 83 97 60 60 0 85 83 82 69 86 88 90 69 95 64 85 73 82 84 92 70 61 67 86 88 65 75 80 79 64 63 84 87 73 83 97 75 70 85 84 60 74 90 94 74 88
90 95 60 89 76 74 8 73 85 0 62 86 87 91 87 74 69 66 86 60 73 97 78 77 92 93 91 97 73 74 67 98 90 89 74 85 62 71 69 81 73 87 78 69 94 92 87 72 74 94
81 80 76 75 70 85 83 82 83 62 0 61 73 81 95 80 93 100 81 61 68 77 72 79 70 65 60 87 70 2 66 67 66 99 85 65 60 82 73 1 72 76 92 76 68 64 79 78 76 81
72 85 80 93 64 78 74 91 82 86 61 0 89 86 69 67 93 4 67 72 73 96 70 80 6 65 77 69 71 95 75 65 90 84 80 65 66 68 88 75 75 94 92 96 94 75 86 78 95 94
87 86 86 69 82 83 72 80 69 87 73 89 0 76 98 63 71 63 63 74 82 85 70 93 98 79 89 94 97 79 62 1 78 65 68 63 93 92 98 83 72 76 60 65 98 83 93 64 67 88
92 93 85 72 88 8 85 100 86 91 81 86 76 0 71 98 96 98 62 85 6 70 62 98 91 6 78 80 60 66 88 66 89 80 97 76 97 87 96 97 73 87 95 88 72 97 61 97 66 100
71 66 96 99 6 3 93 70 88 87 95 69 98 71 0 99 88 85 94 62 85 82 61 81 93 96 89 98 79 62 8 84 87 96 69 96 69 62 75 81 92 83 96 89 96 75 97 62 91 62
89 8 100 75 63 70 86 84 90 74 80 67 63 98 99 0 76 95 73 95 70 94 85 74 61 75 74 62 80 85 67 87 80 73 8 85 64 76 66 66 84 89 75 79 79 94 96 67 76 76
90 61 63 100 83 8 67 83 69 69 93 93 71 96 88 76 0 3 86 79 99 80 77 89 91 67 99 75 68 93 86 97 84 62 73 84 76 69 100 83 70 68 86 75 87 93 69 94 64 89
78 96 70 96 94 92 90 76 95 66 100 4 63 98 85 95 3 0 99 88 77 99 86 80 96 64 77 79 73 69 69 88 86 89 69 3 99 82 8 70 76 83 71 78 64 61 84 94 74 73
83 70 95 81 77 75 77 89 64 86 81 67 63 62 94 73 86 99 0 89 95 92 73 65 88 90 65 73 87 94 82 84 74 67 69 81 60 61 87 61 81 90 63 78 84 89 94 61 72 75
75 74 85 75 85 62 93 64 85 60 61 72 74 85 62 95 79 88 89 0 90 61 91 64 69 84 2 85 79 71 68 64 69 100 66 68 95 80 90 95 86 87 63 61 76 87 62 78 94 66
63 79 62 87 89 92 63 99 73 73 68 73 82 6 85 70 99 77 95 90 0 67 61 78 64 5 62 98 87 84 62 62 82 61 73 62 86 77 99 96 69 63 76 75 88 92 98 65 60 64
81 64 87 79 69 61 70 69 82 97 77 96 85 70 82 94 80 99 92 61 67 0 85 82 67 83 69 74 64 80 87 95 94 74 65 73 100 78 93 65 72 74 90 93 75 96 99 4 81 87
69 85 66 83 94 97 72 68 84 78 72 70 70 62 61 85 77 86 73 91 61 85 0 93 65 73 88 79 71 67 88 75 63 73 79 93 66 62 82 69 61 7 70 84 75 81 93 89 80 98
73 70 60 96 75 88 85 88 92 77 79 80 93 98 81 74 89 80 65 64 78 82 93 0 76 71 76 69 84 100 77 83 88 93 69 77 76 68 95 99 79 64 71 64 73 66 87 61 66 82
84 93 83 81 93 63 86 66 70 92 70 6 98 91 93 61 91 96 88 69 64 67 65 76 0 80 92 94 97 90 69 73 67 63 83 77 75 95 82 92 67 78 93 73 87 83 74 83 92 75
92 85 71 84 62 82 92 64 61 93 65 65 79 6 96 75 67 64 90 84 5 83 73 71 80 0 61 76 96 63 93 65 91 69 95 71 89 85 70 95 84 81 83 81 96 61 86 73 67 78
68 63 90 94 3 74 66 86 67 91 60 77 89 78 89 74 99 77 65 2 62 69 88 76 92 61 0 83 77 95 70 63 96 77 62 98 97 3 79 97 100 91 76 81 64 70 5 89 77 62
96 68 8 88 66 69 61 75 86 97 87 69 94 80 98 62 75 79 73 85 98 74 79 69 94 76 83 0 72 95 8 77 64 68 76 6 99 77 98 85 88 84 89 94 81 78 60 96 88 71
83 83 79 85 100 87 66 83 88 73 70 71 97 60 79 80 68 73 87 79 87 64 71 84 97 96 77 72 0 83 65 97 61 83 72 65 72 80 85 79 82 6 86 78 79 60 6 88 100 79
95 61 84 64 68 97 94 64 65 74 2 95 79 66 62 85 93 69 94 71 84 80 67 100 90 63 95 95 83 0 90 75 92 68 97 91 86 83 95 68 89 93 64 100 86 82 94 3 85 99
3 94 89 91 97 68 71 93 75 67 66 75 62 88 8 67 86 69 82 68 62 87 88 77 69 93 70 8 65 90 0 72 95 96 76 75 74 88 61 82 100 68 66 90 70 74 77 82 93 82
84 92 81 73 63 86 80 68 80 98 67 65 1 66 84 87 97 88 84 64 62 95 75 83 73 65 63 77 97 75 72 0 63 88 97 99 87 99 80 65 62 99 77 100 93 93 67 82 97 84
77 90 66 93 98 69 68 76 79 90 66 90 78 89 87 80 84 86 74 69 82 94 63 88 67 91 96 64 61 92 95 63 0 89 98 88 62 74 98 95 78 70 7 60 64 89 65 80 81 95
85 65 80 93 60 68 77 74 64 89 99 84 65 80 96 73 62 89 67 100 61 74 73 93 63 69 77 68 83 68 96 88 89 0 78 69 8 78 84 95 98 88 93 98 77 71 69 85 78 80
97 86 7 82 85 89 64 86 63 74 85 80 68 97 69 8 73 69 69 66 73 65 79 69 83 95 62 76 72 97 76 97 98 78 0 91 89 85 74 64 97 84 77 67 86 74 81 93 81 77
77 100 96 76 96 82 61 72 84 85 65 65 63 76 96 85 84 3 81 68 62 73 93 77 77 71 98 6 65 91 75 99 88 69 91 0 96 89 68 95 98 69 88 77 86 73 68 85 77 83
95 60 61 96 71 87 96 97 87 62 60 66 93 97 69 64 76 99 60 95 86 100 66 76 75 89 97 99 72 86 74 87 62 8 89 96 0 98 5 73 72 78 97 62 87 93 99 74 75 93
80 66 99 3 99 83 8 97 73 71 82 68 92 87 62 76 69 82 61 80 77 78 62 68 95 85 3 77 80 83 88 99 74 78 85 89 98 0 98 62 77 100 71 68 86 74 81 93 82 8
69 81 96 82 96 61 73 62 83 69 73 88 98 96 75 66 100 8 87 90 99 93 82 95 82 70 79 98 85 95 61 80 98 84 74 68 5 98 0 82 82 89 100 93 75 86 74 61 85 68
77 69 63 84 62 69 93 84 97 81 1 75 83 97 81 66 83 70 61 95 96 65 69 99 92 95 97 85 79 68 82 65 95 95 64 95 73 62 82 0 86 74 91 65 72 90 99 63 97 78
8 92 99 99 83 86 66 83 75 73 72 75 72 73 92 84 70 76 81 86 69 72 61 79 67 84 100 88 82 89 100 62 78 98 97 98 72 77 82 86 0 91 65 84 79 88 91 73 87 65
96 78 65 80 67 98 84 97 70 87 76 94 76 87 83 89 68 83 90 87 63 74 7 64 78 81 91 84 6 93 68 99 70 88 84 69 78 100 89 74 91 0 74 78 62 78 96 90 67 77
64 97 86 76 81 98 93 63 85 78 92 92 60 95 96 75 86 71 63 63 76 90 70 71 93 83 76 89 86 64 66 77 7 93 77 88 97 71 100 91 65 74 0 83 70 84 66 61 81 72
63 74 85 79 92 94 96 65 84 69 76 96 65 88 89 79 75 78 78 61 75 93 84 64 73 81 81 94 78 100 90 100 60 98 67 77 62 68 93 65 84 78 83 0 96 92 93 81 78 67
78 98 62 88 72 79 93 70 60 94 68 94 98 72 96 79 87 64 84 76 88 75 75 73 87 96 64 81 79 86 70 93 64 77 86 86 87 86 75 72 79 62 70 96 0 77 65 71 97 100
86 80 61 78 62 100 95 75 74 92 64 75 83 97 75 94 93 61 89 87 92 96 81 66 83 61 70 78 60 82 74 93 89 71 74 73 93 74 86 90 88 78 84 92 77 0 88 62 75 86
80 92 70 81 70 80 68 92 90 87 79 86 93 61 97 96 69 84 94 62 98 99 93 87 74 86 5 60 6 94 77 67 65 69 81 68 99 81 74 99 91 96 66 93 65 88 0 86 61 79
70 92 74 76 80 86 100 74 94 72 78 78 64 97 62 67 94 94 61 78 65 4 89 61 83 73 89 96 88 3 82 82 80 85 93 85 74 93 61 63 73 90 61 81 71 62 86 0 81 89
1 73 76 65 98 71 60 75 74 74 76 95 67 66 91 76 64 74 72 94 60 81 80 66 92 67 77 88 100 85 93 97 81 78 81 77 75 82 85 97 87 67 81 78 97 75 61 81 0 100
82 61 82 100 88 77 78 63 88 94 81 94 88 100 62 76 89 73 75 66 64 87 98 82 75 78 62 71 79 99 82 84 95 80 77 83 93 8 68 78 65 77 72 67 100 86 79 89 100 0
RRBBRRBBRRRBBBRBBRBRBRRRBRRRBRBRBBRRBBRRRBRRBBBBBB