50
0 1 1 1 50 50 50 50 1 50 1 50 1 1 50 1 50 50 1 1 1 50 50 50 50 1 1 1 1 50 50 1 1 1 50 1 1 50 50 50 50 50 50 50 1 1 50 1 50 1 
1 0 1 1 50 50 50 50 1 50 1 2 1 1 50 1 50 50 1 1 1 50 50 50 50 1 1 1 1 50 50 1 1 1 50 1 1 50 50 50 50 50 50 50 1 1 50 1 50 1 
1 1 0 1 50 50 50 50 1 50 1 50 1 1 50 1 50 50 1 1 1 50 50 50 50 1 1 1 1 50 50 1 1 1 50 1 1 50 50 50 50 50 50 50 1 1 50 1 50 1 
1 1 1 0 50 50 50 50 1 50 1 50 1 1 50 1 50 50 1 1 1 50 50 50 50 1 1 1 1 50 50 1 1 1 50 1 1 50 50 50 50 50 50 50 1 1 50 1 50 1 
50 50 50 50 0 1 1 1 50 1 50 1 50 50 1 50 1 1 50 50 50 1 1 1 1 50 50 50 50 1 1 50 50 50 1 50 50 1 1 1 1 1 1 1 50 50 1 2 1 50 
50 50 50 50 1 0 1 1 50 1 50 1 50 50 1 50 1 1 50 50 50 1 1 1 1 50 50 50 50 1 1 50 50 50 1 50 50 1 1 1 1 1 1 1 50 50 1 50 1 50 
50 50 50 50 1 1 0 1 50 1 50 1 50 50 1 50 1 1 50 50 2 1 1 1 1 50 50 50 50 1 1 50 50 50 1 50 50 1 1 1 1 1 1 1 50 50 1 50 1 50 
50 50 50 50 1 1 1 0 50 1 50 1 50 50 1 50 1 1 50 50 50 1 1 1 1 50 50 50 50 1 1 50 50 50 1 50 2 1 1 1 1 1 1 1 50 50 1 50 1 50 
1 1 1 1 50 50 50 50 0 50 1 50 1 1 50 1 50 2 1 1 1 50 50 50 50 1 1 1 1 50 50 1 1 1 50 1 1 50 50 50 50 50 50 50 1 1 50 1 50 1 
50 50 50 50 1 1 1 1 50 0 50 1 50 50 1 2 1 1 50 50 50 1 1 1 1 50 50 50 50 1 1 50 50 50 1 50 50 1 1 1 1 1 1 1 50 50 1 50 1 50 
1 1 1 1 50 50 50 50 1 50 0 50 1 1 50 1 50 50 1 1 1 2 50 50 50 1 1 1 1 50 50 1 1 1 50 1 1 50 50 50 50 50 50 50 1 1 50 1 50 1 
50 2 50 50 1 1 1 1 50 1 50 0 50 50 1 50 1 1 50 50 50 1 1 1 1 50 50 50 50 1 1 50 50 50 1 50 50 1 1 1 1 1 1 1 50 50 1 50 1 50 
1 1 1 1 50 50 50 50 1 50 1 50 0 1 50 1 50 50 1 1 1 50 50 50 50 1 1 1 1 50 50 1 1 1 50 1 1 50 50 50 50 50 50 50 1 1 50 1 50 1 
1 1 1 1 50 50 50 50 1 50 1 50 1 0 50 1 2 50 1 1 1 50 50 50 50 1 1 1 1 50 50 1 1 1 50 1 1 50 50 50 50 50 50 50 1 1 50 1 50 1 
50 50 50 50 1 1 1 1 50 1 50 1 50 50 0 50 1 1 50 50 50 1 1 1 1 50 50 50 50 1 1 50 50 50 1 50 50 1 1 1 1 1 1 1 50 50 1 50 1 50 
1 1 1 1 50 50 50 50 1 2 1 50 1 1 50 0 50 50 1 1 1 50 50 50 50 1 1 1 1 50 50 1 1 1 50 1 1 50 50 50 50 50 50 50 1 1 50 1 50 1 
50 50 50 50 1 1 1 1 50 1 50 1 50 2 1 50 0 1 50 50 50 1 1 1 1 50 50 50 50 1 1 50 50 50 1 50 50 1 1 1 1 1 1 1 50 50 1 50 1 50 
50 50 50 50 1 1 1 1 2 1 50 1 50 50 1 50 1 0 50 50 50 1 1 1 1 50 50 50 50 1 1 50 50 50 1 50 50 1 1 1 1 1 1 1 50 50 1 50 1 50 
1 1 1 1 50 50 50 50 1 50 1 50 1 1 50 1 50 50 0 1 1 50 50 50 50 1 1 1 1 50 50 1 1 1 50 1 1 50 50 50 50 50 50 50 1 1 50 1 2 1 
1 1 1 1 50 50 50 50 1 50 1 50 1 1 50 1 50 50 1 0 1 50 50 50 50 1 1 1 1 2 50 1 1 1 50 1 1 50 50 50 50 50 50 50 1 1 50 1 50 1 
1 1 1 1 50 50 2 50 1 50 1 50 1 1 50 1 50 50 1 1 0 50 50 50 50 1 1 1 1 50 50 1 1 1 50 1 1 50 50 50 50 50 50 50 1 1 50 1 50 1 
50 50 50 50 1 1 1 1 50 1 2 1 50 50 1 50 1 1 50 50 50 0 1 1 1 50 50 50 50 1 1 50 50 50 1 50 50 1 1 1 1 1 1 1 50 50 1 50 1 50 
50 50 50 50 1 1 1 1 50 1 50 1 50 50 1 50 1 1 50 50 50 1 0 1 1 50 50 50 50 1 1 50 50 50 1 50 50 1 1 1 1 1 1 1 50 50 1 50 1 50 
50 50 50 50 1 1 1 1 50 1 50 1 50 50 1 50 1 1 50 50 50 1 1 0 1 50 50 50 50 1 1 50 50 50 1 50 50 1 1 1 1 1 1 1 50 50 1 50 1 50 
50 50 50 50 1 1 1 1 50 1 50 1 50 50 1 50 1 1 50 50 50 1 1 1 0 2 50 50 50 1 1 50 50 50 1 50 50 1 1 1 1 1 1 1 50 50 1 50 1 50 
1 1 1 1 50 50 50 50 1 50 1 50 1 1 50 1 50 50 1 1 1 50 50 50 2 0 1 1 1 50 50 1 1 1 50 1 1 50 50 50 50 50 50 50 1 1 50 1 50 1 
1 1 1 1 50 50 50 50 1 50 1 50 1 1 50 1 50 50 1 1 1 50 50 50 50 1 0 1 1 50 50 1 1 1 50 1 1 50 50 50 50 50 50 50 1 1 50 1 50 1 
1 1 1 1 50 50 50 50 1 50 1 50 1 1 50 1 50 50 1 1 1 50 50 50 50 1 1 0 1 50 50 1 1 1 50 1 1 50 2 50 50 50 50 50 1 1 50 1 50 1 
1 1 1 1 50 50 50 50 1 50 1 50 1 1 50 1 50 50 1 1 1 50 50 50 50 1 1 1 0 50 50 1 1 1 50 1 1 50 50 50 50 50 50 50 1 1 50 1 50 1 
50 50 50 50 1 1 1 1 50 1 50 1 50 50 1 50 1 1 50 2 50 1 1 1 1 50 50 50 50 0 1 50 50 50 1 50 50 1 1 1 1 1 1 1 50 50 1 50 1 50 
50 50 50 50 1 1 1 1 50 1 50 1 50 50 1 50 1 1 50 50 50 1 1 1 1 50 50 50 50 1 0 50 50 50 1 50 50 1 1 1 1 1 1 1 50 2 1 50 1 50 
1 1 1 1 50 50 50 50 1 50 1 50 1 1 50 1 50 50 1 1 1 50 50 50 50 1 1 1 1 50 50 0 1 1 50 1 1 50 50 50 50 2 50 50 1 1 50 1 50 1 
1 1 1 1 50 50 50 50 1 50 1 50 1 1 50 1 50 50 1 1 1 50 50 50 50 1 1 1 1 50 50 1 0 1 2 1 1 50 50 50 50 50 50 50 1 1 50 1 50 1 
1 1 1 1 50 50 50 50 1 50 1 50 1 1 50 1 50 50 1 1 1 50 50 50 50 1 1 1 1 50 50 1 1 0 50 1 1 50 50 50 50 50 50 50 1 1 50 1 50 1 
50 50 50 50 1 1 1 1 50 1 50 1 50 50 1 50 1 1 50 50 50 1 1 1 1 50 50 50 50 1 1 50 2 50 0 50 50 1 1 1 1 1 1 1 50 50 1 50 1 50 
1 1 1 1 50 50 50 50 1 50 1 50 1 1 50 1 50 50 1 1 1 50 50 50 50 1 1 1 1 50 50 1 1 1 50 0 1 50 50 50 50 50 50 50 1 1 50 1 50 1 
1 1 1 1 50 50 50 2 1 50 1 50 1 1 50 1 50 50 1 1 1 50 50 50 50 1 1 1 1 50 50 1 1 1 50 1 0 50 50 50 50 50 50 50 1 1 50 1 50 1 
50 50 50 50 1 1 1 1 50 1 50 1 50 50 1 50 1 1 50 50 50 1 1 1 1 50 50 50 50 1 1 50 50 50 1 50 50 0 1 1 1 1 1 1 50 50 1 50 1 50 
50 50 50 50 1 1 1 1 50 1 50 1 50 50 1 50 1 1 50 50 50 1 1 1 1 50 50 2 50 1 1 50 50 50 1 50 50 1 0 1 1 1 1 1 50 50 1 50 1 50 
50 50 50 50 1 1 1 1 50 1 50 1 50 50 1 50 1 1 50 50 50 1 1 1 1 50 50 50 50 1 1 50 50 50 1 50 50 1 1 0 1 1 1 1 50 50 1 50 1 50 
50 50 50 50 1 1 1 1 50 1 50 1 50 50 1 50 1 1 50 50 50 1 1 1 1 50 50 50 50 1 1 50 50 50 1 50 50 1 1 1 0 1 1 1 50 50 1 50 1 2 
50 50 50 50 1 1 1 1 50 1 50 1 50 50 1 50 1 1 50 50 50 1 1 1 1 50 50 50 50 1 1 2 50 50 1 50 50 1 1 1 1 0 1 1 50 50 1 50 1 50 
50 50 50 50 1 1 1 1 50 1 50 1 50 50 1 50 1 1 50 50 50 1 1 1 1 50 50 50 50 1 1 50 50 50 1 50 50 1 1 1 1 1 0 1 2 50 1 50 1 50 
50 50 50 50 1 1 1 1 50 1 50 1 50 50 1 50 1 1 50 50 50 1 1 1 1 50 50 50 50 1 1 50 50 50 1 50 50 1 1 1 1 1 1 0 50 50 1 50 1 50 
1 1 1 1 50 50 50 50 1 50 1 50 1 1 50 1 50 50 1 1 1 50 50 50 50 1 1 1 1 50 50 1 1 1 50 1 1 50 50 50 50 50 2 50 0 1 50 1 50 1 
1 1 1 1 50 50 50 50 1 50 1 50 1 1 50 1 50 50 1 1 1 50 50 50 50 1 1 1 1 50 2 1 1 1 50 1 1 50 50 50 50 50 50 50 1 0 50 1 50 1 
50 50 50 50 1 1 1 1 50 1 50 1 50 50 1 50 1 1 50 50 50 1 1 1 1 50 50 50 50 1 1 50 50 50 1 50 50 1 1 1 1 1 1 1 50 50 0 50 1 50 
1 1 1 1 2 50 50 50 1 50 1 50 1 1 50 1 50 50 1 1 1 50 50 50 50 1 1 1 1 50 50 1 1 1 50 1 1 50 50 50 50 50 50 50 1 1 50 0 50 1 
50 50 50 50 1 1 1 1 50 1 50 1 50 50 1 50 1 1 2 50 50 1 1 1 1 50 50 50 50 1 1 50 50 50 1 50 50 1 1 1 1 1 1 1 50 50 1 50 0 50 
1 1 1 1 50 50 50 50 1 50 1 50 1 1 50 1 50 50 1 1 1 50 50 50 50 1 1 1 1 50 50 1 1 1 50 1 1 50 50 50 2 50 50 50 1 1 50 1 50 0 
BBBBRRRRBRBRBBRBRRBBBRRRRBBBBRRBBBRBBRRRRRRRBBRBRB