50
0 31 40 26 74 67 31 57 45 57 47 46 28 51 24 68 39 50 55 75 27 62 42 58 26 40 70 26 58 37 44 31 68 54 73 63 48 63 45 55 36 47 21 37 62 56 80 51 45 67 
31 0 31 62 33 67 32 73 42 58 69 72 50 77 41 67 80 72 46 77 20 24 33 26 62 46 69 77 73 79 36 78 73 37 36 48 63 24 65 38 31 78 38 54 27 56 70 21 23 30 
40 31 0 71 22 79 28 32 46 21 22 41 79 59 34 40 33 69 43 40 25 42 54 48 35 40 75 33 33 29 54 60 49 57 41 56 65 43 22 70 45 74 63 32 49 68 38 52 29 62 
26 62 71 0 43 59 76 39 40 45 63 46 76 34 51 39 76 30 56 74 67 41 79 25 57 35 58 34 22 61 40 45 21 68 80 71 79 42 40 75 56 30 22 60 73 51 55 38 27 24 
74 33 22 43 0 47 52 29 25 49 77 48 78 66 53 38 47 54 71 69 77 27 53 30 54 35 29 38 75 25 21 24 62 71 74 32 77 54 45 59 55 57 39 40 67 70 27 44 55 51 
67 67 79 59 47 0 63 60 40 34 29 33 23 55 76 59 67 42 66 79 35 49 73 74 27 41 50 57 24 36 47 42 62 54 68 51 64 73 70 36 34 33 20 49 57 22 21 55 80 32 
31 32 28 76 52 63 0 61 40 73 74 53 28 71 44 48 65 39 39 80 64 58 22 77 60 25 48 56 34 32 52 63 63 36 55 40 33 36 40 23 27 72 22 80 38 55 66 33 73 70 
57 73 32 39 29 60 61 0 62 46 32 66 79 55 65 62 35 50 53 79 47 75 70 57 80 37 31 41 67 45 78 74 57 20 48 67 28 34 22 78 77 36 60 37 73 51 72 46 32 26 
45 42 46 40 25 40 40 62 0 41 26 60 77 34 56 64 53 48 50 38 41 23 70 38 44 46 64 49 49 63 44 32 34 21 64 46 26 74 30 51 53 61 36 37 32 27 49 47 65 35 
57 58 21 45 49 34 73 46 41 0 34 24 25 72 54 38 80 41 36 53 26 34 74 78 46 55 49 36 36 41 67 53 28 53 32 40 54 45 53 23 39 21 40 44 56 42 36 63 76 27 
47 69 22 63 77 29 74 32 26 34 0 65 20 21 33 25 59 58 37 34 38 72 56 40 57 34 74 31 78 32 47 65 52 50 38 30 53 27 34 48 68 44 68 58 78 74 64 66 68 78 
46 72 41 46 48 33 53 66 60 24 65 0 65 26 46 47 40 77 25 30 50 24 30 56 56 20 30 22 37 52 21 46 56 55 66 37 46 31 77 77 49 22 44 21 37 70 35 20 41 35 
28 50 79 76 78 23 28 79 77 25 20 65 0 65 54 43 55 37 26 22 29 57 76 34 56 52 43 72 51 62 36 27 37 40 34 48 32 76 32 27 24 57 27 46 24 37 79 27 43 65 
51 77 59 34 66 55 71 55 34 72 21 26 65 0 62 25 66 67 77 25 28 51 39 38 72 71 58 73 74 48 47 80 37 63 20 36 44 71 62 49 31 28 44 73 50 29 32 61 36 68 
24 41 34 51 53 76 44 65 56 54 33 46 54 62 0 77 33 23 44 74 33 34 65 72 73 71 34 78 58 45 80 28 23 60 62 39 50 56 77 74 65 47 55 22 33 65 28 37 50 30 
68 67 40 39 38 59 48 62 64 38 25 47 43 25 77 0 49 74 38 78 54 33 31 21 46 29 43 23 80 32 50 64 20 74 20 54 58 22 75 39 72 32 79 39 67 23 52 68 46 48 
39 80 33 76 47 67 65 35 53 80 59 40 55 66 33 49 0 71 31 33 65 77 74 72 74 52 35 62 48 78 48 50 76 57 38 33 26 33 47 58 37 79 51 28 51 36 47 77 52 56 
50 72 69 30 54 42 39 50 48 41 58 77 37 67 23 74 71 0 73 53 70 46 53 39 58 71 77 21 73 42 77 70 79 32 55 28 79 21 78 49 26 63 80 30 35 31 25 26 38 77 
55 46 43 56 71 66 39 53 50 36 37 25 26 77 44 38 31 73 0 21 59 66 50 22 31 33 43 76 36 57 39 49 38 47 41 78 70 65 58 55 21 32 59 35 76 37 53 62 59 51 
75 77 40 74 69 79 80 79 38 53 34 30 22 25 74 78 33 53 21 0 49 65 22 55 73 67 75 73 72 25 43 23 62 30 26 23 34 69 64 60 65 44 34 39 72 25 29 74 24 35 
27 20 25 67 77 35 64 47 41 26 38 50 29 28 33 54 65 70 59 49 0 55 51 67 63 26 42 34 46 41 76 32 64 63 64 37 56 41 72 68 35 51 72 72 75 33 49 80 54 51 
62 24 42 41 27 49 58 75 23 34 72 24 57 51 34 33 77 46 66 65 55 0 50 41 21 23 53 47 66 53 63 55 56 65 34 45 48 32 62 63 76 58 33 68 22 63 36 52 73 78 
42 33 54 79 53 73 22 70 70 74 56 30 76 39 65 31 74 53 50 22 51 50 0 78 72 60 35 45 41 62 28 69 48 35 70 51 58 77 43 51 42 48 27 32 71 58 68 49 24 60 
58 26 48 25 30 74 77 57 38 78 40 56 34 38 72 21 72 39 22 55 67 41 78 0 60 32 25 21 72 24 38 41 52 49 20 66 34 28 48 46 53 60 36 56 26 72 66 56 34 52 
26 62 35 57 54 27 60 80 44 46 57 56 56 72 73 46 74 58 31 73 63 21 72 60 0 21 60 69 56 73 69 66 75 73 67 47 47 65 35 44 70 34 51 47 49 30 58 78 33 34 
40 46 40 35 35 41 25 37 46 55 34 20 52 71 71 29 52 71 33 67 26 23 60 32 21 0 20 75 75 57 68 66 54 20 39 67 69 67 67 57 55 78 67 42 70 24 65 41 33 24 
70 69 75 58 29 50 48 31 64 49 74 30 43 58 34 43 35 77 43 75 42 53 35 25 60 20 0 71 71 39 73 59 26 72 35 72 50 33 39 59 22 72 51 64 42 45 61 56 52 58 
26 77 33 34 38 57 56 41 49 36 31 22 72 73 78 23 62 21 76 73 34 47 45 21 69 75 71 0 49 59 25 37 23 42 20 32 28 24 37 26 62 52 20 65 53 26 65 65 30 20 
58 73 33 22 75 24 34 67 49 36 78 37 51 74 58 80 48 73 36 72 46 66 41 72 56 75 71 49 0 27 75 40 63 74 70 76 39 76 44 77 58 36 73 22 34 24 32 67 37 22 
37 79 29 61 25 36 32 45 63 41 32 52 62 48 45 32 78 42 57 25 41 53 62 24 73 57 39 59 27 0 43 39 77 26 66 29 64 35 53 34 64 33 27 61 38 48 80 52 57 42 
44 36 54 40 21 47 52 78 44 67 47 21 36 47 80 50 48 77 39 43 76 63 28 38 69 68 73 25 75 43 0 75 72 73 33 48 30 74 53 30 34 28 36 80 70 20 31 38 22 77 
31 78 60 45 24 42 63 74 32 53 65 46 27 80 28 64 50 70 49 23 32 55 69 41 66 66 59 37 40 39 75 0 22 80 72 45 67 43 73 41 76 32 28 61 63 45 80 34 32 59 
68 73 49 21 62 62 63 57 34 28 52 56 37 37 23 20 76 79 38 62 64 56 48 52 75 54 26 23 63 77 72 22 0 56 28 45 24 41 74 45 42 28 27 20 60 56 44 34 75 80 
54 37 57 68 71 54 36 20 21 53 50 55 40 63 60 74 57 32 47 30 63 65 35 49 73 20 72 42 74 26 73 80 56 0 69 64 58 44 61 31 34 39 76 71 53 58 40 39 56 55 
73 36 41 80 74 68 55 48 64 32 38 66 34 20 62 20 38 55 41 26 64 34 70 20 67 39 35 20 70 66 33 72 28 69 0 78 21 40 44 62 45 31 80 52 31 40 34 26 61 47 
63 48 56 71 32 51 40 67 46 40 30 37 48 36 39 54 33 28 78 23 37 45 51 66 47 67 72 32 76 29 48 45 45 64 78 0 37 37 42 39 71 73 71 36 64 58 74 52 67 59 
48 63 65 79 77 64 33 28 26 54 53 46 32 44 50 58 26 79 70 34 56 48 58 34 47 69 50 28 39 64 30 67 24 58 21 37 0 57 35 43 70 46 68 29 38 79 49 69 61 68 
63 24 43 42 54 73 36 34 74 45 27 31 76 71 56 22 33 21 65 69 41 32 77 28 65 67 33 24 76 35 74 43 41 44 40 37 57 0 55 54 53 22 25 21 67 53 45 61 46 61 
45 65 22 40 45 70 40 22 30 53 34 77 32 62 77 75 47 78 58 64 72 62 43 48 35 67 39 37 44 53 53 73 74 61 44 42 35 55 0 75 29 56 64 72 37 68 21 49 35 60 
55 38 70 75 59 36 23 78 51 23 48 77 27 49 74 39 58 49 55 60 68 63 51 46 44 57 59 26 77 34 30 41 45 31 62 39 43 54 75 0 44 30 31 61 51 80 58 59 36 39 
36 31 45 56 55 34 27 77 53 39 68 49 24 31 65 72 37 26 21 65 35 76 42 53 70 55 22 62 58 64 34 76 42 34 45 71 70 53 29 44 0 54 29 57 54 42 35 28 45 56 
47 78 74 30 57 33 72 36 61 21 44 22 57 28 47 32 79 63 32 44 51 58 48 60 34 78 72 52 36 33 28 32 28 39 31 73 46 22 56 30 54 0 78 50 44 70 74 76 54 36 
21 38 63 22 39 20 22 60 36 40 68 44 27 44 55 79 51 80 59 34 72 33 27 36 51 67 51 20 73 27 36 28 27 76 80 71 68 25 64 31 29 78 0 64 32 60 75 48 24 78 
37 54 32 60 40 49 80 37 37 44 58 21 46 73 22 39 28 30 35 39 72 68 32 56 47 42 64 65 22 61 80 61 20 71 52 36 29 21 72 61 57 50 64 0 55 48 65 35 66 65 
62 27 49 73 67 57 38 73 32 56 78 37 24 50 33 67 51 35 76 72 75 22 71 26 49 70 42 53 34 38 70 63 60 53 31 64 38 67 37 51 54 44 32 55 0 45 53 61 45 35 
56 56 68 51 70 22 55 51 27 42 74 70 37 29 65 23 36 31 37 25 33 63 58 72 30 24 45 26 24 48 20 45 56 58 40 58 79 53 68 80 42 70 60 48 45 0 80 22 22 25 
80 70 38 55 27 21 66 72 49 36 64 35 79 32 28 52 47 25 53 29 49 36 68 66 58 65 61 65 32 80 31 80 44 40 34 74 49 45 21 58 35 74 75 65 53 80 0 21 45 52 
51 21 52 38 44 55 33 46 47 63 66 20 27 61 37 68 77 26 62 74 80 52 49 56 78 41 56 65 67 52 38 34 34 39 26 52 69 61 49 59 28 76 48 35 61 22 21 0 20 47 
45 23 29 27 55 80 73 32 65 76 68 41 43 36 50 46 52 38 59 24 54 73 24 34 33 33 52 30 37 57 22 32 75 56 61 67 61 46 35 36 45 54 24 66 45 22 45 20 0 73 
67 30 62 24 51 32 70 26 35 27 78 35 65 68 30 48 56 77 51 35 51 78 60 52 34 24 58 20 22 42 77 59 80 55 47 59 68 61 60 39 56 36 78 65 35 25 52 47 73 0 
RBBRBBRBBBRBRBRRRRBBRBBBBRBBRBBBRBRRRRBRRRRRBBRBRR