50
0 14 40 3 42 14 81 62 4 22 20 84 59 73 88 85 3 90 93 89 87 78 79 84 34 83 34 65 85 64 19 93 10 17 17 82 88 55 99 6 55 27 99 25 56 59 88 74 20 30
14 0 55 98 45 47 21 97 81 90 81 94 31 38 54 51 53 69 73 63 78 9 74 50 77 85 79 69 79 86 23 15 99 80 32 50 89 77 10 9 51 10 42 71 39 41 51 65 64 66
40 55 0 45 11 86 89 70 4 81 64 10 66 45 95 9 60 34 65 18 13 48 33 13 79 99 39 85 68 65 55 21 91 25 49 15 39 63 34 67 93 78 52 33 45 38 60 43 49 64
3 98 45 0 96 73 56 93 73 58 67 27 58 8 73 47 89 72 74 58 4 15 40 13 82 28 84 48 5 78 17 6 12 82 37 7 45 2 91 51 97 43 47 23 25 67 53 71 39 61
42 45 11 96 0 27 92 93 83 42 98 67 96 72 61 26 61 33 0 81 80 47 91 13 55 55 39 1 0 65 92 51 27 99 82 71 44 11 76 49 89 50 44 7 51 51 36 60 99 43
14 47 86 73 27 0 17 60 82 3 39 68 78 99 34 52 13 87 70 96 3 70 68 25 55 41 46 49 43 95 59 36 68 76 77 88 48 47 73 9 50 19 59 82 99 89 35 98 49 74
81 21 89 56 92 17 0 18 6 85 17 55 22 3 76 4 22 23 82 70 78 24 55 99 45 94 70 31 15 71 71 19 90 84 7 60 92 9 84 18 26 78 90 87 93 41 31 35 17 87
62 97 70 93 93 60 18 0 75 3 91 63 4 38 92 77 98 52 93 15 44 85 93 68 49 78 93 10 61 67 38 31 34 74 1 63 80 75 56 92 96 8 61 87 8 61 5 76 61 76
4 81 4 73 83 82 6 75 0 55 56 88 54 1 69 83 72 74 91 98 13 27 21 59 64 33 18 33 71 94 1 54 20 13 90 7 13 51 13 29 42 51 35 12 50 21 68 48 36 88
22 90 81 58 42 3 85 3 55 0 87 54 58 61 53 73 69 1 13 60 74 4 60 81 13 96 74 25 70 19 49 41 59 70 12 60 20 26 63 33 9 85 68 14 21 85 42 70 12 74
20 81 64 67 98 39 17 91 56 87 0 16 30 48 86 77 83 85 97 28 91 33 42 28 81 93 89 20 82 97 94 47 66 0 63 48 97 51 98 55 69 20 87 64 42 53 45 12 69 0
84 94 10 27 67 68 55 63 88 54 16 0 25 10 87 41 35 15 84 92 34 59 24 81 26 31 97 64 79 10 35 52 21 6 9 48 0 46 74 17 15 54 44 36 9 72 91 51 56 52
59 31 66 58 96 78 22 4 54 58 30 25 0 59 66 87 43 77 9 80 40 11 8 84 38 10 98 16 93 76 14 71 50 34 60 60 78 69 54 51 69 94 93 17 57 36 93 79 21 4
73 38 45 8 72 99 3 38 1 61 48 10 59 0 29 88 87 93 59 49 28 72 34 59 14 57 61 88 16 73 36 41 71 29 88 2 49 45 88 41 93 31 87 4 92 62 88 97 18 75
88 54 95 73 61 34 76 92 69 53 86 87 66 29 0 9 76 12 16 81 55 25 99 50 61 1 23 6 40 32 10 22 89 57 83 96 21 1 76 88 59 6 4 66 81 64 50 53 95 73
85 51 9 47 26 52 4 77 83 73 77 41 87 88 9 0 69 53 74 84 73 12 64 96 96 46 21 35 51 30 32 53 40 10 39 10 73 60 13 87 30 42 81 90 81 19 58 90 23 63
3 53 60 89 61 13 22 98 72 69 83 35 43 87 76 69 0 64 32 63 68 84 26 24 17 94 12 78 98 54 66 50 47 76 64 37 53 27 3 39 86 25 75 99 60 33 91 0 41 17
90 69 34 72 33 87 23 52 74 1 85 15 77 93 12 53 64 0 21 4 4 82 64 87 82 93 65 50 52 20 5 10 14 24 37 24 33 76 89 82 79 9 96 50 57 71 29 61 86 74
93 73 65 74 0 70 82 93 91 13 97 84 9 59 16 74 32 21 0 59 18 87 44 7 67 89 64 57 47 92 79 79 28 57 70 74 68 83 28 18 43 93 99 93 7 71 25 90 95 99
89 63 18 58 81 96 70 15 98 60 28 92 80 49 81 84 63 4 59 0 54 18 67 6 78 79 35 22 38 29 49 5 45 66 14 40 53 18 56 17 80 18 53 53 66 34 72 93 82 37
87 78 13 4 80 3 78 44 13 74 91 34 40 28 55 73 68 4 18 54 0 3 26 88 55 62 76 77 19 12 2 11 97 58 45 50 52 92 84 68 50 16 12 41 87 21 92 11 76 4
78 9 48 15 47 70 24 85 27 4 33 59 11 72 25 12 84 82 87 18 3 0 69 85 12 58 82 83 24 9 58 53 65 27 24 78 62 7 72 12 3 55 62 83 96 29 91 43 38 13
79 74 33 40 91 68 55 93 21 60 42 24 8 34 99 64 26 64 44 67 26 69 0 59 69 26 53 70 33 30 21 54 27 49 30 28 5 62 89 59 89 33 62 73 85 2 8 7 19 86
84 50 13 13 13 25 99 68 59 81 28 81 84 59 50 96 24 87 7 6 88 85 59 0 41 10 1 35 68 37 65 24 53 39 12 20 47 96 6 53 85 90 21 13 75 19 58 33 63 37
34 77 79 82 55 55 45 49 64 13 81 26 38 14 61 96 17 82 67 78 55 12 69 41 0 93 67 37 23 96 98 73 34 71 99 51 68 56 59 85 55 86 4 2 95 31 33 14 84 88
83 85 99 28 55 41 94 78 33 96 93 31 10 57 1 46 94 93 89 79 62 58 26 10 93 0 38 76 91 9 61 13 97 10 49 89 4 75 26 25 73 8 54 88 87 57 91 8 67 26
34 79 39 84 39 46 70 93 18 74 89 97 98 61 23 21 12 65 64 35 76 82 53 1 67 38 0 78 46 75 24 84 58 10 48 63 40 34 13 29 39 62 52 71 58 97 41 61 44 50
65 69 85 48 1 49 31 10 33 25 20 64 16 88 6 35 78 50 57 22 77 83 70 35 37 76 78 0 32 41 78 84 21 18 48 58 19 55 25 73 3 6 71 60 75 26 87 2 40 81
85 79 68 5 0 43 15 61 71 70 82 79 93 16 40 51 98 52 47 38 19 24 33 68 23 91 46 32 0 37 54 80 45 96 86 78 0 27 51 6 3 30 81 8 16 32 73 13 34 8
64 86 65 78 65 95 71 67 94 19 97 10 76 73 32 30 54 20 92 29 12 9 30 37 96 9 75 41 37 0 52 19 75 37 74 11 12 75 53 73 53 20 16 17 70 87 3 47 39 71
19 23 55 17 92 59 71 38 1 49 94 35 14 36 10 32 66 5 79 49 2 58 21 65 98 61 24 78 54 52 0 99 85 26 99 74 61 31 42 38 93 78 24 41 80 88 91 61 78 92
93 15 21 6 51 36 19 31 54 41 47 52 71 41 22 53 50 10 79 5 11 53 54 24 73 13 84 84 80 19 99 0 98 21 42 68 7 75 48 46 32 60 11 89 47 57 84 49 69 34
10 99 91 12 27 68 90 34 20 59 66 21 50 71 89 40 47 14 28 45 97 65 27 53 34 97 58 21 45 75 85 98 0 51 72 64 36 75 72 30 56 44 11 13 16 9 14 14 98 91
17 80 25 82 99 76 84 74 13 70 0 6 34 29 57 10 76 24 57 66 58 27 49 39 71 10 10 18 96 37 26 21 51 0 42 74 23 13 14 35 74 20 39 32 6 27 15 68 16 30
17 32 49 37 82 77 7 1 90 12 63 9 60 88 83 39 64 37 70 14 45 24 30 12 99 49 48 48 86 74 99 42 72 42 0 41 59 2 58 73 97 70 75 5 44 31 43 58 85 44
82 50 15 7 71 88 60 63 7 60 48 48 60 2 96 10 37 24 74 40 50 78 28 20 51 89 63 58 78 11 74 68 64 74 41 0 99 81 21 40 71 87 44 57 27 67 5 89 5 6
88 89 39 45 44 48 92 80 13 20 97 0 78 49 21 73 53 33 68 53 52 62 5 47 68 4 40 19 0 12 61 7 36 23 59 99 0 59 46 99 23 71 6 49 6 62 0 81 64 42
55 77 63 2 11 47 9 75 51 26 51 46 69 45 1 60 27 76 83 18 92 7 62 96 56 75 34 55 27 75 31 75 75 13 2 81 59 0 61 76 93 32 60 47 48 28 7 36 39 62
99 10 34 91 76 73 84 56 13 63 98 74 54 88 76 13 3 89 28 56 84 72 89 6 59 26 13 25 51 53 42 48 72 14 58 21 46 61 0 28 94 24 19 25 21 32 80 14 90 66
6 9 67 51 49 9 18 92 29 33 55 17 51 41 88 87 39 82 18 17 68 12 59 53 85 25 29 73 6 73 38 46 30 35 73 40 99 76 28 0 49 14 52 67 89 33 15 62 47 86
55 51 93 97 89 50 26 96 42 9 69 15 69 93 59 30 86 79 43 80 50 3 89 85 55 73 39 3 3 53 93 32 56 74 97 71 23 93 94 49 0 70 32 52 25 69 75 36 97 87
27 10 78 43 50 19 78 8 51 85 20 54 94 31 6 42 25 9 93 18 16 55 33 90 86 8 62 6 30 20 78 60 44 20 70 87 71 32 24 14 70 0 50 13 6 56 66 79 12 28
99 42 52 47 44 59 90 61 35 68 87 44 93 87 4 81 75 96 99 53 12 62 62 21 4 54 52 71 81 16 24 11 11 39 75 44 6 60 19 52 32 50 0 99 6 8 51 37 40 75
25 71 33 23 7 82 87 87 12 14 64 36 17 4 66 90 99 50 93 53 41 83 73 13 2 88 71 60 8 17 41 89 13 32 5 57 49 47 25 67 52 13 99 0 99 46 76 12 91 93
56 39 45 25 51 99 93 8 50 21 42 9 57 92 81 81 60 57 7 66 87 96 85 75 95 87 58 75 16 70 80 47 16 6 44 27 6 48 21 89 25 6 6 99 0 89 28 99 3 64
59 41 38 67 51 89 41 61 21 85 53 72 36 62 64 19 33 71 71 34 21 29 2 19 31 57 97 26 32 87 88 57 9 27 31 67 62 28 32 33 69 56 8 46 89 0 87 37 66 15
88 51 60 53 36 35 31 5 68 42 45 91 93 88 50 58 91 29 25 72 92 91 8 58 33 91 41 87 73 3 91 84 14 15 43 5 0 7 80 15 75 66 51 76 28 87 0 42 67 78
74 65 43 71 60 98 35 76 48 70 12 51 79 97 53 90 0 61 90 93 11 43 7 33 14 8 61 2 13 47 61 49 14 68 58 89 81 36 14 62 36 79 37 12 99 37 42 0 45 90
20 64 49 39 99 49 17 61 36 12 69 56 21 18 95 23 41 86 95 82 76 38 19 63 84 67 44 40 34 39 78 69 98 16 85 5 64 39 90 47 97 12 40 91 3 66 67 45 0 65
30 66 64 61 43 74 87 76 88 74 0 52 4 75 73 63 17 74 99 37 4 13 86 37 88 26 50 81 8 71 92 34 91 30 44 6 42 62 66 86 87 28 75 93 64 15 78 90 65 0
RRRRBBRRRRBRBBRBBRBRRBBBRRRBBRBRBRRBRRBBBBBBBBRRBR
