36
0 83 86 38 16 55 60 19 16 28 47 2 98 32 91 27 63 4 33 73 34 57 79 28 85 41 50 74 31 58 15 61 86 80 61 58
83 0 37 63 83 1 27 99 30 2 60 78 98 4 93 39 12 56 50 2 1 78 19 54 50 90 6 90 89 22 71 5 73 36 84 92
86 37 0 47 41 47 80 42 56 30 29 22 80 58 71 60 85 31 1 43 89 69 16 87 54 62 65 11 51 27 53 41 50 78 95 91
38 63 47 0 16 1 64 8 16 22 39 60 92 93 19 76 31 96 15 48 82 22 82 64 38 7 88 88 82 63 16 71 4 50 98 99
16 83 41 16 0 46 51 36 25 24 25 89 47 94 76 52 70 63 99 36 21 22 1 80 24 70 32 20 80 55 62 82 33 95 93 39
55 1 47 1 46 0 96 23 13 56 27 24 57 71 45 41 78 55 48 25 86 96 92 71 66 63 29 61 98 42 94 74 67 93 24 13
60 27 80 64 51 96 0 87 52 7 51 93 1 7 7 69 36 79 97 46 26 42 26 11 72 95 76 90 99 3 15 52 53 8 41 25
19 99 42 8 36 23 87 0 16 61 33 48 4 89 5 89 94 9 14 57 2 45 47 80 74 97 86 28 23 54 93 10 100 21 84 80
16 30 56 16 25 13 52 16 0 7 33 73 61 40 58 90 65 89 21 47 58 42 42 30 80 93 24 60 84 48 57 74 84 90 68 10
28 2 30 22 24 56 7 61 7 0 64 15 59 67 64 94 81 39 100 69 67 1 92 64 13 17 13 49 66 37 99 37 89 87 57 50
47 60 29 39 25 27 51 33 33 64 0 73 78 35 9 58 63 72 98 2 61 86 49 67 50 87 12 33 17 65 50 47 75 83 74 88
2 78 22 60 89 24 93 48 73 15 73 0 25 52 69 59 49 68 55 31 7 17 45 69 76 56 57 42 76 53 94 66 63 61 19 14
98 98 80 92 47 57 1 4 61 59 78 25 0 71 40 16 12 68 35 43 64 74 60 92 87 20 39 19 46 15 55 89 4 83 15 23
32 4 58 93 94 71 7 89 40 67 35 52 71 0 86 34 80 59 33 34 30 32 20 41 2 71 48 96 53 49 1 53 67 99 56 84
91 93 71 19 76 45 7 5 58 64 9 69 40 86 0 56 29 53 82 62 27 61 38 66 53 52 67 13 47 63 94 94 31 42 51 97
27 39 60 76 52 41 69 89 90 94 58 59 16 34 56 0 99 12 2 45 48 44 31 88 23 15 27 23 14 90 96 5 54 22 6 45
63 12 85 31 70 78 36 94 65 81 63 49 12 80 29 99 0 73 29 89 18 67 74 84 64 33 74 37 33 79 61 73 20 74 53 68
4 56 31 96 63 55 79 9 89 39 72 68 68 59 53 12 73 0 93 58 82 25 60 73 20 14 30 98 70 32 91 26 69 59 85 20
33 50 1 15 99 48 97 14 21 100 98 55 35 33 82 2 29 93 0 57 39 38 19 25 13 52 42 77 27 6 84 68 63 76 97 89
73 2 43 48 36 25 46 57 47 69 2 31 43 34 62 45 89 58 57 0 41 73 17 65 25 85 99 85 20 84 91 26 46 55 11 55
34 1 89 82 21 86 26 2 58 67 61 7 64 30 27 48 18 82 39 41 0 90 24 98 94 52 10 55 42 84 79 68 37 50 5 88
57 78 69 22 22 96 42 45 42 1 86 17 74 32 61 44 67 25 38 73 90 0 38 83 28 65 75 36 4 40 65 48 96 51 96 40
79 19 16 82 1 92 26 47 42 92 49 45 60 20 38 31 74 60 19 17 24 38 0 7 26 94 22 26 26 19 60 42 67 79 37 34
28 54 87 64 80 71 11 80 30 64 67 69 92 41 66 88 84 73 25 65 98 83 7 0 26 71 88 85 57 87 50 72 72 59 54 68
85 50 54 38 24 66 72 74 80 13 50 76 87 2 53 23 64 20 13 25 94 28 26 26 0 70 64 84 80 3 13 78 32 16 19 88
41 90 62 7 70 63 95 97 93 17 87 56 20 71 52 15 33 14 52 85 52 65 94 71 70 0 92 54 3 94 95 68 69 98 29 90
50 6 65 88 32 29 76 86 24 13 12 57 39 48 67 27 74 30 42 99 10 75 22 88 64 92 0 29 1 23 33 71 73 83 87 99
74 90 11 88 20 61 90 28 60 49 33 42 19 96 13 23 37 98 77 85 55 36 26 85 84 54 29 0 9 53 16 67 68 1 14 1
31 89 51 82 80 98 99 23 84 66 17 76 46 53 47 14 33 70 27 20 42 4 26 57 80 3 1 9 0 40 84 76 88 36 67 1
58 22 27 63 55 42 3 54 48 37 65 53 15 49 63 90 79 32 6 84 84 40 19 87 3 94 23 53 40 0 66 57 65 51 82 90
15 71 53 16 62 94 15 93 57 99 50 94 55 1 94 96 61 91 84 91 79 65 60 50 13 95 33 16 84 66 0 32 73 64 51 52
61 5 41 71 82 74 52 10 74 37 47 66 89 53 94 5 73 26 68 26 68 48 42 72 78 68 71 67 76 57 32 0 27 83 29 37
86 73 50 4 33 67 53 100 84 89 75 63 4 67 31 54 20 69 63 46 37 96 67 72 32 69 73 68 88 65 73 27 0 63 24 45
80 36 78 50 95 93 8 21 90 87 83 61 83 99 42 22 74 59 76 55 50 51 79 59 16 98 83 1 36 51 64 83 63 0 27 77
61 84 95 98 93 24 41 84 68 57 74 19 15 56 51 6 53 85 97 11 5 96 37 54 19 29 87 14 67 82 51 29 24 27 0 93
58 92 91 99 39 13 25 80 10 50 88 14 23 84 97 45 68 20 89 55 88 40 34 68 88 90 99 1 1 90 52 37 45 77 93 0
BRBRBRBRBRBRBRBRBRBRBRBRBRBRBRBRBRBR
