48
0 76 39 56 57 26 9 12 99 16 37 74 63 74 46 6 33 14 83 96 96 3 98 9 23 18 91 7 32 49 29 53 2 5 19 45 46 35 30 55 72 66 29 8 15 74 17 72 
76 0 94 46 89 76 19 67 23 45 17 22 72 43 20 7 36 21 13 27 63 37 92 91 74 54 52 19 42 90 39 23 26 61 96 27 96 92 28 60 45 58 67 96 82 86 49 86 
39 94 0 70 23 25 29 62 17 43 56 86 79 97 43 65 76 64 96 20 79 53 6 34 66 80 59 85 4 81 47 10 31 61 72 62 3 79 53 44 95 88 92 31 42 17 13 33 
56 46 70 0 69 62 28 44 51 48 77 87 41 8 69 58 81 30 79 67 48 84 23 54 0 15 61 15 23 71 13 55 81 10 96 83 53 5 21 91 17 40 17 75 19 79 52 72 
57 89 23 69 0 76 27 36 82 15 21 7 100 23 70 92 20 90 57 16 15 62 23 75 37 16 45 86 26 79 25 80 84 59 44 51 78 61 52 80 88 36 65 97 89 0 76 47 
26 76 25 62 76 0 82 11 74 69 18 37 30 14 40 45 26 6 91 11 9 46 38 43 84 49 47 12 53 57 72 56 18 99 8 95 62 95 74 18 29 44 13 41 72 55 29 60 
9 19 29 28 27 82 0 22 17 88 55 77 89 58 52 15 35 20 31 63 53 66 8 60 64 16 80 52 46 17 3 79 1 91 20 65 38 0 87 90 49 52 72 49 3 34 32 4 
12 67 62 44 36 11 22 0 22 35 3 14 19 34 96 6 56 49 4 37 67 38 36 81 10 79 90 22 96 76 68 2 89 18 60 20 55 22 8 48 33 79 92 66 3 33 53 4 
99 23 17 51 82 74 17 22 0 27 95 15 24 41 43 16 93 29 29 34 9 14 99 64 73 29 36 3 62 87 94 9 5 75 23 66 38 45 13 90 76 0 15 52 91 21 91 37 
16 45 43 48 15 69 88 35 27 0 60 49 2 29 23 15 4 43 100 80 68 75 0 54 96 33 38 61 45 34 90 40 88 22 1 80 33 85 24 59 20 92 41 95 6 79 21 3 
37 17 56 77 21 18 55 3 95 60 0 4 33 27 27 13 5 86 34 85 24 29 23 61 0 58 41 52 56 41 53 48 53 86 68 28 23 90 55 32 81 19 26 66 23 18 71 33 
74 22 86 87 7 37 77 14 15 49 4 0 85 70 78 12 42 64 61 7 17 93 33 19 44 30 93 53 96 8 30 95 85 71 79 83 40 36 97 43 72 29 46 62 32 7 50 63 
63 72 79 41 100 30 89 19 24 2 33 85 0 30 61 13 71 78 64 37 77 50 33 15 94 90 31 94 74 39 92 35 28 55 42 67 78 2 26 8 72 54 51 98 77 27 63 75 
74 43 97 8 23 14 58 34 41 29 27 70 30 0 46 19 18 18 66 0 87 32 3 64 7 98 18 97 59 12 46 21 63 21 29 0 65 97 11 71 65 2 42 41 77 23 1 1 
46 20 43 69 70 40 52 96 43 23 27 78 61 46 0 40 32 65 40 46 94 58 93 47 13 22 22 10 13 50 7 7 4 72 94 22 98 28 39 15 21 18 27 38 96 79 59 12 
6 7 65 58 92 45 15 6 16 15 13 12 13 19 40 0 4 87 58 18 46 90 89 100 66 25 61 78 79 51 63 42 82 82 6 18 48 79 26 64 24 78 7 78 29 80 27 37 
33 36 76 81 20 26 35 56 93 4 5 42 71 18 32 4 0 35 41 89 30 24 84 99 32 49 16 67 35 36 16 57 68 46 21 19 41 12 14 8 91 80 64 93 74 56 98 39 
14 21 64 30 90 6 20 49 29 43 86 64 78 18 65 87 35 0 27 50 73 46 39 48 2 18 9 78 77 86 79 88 79 67 69 26 66 5 41 75 82 54 1 92 56 8 18 71 
83 13 96 79 57 91 31 4 29 100 34 61 64 66 40 58 41 27 0 45 76 60 5 64 35 59 26 49 36 100 11 81 86 93 38 87 13 8 86 47 37 2 44 67 24 91 21 69 
96 27 20 67 16 11 63 37 34 80 85 7 37 0 46 18 89 50 45 0 47 71 9 42 25 59 35 18 99 45 69 73 86 98 80 87 97 62 92 85 56 5 88 49 1 30 4 81 
96 63 79 48 15 9 53 67 9 68 24 17 77 87 94 46 30 73 76 47 0 3 16 73 5 86 24 2 53 54 53 36 63 54 33 68 13 50 5 37 91 23 36 48 61 51 67 85 
3 37 53 84 62 46 66 38 14 75 29 93 50 32 58 90 24 46 60 71 3 0 61 95 92 75 56 69 84 60 82 16 73 17 27 17 89 86 21 96 68 0 3 50 77 84 61 84 
98 92 6 23 23 38 8 36 99 0 23 33 33 3 93 89 84 39 5 9 16 61 0 77 59 59 65 93 77 34 88 33 90 91 5 88 69 86 75 84 69 88 54 51 24 27 0 67 
9 91 34 54 75 43 60 81 64 54 61 19 15 64 47 100 99 48 64 42 73 95 77 0 0 68 55 83 11 2 38 34 4 93 12 92 16 42 30 48 26 54 41 4 82 84 66 27 
23 74 66 0 37 84 64 10 73 96 0 44 94 7 13 66 32 2 35 25 5 92 59 0 0 8 23 55 15 68 14 5 97 0 25 9 43 34 45 97 5 18 9 41 62 11 24 72 
18 54 80 15 16 49 16 79 29 33 58 30 90 98 22 25 49 18 59 59 86 75 59 68 8 0 65 33 58 34 54 37 47 92 53 13 77 23 78 4 67 74 97 83 17 69 14 36 
91 52 59 61 45 47 80 90 36 38 41 93 31 18 22 61 16 9 26 35 24 56 65 55 23 65 0 6 2 85 5 22 34 78 31 87 19 9 88 74 18 83 16 26 75 80 23 65 
7 19 85 15 86 12 52 22 3 61 52 53 94 97 10 78 67 78 49 18 2 69 93 83 55 33 6 0 20 89 75 54 41 69 79 52 84 16 65 48 78 98 73 49 42 45 12 96 
32 42 4 23 26 53 46 96 62 45 56 96 74 59 13 79 35 77 36 99 53 84 77 11 15 58 2 20 0 85 75 90 17 99 48 0 25 21 91 43 45 79 81 43 22 3 14 52 
49 90 81 71 79 57 17 76 87 34 41 8 39 12 50 51 36 86 100 45 54 60 34 2 68 34 85 89 85 0 47 95 78 54 4 60 12 100 67 9 41 30 56 90 30 45 78 31 
29 39 47 13 25 72 3 68 94 90 53 30 92 46 7 63 16 79 11 69 53 82 88 38 14 54 5 75 75 47 0 60 49 29 55 8 23 44 45 13 66 74 94 70 98 29 47 39 
53 23 10 55 80 56 79 2 9 40 48 95 35 21 7 42 57 88 81 73 36 16 33 34 5 37 22 54 90 95 60 0 41 41 49 54 79 25 73 16 8 33 48 67 97 14 82 81 
2 26 31 81 84 18 1 89 5 88 53 85 28 63 4 82 68 79 86 86 63 73 90 4 97 47 34 41 17 78 49 41 0 78 18 71 41 32 79 77 23 59 85 44 9 54 17 91 
5 61 61 10 59 99 91 18 75 22 86 71 55 21 72 82 46 67 93 98 54 17 91 93 0 92 78 69 99 54 29 41 78 0 34 54 23 88 16 44 84 10 25 1 32 5 60 39 
19 96 72 96 44 8 20 60 23 1 68 79 42 29 94 6 21 69 38 80 33 27 5 12 25 53 31 79 48 4 55 49 18 34 0 54 69 59 97 80 22 52 91 11 49 23 37 62 
45 27 62 83 51 95 65 20 66 80 28 83 67 0 22 18 19 26 87 87 68 17 88 92 9 13 87 52 0 60 8 54 71 54 54 0 69 22 57 21 32 71 47 20 80 23 37 35 
46 96 3 53 78 62 38 55 38 33 23 40 78 65 98 48 41 66 13 97 13 89 69 16 43 77 19 84 25 12 23 79 41 23 69 69 0 16 90 36 73 4 55 31 94 49 30 3 
35 92 79 5 61 95 0 22 45 85 90 36 2 97 28 79 12 5 8 62 50 86 86 42 34 23 9 16 21 100 44 25 32 88 59 22 16 0 61 21 9 98 74 52 8 59 96 28 
30 28 53 21 52 74 87 8 13 24 55 97 26 11 39 26 14 41 86 92 5 21 75 30 45 78 88 65 91 67 45 73 79 16 97 57 90 61 0 22 77 7 4 24 34 91 1 84 
55 60 44 91 80 18 90 48 90 59 32 43 8 71 15 64 8 75 47 85 37 96 84 48 97 4 74 48 43 9 13 16 77 44 80 21 36 21 22 0 86 55 30 100 49 89 96 15 
72 45 95 17 88 29 49 33 76 20 81 72 72 65 21 24 91 82 37 56 91 68 69 26 5 67 18 78 45 41 66 8 23 84 22 32 73 9 77 86 0 35 86 25 49 75 100 5 
66 58 88 40 36 44 52 79 0 92 19 29 54 2 18 78 80 54 2 5 23 0 88 54 18 74 83 98 79 30 74 33 59 10 52 71 4 98 7 55 35 0 28 40 18 98 87 7 
29 67 92 17 65 13 72 92 15 41 26 46 51 42 27 7 64 1 44 88 36 3 54 41 9 97 16 73 81 56 94 48 85 25 91 47 55 74 4 30 86 28 0 21 13 68 65 21 
8 96 31 75 97 41 49 66 52 95 66 62 98 41 38 78 93 92 67 49 48 50 51 4 41 83 26 49 43 90 70 67 44 1 11 20 31 52 24 100 25 40 21 0 68 80 45 43 
15 82 42 19 89 72 3 3 91 6 23 32 77 77 96 29 74 56 24 1 61 77 24 82 62 17 75 42 22 30 98 97 9 32 49 80 94 8 34 49 49 18 13 68 0 10 46 9 
74 86 17 79 0 55 34 33 21 79 18 7 27 23 79 80 56 8 91 30 51 84 27 84 11 69 80 45 3 45 29 14 54 5 23 23 49 59 91 89 75 98 68 80 10 0 36 77 
17 49 13 52 76 29 32 53 91 21 71 50 63 1 59 27 98 18 21 4 67 61 0 66 24 14 23 12 14 78 47 82 17 60 37 37 30 96 1 96 100 87 65 45 46 36 0 23 
72 86 33 72 47 60 4 4 37 3 33 63 75 1 12 37 39 71 69 81 85 84 67 27 72 36 65 96 52 31 39 81 91 39 62 35 3 28 84 15 5 7 21 43 9 77 23 0 
BRRRBBRBBRBRRBBBBRRRBBBRBBRBBRBRBBRBRRRRRRRRBRBB
