50
0 78 82 94 99 75 3 6 39 61 95 37 41 24 63 27 20 55 82 84 38 29 89 54 69 72 36 54 26 15 34 47 16 40 26 45 20 42 58 16 26 55 92 89 59 64 16 63 53 37 
78 0 27 6 98 49 65 32 38 22 79 58 19 48 38 95 95 70 22 16 26 86 79 63 90 19 73 11 48 35 39 36 29 34 81 57 53 63 36 33 93 48 92 6 56 63 62 22 91 62 
82 27 0 79 98 57 31 61 60 46 27 73 39 26 50 95 94 90 8 61 66 17 74 67 94 7 91 29 75 71 85 27 45 37 35 54 29 75 81 91 20 54 98 96 48 73 20 58 56 57 
94 6 79 0 96 24 81 25 49 66 86 26 85 63 52 80 9 23 95 36 19 67 53 56 72 34 70 48 14 78 46 91 73 32 29 18 72 56 96 49 16 47 68 30 15 92 77 72 33 91 
99 98 98 96 0 25 15 46 80 48 56 84 100 61 66 86 77 74 93 97 69 20 62 35 79 89 88 92 20 5 74 52 32 75 70 96 40 41 90 24 75 21 98 86 68 86 91 97 25 98 
75 49 57 24 25 0 59 35 91 71 27 73 15 98 25 52 69 56 79 100 50 60 14 24 88 38 94 13 26 47 64 15 1 81 37 71 95 31 56 27 8 49 26 44 58 97 49 77 88 12 
3 65 31 81 15 59 0 79 65 80 38 94 82 51 93 24 88 92 79 80 14 38 75 29 41 75 91 96 68 31 51 56 77 18 49 71 87 66 38 3 94 85 64 31 65 99 68 56 20 96 
6 32 61 25 46 35 79 0 34 53 18 84 90 68 68 70 26 74 74 74 29 66 49 90 47 31 25 53 74 24 98 81 41 62 81 24 1 61 81 14 49 34 67 21 15 61 60 73 45 30 
39 38 60 49 80 91 65 34 0 93 8 100 3 82 11 30 84 81 71 24 61 72 50 79 77 40 71 72 37 65 95 19 77 62 35 91 19 62 91 34 32 32 46 41 69 55 70 14 61 76 
61 22 46 66 48 71 80 53 93 0 43 14 69 58 69 41 35 56 78 72 41 17 61 64 74 16 31 43 34 43 28 32 61 61 9 100 38 22 1 98 55 46 22 98 49 43 26 15 76 64 
95 79 27 86 56 27 38 18 8 43 0 91 72 70 15 66 30 24 100 27 37 15 31 89 93 41 17 81 28 53 30 79 62 92 97 52 42 69 32 52 26 2 41 51 79 74 88 21 72 94 
37 58 73 26 84 73 94 84 100 14 91 0 15 24 18 18 46 82 93 37 97 96 65 52 18 42 54 35 89 57 62 46 51 87 16 10 14 42 11 62 30 76 68 77 1 19 16 75 88 20 
41 19 39 85 100 15 82 90 3 69 72 15 0 67 87 77 87 98 31 75 32 41 49 62 25 39 69 4 45 96 28 80 19 15 56 89 99 100 65 58 71 75 51 37 86 14 79 56 72 83 
24 48 26 63 61 98 51 68 82 58 70 24 67 0 95 27 78 26 36 11 86 13 91 38 28 90 68 26 14 30 20 45 60 62 46 70 10 39 64 41 80 91 18 97 79 4 64 49 67 72 
63 38 50 52 66 25 93 68 11 69 15 18 87 95 0 40 27 58 99 30 38 86 26 9 13 25 50 85 95 98 30 76 46 17 62 36 100 7 52 74 39 99 100 55 14 40 66 22 58 85 
27 95 95 80 86 52 24 70 30 41 66 18 77 27 40 0 96 52 15 47 4 61 84 13 23 72 45 88 18 21 70 96 48 23 60 38 17 49 63 70 80 19 94 88 3 92 73 27 32 48 
20 95 94 9 77 69 88 26 84 35 30 46 87 78 27 96 0 37 66 81 95 36 72 23 54 28 13 15 12 2 79 43 27 81 34 100 55 60 87 46 72 74 53 27 50 91 81 74 100 66 
55 70 90 23 74 56 92 74 81 56 24 82 98 26 58 52 37 0 14 22 10 42 93 67 30 42 40 91 87 82 28 74 69 38 11 34 17 70 62 25 10 52 75 47 42 41 33 45 91 45 
82 22 8 95 93 79 79 74 71 78 100 93 31 36 99 15 66 14 0 44 92 48 80 25 88 51 22 42 76 13 93 23 85 30 38 38 43 6 61 60 71 38 22 97 11 100 73 30 37 21 
84 16 61 36 97 100 80 74 24 72 27 37 75 11 30 47 81 22 44 0 33 89 45 75 89 11 10 82 46 32 32 52 56 22 98 91 59 86 24 18 40 10 37 74 92 46 79 71 20 93 
38 26 66 19 69 50 14 29 61 41 37 97 32 86 38 4 95 10 92 33 0 45 74 24 80 41 16 86 25 55 44 29 43 33 27 75 91 51 11 59 92 38 57 28 32 15 39 32 49 16 
29 86 17 67 20 60 38 66 72 17 15 96 41 13 86 61 36 42 48 89 45 0 54 92 30 74 20 62 31 95 4 1 60 61 81 21 84 23 59 33 75 29 54 76 71 61 17 38 11 18 
89 79 74 53 62 14 75 49 50 61 31 65 49 91 26 84 72 93 80 45 74 54 0 10 84 74 83 52 95 41 21 59 4 18 44 99 95 36 73 70 21 90 99 61 86 44 26 46 75 26 
54 63 67 56 35 24 29 90 79 64 89 52 62 38 9 13 23 67 25 75 24 92 10 0 12 42 37 22 50 24 55 98 50 39 31 18 96 19 85 53 96 31 88 11 88 97 39 63 54 70 
69 90 94 72 79 88 41 47 77 74 93 18 25 28 13 23 54 30 88 89 80 30 84 12 0 3 11 24 79 74 62 8 91 41 49 11 35 38 47 52 97 72 45 80 17 35 83 39 25 45 
72 19 7 34 89 38 75 31 40 16 41 42 39 90 25 72 28 42 51 11 41 74 74 42 3 0 30 39 22 51 64 88 65 94 55 99 82 13 59 74 50 40 40 97 52 78 34 70 69 15 
36 73 91 70 88 94 91 25 71 31 17 54 69 68 50 45 13 40 22 10 16 20 83 37 11 30 0 11 77 84 10 75 67 60 38 75 40 75 92 100 27 88 21 100 78 84 22 46 27 15 
54 11 29 48 92 13 96 53 72 43 81 35 4 26 85 88 15 91 42 82 86 62 52 22 24 39 11 0 56 72 13 99 39 31 68 38 30 17 91 12 63 34 33 7 12 92 21 32 14 29 
26 48 75 14 20 26 68 74 37 34 28 89 45 14 95 18 12 87 76 46 25 31 95 50 79 22 77 56 0 71 61 50 65 63 65 21 53 70 38 100 43 83 84 42 14 13 12 8 37 59 
15 35 71 78 5 47 31 24 65 43 53 57 96 30 98 21 2 82 13 32 55 95 41 24 74 51 84 72 71 0 22 21 47 91 75 70 20 75 46 21 57 20 81 79 89 33 29 91 73 31 
34 39 85 46 74 64 51 98 95 28 30 62 28 20 30 70 79 28 93 32 44 4 21 55 62 64 10 13 61 22 0 20 26 84 36 60 89 70 52 83 89 65 11 92 81 39 62 65 40 46 
47 36 27 91 52 15 56 81 19 32 79 46 80 45 76 96 43 74 23 52 29 1 59 98 8 88 75 99 50 21 20 0 80 81 83 94 36 20 11 62 34 37 60 81 75 71 13 55 95 62 
16 29 45 73 32 1 77 41 77 61 62 51 19 60 46 48 27 69 85 56 43 60 4 50 91 65 67 39 65 47 26 80 0 90 11 73 52 76 65 20 71 63 41 64 39 53 92 77 79 54 
40 34 37 32 75 81 18 62 62 61 92 87 15 62 17 23 81 38 30 22 33 61 18 39 41 94 60 31 63 91 84 81 90 0 13 8 70 18 44 45 49 77 32 12 66 57 100 79 4 41 
26 81 35 29 70 37 49 81 35 9 97 16 56 46 62 60 34 11 38 98 27 81 44 31 49 55 38 68 65 75 36 83 11 13 0 93 93 17 18 77 92 23 82 34 47 46 4 48 34 27 
45 57 54 18 96 71 71 24 91 100 52 10 89 70 36 38 100 34 38 91 75 21 99 18 11 99 75 38 21 70 60 94 73 8 93 0 44 73 56 21 44 68 74 26 50 72 39 75 71 89 
20 53 29 72 40 95 87 1 19 38 42 14 99 10 100 17 55 17 43 59 91 84 95 96 35 82 40 30 53 20 89 36 52 70 93 44 0 100 36 19 93 34 93 37 37 87 14 25 25 93 
42 63 75 56 41 31 66 61 62 22 69 42 100 39 7 49 60 70 6 86 51 23 36 19 38 13 75 17 70 75 70 20 76 18 17 73 100 0 80 33 99 100 23 56 97 98 63 59 91 51 
58 36 81 96 90 56 38 81 91 1 32 11 65 64 52 63 87 62 61 24 11 59 73 85 47 59 92 91 38 46 52 11 65 44 18 56 36 80 0 79 83 56 39 51 84 93 94 24 53 3 
16 33 91 49 24 27 3 14 34 98 52 62 58 41 74 70 46 25 60 18 59 33 70 53 52 74 100 12 100 21 83 62 20 45 77 21 19 33 79 0 72 80 72 67 24 70 12 98 8 90 
26 93 20 16 75 8 94 49 32 55 26 30 71 80 39 80 72 10 71 40 92 75 21 96 97 50 27 63 43 57 89 34 71 49 92 44 93 99 83 72 0 57 57 27 25 45 85 66 58 57 
55 48 54 47 21 49 85 34 32 46 2 76 75 91 99 19 74 52 38 10 38 29 90 31 72 40 88 34 83 20 65 37 63 77 23 68 34 100 56 80 57 0 58 48 31 83 62 72 55 34 
92 92 98 68 98 26 64 67 46 22 41 68 51 18 100 94 53 75 22 37 57 54 99 88 45 40 21 33 84 81 11 60 41 32 82 74 93 23 39 72 57 58 0 18 35 9 75 14 61 5 
89 6 96 30 86 44 31 21 41 98 51 77 37 97 55 88 27 47 97 74 28 76 61 11 80 97 100 7 42 79 92 81 64 12 34 26 37 56 51 67 27 48 18 0 18 40 50 30 25 95 
59 56 48 15 68 58 65 15 69 49 79 1 86 79 14 3 50 42 11 92 32 71 86 88 17 52 78 12 14 89 81 75 39 66 47 50 37 97 84 24 25 31 35 18 0 92 43 70 25 38 
64 63 73 92 86 97 99 61 55 43 74 19 14 4 40 92 91 41 100 46 15 61 44 97 35 78 84 92 13 33 39 71 53 57 46 72 87 98 93 70 45 83 9 40 92 0 64 51 20 31 
16 62 20 77 91 49 68 60 70 26 88 16 79 64 66 73 81 33 73 79 39 17 26 39 83 34 22 21 12 29 62 13 92 100 4 39 14 63 94 12 85 62 75 50 43 64 0 10 44 12 
63 22 58 72 97 77 56 73 14 15 21 75 56 49 22 27 74 45 30 71 32 38 46 63 39 70 46 32 8 91 65 55 77 79 48 75 25 59 24 98 66 72 14 30 70 51 10 0 12 16 
53 91 56 33 25 88 20 45 61 76 72 88 72 67 58 32 100 91 37 20 49 11 75 54 25 69 27 14 37 73 40 95 79 4 34 71 25 91 53 8 58 55 61 25 25 20 44 12 0 74 
37 62 57 91 98 12 96 30 76 64 94 20 83 72 85 48 66 45 21 93 16 18 26 70 45 15 15 29 59 31 46 62 54 41 27 89 93 51 3 90 57 34 5 95 38 31 12 16 74 0 
BRBBBBBRBBBBRBBRBRBRBBBRRRRRRRRBRBRBRRRRRRRBBBBRBR