18
0 1 98 96 91 93 91 95 91 93 90 99 94 90 94 93 95 95 
1 0 0 94 95 93 95 100 99 91 96 96 90 96 94 100 97 90 
98 0 0 1 90 91 96 93 100 95 94 93 100 98 98 99 93 98 
96 94 1 0 1 93 99 97 95 92 93 99 95 100 98 95 100 90 
91 95 90 1 0 1 97 100 98 91 95 96 96 98 92 98 93 92 
93 93 91 93 1 0 1 91 98 91 94 92 96 96 99 92 91 97 
91 95 96 99 97 1 0 0 90 91 93 90 97 90 97 96 97 95 
95 100 93 97 100 91 0 0 1 98 95 92 96 90 92 100 100 98 
91 99 100 95 98 98 90 1 0 1 90 94 94 95 94 94 96 99 
93 91 95 92 91 91 91 98 1 0 1 98 93 91 90 92 99 91 
90 96 94 93 95 94 93 95 90 1 0 0 99 94 96 91 95 98 
99 96 93 99 96 92 90 92 94 98 0 0 1 94 96 90 98 90 
94 90 100 95 96 96 97 96 94 93 99 1 0 1 93 98 95 97 
90 96 98 100 98 96 90 90 95 91 94 94 1 0 1 97 93 99 
94 94 98 98 92 99 97 92 94 90 96 96 93 1 0 1 100 97 
93 100 99 95 98 92 96 100 94 92 91 90 98 97 1 0 0 92 
95 97 93 100 93 91 97 100 96 99 95 98 95 93 100 0 0 1 
95 90 98 90 92 97 95 98 99 91 98 90 97 99 97 92 1 0 
RRRRRRRRRBBBBBBBBB