50
0 54 52 54 52 52 52 53 52 54 53 52 54 53 53 53 52 54 53 52 54 53 53 52 59 52 54 53 54 54 54 54 54 52 53 53 53 54 54 59 53 54 52 53 54 52 52 54 53 52
54 0 54 53 52 52 52 53 53 54 52 53 52 53 53 52 54 53 54 53 53 52 52 52 59 53 52 54 53 54 53 53 52 54 54 52 54 53 54 59 54 52 54 54 54 53 52 53 53 52
52 54 0 52 54 53 54 52 53 52 53 54 53 53 53 53 53 54 54 52 53 52 53 52 59 54 54 52 53 52 54 52 53 52 54 53 52 53 52 59 53 52 54 52 52 53 54 52 53 53
54 53 52 0 53 52 53 53 52 53 53 53 54 52 52 52 53 54 54 52 54 53 52 54 56 52 52 54 53 52 54 53 54 53 54 53 53 54 54 59 54 54 52 53 53 54 52 52 52 52
52 52 54 53 0 52 54 53 54 52 53 53 53 53 53 54 54 52 52 54 54 54 52 54 58 54 53 54 52 52 52 54 52 52 53 53 54 53 54 59 54 53 52 54 52 54 53 53 54 52
52 52 53 52 52 0 52 54 53 53 54 53 54 52 54 54 54 54 54 52 54 52 54 53 59 54 54 53 54 53 54 52 52 52 52 54 53 53 53 59 52 52 52 52 53 52 52 54 54 54
52 52 54 53 54 52 0 54 53 53 54 54 52 53 53 54 54 52 54 52 53 53 54 54 58 54 53 53 52 53 54 54 54 53 53 52 52 52 52 58 54 52 53 54 53 53 52 54 54 52
53 53 52 53 53 54 54 0 52 52 53 52 53 53 54 54 53 54 54 52 52 52 53 52 58 54 53 54 52 54 53 52 53 53 54 53 52 53 53 59 53 53 53 52 53 52 54 52 54 52
52 53 53 52 54 53 53 52 0 52 54 52 54 52 53 54 53 53 54 52 52 54 54 54 58 53 54 54 54 54 54 53 53 53 53 53 54 53 52 56 53 52 53 54 53 53 54 54 53 53
54 54 52 53 52 53 53 52 52 0 54 54 53 53 53 53 52 53 54 54 52 53 52 52 58 54 52 52 52 52 52 52 53 52 52 52 54 54 54 58 54 52 54 52 54 54 54 52 54 53
53 52 53 53 53 54 54 53 54 54 0 54 53 52 53 53 52 53 53 53 54 53 54 53 59 52 52 53 52 53 54 53 53 53 54 54 53 52 53 59 54 54 52 53 52 53 53 53 54 52
52 53 54 53 53 53 54 52 52 54 54 0 54 54 52 53 53 53 53 52 52 53 52 52 58 54 54 53 52 52 54 53 54 52 54 52 53 52 54 59 52 53 52 52 52 53 52 54 52 54
54 52 53 54 53 54 52 53 54 53 53 54 0 52 54 52 54 54 52 52 53 52 53 53 59 53 53 53 52 54 54 52 52 54 54 53 54 53 54 58 53 52 53 53 53 54 53 52 54 54
53 53 53 52 53 52 53 53 52 53 52 54 52 0 52 52 52 53 54 52 54 54 54 53 59 53 54 53 53 53 53 53 52 52 52 52 53 52 52 59 53 53 53 52 54 52 53 52 52 52
53 53 53 52 53 54 53 54 53 53 53 52 54 52 0 52 52 54 54 54 52 53 53 54 59 53 53 52 54 52 54 53 54 54 52 52 52 54 52 58 54 52 53 54 54 54 54 54 54 54
53 52 53 52 54 54 54 54 54 53 53 53 52 52 52 0 53 54 54 52 54 54 54 52 59 54 53 52 52 52 52 54 54 53 53 54 53 52 52 59 54 52 52 53 52 53 53 54 53 52
52 54 53 53 54 54 54 53 53 52 52 53 54 52 52 53 0 54 53 54 54 52 53 53 59 54 54 53 54 54 54 54 52 53 54 53 52 53 52 58 54 54 53 52 54 53 52 54 54 54
54 53 54 54 52 54 52 54 53 53 53 53 54 53 54 54 54 0 54 54 53 54 54 54 58 52 54 54 54 54 53 53 52 54 53 52 54 52 54 58 54 54 54 53 54 52 52 53 53 53
53 54 54 54 52 54 54 54 54 54 53 53 52 54 54 54 53 54 0 53 52 54 53 53 58 53 53 54 52 53 52 54 54 53 52 53 52 52 52 59 54 53 53 53 54 53 53 53 54 54
52 53 52 52 54 52 52 52 52 54 53 52 52 52 54 52 54 54 53 0 53 54 52 54 58 52 54 53 52 53 52 54 54 54 52 52 52 54 52 59 52 52 54 52 53 54 53 52 52 54
54 53 53 54 54 54 53 52 52 52 54 52 53 54 52 54 54 53 52 53 0 52 52 52 59 53 53 52 52 54 53 53 52 54 52 54 53 53 54 59 54 54 53 53 53 52 53 52 54 54
53 52 52 53 54 52 53 52 54 53 53 53 52 54 53 54 52 54 54 54 52 0 53 53 58 54 52 53 52 53 52 54 53 53 52 53 53 54 53 59 53 54 53 52 53 52 53 54 52 53
53 52 53 52 52 54 54 53 54 52 54 52 53 54 53 54 53 54 53 52 52 53 0 53 58 52 54 54 54 53 53 52 53 52 53 54 54 54 54 59 54 52 54 52 52 52 54 52 52 53
52 52 52 54 54 53 54 52 54 52 53 52 53 53 54 52 53 54 53 54 52 53 53 0 58 53 52 53 53 54 53 54 52 52 52 54 53 53 52 58 53 53 53 54 53 52 52 53 52 54
59 59 59 56 58 59 58 58 58 58 59 58 59 59 59 59 59 58 58 58 59 58 58 58 0 59 58 59 58 59 59 58 58 59 58 58 59 59 59 59 59 59 58 58 58 59 58 59 59 58
52 53 54 52 54 54 54 54 53 54 52 54 53 53 53 54 54 52 53 52 53 54 52 53 59 0 52 53 54 54 54 52 54 53 54 54 54 52 54 59 53 54 53 54 52 52 52 54 54 52
54 52 54 52 53 54 53 53 54 52 52 54 53 54 53 53 54 54 53 54 53 52 54 52 58 52 0 52 53 53 53 54 53 54 54 53 52 54 52 59 53 53 53 54 53 54 52 52 54 53
53 54 52 54 54 53 53 54 54 52 53 53 53 53 52 52 53 54 54 53 52 53 54 53 59 53 52 0 52 52 52 54 53 53 53 52 53 52 54 59 53 52 53 54 52 53 53 52 53 53
54 53 53 53 52 54 52 52 54 52 52 52 52 53 54 52 54 54 52 52 52 52 54 53 58 54 53 52 0 54 52 54 52 53 54 53 52 54 54 58 54 54 52 52 53 54 53 52 52 52
54 54 52 52 52 53 53 54 54 52 53 52 54 53 52 52 54 54 53 53 54 53 53 54 59 54 53 52 54 0 52 52 52 53 52 52 54 52 52 58 53 53 52 53 54 54 53 54 52 52
54 53 54 54 52 54 54 53 54 52 54 54 54 53 54 52 54 53 52 52 53 52 53 53 59 54 53 52 52 52 0 53 52 52 52 52 52 53 54 59 52 53 54 53 54 53 52 53 52 54
54 53 52 53 54 52 54 52 53 52 53 53 52 53 53 54 54 53 54 54 53 54 52 54 58 52 54 54 54 52 53 0 52 53 53 54 52 53 53 58 52 53 53 54 54 53 52 52 54 53
54 52 53 54 52 52 54 53 53 53 53 54 52 52 54 54 52 52 54 54 52 53 53 52 58 54 53 53 52 52 52 52 0 54 53 54 52 52 52 58 54 53 54 52 53 53 52 52 53 54
52 54 52 53 52 52 53 53 53 52 53 52 54 52 54 53 53 54 53 54 54 53 52 52 59 53 54 53 53 53 52 53 54 0 52 54 52 54 53 59 54 54 53 54 52 53 53 53 53 54
53 54 54 54 53 52 53 54 53 52 54 54 54 52 52 53 54 53 52 52 52 52 53 52 58 54 54 53 54 52 52 53 53 52 0 53 52 52 53 59 52 53 52 54 52 53 52 52 53 52
53 52 53 53 53 54 52 53 53 52 54 52 53 52 52 54 53 52 53 52 54 53 54 54 58 54 53 52 53 52 52 54 54 54 53 0 53 53 52 59 52 54 53 52 52 53 53 54 53 52
53 54 52 53 54 53 52 52 54 54 53 53 54 53 52 53 52 54 52 52 53 53 54 53 59 54 52 53 52 54 52 52 52 52 52 53 0 52 53 59 54 54 53 54 53 54 54 53 52 54
54 53 53 54 53 53 52 53 53 54 52 52 53 52 54 52 53 52 52 54 53 54 54 53 59 52 54 52 54 52 53 53 52 54 52 53 52 0 52 58 52 52 53 52 54 53 52 54 54 53
54 54 52 54 54 53 52 53 52 54 53 54 54 52 52 52 52 54 52 52 54 53 54 52 59 54 52 54 54 52 54 53 52 53 53 52 53 52 0 58 52 52 54 53 52 53 53 53 52 53
59 59 59 59 59 59 58 59 56 58 59 59 58 59 58 59 58 58 59 59 59 59 59 58 59 59 59 59 58 58 59 58 58 59 59 59 59 58 58 0 58 59 59 59 59 59 59 58 58 59
53 54 53 54 54 52 54 53 53 54 54 52 53 53 54 54 54 54 54 52 54 53 54 53 59 53 53 53 54 53 52 52 54 54 52 52 54 52 52 58 0 52 53 52 54 54 53 54 53 52
54 52 52 54 53 52 52 53 52 52 54 53 52 53 52 52 54 54 53 52 54 54 52 53 59 54 53 52 54 53 53 53 53 54 53 54 54 52 52 59 52 0 52 53 54 53 54 53 52 52
52 54 54 52 52 52 53 53 53 54 52 52 53 53 53 52 53 54 53 54 53 53 54 53 58 53 53 53 52 52 54 53 54 53 52 53 53 53 54 59 53 52 0 52 54 54 52 52 53 52
53 54 52 53 54 52 54 52 54 52 53 52 53 52 54 53 52 53 53 52 53 52 52 54 58 54 54 54 52 53 53 54 52 54 54 52 54 52 53 59 52 53 52 0 54 53 54 52 54 52
54 54 52 53 52 53 53 53 53 54 52 52 53 54 54 52 54 54 54 53 53 53 52 53 58 52 53 52 53 54 54 54 53 52 52 52 53 54 52 59 54 54 54 54 0 52 54 54 54 54
52 53 53 54 54 52 53 52 53 54 53 53 54 52 54 53 53 52 53 54 52 52 52 52 59 52 54 53 54 54 53 53 53 53 53 53 54 53 53 59 54 53 54 53 52 0 52 54 52 54
52 52 54 52 53 52 52 54 54 54 53 52 53 53 54 53 52 52 53 53 53 53 54 52 58 52 52 53 53 53 52 52 52 53 52 53 54 52 53 59 53 54 52 54 54 52 0 52 52 53
54 53 52 52 53 54 54 52 54 52 53 54 52 52 54 54 54 53 53 52 52 54 52 53 59 54 52 52 52 54 53 52 52 53 52 54 53 54 53 58 54 53 52 52 54 54 52 0 53 52
53 53 53 52 54 54 54 54 53 54 54 52 54 52 54 53 54 53 54 52 54 52 52 52 59 54 54 53 52 52 52 54 53 53 53 53 52 54 52 58 53 52 53 54 54 52 52 53 0 52
52 52 53 52 52 54 52 52 53 53 52 54 54 52 54 52 54 53 54 54 54 53 53 54 58 52 53 53 52 52 54 53 54 54 52 52 54 53 53 59 52 52 52 52 54 54 53 52 52 0
BBRRBRRBBRBRBRRRBRBRRRBBBRBRBRBRRBRBRRRBBBBBRBRBRB