50
0 32 40 21 46 35 14 29 27 10 34 27 15 5 48 46 12 21 30 8 1 1 44 9 40 49 45 0 39 27 13 2 20 10 28 17 49 44 16 48 25 36 21 43 28 39 9 9 0 3
32 0 37 27 45 24 5 23 33 8 31 2 1 31 7 17 30 47 48 6 27 23 12 16 40 3 41 34 21 47 40 28 21 4 11 14 10 2 42 43 46 31 33 23 48 38 4 49 0 45
40 37 0 24 49 9 10 1 2 32 5 18 29 6 28 9 11 37 31 12 36 43 21 8 25 7 20 19 38 29 34 49 43 8 42 45 4 31 0 28 29 46 20 16 6 7 5 18 42 38
21 27 24 0 45 5 15 46 7 6 42 2 38 26 37 45 9 13 46 47 44 0 47 23 7 17 41 24 28 44 29 20 34 23 24 7 15 32 0 24 10 1 28 36 33 46 39 6 17 15
46 45 49 45 0 2 25 19 46 3 49 6 47 42 16 47 5 36 42 9 12 40 45 45 38 34 43 42 19 3 36 49 49 15 13 0 11 4 22 10 47 44 45 45 44 15 43 20 49 44
35 24 9 5 2 0 48 28 11 21 7 10 17 37 24 41 47 48 39 14 24 5 24 0 27 25 10 32 2 29 23 34 24 2 27 25 18 8 37 0 33 22 29 5 23 11 25 30 17 20
14 5 10 15 25 48 0 24 25 13 34 31 24 37 19 40 31 41 2 41 7 28 45 37 32 3 4 31 34 43 35 26 40 19 3 46 11 15 5 25 24 19 29 40 30 12 9 3 41 0
29 23 1 46 19 28 24 0 5 29 39 48 15 7 23 28 15 46 37 44 21 22 31 9 2 30 29 2 41 48 16 7 30 13 6 44 30 18 19 37 13 37 25 20 17 15 6 27 33 23
27 33 2 7 46 11 25 5 0 41 31 26 31 37 27 4 14 45 24 27 40 3 42 13 41 19 14 36 23 12 6 11 41 43 31 46 34 8 9 25 6 43 46 28 17 29 15 9 25 38
10 8 32 6 3 21 13 29 41 0 45 29 31 34 5 15 41 35 15 7 34 44 40 28 40 23 41 11 4 34 6 4 2 49 42 6 43 4 13 42 36 8 39 24 8 12 19 12 45 8
34 31 5 42 49 7 34 39 31 45 0 27 33 1 35 16 4 41 20 17 0 45 24 14 4 22 45 8 23 23 48 28 12 11 6 39 29 5 23 46 13 17 18 34 49 20 47 43 12 17
27 2 18 2 6 10 31 48 26 29 27 0 29 38 35 6 7 23 25 41 27 5 30 10 48 46 9 21 0 24 21 12 0 2 2 42 43 0 29 5 4 33 3 45 19 35 13 9 10 17
15 1 29 38 47 17 24 15 31 31 33 29 0 42 32 35 38 12 28 23 2 44 35 19 20 2 27 32 49 40 6 0 29 45 44 38 44 19 42 15 15 26 2 10 30 48 24 8 41 0
5 31 6 26 42 37 37 7 37 34 1 38 42 0 34 31 48 29 15 23 35 48 45 40 13 3 6 9 30 32 36 3 42 16 24 48 10 31 13 18 18 32 0 0 29 11 15 47 19 8
48 7 28 37 16 24 19 23 27 5 35 35 32 34 0 23 19 9 42 17 28 27 35 3 35 30 35 24 48 1 48 43 5 29 2 43 2 38 10 1 36 15 23 21 45 42 11 8 26 47
46 17 9 45 47 41 40 28 4 15 16 6 35 31 23 0 23 10 41 40 33 3 38 34 24 38 5 12 46 47 4 20 27 12 24 5 22 4 49 5 42 14 21 25 20 9 36 27 48 4
12 30 11 9 5 47 31 15 14 41 4 7 38 48 19 23 0 48 19 5 10 7 1 29 26 1 8 16 19 45 30 24 13 6 29 19 0 32 49 28 37 30 21 25 34 16 13 28 43 28
21 47 37 13 36 48 41 46 45 35 41 23 12 29 9 10 48 0 26 31 5 39 39 11 25 5 35 8 17 32 37 19 8 5 25 11 34 30 38 31 27 8 39 35 28 7 13 11 34 19
30 48 31 46 42 39 2 37 24 15 20 25 28 15 42 41 19 26 0 10 8 12 21 17 23 20 24 33 48 46 6 49 29 5 6 7 36 5 0 28 31 11 30 11 33 27 39 29 45 13
8 6 12 47 9 14 41 44 27 7 17 41 23 23 17 40 5 31 10 0 44 15 38 45 20 0 33 49 6 43 10 41 41 2 0 46 39 36 37 37 18 6 38 42 30 39 24 4 27 13
1 27 36 44 12 24 7 21 40 34 0 27 2 35 28 33 10 5 8 44 0 16 12 5 24 0 25 33 22 20 12 46 4 41 0 30 2 2 8 2 35 4 3 28 24 23 24 33 18 38
1 23 43 0 40 5 28 22 3 44 45 5 44 48 27 3 7 39 12 15 16 0 36 23 37 32 10 48 16 42 15 15 15 2 23 41 49 10 46 27 24 0 37 12 47 6 41 17 5 33
44 12 21 47 45 24 45 31 42 40 24 30 35 45 35 38 1 39 21 38 12 36 0 33 46 39 28 28 8 18 48 11 45 47 48 17 0 43 20 16 13 44 0 27 22 1 25 15 1 24
9 16 8 23 45 0 37 9 13 28 14 10 19 40 3 34 29 11 17 45 5 23 33 0 49 3 18 32 2 5 40 23 19 5 12 8 32 28 28 16 31 20 40 43 2 18 34 16 31 13
40 40 25 7 38 27 32 2 41 40 4 48 20 13 35 24 26 25 23 20 24 37 46 49 0 49 26 29 41 27 49 34 37 38 12 46 35 21 39 24 45 2 48 12 20 17 33 13 47 21
49 3 7 17 34 25 3 30 19 23 22 46 2 3 30 38 1 5 20 0 0 32 39 3 49 0 7 47 41 29 16 18 13 37 20 17 42 22 16 20 32 49 37 6 25 16 38 42 28 8
45 41 20 41 43 10 4 29 14 41 45 9 27 6 35 5 8 35 24 33 25 10 28 18 26 7 0 16 47 26 30 44 49 19 19 38 25 24 42 31 0 19 15 48 27 27 11 40 43 49
0 34 19 24 42 32 31 2 36 11 8 21 32 9 24 12 16 8 33 49 33 48 28 32 29 47 16 0 4 17 23 7 21 45 37 38 34 8 26 14 47 44 37 36 3 32 41 44 25 23
39 21 38 28 19 2 34 41 23 4 23 0 49 30 48 46 19 17 48 6 22 16 8 2 41 41 47 4 0 36 48 25 31 28 35 2 9 15 26 24 29 23 34 29 11 8 49 7 46 46
27 47 29 44 3 29 43 48 12 34 23 24 40 32 1 47 45 32 46 43 20 42 18 5 27 29 26 17 36 0 22 41 35 20 17 34 11 14 23 44 47 38 3 15 47 46 11 31 12 10
13 40 34 29 36 23 35 16 6 6 48 21 6 36 48 4 30 37 6 10 12 15 48 40 49 16 30 23 48 22 0 7 28 12 11 14 30 33 30 29 35 46 2 15 7 39 23 3 38 28
2 28 49 20 49 34 26 7 11 4 28 12 0 3 43 20 24 19 49 41 46 15 11 23 34 18 44 7 25 41 7 0 48 6 2 25 17 43 21 43 23 48 35 4 4 1 27 44 21 49
20 21 43 34 49 24 40 30 41 2 12 0 29 42 5 27 13 8 29 41 4 15 45 19 37 13 49 21 31 35 28 48 0 21 6 10 16 14 22 39 16 15 13 15 18 15 24 38 37 25
10 4 8 23 15 2 19 13 43 49 11 2 45 16 29 12 6 5 5 2 41 2 47 5 38 37 19 45 28 20 12 6 21 0 31 10 14 10 38 0 36 29 22 25 4 23 35 20 24 43
28 11 42 24 13 27 3 6 31 42 6 2 44 24 2 24 29 25 6 0 0 23 48 12 12 20 19 37 35 17 11 2 6 31 0 33 7 21 16 18 5 14 7 30 5 19 16 30 17 6
17 14 45 7 0 25 46 44 46 6 39 42 38 48 43 5 19 11 7 46 30 41 17 8 46 17 38 38 2 34 14 25 10 10 33 0 13 3 34 38 25 25 5 3 25 9 4 48 5 29
49 10 4 15 11 18 11 30 34 43 29 43 44 10 2 22 0 34 36 39 2 49 0 32 35 42 25 34 9 11 30 17 16 14 7 13 0 6 30 38 12 37 47 35 3 6 39 11 48 49
44 2 31 32 4 8 15 18 8 4 5 0 19 31 38 4 32 30 5 36 2 10 43 28 21 22 24 8 15 14 33 43 14 10 21 3 6 0 39 15 25 33 40 36 5 28 0 23 23 38
16 42 0 0 22 37 5 19 9 13 23 29 42 13 10 49 49 38 0 37 8 46 20 28 39 16 42 26 26 23 30 21 22 38 16 34 30 39 0 42 16 36 44 43 10 47 4 11 31 45
48 43 28 24 10 0 25 37 25 42 46 5 15 18 1 5 28 31 28 37 2 27 16 16 24 20 31 14 24 44 29 43 39 0 18 38 38 15 42 0 32 7 26 11 37 48 1 20 1 33
25 46 29 10 47 33 24 13 6 36 13 4 15 18 36 42 37 27 31 18 35 24 13 31 45 32 0 47 29 47 35 23 16 36 5 25 12 25 16 32 0 35 28 43 5 22 6 49 15 30
36 31 46 1 44 22 19 37 43 8 17 33 26 32 15 14 30 8 11 6 4 0 44 20 2 49 19 44 23 38 46 48 15 29 14 25 37 33 36 7 35 0 6 25 15 27 48 25 1 27
21 33 20 28 45 29 29 25 46 39 18 3 2 0 23 21 21 39 30 38 3 37 0 40 48 37 15 37 34 3 2 35 13 22 7 5 47 40 44 26 28 6 0 32 36 4 24 13 44 39
43 23 16 36 45 5 40 20 28 24 34 45 10 0 21 25 25 35 11 42 28 12 27 43 12 6 48 36 29 15 15 4 15 25 30 3 35 36 43 11 43 25 32 0 25 27 11 25 42 16
28 48 6 33 44 23 30 17 17 8 49 19 30 29 45 20 34 28 33 30 24 47 22 2 20 25 27 3 11 47 7 4 18 4 5 25 3 5 10 37 5 15 36 25 0 4 43 18 44 25
39 38 7 46 15 11 12 15 29 12 20 35 48 11 42 9 16 7 27 39 23 6 1 18 17 16 27 32 8 46 39 1 15 23 19 9 6 28 47 48 22 27 4 27 4 0 15 41 0 38
9 4 5 39 43 25 9 6 15 19 47 13 24 15 11 36 13 13 39 24 24 41 25 34 33 38 11 41 49 11 23 27 24 35 16 4 39 0 4 1 6 48 24 11 43 15 0 36 19 47
9 49 18 6 20 30 3 27 9 12 43 9 8 47 8 27 28 11 29 4 33 17 15 16 13 42 40 44 7 31 3 44 38 20 30 48 11 23 11 20 49 25 13 25 18 41 36 0 6 29
0 0 42 17 49 17 41 33 25 45 12 10 41 19 26 48 43 34 45 27 18 5 1 31 47 28 43 25 46 12 38 21 37 24 17 5 48 23 31 1 15 1 44 42 44 0 19 6 0 0
3 45 38 15 44 20 0 23 38 8 17 17 0 8 47 4 28 19 13 13 38 33 24 13 21 8 49 23 46 10 28 49 25 43 6 29 49 38 45 33 30 27 39 16 25 38 47 29 0 0
BBBBBBBBBBBBBBBBBBBBBBBBBRRRRRRRRRRRRRRRRRRRRRRRRR
