46
0 16 27 89 15 33 30 7 3 29 27 71 86 34 37 5 60 73 28 74 18 44 70 46 88 4 64 25 85 66 7 42 95 54 42 3 29 30 17 19 76 76 21 37 18 33
16 0 32 42 71 29 68 26 28 36 28 61 13 19 90 24 24 13 63 14 38 50 10 94 89 45 56 56 85 95 2 92 81 6 83 84 7 96 50 86 57 54 83 61 24 59
27 32 0 83 1 38 60 31 79 85 15 72 32 59 100 16 39 56 25 14 69 89 51 83 96 76 43 64 92 37 39 50 11 25 68 39 83 83 5 21 1 100 29 72 88 17
89 42 83 0 35 8 4 73 8 59 40 59 37 27 68 54 11 42 34 17 65 2 37 84 22 39 66 48 85 67 81 81 54 2 5 15 38 48 40 42 71 70 47 39 27 60
15 71 1 35 0 21 30 5 55 94 96 31 14 85 88 24 91 69 27 39 73 27 15 82 34 39 3 65 84 42 37 35 88 0 7 41 11 43 25 46 86 21 56 41 23 49
33 29 38 8 21 0 45 2 63 86 28 30 28 23 80 40 50 25 68 4 58 35 27 67 45 97 60 57 92 44 26 57 67 78 72 35 89 98 55 75 91 65 90 19 5 17
30 68 60 4 30 45 0 98 21 66 31 44 20 85 75 34 55 12 14 20 19 70 76 69 40 32 50 50 96 73 12 71 1 26 30 40 65 41 65 87 50 35 44 64 94 20
7 26 31 73 5 2 98 0 28 9 34 36 47 40 22 18 0 20 3 85 74 13 26 36 18 31 31 3 11 14 3 29 24 40 43 69 73 70 90 97 13 13 64 37 58 3
3 28 79 8 55 63 21 28 0 74 88 43 48 97 77 80 75 95 28 54 1 54 92 98 5 33 30 19 10 15 50 7 88 34 7 9 23 94 56 36 0 26 84 79 78 15
29 36 85 59 94 86 66 9 74 0 1 71 36 19 42 87 6 2 10 64 54 49 62 3 35 33 100 85 99 41 80 83 15 99 57 20 97 12 83 30 64 97 20 29 4 63
27 28 15 40 96 28 31 34 88 1 0 68 93 29 87 62 99 86 36 77 40 84 88 56 15 26 99 56 96 85 24 98 3 65 51 69 2 60 9 2 63 84 40 48 4 92
71 61 72 59 31 30 44 36 43 71 68 0 62 69 62 75 22 4 29 14 64 54 44 27 59 26 89 6 98 65 68 58 86 63 33 35 85 20 19 87 18 7 53 29 76 87
86 13 32 37 14 28 20 47 48 36 93 62 0 40 72 20 26 52 48 38 90 4 65 49 82 45 44 59 53 9 64 48 66 14 23 73 86 40 70 54 85 100 19 96 75 60
34 19 59 27 85 23 85 40 97 19 29 69 40 0 54 100 52 15 83 92 57 23 54 43 96 82 91 9 22 12 65 67 81 42 18 4 72 86 52 86 35 12 47 2 96 36
37 90 100 68 88 80 75 22 77 42 87 62 72 54 0 100 22 85 48 72 71 86 66 65 14 41 39 8 61 29 31 56 58 24 90 100 98 48 57 74 65 8 73 39 96 94
5 24 16 54 24 40 34 18 80 87 62 75 20 100 100 0 58 15 78 57 98 91 22 68 88 77 68 15 68 39 51 88 18 35 92 95 10 45 6 64 80 3 73 19 6 100
60 24 39 11 91 50 55 0 75 6 99 22 26 52 22 58 0 4 94 6 59 69 54 56 99 17 48 21 92 19 10 95 54 29 79 3 91 10 57 40 90 72 49 20 67 96
73 13 56 42 69 25 12 20 95 2 86 4 52 15 85 15 4 0 23 98 26 67 9 53 17 98 68 10 49 74 34 92 1 82 93 97 83 37 23 73 44 63 80 60 7 6
28 63 25 34 27 68 14 3 28 10 36 29 48 83 48 78 94 23 0 58 6 27 57 34 27 97 35 14 8 98 71 88 95 13 89 28 96 91 1 96 83 41 62 44 14 52
74 14 14 17 39 4 20 85 54 64 77 14 38 92 72 57 6 98 58 0 30 37 24 38 37 12 90 7 9 42 39 72 68 29 18 20 15 27 42 53 11 39 85 56 61 69
18 38 69 65 73 58 19 74 1 54 40 64 90 57 71 98 59 26 6 30 0 22 28 84 57 95 24 39 14 78 34 30 37 45 98 7 64 83 68 70 99 2 77 43 27 42
44 50 89 2 27 35 70 13 54 49 84 54 4 23 86 91 69 67 27 37 22 0 73 47 71 38 38 36 84 37 55 49 32 13 85 45 23 85 35 57 34 14 78 61 53 30
70 10 51 37 15 27 76 26 92 62 88 44 65 54 66 22 54 9 57 24 28 73 0 92 58 32 13 27 47 86 83 80 0 42 60 28 12 76 27 25 47 65 91 16 98 73
46 94 83 84 82 67 69 36 98 3 56 27 49 43 65 68 56 53 34 38 84 47 92 0 35 76 18 32 12 36 96 95 42 86 93 34 19 13 59 88 94 96 42 10 18 71
88 89 96 22 34 45 40 18 5 35 15 59 82 96 14 88 99 17 27 37 57 71 58 35 0 76 87 48 57 70 92 87 38 11 44 10 60 86 21 2 15 100 15 100 20 70
4 45 76 39 39 97 32 31 33 33 26 26 45 82 41 77 17 98 97 12 95 38 32 76 76 0 97 59 46 7 34 26 13 69 17 55 91 12 10 7 4 5 40 19 62 96
64 56 43 66 3 60 50 31 30 100 99 89 44 91 39 68 48 68 35 90 24 38 13 18 87 97 0 17 22 99 19 93 88 15 52 99 48 52 59 44 89 96 31 81 27 22
25 56 64 48 65 57 50 3 19 85 56 6 59 9 8 15 21 10 14 7 39 36 27 32 48 59 17 0 80 26 62 43 66 26 23 2 74 72 23 63 52 86 29 92 26 35
85 85 92 85 84 92 96 11 10 99 96 98 53 22 61 68 92 49 8 9 14 84 47 12 57 46 22 80 0 66 15 97 53 95 56 22 7 34 65 40 92 99 33 32 4 52
66 95 37 67 42 44 73 14 15 41 85 65 9 12 29 39 19 74 98 42 78 37 86 36 70 7 99 26 66 0 44 87 49 28 30 97 26 70 71 94 71 38 9 63 29 2
7 2 39 81 37 26 12 3 50 80 24 68 64 65 31 51 10 34 71 39 34 55 83 96 92 34 19 62 15 44 0 22 53 25 52 30 6 41 69 31 1 57 81 68 73 43
42 92 50 81 35 57 71 29 7 83 98 58 48 67 56 88 95 92 88 72 30 49 80 95 87 26 93 43 97 87 22 0 77 1 67 56 86 78 51 80 66 62 34 18 68 83
95 81 11 54 88 67 1 24 88 15 3 86 66 81 58 18 54 1 95 68 37 32 0 42 38 13 88 66 53 49 53 77 0 20 43 5 65 77 64 39 84 73 85 89 24 65
54 6 25 2 0 78 26 40 34 99 65 63 14 42 24 35 29 82 13 29 45 13 42 86 11 69 15 26 95 28 25 1 20 0 45 54 54 2 36 18 62 100 65 7 13 8
42 83 68 5 7 72 30 43 7 57 51 33 23 18 90 92 79 93 89 18 98 85 60 93 44 17 52 23 56 30 52 67 43 45 0 95 97 20 23 68 15 0 85 67 97 40
3 84 39 15 41 35 40 69 9 20 69 35 73 4 100 95 3 97 28 20 7 45 28 34 10 55 99 2 22 97 30 56 5 54 95 0 82 91 18 37 21 75 77 36 87 67
29 7 83 38 11 89 65 73 23 97 2 85 86 72 98 10 91 83 96 15 64 23 12 19 60 91 48 74 7 26 6 86 65 54 97 82 0 83 54 9 62 33 12 79 32 46
30 96 83 48 43 98 41 70 94 12 60 20 40 86 48 45 10 37 91 27 83 85 76 13 86 12 52 72 34 70 41 78 77 2 20 91 83 0 56 14 7 17 93 84 23 62
17 50 5 40 25 55 65 90 56 83 9 19 70 52 57 6 57 23 1 42 68 35 27 59 21 10 59 23 65 71 69 51 64 36 23 18 54 56 0 3 31 33 25 11 43 21
19 86 21 42 46 75 87 97 36 30 2 87 54 86 74 64 40 73 96 53 70 57 25 88 2 7 44 63 40 94 31 80 39 18 68 37 9 14 3 0 61 23 68 2 35 82
76 57 1 71 86 91 50 13 0 64 63 18 85 35 65 80 90 44 83 11 99 34 47 94 15 4 89 52 92 71 1 66 84 62 15 21 62 7 31 61 0 41 90 21 40 54
76 54 100 70 21 65 35 13 26 97 84 7 100 12 8 3 72 63 41 39 2 14 65 96 100 5 96 86 99 38 57 62 73 100 0 75 33 17 33 23 41 0 41 34 56 86
21 83 29 47 56 90 44 64 84 20 40 53 19 47 73 73 49 80 62 85 77 78 91 42 15 40 31 29 33 9 81 34 85 65 85 77 12 93 25 68 90 41 0 47 63 38
37 61 72 39 41 19 64 37 79 29 48 29 96 2 39 19 20 60 44 56 43 61 16 10 100 19 81 92 32 63 68 18 89 7 67 36 79 84 11 2 21 34 47 0 24 3
18 24 88 27 23 5 94 58 78 4 4 76 75 96 96 6 67 7 14 61 27 53 98 18 20 62 27 26 4 29 73 68 24 13 97 87 32 23 43 35 40 56 63 24 0 34
33 59 17 60 49 17 20 3 15 63 92 87 60 36 94 100 96 6 52 69 42 30 73 71 70 96 22 35 52 2 43 83 65 8 40 67 46 62 21 82 54 86 38 3 34 0
RBRBRBBBRBRBRBRRRBBRRBRRBBRBRBBRRBBRBBBBRRRRBR
