50
0 5 50 27 67 39 2 20 56 6 46 17 35 42 95 40 94 83 70 81 41 44 82 6 41 29 64 79 44 4 88 14 64 95 1 19 74 61 42 7 50 70 65 57 32 10 13 90 60 36
5 0 9 47 78 12 52 24 77 50 38 18 75 30 12 50 11 95 52 94 51 25 74 69 16 4 77 58 60 36 95 55 82 74 28 98 4 78 84 34 17 26 44 8 24 52 93 10 12 44
50 9 0 84 51 14 23 41 3 71 68 81 43 58 18 58 94 26 83 7 32 16 63 69 56 27 90 91 88 89 87 34 15 65 87 49 20 44 71 71 37 65 19 60 37 87 26 69 77 54
27 47 84 0 1 36 38 77 87 60 90 97 56 80 2 20 23 43 9 82 61 5 49 59 17 57 9 86 57 13 59 58 94 24 10 19 81 90 56 16 77 87 89 72 17 37 3 12 2 62
67 78 51 1 0 38 41 33 14 25 22 59 17 41 88 60 39 5 39 47 10 89 39 30 71 85 54 48 56 33 60 64 82 23 7 3 27 16 24 40 39 23 26 39 21 68 55 83 17 48
39 12 14 36 38 0 30 26 81 95 45 36 54 89 67 24 52 6 31 88 74 48 10 47 73 13 64 24 23 64 95 77 3 35 17 61 61 99 72 70 4 40 80 68 50 95 81 21 12 40
2 52 23 38 41 30 0 11 16 16 52 45 24 41 31 74 98 75 27 25 76 75 10 82 79 1 40 57 51 62 6 57 7 15 39 75 53 2 82 44 57 74 72 9 20 31 15 6 88 38
20 24 41 77 33 26 11 0 59 42 14 5 23 59 93 47 40 41 1 44 48 6 52 54 36 11 77 33 91 74 29 39 25 11 48 62 32 97 13 32 55 31 9 85 22 39 66 46 15 5
56 77 3 87 14 81 16 59 0 15 53 4 98 60 28 95 91 96 79 89 31 81 58 72 4 2 57 57 94 31 62 36 31 23 87 26 74 82 80 65 4 18 68 46 26 37 89 27 25 77
6 50 71 60 25 95 16 42 15 0 32 35 30 65 49 16 74 69 44 53 80 49 19 39 80 91 1 4 31 71 92 97 26 67 79 68 29 7 92 70 66 28 35 80 57 58 92 18 67 59
46 38 68 90 22 45 52 14 53 32 0 91 6 38 61 68 46 58 83 46 72 26 7 61 56 11 79 20 57 0 96 2 95 61 24 33 93 65 52 5 72 57 56 22 81 38 87 38 4 83
17 18 81 97 59 36 45 5 4 35 91 0 34 76 61 41 4 48 34 27 70 97 83 93 24 44 54 28 83 16 35 48 35 83 76 68 70 57 52 66 99 49 39 30 27 18 90 96 88 78
35 75 43 56 17 54 24 23 98 30 6 34 0 92 48 0 9 48 61 78 0 30 69 64 79 12 74 99 40 45 96 76 85 52 18 85 10 25 16 39 14 25 85 28 4 56 18 50 84 54
42 30 58 80 41 89 41 59 60 65 38 76 92 0 29 42 53 2 62 77 83 57 1 60 57 78 79 73 54 90 33 77 53 20 43 67 56 45 41 90 25 45 18 7 60 82 34 97 7 28
95 12 18 2 88 67 31 93 28 49 61 61 48 29 0 64 72 21 29 69 87 48 29 4 33 81 28 43 17 82 19 91 60 8 5 46 96 81 23 35 7 45 48 95 45 76 47 63 25 59
40 50 58 20 60 24 74 47 95 16 68 41 0 42 64 0 81 47 85 22 10 4 33 86 80 28 38 2 8 18 32 14 81 19 8 17 11 15 67 49 73 86 53 59 40 81 75 71 53 93
94 11 94 23 39 52 98 40 91 74 46 4 9 53 72 81 0 9 93 32 91 17 14 39 99 87 57 96 17 29 16 79 48 76 89 98 84 5 52 96 39 97 10 100 61 86 38 57 66 20
83 95 26 43 5 6 75 41 96 69 58 48 48 2 21 47 9 0 14 39 44 46 51 41 2 15 63 4 33 29 52 61 62 3 65 89 29 33 14 18 95 81 71 41 21 98 43 56 23 94
70 52 83 9 39 31 27 1 79 44 83 34 61 62 29 85 93 14 0 15 25 31 88 7 42 61 69 45 53 7 9 80 12 100 55 77 14 34 41 76 81 68 60 4 69 91 62 89 78 80
81 94 7 82 47 88 25 44 89 53 46 27 78 77 69 22 32 39 15 0 37 82 73 82 75 34 30 66 74 90 30 89 65 17 67 20 24 53 40 50 36 66 7 0 100 51 64 90 78 42
41 51 32 61 10 74 76 48 31 80 72 70 0 83 87 10 91 44 25 37 0 35 66 26 27 59 48 5 98 75 90 55 6 95 22 89 65 73 83 2 43 12 32 78 68 52 100 50 75 96
44 25 16 5 89 48 75 6 81 49 26 97 30 57 48 4 17 46 31 82 35 0 78 0 43 39 20 56 6 78 68 24 27 17 69 94 83 79 41 35 51 57 62 77 3 21 52 74 65 4
82 74 63 49 39 10 10 52 58 19 7 83 69 1 29 33 14 51 88 73 66 78 0 80 69 87 98 1 68 69 16 64 32 66 17 55 92 88 78 91 3 48 91 34 13 17 23 92 73 90
6 69 69 59 30 47 82 54 72 39 61 93 64 60 4 86 39 41 7 82 26 0 80 0 34 86 74 80 78 7 28 86 11 27 46 46 17 88 54 12 15 38 60 22 23 39 49 17 79 62
41 16 56 17 71 73 79 36 4 80 56 24 79 57 33 80 99 2 42 75 27 43 69 34 0 19 25 0 8 34 54 18 94 43 10 28 63 31 47 80 98 14 51 72 76 18 22 7 55 52
29 4 27 57 85 13 1 11 2 91 11 44 12 78 81 28 87 15 61 34 59 39 87 86 19 0 8 56 75 59 60 36 91 76 57 66 76 51 89 80 8 13 8 41 20 56 40 54 53 88
64 77 90 9 54 64 40 77 57 1 79 54 74 79 28 38 57 63 69 30 48 20 98 74 25 8 0 14 30 84 80 59 45 7 93 73 10 40 14 75 100 57 84 9 33 6 32 74 64 39
79 58 91 86 48 24 57 33 57 4 20 28 99 73 43 2 96 4 45 66 5 56 1 80 0 56 14 0 97 61 88 87 2 100 96 64 24 52 31 49 81 95 57 47 5 27 61 98 29 33
44 60 88 57 56 23 51 91 94 31 57 83 40 54 17 8 17 33 53 74 98 6 68 78 8 75 30 97 0 45 91 85 94 75 6 96 66 78 87 12 38 73 7 45 8 56 83 53 58 97
4 36 89 13 33 64 62 74 31 71 0 16 45 90 82 18 29 29 7 90 75 78 69 7 34 59 84 61 45 0 95 18 76 99 19 63 13 53 10 73 17 68 39 6 71 68 11 58 83 11
88 95 87 59 60 95 6 29 62 92 96 35 96 33 19 32 16 52 9 30 90 68 16 28 54 60 80 88 91 95 0 45 72 38 29 56 88 74 81 77 12 100 40 57 88 98 67 60 72 52
14 55 34 58 64 77 57 39 36 97 2 48 76 77 91 14 79 61 80 89 55 24 64 86 18 36 59 87 85 18 45 0 40 9 51 94 88 32 38 27 31 18 60 80 92 14 79 75 38 92
64 82 15 94 82 3 7 25 31 26 95 35 85 53 60 81 48 62 12 65 6 27 32 11 94 91 45 2 94 76 72 40 0 74 51 71 15 57 25 22 2 11 27 41 60 92 53 41 23 96
95 74 65 24 23 35 15 11 23 67 61 83 52 20 8 19 76 3 100 17 95 17 66 27 43 76 7 100 75 99 38 9 74 0 65 99 61 43 32 51 6 90 45 29 18 76 51 30 5 42
1 28 87 10 7 17 39 48 87 79 24 76 18 43 5 8 89 65 55 67 22 69 17 46 10 57 93 96 6 19 29 51 51 65 0 69 24 76 34 95 38 99 23 92 17 52 47 81 38 24
19 98 49 19 3 61 75 62 26 68 33 68 85 67 46 17 98 89 77 20 89 94 55 46 28 66 73 64 96 63 56 94 71 99 69 0 2 76 50 65 86 80 70 89 50 32 71 73 99 84
74 4 20 81 27 61 53 32 74 29 93 70 10 56 96 11 84 29 14 24 65 83 92 17 63 76 10 24 66 13 88 88 15 61 24 2 0 54 27 56 99 98 97 18 78 53 11 92 19 53
61 78 44 90 16 99 2 97 82 7 65 57 25 45 81 15 5 33 34 53 73 79 88 88 31 51 40 52 78 53 74 32 57 43 76 76 54 0 50 57 55 99 80 87 63 45 58 60 4 13
42 84 71 56 24 72 82 13 80 92 52 52 16 41 23 67 52 14 41 40 83 41 78 54 47 89 14 31 87 10 81 38 25 32 34 50 27 50 0 41 59 6 42 28 65 52 13 14 23 75
7 34 71 16 40 70 44 32 65 70 5 66 39 90 35 49 96 18 76 50 2 35 91 12 80 80 75 49 12 73 77 27 22 51 95 65 56 57 41 0 80 59 4 17 80 21 93 90 16 50
50 17 37 77 39 4 57 55 4 66 72 99 14 25 7 73 39 95 81 36 43 51 3 15 98 8 100 81 38 17 12 31 2 6 38 86 99 55 59 80 0 45 47 40 100 19 0 43 85 0
70 26 65 87 23 40 74 31 18 28 57 49 25 45 45 86 97 81 68 66 12 57 48 38 14 13 57 95 73 68 100 18 11 90 99 80 98 99 6 59 45 0 69 46 38 5 77 29 5 68
65 44 19 89 26 80 72 9 68 35 56 39 85 18 48 53 10 71 60 7 32 62 91 60 51 8 84 57 7 39 40 60 27 45 23 70 97 80 42 4 47 69 0 74 43 62 3 91 6 55
57 8 60 72 39 68 9 85 46 80 22 30 28 7 95 59 100 41 4 0 78 77 34 22 72 41 9 47 45 6 57 80 41 29 92 89 18 87 28 17 40 46 74 0 66 46 45 41 98 21
32 24 37 17 21 50 20 22 26 57 81 27 4 60 45 40 61 21 69 100 68 3 13 23 76 20 33 5 8 71 88 92 60 18 17 50 78 63 65 80 100 38 43 66 0 96 72 34 81 81
10 52 87 37 68 95 31 39 37 58 38 18 56 82 76 81 86 98 91 51 52 21 17 39 18 56 6 27 56 68 98 14 92 76 52 32 53 45 52 21 19 5 62 46 96 0 16 91 1 7
13 93 26 3 55 81 15 66 89 92 87 90 18 34 47 75 38 43 62 64 100 52 23 49 22 40 32 61 83 11 67 79 53 51 47 71 11 58 13 93 0 77 3 45 72 16 0 5 12 98
90 10 69 12 83 21 6 46 27 18 38 96 50 97 63 71 57 56 89 90 50 74 92 17 7 54 74 98 53 58 60 75 41 30 81 73 92 60 14 90 43 29 91 41 34 91 5 0 42 9
60 12 77 2 17 12 88 15 25 67 4 88 84 7 25 53 66 23 78 78 75 65 73 79 55 53 64 29 58 83 72 38 23 5 38 99 19 4 23 16 85 5 6 98 81 1 12 42 0 69
36 44 54 62 48 40 38 5 77 59 83 78 54 28 59 93 20 94 80 42 96 4 90 62 52 88 39 33 97 11 52 92 96 42 24 84 53 13 75 50 0 68 55 21 81 7 98 9 69 0
RBBBRRBBRBRRBRRRBRBRRBRBRBRBRBRRRBRBRBRBBRRBBRBBBB