50
0 72 98 53 67 67 1 64 59 64 10 94 5 47 33 56 52 47 57 61 30 16 10 19 44 7 51 22 27 88 7 41 41 62 65 84 28 40 88 38 71 78 76 40 34 28 9 94 16 8
72 0 93 4 4 51 47 99 74 58 55 5 99 53 83 13 79 11 91 19 43 54 66 62 44 76 70 76 16 35 73 60 79 99 93 48 11 69 53 62 11 11 25 54 34 77 17 79 77 49
98 93 0 13 19 54 88 79 90 61 58 20 95 25 86 70 56 49 50 52 80 89 50 49 63 57 99 33 38 40 39 55 3 70 54 52 29 66 59 6 50 86 22 67 99 98 78 79 55 5
53 4 13 0 82 23 38 18 72 35 57 80 25 68 1 39 36 79 91 90 75 80 22 87 38 7 64 90 56 69 41 98 28 19 78 97 57 61 81 78 22 18 97 83 56 63 48 64 74 88
67 4 19 82 0 87 81 18 48 4 20 89 87 6 87 87 46 100 58 47 16 38 54 1 99 52 36 30 55 57 88 77 64 6 10 21 13 33 20 43 88 49 25 56 26 43 90 65 82 91
67 51 54 23 87 0 3 48 68 50 38 38 74 91 88 95 70 26 2 60 45 76 8 52 63 77 6 41 49 3 66 83 67 22 70 41 14 38 61 82 39 25 73 73 52 49 11 5 44 65
1 47 88 38 81 3 0 77 64 22 69 79 55 2 14 14 86 72 24 36 77 70 50 31 60 56 37 57 10 91 99 88 57 45 56 45 92 48 88 77 98 86 32 87 43 39 54 60 18 12
64 99 79 18 18 48 77 0 67 31 61 3 56 41 85 87 64 50 85 21 50 81 6 9 60 7 74 92 92 41 75 0 35 5 50 57 21 33 39 53 46 91 12 82 86 58 17 2 13 56
59 74 90 72 48 68 64 67 0 17 52 96 52 53 64 55 21 44 8 9 3 60 60 41 64 77 62 10 6 17 44 52 70 67 15 44 96 10 99 94 3 8 39 24 89 35 62 17 40 48
64 58 61 35 4 50 22 31 17 0 47 53 17 55 72 7 31 2 95 28 29 63 67 69 61 78 98 11 72 50 23 79 72 9 30 78 77 9 17 60 61 22 85 43 6 52 46 17 98 93
10 55 58 57 20 38 69 61 52 47 0 34 64 4 11 78 65 97 100 18 30 72 85 8 35 62 38 12 35 5 68 73 55 83 55 49 82 78 15 68 58 49 37 21 47 58 23 32 21 69
94 5 20 80 89 38 79 3 96 53 34 0 32 37 79 57 7 89 48 56 40 23 10 90 77 36 61 52 45 22 22 55 53 74 10 95 67 54 68 58 44 15 42 20 91 11 14 43 51 39
5 99 95 25 87 74 55 56 52 17 64 32 0 16 42 55 87 78 94 28 82 95 67 84 25 39 49 92 15 41 24 96 25 87 69 79 19 93 91 1 36 57 10 58 96 68 15 89 45 97
47 53 25 68 6 91 2 41 53 55 4 37 16 0 29 69 66 71 2 82 62 74 57 26 32 0 17 69 74 58 86 16 37 55 39 9 86 87 63 24 18 24 11 86 99 15 16 17 22 97
33 83 86 1 87 88 14 85 64 72 11 79 42 29 0 24 12 92 51 85 87 71 92 40 3 99 61 75 38 96 77 50 90 74 98 82 54 82 35 69 28 61 81 85 94 66 53 59 27 85
56 13 70 39 87 95 14 87 55 7 78 57 55 69 24 0 41 43 96 2 24 61 54 2 15 9 0 11 35 44 61 42 85 63 43 15 75 74 76 41 82 38 28 67 82 39 9 15 26 72
52 79 56 36 46 70 86 64 21 31 65 7 87 66 12 41 0 55 84 56 3 61 62 96 37 58 89 89 99 79 13 12 29 67 4 99 79 9 57 95 42 92 41 53 89 87 46 75 75 69
47 11 49 79 100 26 72 50 44 2 97 89 78 71 92 43 55 0 96 1 70 69 20 32 53 42 89 5 27 94 70 24 86 62 99 17 86 94 16 14 18 71 10 55 27 67 41 44 82 8
57 91 50 91 58 2 24 85 8 95 100 48 94 2 51 96 84 96 0 31 69 13 65 40 49 61 63 32 77 57 36 92 78 59 27 45 3 29 42 8 19 73 26 53 64 33 11 41 81 42
61 19 52 90 47 60 36 21 9 28 18 56 28 82 85 2 56 1 31 0 86 45 28 19 14 46 40 92 92 92 64 21 76 74 9 90 100 21 80 30 95 29 19 51 69 13 82 40 10 18
30 43 80 75 16 45 77 50 3 29 30 40 82 62 87 24 3 70 69 86 0 13 9 69 51 45 8 35 93 7 54 54 29 88 12 88 39 13 92 9 87 82 42 9 40 84 34 10 31 17
16 54 89 80 38 76 70 81 60 63 72 23 95 74 71 61 61 69 13 45 13 0 17 21 20 95 80 71 92 85 47 92 87 75 61 77 65 19 13 4 19 83 36 29 26 54 98 52 41 6
10 66 50 22 54 8 50 6 60 67 85 10 67 57 92 54 62 20 65 28 9 17 0 18 91 18 78 27 12 95 75 13 26 68 64 76 97 48 20 95 45 90 9 82 51 100 66 71 48 37
19 62 49 87 1 52 31 9 41 69 8 90 84 26 40 2 96 32 40 19 69 21 18 0 48 34 57 25 74 41 28 51 10 62 69 81 91 78 6 51 8 36 53 60 25 38 73 12 13 37
44 44 63 38 99 63 60 60 64 61 35 77 25 32 3 15 37 53 49 14 51 20 91 48 0 80 7 8 61 83 36 77 79 4 90 8 26 97 31 66 30 49 98 53 15 37 77 28 26 53
7 76 57 7 52 77 56 7 77 78 62 36 39 0 99 9 58 42 61 46 45 95 18 34 80 0 25 63 13 59 39 4 96 33 48 28 63 94 51 98 87 38 91 24 88 45 76 16 7 22
51 70 99 64 36 6 37 74 62 98 38 61 49 17 61 0 89 89 63 40 8 80 78 57 7 25 0 19 65 71 5 78 69 46 56 39 8 59 20 46 31 89 96 3 70 14 51 44 9 20
22 76 33 90 30 41 57 92 10 11 12 52 92 69 75 11 89 5 32 92 35 71 27 25 8 63 19 0 92 25 58 38 37 69 97 12 26 98 17 10 40 35 62 15 77 38 51 42 4 90
27 16 38 56 55 49 10 92 6 72 35 45 15 74 38 35 99 27 77 92 93 92 12 74 61 13 65 92 0 97 79 19 37 98 10 72 98 27 86 16 77 92 58 15 72 86 13 68 54 6
88 35 40 69 57 3 91 41 17 50 5 22 41 58 96 44 79 94 57 92 7 85 95 41 83 59 71 25 97 0 40 38 71 3 8 12 82 9 41 81 50 17 27 8 66 98 82 75 36 77
7 73 39 41 88 66 99 75 44 23 68 22 24 86 77 61 13 70 36 64 54 47 75 28 36 39 5 58 79 40 0 19 82 92 12 7 31 82 23 48 99 59 91 83 11 7 34 33 40 51
41 60 55 98 77 83 88 0 52 79 73 55 96 16 50 42 12 24 92 21 54 92 13 51 77 4 78 38 19 38 19 0 26 23 45 97 42 79 89 75 57 25 18 58 51 68 64 90 99 81
41 79 3 28 64 67 57 35 70 72 55 53 25 37 90 85 29 86 78 76 29 87 26 10 79 96 69 37 37 71 82 26 0 57 44 91 9 67 30 16 2 58 28 92 88 97 73 68 4 61
62 99 70 19 6 22 45 5 67 9 83 74 87 55 74 63 67 62 59 74 88 75 68 62 4 33 46 69 98 3 92 23 57 0 97 99 18 40 14 50 52 90 23 81 27 93 32 2 1 82
65 93 54 78 10 70 56 50 15 30 55 10 69 39 98 43 4 99 27 9 12 61 64 69 90 48 56 97 10 8 12 45 44 97 0 20 70 34 25 73 71 88 11 92 46 43 87 92 43 55
84 48 52 97 21 41 45 57 44 78 49 95 79 9 82 15 99 17 45 90 88 77 76 81 8 28 39 12 72 12 7 97 91 99 20 0 14 1 14 98 69 90 50 17 70 54 6 10 61 5
28 11 29 57 13 14 92 21 96 77 82 67 19 86 54 75 79 86 3 100 39 65 97 91 26 63 8 26 98 82 31 42 9 18 70 14 0 39 98 79 85 20 18 51 18 75 7 50 16 73
40 69 66 61 33 38 48 33 10 9 78 54 93 87 82 74 9 94 29 21 13 19 48 78 97 94 59 98 27 9 82 79 67 40 34 1 39 0 92 10 48 11 16 32 67 12 48 26 42 2
88 53 59 81 20 61 88 39 99 17 15 68 91 63 35 76 57 16 42 80 92 13 20 6 31 51 20 17 86 41 23 89 30 14 25 14 98 92 0 6 60 61 9 55 37 61 87 13 75 3
38 62 6 78 43 82 77 53 94 60 68 58 1 24 69 41 95 14 8 30 9 4 95 51 66 98 46 10 16 81 48 75 16 50 73 98 79 10 6 0 72 94 56 93 49 88 70 55 39 18
71 11 50 22 88 39 98 46 3 61 58 44 36 18 28 82 42 18 19 95 87 19 45 8 30 87 31 40 77 50 99 57 2 52 71 69 85 48 60 72 0 58 17 91 88 54 25 23 31 20
78 11 86 18 49 25 86 91 8 22 49 15 57 24 61 38 92 71 73 29 82 83 90 36 49 38 89 35 92 17 59 25 58 90 88 90 20 11 61 94 58 0 16 5 64 59 87 75 21 10
76 25 22 97 25 73 32 12 39 85 37 42 10 11 81 28 41 10 26 19 42 36 9 53 98 91 96 62 58 27 91 18 28 23 11 50 18 16 9 56 17 16 0 56 43 60 42 93 40 96
40 54 67 83 56 73 87 82 24 43 21 20 58 86 85 67 53 55 53 51 9 29 82 60 53 24 3 15 15 8 83 58 92 81 92 17 51 32 55 93 91 5 56 0 66 97 22 38 4 97
34 34 99 56 26 52 43 86 89 6 47 91 96 99 94 82 89 27 64 69 40 26 51 25 15 88 70 77 72 66 11 51 88 27 46 70 18 67 37 49 88 64 43 66 0 60 83 1 45 91
28 77 98 63 43 49 39 58 35 52 58 11 68 15 66 39 87 67 33 13 84 54 100 38 37 45 14 38 86 98 7 68 97 93 43 54 75 12 61 88 54 59 60 97 60 0 50 89 82 40
9 17 78 48 90 11 54 17 62 46 23 14 15 16 53 9 46 41 11 82 34 98 66 73 77 76 51 51 13 82 34 64 73 32 87 6 7 48 87 70 25 87 42 22 83 50 0 21 74 81
94 79 79 64 65 5 60 2 17 17 32 43 89 17 59 15 75 44 41 40 10 52 71 12 28 16 44 42 68 75 33 90 68 2 92 10 50 26 13 55 23 75 93 38 1 89 21 0 2 99
16 77 55 74 82 44 18 13 40 98 21 51 45 22 27 26 75 82 81 10 31 41 48 13 26 7 9 4 54 36 40 99 4 1 43 61 16 42 75 39 31 21 40 4 45 82 74 2 0 63
8 49 5 88 91 65 12 56 48 93 69 39 97 97 85 72 69 8 42 18 17 6 37 37 53 22 20 90 6 77 51 81 61 82 55 5 73 2 3 18 20 10 96 97 91 40 81 99 63 0
RRBBBRBRRBRRBBRRRRBBBBBRBRBRRBRBRRBBRRBRBBRRRBBBBR