26
0   50  51  20  52  53  19  54  55  56  57  58  59  60  61  62  63  64  65  66  67  68  69  70  71  72
50  0   50  51  52  53  54  55  56  57  58  59  60  61  31  62  63  64  65  66  67  68  69  70  32  71
51  50  0   50  51  52  53  12  54  55  56  57  58  59  60  11  61  62  63  64  65  66  67  68  69  70
20  51  50  0   50  51  52  53  54  55  56  57  58  59  60  61  21  62  63  64  65  66  67  68  69  70
52  52  51  50  0   50  51  52  53  34  54  55  56  57  58  59  60  61  62  63  64  65  66  67  33  68
53  53  52  51  50  0   50  51  52  53  54  29  55  56  30  57  58  59  60  61  62  63   1  65  66  67
19  54  53  52  51  50  0   19  50  51  52  53  54  55  56  57  58  59  60  61  62  63  64  18  65  66
54  55  12  53  52  51  19  0   50  51  13  52  53  54  55  56  57  58  59  60  61  62  63  64  65  66
55  56  54  54  53  52  50  50  0   50  51  52  53  54  55  56  57  58  15  59  60  61  62  63  64  16
56  57  55  55  34  53  51  51  50  0   50  51  52  53  54  55  56  57  58  59  60  61  35  62  63  64
57  58  56  56  54  54  52  13  51  50  0   50  51  52  53  54  55  56  14  57  58  59  60  61  62  63
58  59  57  57  55  29  53  52  52  51  50  0   50  51  52  53  54  55  56  57  28  58  59  60  61  62
59  60  58  58  56  55  54  53  53  52  51  50  0   23  50  51  22  52  53  54  55  56  57  58  59  60
60  61  59  59  57  56  55  54  54  53  52  51  23  0   50  51  52  53  54  24  55  56  57  58  59  60
61  31  60  60  58  30  56  55  55  54  53  52  50  50  0   50  51  52  53  54  55  56  57  58  59  60
62  62  11  61  59  57  57  56  56  55  54  53  51  51  50  0   50  51  52  53  54  55  56  57  58  59
63  63  61  21  60  58  58  57  57  56  55  54  22  52  51  50  0   50  51  52  53  54  55  56  57  58
64  64  62  62  61  59  59  58  58  57  56  55  52  53  52  51  50  0   50  25  51  26  52  53  54  55
65  65  63  63  62  60  60  59  15  58  14  56  53  54  53  52  51  50  0   50  51  52  53  54  55  56
66  66  64  64  63  61  61  60  59  59  57  57  54  24  54  53  52  25  50  0   50  51  52  53  54  55
67  67  65  65  64  62  62  61  60  60  58  28  55  55  55  54  53  51  51  50  0   27  50  51  52  53
68  68  66  66  65  63  63  62  61  61  59  58  56  56  56  55  54  26  52  51  27  0   50  51  52  53
69  69  67  67  66   1  64  63  62  35  60  59  57  57  57  56  55  52  53  52  50  50  0   50  51  52
70  70  68  68  67  65  18  64  63  62  61  60  58  58  58  57  56  53  54  53  51  51  50  0   50  17
71  32  69  69  33  66  65  65  64  63  62  61  59  59  59  58  57  54  55  54  52  52  51  50  0   50
72  71  70  70  68  67  66  66  16  64  63  62  60  60  60  59  58  55  56  55  53  53  52  17  50  0
RBBBRRRRBRBRBRBRBBRBRBRBBR