50
0 79 50 27 40 72 67 82 86 29 35 79 64 40 47 23 50 54 76 42 16 65 42 61 79 38 95 84 40 29 57 81 77  2 14 97 80 33 53 96 54 63 46 41 54 55 26 54 52 53
79  0 19 69 31 76 68 78 11 67 73 51 27 49 21 75 30 79 54 72 93 11 92 47 35 36 55 48 69 32 47 19 61 54 27 82 40 62 67 55 64 73 21 36 36 48 45 72 58 35
50 19  0 45 32 78 62 21 56 49 18 33 58 25 42 61 28 32 35 66 59 25 86 11 38  6 45 23 18 81  8 28 44 92 55 77 65 30 41 55 77 45 30 10 52 78 36 50 29 51
27 69 45  0 49 80 35 53 48 80 51 30 80 49  9 51 83 20 69 32 60 65 32 36 24 82 45 22 54 49 50 47 13 77 66 54 51 33 92 67 70 34 32 39 35 79 34 53 47 63
40 31 32 49  0 49 81 45 62 37 67 27 49 70 22 74 21 19 92 67 74 24 91 59 84 46 84 46 34 91 72 32 81 69 40 63 58 38 52 20 72 44 66 75 73 29 81 24 64 65
72 76 78 80 49  0 27 50 11 57 49 30 50 43 54 43 53 50 54  7 27 27 48 16 40 87 48 63 46 30 38 66 73 30 47 42 62 70 74 62 27 68 67 79 33 75 57 78 70 57
67 68 62 35 81 27  0 63 39 49 46 20 33 26 77 44 25 50 71 59 14 78 22 42 36 36 59 37 61 30 80 93  2 39 59 93 26 54 50 39 55 80 12 53 42 55 55 52 32 83
82 78 21 53 45 50 63  0 77 60 32 80 26 95 72 41 47 64 22 31 94 38 57 63 34 70 78 41  6 74 53 38 12 19 50  1 27 58 73 27 70 93 49 86 43 36 26 83 42 37
86 11 56 48 62 11 39 77  0 40 44 60 55 66 11 30 35 79 32 41 24 78 50 67 75 33 70 81 58 71 24 25 51 55 35 45 45 29 36 23 82 15 34 58 47 87 48 57 57 82
29 67 49 80 37 57 49 60 40  0 76 71 59 41 41 37 64 41 48 40 66 68 65 21 24 61 18 58 44 82 92 39 46 50 59 50 26 46 55 85 78  9 34 47 42 74 82 79 39 54
35 73 18 51 67 49 46 32 44 76  0 78 61 26 69 57 40 25 44 88 58 64 51 17 69 27 82 47 80  9 33 77 28 63 51 51 37 76 48 23 34 44 74 72 78 67 72 19 41  7
79 51 33 30 27 30 20 80 60 71 78  0 26 59 91 75 48 51 55 70 67 17 67 49 41 47 72 27 44 60 55 11 87 62  5 48 60 44 55 11 78 45 49 65 47 37 57 42 18 21
64 27 58 80 49 50 33 26 55 59 61 26  0 39 39 50 48 37 62 66 72 32 56 60 28 38 66 67 41 83 52 50 40 78 45 83 45 37 67 82 41 25 31 34  8 43 42 29 17 38
40 49 25 49 70 43 26 95 66 41 26 59 39  0 37 80 50 50 55 64 62 62 65 15 18 84 73 43 35 19 50 43 19 47 38 60 48 61 59 34 88 16 47 44 66 53 83 78 44 12
47 21 42  9 22 54 77 72 11 41 69 91 39 37  0 74 29 44 53 83 45 46 34 68 58 51 65 65 54 30 24 33 76 86 87 30 48 65 32 94 57 50 30 19 35 78 36 55 92 17
23 75 61 51 74 43 44 41 30 37 57 75 50 80 74  0 31 66 12 88 76 52 32 42 54 29 33 57 87 77 59 33 30 54 91 33 36 74 38 62 31 91 64 28 37  7 40 51 40 53
50 30 28 83 21 53 25 47 35 64 40 48 48 50 29 31  0 47 59 58 51 25 31 44  9 29 53 47 28 40 56 87 60 48 77 55 40 70 10 29 61 90 32 70 68  7 59 53 95 54
54 79 32 20 19 50 50 64 79 41 25 51 37 50 44 66 47  0 64 44 51 40 92 66 30 32 82 90 79 46 16 74 65 59 71 48 58 78 78 48 32 29 39 22 36  4 73 58 56 72
76 54 35 69 92 54 71 22 32 48 44 55 62 55 53 12 59 64  0 47 62 20 93 54 73 39 66 30 59 62 39 72 37 93 58 71 94 45 49 30 84 46 41 40 60 53 25 40 54 48
42 72 66 32 67  7 59 31 41 40 88 70 66 64 83 88 58 44 47  0 44 78 52  7 45 61 66 60 85 45 47 55 29 48 69 74 10 14 23 53 28 39 72 73 62 71 77 84 32 62
16 93 59 60 74 27 14 94 24 66 58 67 72 62 45 76 51 51 62 44  0 85 60 17 38 53 46 92 59 74 52 55 54 58 66 72 49 38 87 46 22 23 71 52 14 28 31 88 57 39
65 11 25 65 24 27 78 38 78 68 64 17 32 62 46 52 25 40 20 78 85  0 27 55 40  9 85 39 48 47 59 49 87 22 12 37 38 72 34 45 54 54 56 26 36 57 41 55 13 10
42 92 86 32 91 48 22 57 50 65 51 67 56 65 34 32 31 92 93 52 60 27  0 61 45 48 45 82 35 44 41 33 33 39 82 53 40 52 58 53 16 36 73 61 32 38 42 20 59 19
61 47 11 36 59 16 42 63 67 21 17 49 60 15 68 42 44 66 54  7 17 55 61  0 11 90 77 92 43 44 35 46 39 82 72 25 89 39 57 67 16 42 56 12 45 43 38 31 34 10
79 35 38 24 84 40 36 34 75 24 69 41 28 18 58 54  9 30 73 45 38 40 45 11  0 44 64 95 47 26 68 58 54 58 59 54 49 23 57 36 37 62 46 93 66 46 48 50 42 20
38 36  6 82 46 87 36 70 33 61 27 47 38 84 51 29 29 32 39 61 53  9 48 90 44  0 60 51 27 17  7 86 95 84 17 67 75 44 41 71 60 13 60 78 18 27 64 71 31 43
95 55 45 45 84 48 59 78 70 18 82 72 66 73 65 33 53 82 66 66 46 85 45 77 64 60  0 54 45 70 53 57 55 54 45 31 69 50 80 35 74 77 52 55 44 16 13 28 80 19
84 48 23 22 46 63 37 41 81 58 47 27 67 43 65 57 47 90 30 60 92 39 82 92 95 51 54  0 64 48 39 49 58 89 52 38 45 45 51 57 13 56 34 73 37 64 87 46 36 69
40 69 18 54 34 46 61  6 58 44 80 44 41 35 54 87 28 79 59 85 59 48 35 43 47 27 45 64  0 70 42 78 76 23 81 56 45 58 79 50 94 38 65 28 46 62 61 66 42 50
29 32 81 49 91 30 30 74 71 82  9 60 83 19 30 77 40 46 62 45 74 47 44 44 26 17 70 48 70  0 12 42 32 66 32 44 45  9 84 30 34 23 91 61 42 39 29 69 84 62
57 47  8 50 72 38 80 53 24 92 33 55 52 50 24 59 56 16 39 47 52 59 41 35 68  7 53 39 42 12  0 49 13 83 39 79 68 65 25 35 48 62 80 47 31 79 48 38 70 43
81 19 28 47 32 66 93 38 25 39 77 11 50 43 33 33 87 74 72 55 55 49 33 46 58 86 57 49 78 42 49  0 47 64 83 17 59 28 54 73 73 71 59 48 23 54 67 59 56 71
77 61 44 13 81 73  2 12 51 46 28 87 40 19 76 30 60 65 37 29 54 87 33 39 54 95 55 58 76 32 13 47  0 21 43 68 76  7 49 47 44 61 29 64 65 39 13 61 56 47
 2 54 92 77 69 30 39 19 55 50 63 62 78 47 86 54 48 59 93 48 58 22 39 82 58 84 54 89 23 66 83 64 21  0 39 37 84 91 61 51 66 76 54 55 64 56 41 21 72 59
14 27 55 66 40 47 59 50 35 59 51  5 45 38 87 91 77 71 58 69 66 12 82 72 59 17 45 52 81 32 39 83 43 39  0 23 44 50 76 15 31 29 73 47 54 48 70 53 72 75
97 82 77 54 63 42 93  1 45 50 51 48 83 60 30 33 55 48 71 74 72 37 53 25 54 67 31 38 56 44 79 17 68 37 23  0 58 70 67 89 37 62 94 58 15 32 59 61 57 42
80 40 65 51 58 62 26 27 45 26 37 60 45 48 48 36 40 58 94 10 49 38 40 89 49 75 69 45 45 45 68 59 76 84 44 58  0 43 19 88 52 94 38 35 19 70 31 20 72 76
33 62 30 33 38 70 54 58 29 46 76 44 37 61 65 74 70 78 45 14 38 72 52 39 23 44 50 45 58  9 65 28  7 91 50 70 43  0 31 58 38 48 72 82 27 32 49 49 26 25
53 67 41 92 52 74 50 73 36 55 48 55 67 59 32 38 10 78 49 23 87 34 58 57 57 41 80 51 79 84 25 54 49 61 76 67 19 31  0 38 78 77 90 49 14 45 51 62 34 51
96 55 55 67 20 62 39 27 23 85 23 11 82 34 94 62 29 48 30 53 46 45 53 67 36 71 35 57 50 30 35 73 47 51 15 89 88 58 38  0 54 39 11 51 65 34 46 51 48 52
54 64 77 70 72 27 55 70 82 78 34 78 41 88 57 31 61 32 84 28 22 54 16 16 37 60 74 13 94 34 48 73 44 66 31 37 52 38 78 54  0 76 37 62 54 65 49 66 64 52
63 73 45 34 44 68 80 93 15  9 44 45 25 16 50 91 90 29 46 39 23 54 36 42 62 13 77 56 38 23 62 71 61 76 29 62 94 48 77 39 76  0 54 73 51 26 35 67 43 17
46 21 30 32 66 67 12 49 34 34 74 49 31 47 30 64 32 39 41 72 71 56 73 56 46 60 52 34 65 91 80 59 29 54 73 94 38 72 90 11 37 54  0 50 65 59 62 70 80 84
41 36 10 39 75 79 53 86 58 47 72 65 34 44 19 28 70 22 40 73 52 26 61 12 93 78 55 73 28 61 47 48 64 55 47 58 35 82 49 51 62 73 50  0 75 17 65 54 82 54
54 36 52 35 73 33 42 43 47 42 78 47  8 66 35 37 68 36 60 62 14 36 32 45 66 18 44 37 46 42 31 23 65 64 54 15 19 27 14 65 54 51 65 75  0 72 77 72 49 52
55 48 78 79 29 75 55 36 87 74 67 37 43 53 78  7  7  4 53 71 28 57 38 43 46 27 16 64 62 39 79 54 39 56 48 32 70 32 45 34 65 26 59 17 72  0 57 50 26 27
26 45 36 34 81 57 55 26 48 82 72 57 42 83 36 40 59 73 25 77 31 41 42 38 48 64 13 87 61 29 48 67 13 41 70 59 31 49 51 46 49 35 62 65 77 57  0 53 63 72
54 72 50 53 24 78 52 83 57 79 19 42 29 78 55 51 53 58 40 84 88 55 20 31 50 71 28 46 66 69 38 59 61 21 53 61 20 49 62 51 66 67 70 54 72 50 53  0 16 28
52 58 29 47 64 70 32 42 57 39 41 18 17 44 92 40 95 56 54 32 57 13 59 34 42 31 80 36 42 84 70 56 56 72 72 57 72 26 34 48 64 43 80 82 49 26 63 16  0 34
53 35 51 63 65 57 83 37 82 54  7 21 38 12 17 53 54 72 48 62 39 10 19 10 20 43 19 69 50 62 43 71 47 59 75 42 76 25 51 52 52 17 84 54 52 27 72 28 34  0
RRRRRBBBBBRBRBBBRRRBRBRBRBBRBRBRBRRBRBRBRBBRBRBRBR