50
0 52 20 84 18 23 69 0 90 87 47 64 54 80 87 80 84 22 20 79 53 99 74 23 87 92 18 56 74 10 92 87 43 76 93 56 73 52 6 83 83 31 40 91 0 98 13 31 49 37 
52 0 47 23 66 96 79 92 25 71 62 31 19 90 8 20 61 12 48 95 99 34 71 92 89 100 75 46 42 81 100 40 45 72 19 94 46 95 13 26 92 91 77 80 9 79 31 64 58 46 
20 47 0 56 64 20 22 9 81 45 33 37 15 20 19 23 32 27 88 53 44 40 86 36 63 12 8 84 77 49 5 62 10 76 72 43 7 64 56 53 44 78 73 1 43 18 62 100 89 81 
84 23 56 0 68 30 76 42 6 9 11 48 16 11 71 21 25 6 9 52 59 91 58 76 22 38 36 31 99 43 0 42 63 23 32 1 20 91 19 92 74 16 55 54 65 7 25 70 46 37 
18 66 64 68 0 5 30 38 29 52 46 64 27 4 18 6 62 60 81 100 66 19 89 23 8 41 52 13 3 85 70 97 63 49 63 52 69 83 1 98 31 0 56 12 39 64 58 11 78 89 
23 96 20 30 5 0 46 19 62 32 0 82 80 36 2 43 28 14 68 39 46 18 50 80 95 27 62 67 48 98 46 12 62 42 94 29 79 69 78 18 35 54 92 88 67 78 56 36 4 38 
69 79 22 76 30 46 0 83 79 94 57 46 74 9 51 44 72 2 10 97 71 86 65 58 98 15 41 57 4 70 26 57 20 10 51 0 76 93 56 87 10 16 6 32 58 95 91 67 86 45 
0 92 9 42 38 19 83 0 90 13 65 44 78 42 40 56 27 92 27 26 41 13 35 62 8 50 80 34 11 87 18 64 14 42 38 71 21 34 32 20 68 51 80 4 1 67 55 8 20 78 
90 25 81 6 29 62 79 90 0 57 92 74 49 42 77 30 91 50 28 83 57 19 26 74 78 100 19 65 52 71 95 29 91 73 42 29 72 33 53 1 98 19 26 45 12 72 7 51 45 69 
87 71 45 9 52 32 94 13 57 0 79 42 4 0 1 60 33 64 35 34 29 86 4 51 83 93 74 46 50 4 17 85 29 25 90 41 57 11 5 25 16 96 55 57 66 43 100 53 79 93 
47 62 33 11 46 0 57 65 92 79 0 14 74 40 93 67 32 90 33 82 33 22 38 96 86 13 90 19 55 24 90 48 80 89 66 8 84 19 46 71 14 98 24 94 99 77 18 15 99 53 
64 31 37 48 64 82 46 44 74 42 14 0 25 49 22 81 87 74 96 61 62 58 0 66 18 69 92 40 41 9 71 6 78 51 83 70 10 10 51 78 63 45 74 32 84 83 6 20 17 19 
54 19 15 16 27 80 74 78 49 4 74 25 0 6 55 26 25 73 72 82 91 91 7 53 74 20 18 81 35 31 94 13 1 4 84 63 94 88 30 12 23 11 68 31 49 52 31 93 24 62 
80 90 20 11 4 36 9 42 42 0 40 49 6 0 33 85 60 96 39 51 75 23 85 23 79 35 41 16 91 86 77 17 24 44 68 99 2 39 4 76 86 31 61 34 10 51 21 5 11 92 
87 8 19 71 18 2 51 40 77 1 93 22 55 33 0 54 53 45 26 48 78 27 64 68 36 56 80 69 23 25 78 56 71 70 9 90 24 33 5 97 63 49 76 10 36 22 12 22 23 3 
80 20 23 21 6 43 44 56 30 60 67 81 26 85 54 0 64 95 1 72 37 85 20 94 52 82 93 10 23 80 24 77 41 11 87 99 81 53 39 5 22 42 0 4 2 73 57 45 86 60 
84 61 32 25 62 28 72 27 91 33 32 87 25 60 53 64 0 63 2 33 85 95 36 18 22 13 71 30 56 23 23 78 62 53 72 50 0 80 95 94 47 51 86 55 61 61 99 33 35 57 
22 12 27 6 60 14 2 92 50 64 90 74 73 96 45 95 63 0 4 11 0 20 35 87 1 77 47 45 65 64 7 48 87 42 4 20 80 46 1 86 34 33 77 62 31 58 98 81 69 65 
20 48 88 9 81 68 10 27 28 35 33 96 72 39 26 1 2 4 0 54 58 74 10 9 27 58 70 45 13 64 25 53 15 71 71 27 30 71 12 89 50 36 17 34 3 40 5 83 25 14 
79 95 53 52 100 39 97 26 83 34 82 61 82 51 48 72 33 11 54 0 6 98 20 38 68 78 3 89 39 53 83 32 37 89 4 91 95 4 45 69 29 43 27 1 4 42 59 33 52 32 
53 99 44 59 66 46 71 41 57 29 33 62 91 75 78 37 85 0 58 6 0 31 11 55 2 30 96 38 22 32 5 72 19 34 11 29 4 88 50 36 66 59 34 17 26 35 29 15 57 62 
99 34 40 91 19 18 86 13 19 86 22 58 91 23 27 85 95 20 74 98 31 0 28 25 54 84 37 67 67 96 28 15 88 29 25 49 33 79 27 65 68 58 42 52 55 30 51 64 87 23 
74 71 86 58 89 50 65 35 26 4 38 0 7 85 64 20 36 35 10 20 11 28 0 12 17 74 29 8 34 30 63 83 66 82 91 97 37 16 7 86 91 3 90 60 16 22 92 87 77 85 
23 92 36 76 23 80 58 62 74 51 96 66 53 23 68 94 18 87 9 38 55 25 12 0 72 53 21 41 95 38 34 21 33 74 90 51 9 95 55 100 43 100 18 9 69 55 56 44 50 85 
87 89 63 22 8 95 98 8 78 83 86 18 74 79 36 52 22 1 27 68 2 54 17 72 0 94 7 95 8 40 30 38 11 85 99 80 100 70 43 62 93 13 0 97 47 19 100 41 5 60 
92 100 12 38 41 27 15 50 100 93 13 69 20 35 56 82 13 77 58 78 30 84 74 53 94 0 36 86 24 54 89 17 42 64 17 48 72 0 28 63 93 12 81 78 74 86 23 61 99 45 
18 75 8 36 52 62 41 80 19 74 90 92 18 41 80 93 71 47 70 3 96 37 29 21 7 36 0 56 61 74 66 75 97 87 98 9 60 63 2 19 5 82 52 12 7 17 1 8 15 61 
56 46 84 31 13 67 57 34 65 46 19 40 81 16 69 10 30 45 45 89 38 67 8 41 95 86 56 0 34 38 22 50 97 2 87 81 24 88 100 58 88 71 2 67 14 1 43 16 74 10 
74 42 77 99 3 48 4 11 52 50 55 41 35 91 23 23 56 65 13 39 22 67 34 95 8 24 61 34 0 37 55 63 93 100 85 87 45 97 26 57 4 31 95 0 71 56 83 96 98 70 
10 81 49 43 85 98 70 87 71 4 24 9 31 86 25 80 23 64 64 53 32 96 30 38 40 54 74 38 37 0 17 31 91 31 100 75 93 37 93 7 26 48 32 19 23 40 68 56 68 32 
92 100 5 0 70 46 26 18 95 17 90 71 94 77 78 24 23 7 25 83 5 28 63 34 30 89 66 22 55 17 0 25 12 98 1 49 37 86 78 58 0 60 5 26 86 73 81 70 51 32 
87 40 62 42 97 12 57 64 29 85 48 6 13 17 56 77 78 48 53 32 72 15 83 21 38 17 75 50 63 31 25 0 73 25 6 53 99 43 17 84 86 81 41 28 16 29 60 98 24 36 
43 45 10 63 63 62 20 14 91 29 80 78 1 24 71 41 62 87 15 37 19 88 66 33 11 42 97 97 93 91 12 73 0 15 97 82 34 58 46 42 87 94 15 38 89 32 28 58 92 21 
76 72 76 23 49 42 10 42 73 25 89 51 4 44 70 11 53 42 71 89 34 29 82 74 85 64 87 2 100 31 98 25 15 0 76 30 70 78 58 45 56 64 39 9 57 19 52 2 95 5 
93 19 72 32 63 94 51 38 42 90 66 83 84 68 9 87 72 4 71 4 11 25 91 90 99 17 98 87 85 100 1 6 97 76 0 6 45 44 96 79 67 72 22 34 37 9 83 96 33 28 
56 94 43 1 52 29 0 71 29 41 8 70 63 99 90 99 50 20 27 91 29 49 97 51 80 48 9 81 87 75 49 53 82 30 6 0 90 3 16 23 91 51 47 30 82 24 72 18 30 52 
73 46 7 20 69 79 76 21 72 57 84 10 94 2 24 81 0 80 30 95 4 33 37 9 100 72 60 24 45 93 37 99 34 70 45 90 0 55 6 83 8 41 12 69 98 47 28 32 23 62 
52 95 64 91 83 69 93 34 33 11 19 10 88 39 33 53 80 46 71 4 88 79 16 95 70 0 63 88 97 37 86 43 58 78 44 3 55 0 47 39 13 63 54 97 80 61 64 72 47 12 
6 13 56 19 1 78 56 32 53 5 46 51 30 4 5 39 95 1 12 45 50 27 7 55 43 28 2 100 26 93 78 17 46 58 96 16 6 47 0 65 7 39 66 95 33 14 93 59 84 28 
83 26 53 92 98 18 87 20 1 25 71 78 12 76 97 5 94 86 89 69 36 65 86 100 62 63 19 58 57 7 58 84 42 45 79 23 83 39 65 0 12 40 86 55 58 19 84 22 30 99 
83 92 44 74 31 35 10 68 98 16 14 63 23 86 63 22 47 34 50 29 66 68 91 43 93 93 5 88 4 26 0 86 87 56 67 91 8 13 7 12 0 2 73 82 24 8 88 37 32 64 
31 91 78 16 0 54 16 51 19 96 98 45 11 31 49 42 51 33 36 43 59 58 3 100 13 12 82 71 31 48 60 81 94 64 72 51 41 63 39 40 2 0 58 38 38 20 31 69 89 28 
40 77 73 55 56 92 6 80 26 55 24 74 68 61 76 0 86 77 17 27 34 42 90 18 0 81 52 2 95 32 5 41 15 39 22 47 12 54 66 86 73 58 0 61 13 4 14 98 57 21 
91 80 1 54 12 88 32 4 45 57 94 32 31 34 10 4 55 62 34 1 17 52 60 9 97 78 12 67 0 19 26 28 38 9 34 30 69 97 95 55 82 38 61 0 19 62 37 66 97 85 
0 9 43 65 39 67 58 1 12 66 99 84 49 10 36 2 61 31 3 4 26 55 16 69 47 74 7 14 71 23 86 16 89 57 37 82 98 80 33 58 24 38 13 19 0 43 85 63 22 76 
98 79 18 7 64 78 95 67 72 43 77 83 52 51 22 73 61 58 40 42 35 30 22 55 19 86 17 1 56 40 73 29 32 19 9 24 47 61 14 19 8 20 4 62 43 0 53 36 77 69 
13 31 62 25 58 56 91 55 7 100 18 6 31 21 12 57 99 98 5 59 29 51 92 56 100 23 1 43 83 68 81 60 28 52 83 72 28 64 93 84 88 31 14 37 85 53 0 49 64 9 
31 64 100 70 11 36 67 8 51 53 15 20 93 5 22 45 33 81 83 33 15 64 87 44 41 61 8 16 96 56 70 98 58 2 96 18 32 72 59 22 37 69 98 66 63 36 49 0 71 59 
49 58 89 46 78 4 86 20 45 79 99 17 24 11 23 86 35 69 25 52 57 87 77 50 5 99 15 74 98 68 51 24 92 95 33 30 23 47 84 30 32 89 57 97 22 77 64 71 0 12 
37 46 81 37 89 38 45 78 69 93 53 19 62 92 3 60 57 65 14 32 62 23 85 85 60 45 61 10 70 32 32 36 21 5 28 52 62 12 28 99 64 28 21 85 76 69 9 59 12 0 
RRRBRRBRBBBRBRRBBRBRRRBRBRBRBBBBBBRRRRRBBBRRRRBBBB
