50
0 68 94 81 30 67 41 35 20 39 76 41 77 23 11 72 53 78 23 55 83 99 47 55 91 64 74 96 68 35 48 23 88 96 24 25 88 92 26 98 64 60 99 40 80 21 67 30 43 34
68 0 52 27 92 53 60 79 59 20 41 32 84 86 68 92 52 68 71 84 35 42 44 21 75 79 45 95 90 22 87 34 34 33 33 4 72 95 51 44 21 69 56 83 95 78 78 77 94 90
94 52 0 81 63 74 20 37 20 26 65 98 45 86 25 51 69 77 76 40 26 26 40 50 50 96 61 45 38 48 83 70 79 39 37 68 97 26 26 96 59 75 59 79 54 23 40 35 60 23
81 27 81 0 87 12 23 29 87 40 34 38 67 77 73 61 51 86 35 50 32 85 24 34 82 57 38 25 59 54 80 23 80 90 96 73 50 54 78 66 24 28 46 74 91 37 20 59 70 85
30 92 63 87 0 30 86 98 76 66 20 7 88 66 44 42 60 65 39 48 81 20 95 57 73 49 93 44 67 98 50 86 69 74 98 71 80 66 86 82 42 29 46 52 95 79 76 33 24 50
67 53 74 12 30 0 28 45 95 21 67 48 47 70 88 97 50 53 59 92 26 34 80 71 20 90 51 95 38 75 80 74 65 39 85 65 46 27 58 88 38 75 59 27 49 27 97 78 20 90
41 60 20 23 86 28 0 50 40 44 56 85 90 23 94 49 45 68 73 10 55 34 94 32 27 71 93 75 4 67 51 72 50 86 23 74 55 76 44 30 35 61 62 84 47 47 98 70 80 88
35 79 37 29 98 45 50 0 64 61 42 36 98 72 55 48 21 54 53 22 49 86 41 87 66 64 78 61 65 87 46 94 64 29 94 37 27 37 90 69 68 41 56 9 93 30 49 97 31 94
20 59 20 87 76 95 40 64 0 84 57 44 20 71 81 42 24 97 6 77 31 36 99 75 40 25 73 36 82 92 74 81 20 62 80 86 63 93 55 63 87 66 92 54 22 69 84 83 58 87
39 20 26 40 66 21 44 61 84 0 94 71 69 38 37 23 23 10 91 89 55 68 60 85 11 44 53 27 65 63 78 32 29 80 48 35 23 66 96 74 92 64 72 50 48 63 89 74 84 70
76 41 65 34 20 67 56 42 57 94 0 68 78 88 41 75 20 21 37 30 42 46 12 50 21 85 85 31 61 25 69 77 84 23 36 84 85 85 47 37 28 47 27 25 81 65 52 30 34 77
41 32 98 38 7 48 85 36 44 71 68 0 51 69 44 58 83 61 72 40 75 49 55 99 99 74 43 39 84 86 45 78 41 34 93 71 94 36 69 22 83 42 76 41 71 68 45 55 12 72
77 84 45 67 88 47 90 98 20 69 78 51 0 36 96 21 71 69 15 69 20 33 77 31 85 55 92 92 48 96 25 85 64 26 19 52 87 78 28 28 68 98 54 52 97 69 61 65 66 64
23 86 86 77 66 70 23 72 71 38 88 69 36 0 95 70 63 42 29 6 52 26 76 86 78 71 23 24 44 32 57 70 85 69 63 71 58 98 37 83 27 66 33 65 29 81 57 83 73 90
11 68 25 73 44 88 94 55 81 37 41 44 96 95 0 54 65 38 68 64 43 93 28 71 22 92 39 69 78 97 45 67 32 36 54 22 75 71 35 75 58 52 70 50 26 83 69 95 80 49
72 92 51 61 42 97 49 48 42 23 75 58 21 70 54 0 82 62 31 71 59 29 56 22 71 85 41 56 52 67 44 93 97 62 67 31 84 57 57 96 99 61 22 24 96 70 37 90 67 1
53 52 69 51 60 50 45 21 24 23 20 83 71 63 65 82 0 59 40 24 83 46 33 56 79 50 58 56 63 52 85 86 52 24 70 44 40 96 1 74 38 29 64 29 44 41 64 44 37 41
78 68 77 86 65 53 68 54 97 10 21 61 69 42 38 62 59 0 90 59 63 78 68 50 38 43 26 54 21 68 86 77 39 18 42 23 61 30 76 76 37 44 65 52 45 65 75 40 74 92
23 71 76 35 39 59 73 53 6 91 37 72 15 29 68 31 40 90 0 29 94 74 71 44 28 94 31 25 93 92 72 24 48 70 42 26 76 43 64 36 90 75 26 27 39 84 44 81 69 83
55 84 40 50 48 92 10 22 77 89 30 40 69 6 64 71 24 59 29 0 37 60 54 57 35 34 36 75 45 62 66 37 23 98 78 94 22 57 55 37 98 27 92 59 80 31 72 43 54 58
83 35 26 32 81 26 55 49 31 55 42 75 20 52 43 59 83 63 94 37 0 80 28 52 89 66 92 59 69 33 39 90 59 56 11 88 62 70 60 61 85 35 29 66 63 29 93 64 83 62
99 42 26 85 20 34 34 86 36 68 46 49 33 26 93 29 46 78 74 60 80 0 85 44 80 54 66 82 24 41 45 68 31 76 60 35 29 93 83 83 79 65 67 49 89 91 27 89 76 68
47 44 40 24 95 80 94 41 99 60 12 55 77 76 28 56 33 68 71 54 28 85 0 18 26 22 99 28 55 97 24 89 67 27 83 33 34 26 50 87 84 20 43 24 62 26 66 79 67 38
55 21 50 34 57 71 32 87 75 85 50 99 31 86 71 22 56 50 44 57 52 44 18 0 95 34 63 21 70 33 28 99 32 61 46 51 70 65 34 89 77 32 61 61 60 91 62 44 64 46
91 75 50 82 73 20 27 66 40 11 21 99 85 78 22 71 79 38 28 35 89 80 26 95 0 89 44 75 31 40 24 25 64 87 55 63 57 83 65 68 57 86 59 47 34 36 93 27 31 33
64 79 96 57 49 90 71 64 25 44 85 74 55 71 92 85 50 43 94 34 66 54 22 34 89 0 23 29 38 44 1 98 93 26 41 50 97 27 35 87 60 82 60 32 88 67 92 84 80 52
74 45 61 38 93 51 93 78 73 53 85 43 92 23 39 41 58 26 31 36 92 66 99 63 44 23 0 24 55 45 67 61 61 70 49 67 97 26 80 79 59 70 20 60 1 64 72 40 54 86
96 95 45 25 44 95 75 61 36 27 31 39 92 24 69 56 56 54 25 75 59 82 28 21 75 29 24 0 76 71 21 36 19 47 50 54 52 91 52 84 25 95 94 84 47 91 23 36 29 65
68 90 38 59 67 38 4 65 82 65 61 84 48 44 78 52 63 21 93 45 69 24 55 70 31 38 55 76 0 76 85 84 42 96 35 36 65 47 39 56 53 88 21 54 16 70 94 71 20 75
35 22 48 54 98 75 67 87 92 63 25 86 96 32 97 67 52 68 92 62 33 41 97 33 40 44 45 71 76 0 62 32 1 74 91 95 30 24 86 42 11 24 25 70 42 35 54 82 30 78
48 87 83 80 50 80 51 46 74 78 69 45 25 57 45 44 85 86 72 66 39 45 24 28 24 1 67 21 85 62 0 42 30 80 81 87 79 6 90 50 20 80 63 96 90 58 95 98 43 68
23 34 70 23 86 74 72 94 81 32 77 78 85 70 67 93 86 77 24 37 90 68 89 99 25 98 61 36 84 32 42 0 92 24 55 40 33 64 96 47 36 74 24 37 84 77 35 20 24 91
88 34 79 80 69 65 50 64 20 29 84 41 64 85 32 97 52 39 48 23 59 31 67 32 64 93 61 19 42 1 30 92 0 70 80 63 79 78 31 29 51 56 69 52 92 84 62 95 83 23
96 33 39 90 74 39 86 29 62 80 23 34 26 69 36 62 24 18 70 98 56 76 27 61 87 26 70 47 96 74 80 24 70 0 98 45 32 44 41 94 37 49 69 53 43 96 55 43 37 90
24 33 37 96 98 85 23 94 80 48 36 93 19 63 54 67 70 42 42 78 11 60 83 46 55 41 49 50 35 91 81 55 80 98 0 55 91 86 29 46 98 94 33 76 97 66 74 77 82 93
25 4 68 73 71 65 74 37 86 35 84 71 52 71 22 31 44 23 26 94 88 35 33 51 63 50 67 54 36 95 87 40 63 45 55 0 26 46 97 79 49 99 47 34 89 18 45 24 67 91
88 72 97 50 80 46 55 27 63 23 85 94 87 58 75 84 40 61 76 22 62 29 34 70 57 97 97 52 65 30 79 33 79 32 91 26 0 87 82 69 29 65 88 67 65 9 33 97 64 95
92 95 26 54 66 27 76 37 93 66 85 36 78 98 71 57 96 30 43 57 70 93 26 65 83 27 26 91 47 24 6 64 78 44 86 46 87 0 33 81 56 54 68 57 24 65 87 34 29 50
26 51 26 78 86 58 44 90 55 96 47 69 28 37 35 57 1 76 64 55 60 83 50 34 65 35 80 52 39 86 90 96 31 41 29 97 82 33 0 10 20 26 23 40 42 83 86 52 27 86
98 44 96 66 82 88 30 69 63 74 37 22 28 83 75 96 74 76 36 37 61 83 87 89 68 87 79 84 56 42 50 47 29 94 46 79 69 81 10 0 30 80 22 94 86 26 62 10 31 41
64 21 59 24 42 38 35 68 87 92 28 83 68 27 58 99 38 37 90 98 85 79 84 77 57 60 59 25 53 11 20 36 51 37 98 49 29 56 20 30 0 28 62 21 97 57 96 80 36 88
60 69 75 28 29 75 61 41 66 64 47 42 98 66 52 61 29 44 75 27 35 65 20 32 86 82 70 95 88 24 80 74 56 49 94 99 65 54 26 80 28 0 45 67 29 99 37 35 33 91
99 56 59 46 46 59 62 56 92 72 27 76 54 33 70 22 64 65 26 92 29 67 43 61 59 60 20 94 21 25 63 24 69 69 33 47 88 68 23 22 62 45 0 25 36 41 7 26 59 59
40 83 79 74 52 27 84 9 54 50 25 41 52 65 50 24 29 52 27 59 66 49 24 61 47 32 60 84 54 70 96 37 52 53 76 34 67 57 40 94 21 67 25 0 33 55 33 44 79 87
80 95 54 91 95 49 47 93 22 48 81 71 97 29 26 96 44 45 39 80 63 89 62 60 34 88 1 47 16 42 90 84 92 43 97 89 65 24 42 86 97 29 36 33 0 93 75 62 32 20
21 78 23 37 79 27 47 30 69 63 65 68 69 81 83 70 41 65 84 31 29 91 26 91 36 67 64 91 70 35 58 77 84 96 66 18 9 65 83 26 57 99 41 55 93 0 68 45 41 54
67 78 40 20 76 97 98 49 84 89 52 45 61 57 69 37 64 75 44 72 93 27 66 62 93 92 72 23 94 54 95 35 62 55 74 45 33 87 86 62 96 37 7 33 75 68 0 31 21 82
30 77 35 59 33 78 70 97 83 74 30 55 65 83 95 90 44 40 81 43 64 89 79 44 27 84 40 36 71 82 98 20 95 43 77 24 97 34 52 10 80 35 26 44 62 45 31 0 24 81
43 94 60 70 24 20 80 31 58 84 34 12 66 73 80 67 37 74 69 54 83 76 67 64 31 80 54 29 20 30 43 24 83 37 82 67 64 29 27 31 36 33 59 79 32 41 21 24 0 61
34 90 23 85 50 90 88 94 87 70 77 72 64 90 49 1 41 92 83 58 62 68 38 46 33 52 86 65 75 78 68 91 23 90 93 91 95 50 86 41 88 91 59 87 20 54 82 81 61 0
RRBBBRBRBBRRBBRRRBBRRRBBBRRRBBRRBRBBRBRBRRBBRBBRRB