50
0 40 44 20 4 82 84 15 31 23 79 78 81 26 26 26 26 98 5 78 10 35 52 4 2 3 59 27 27 37 97 75 90 71 89 35 7 43 87 82 50 80 36 16 76 71 5 25 58 2
40 0 93 5 14 67 53 15 39 4 61 46 34 28 59 53 42 50 99 52 92 17 71 18 76 18 51 18 23 35 76 34 81 33 27 53 17 25 66 98 68 5 47 89 64 37 34 88 41 79
44 93 0 36 92 22 72 24 65 47 82 26 42 23 35 53 69 70 81 24 27 95 63 75 81 18 13 82 97 77 44 25 78 25 74 70 32 4 71 30 45 55 1 68 77 27 55 25 92 60
20 5 36 0 28 21 36 46 57 77 50 96 33 58 82 92 66 87 41 56 42 70 71 19 92 3 98 10 18 95 12 23 18 79 62 63 83 48 96 52 31 55 27 37 59 74 38 6 27 2
4 14 92 28 0 0 47 60 78 10 11 16 16 78 67 55 95 37 99 67 96 45 62 41 10 76 10 29 66 6 90 40 22 94 49 50 95 67 66 3 60 69 94 67 31 90 3 29 39 21
82 67 22 21 0 0 65 44 40 1 23 35 39 41 29 72 27 61 98 19 98 88 7 66 74 72 88 35 11 43 54 31 32 84 91 51 61 41 73 31 45 29 89 41 66 1 51 68 52 83
84 53 72 36 47 65 0 60 72 24 84 87 95 30 50 16 72 4 68 36 54 90 93 20 46 77 31 64 4 72 86 53 5 69 32 24 18 7 95 65 21 60 75 51 56 39 61 57 14 25
15 15 24 46 60 44 60 0 92 20 15 10 78 27 42 18 87 54 40 36 94 29 94 10 29 17 58 80 20 69 8 88 19 3 26 38 67 44 76 69 10 43 70 15 19 21 67 28 40 97
31 39 65 57 78 40 72 92 0 28 5 40 39 99 12 1 34 32 75 42 32 10 94 7 60 94 91 26 10 65 75 77 11 10 89 80 50 96 6 13 4 84 58 20 14 5 3 92 44 75
23 4 47 77 10 1 24 20 28 0 44 1 1 93 92 61 41 71 84 85 54 30 80 85 58 53 57 44 1 50 66 9 91 93 27 12 79 93 11 39 51 87 25 26 61 45 94 62 75 58
79 61 82 50 11 23 84 15 5 44 0 53 21 41 62 67 50 9 64 74 95 63 35 96 50 8 4 73 58 4 93 18 62 98 89 54 4 57 16 72 44 55 40 52 19 60 89 51 33 26
78 46 26 96 16 35 87 10 40 1 53 0 74 75 19 91 56 74 11 84 61 76 80 30 78 77 57 37 99 60 43 7 37 62 40 6 20 20 78 32 68 4 77 65 22 39 67 59 20 17
81 34 42 33 16 39 95 78 39 1 21 74 0 99 3 64 3 80 26 77 29 82 9 76 46 39 87 29 79 56 54 34 26 59 24 68 67 49 2 42 8 99 69 42 11 8 0 27 70 65
26 28 23 58 78 41 30 27 99 93 41 75 99 0 67 53 19 91 99 22 67 56 1 17 56 92 64 39 59 73 24 99 22 81 67 30 68 0 18 95 29 29 94 47 6 94 68 55 54 78
26 59 35 82 67 29 50 42 12 92 62 19 3 67 0 79 92 5 19 81 41 25 25 35 22 27 82 6 44 70 19 43 62 89 92 59 9 5 12 86 62 33 53 10 17 62 94 15 48 59
26 53 53 92 55 72 16 18 1 61 67 91 64 53 79 0 85 60 14 63 64 74 73 57 62 51 81 7 30 9 28 18 57 50 10 5 6 52 34 28 72 81 100 77 10 5 100 42 44 53
26 42 69 66 95 27 72 87 34 41 50 56 3 19 92 85 0 53 100 78 89 20 64 13 16 12 74 54 43 35 32 51 96 22 60 79 47 68 21 97 89 86 42 94 65 9 71 71 25 31
98 50 70 87 37 61 4 54 32 71 9 74 80 91 5 60 53 0 76 96 95 86 66 88 28 28 24 35 50 70 33 82 54 64 85 40 98 79 52 27 19 93 66 89 13 38 15 15 11 50
5 99 81 41 99 98 68 40 75 84 64 11 26 99 19 14 100 76 0 76 82 72 47 34 30 39 36 69 66 49 29 30 54 58 79 92 53 40 81 15 45 58 4 20 37 70 86 60 13 73
78 52 24 56 67 19 36 36 42 85 74 84 77 22 81 63 78 96 76 0 7 23 69 23 79 8 20 62 29 51 68 13 87 87 67 28 31 13 80 96 87 89 35 74 3 30 78 32 31 90
10 92 27 42 96 98 54 94 32 54 95 61 29 67 41 64 89 95 82 7 0 11 79 13 8 98 20 63 100 14 33 87 80 6 8 1 11 62 3 25 66 8 44 41 19 91 1 24 64 47
35 17 95 70 45 88 90 29 10 30 63 76 82 56 25 74 20 86 72 23 11 0 48 18 8 72 73 68 88 96 63 21 99 73 78 26 39 56 4 46 77 94 35 99 87 26 43 77 88 92
52 71 63 71 62 7 93 94 94 80 35 80 9 1 25 73 64 66 47 69 79 48 0 95 65 55 81 47 34 62 51 37 68 10 26 17 80 59 65 33 42 13 78 48 100 81 7 19 36 47
4 18 75 19 41 66 20 10 7 85 96 30 76 17 35 57 13 88 34 23 13 18 95 0 23 34 18 25 75 13 35 43 88 5 48 97 54 23 13 55 80 49 45 66 70 31 36 69 97 55
2 76 81 92 10 74 46 29 60 58 50 78 46 56 22 62 16 28 30 79 8 8 65 23 0 40 91 6 33 93 33 82 99 96 11 91 82 77 44 5 56 51 80 52 19 3 53 15 45 17
3 18 18 3 76 72 77 17 94 53 8 77 39 92 27 51 12 28 39 8 98 72 55 34 40 0 72 74 0 54 54 72 39 57 92 87 72 34 68 76 53 4 61 9 88 64 27 68 38 7
59 51 13 98 10 88 31 58 91 57 4 57 87 64 82 81 74 24 36 20 20 73 81 18 91 72 0 21 62 30 7 92 68 41 10 65 44 85 88 39 48 70 26 39 94 85 80 35 20 77
27 18 82 10 29 35 64 80 26 44 73 37 29 39 6 7 54 35 69 62 63 68 47 25 6 74 21 0 74 98 73 71 72 35 13 84 64 68 79 35 68 37 61 65 91 63 8 10 20 0
27 23 97 18 66 11 4 20 10 1 58 99 79 59 44 30 43 50 66 29 100 88 34 75 33 0 62 74 0 18 18 46 46 14 63 79 64 40 5 95 36 67 43 37 36 85 80 61 45 14
37 35 77 95 6 43 72 69 65 50 4 60 56 73 70 9 35 70 49 51 14 96 62 13 93 54 30 98 18 0 55 55 58 61 84 53 19 16 17 20 62 53 36 35 15 79 91 33 51 29
97 76 44 12 90 54 86 8 75 66 93 43 54 24 19 28 32 33 29 68 33 63 51 35 33 54 7 73 18 55 0 61 82 26 2 46 30 11 5 33 14 96 92 72 37 95 34 38 80 46
75 34 25 23 40 31 53 88 77 9 18 7 34 99 43 18 51 82 30 13 87 21 37 43 82 72 92 71 46 55 61 0 79 83 84 99 9 28 41 77 68 16 19 3 39 64 46 18 26 53
90 81 78 18 22 32 5 19 11 91 62 37 26 22 62 57 96 54 54 87 80 99 68 88 99 39 68 72 46 58 82 79 0 89 48 63 73 4 66 24 23 8 86 24 36 24 34 52 12 51
71 33 25 79 94 84 69 3 10 93 98 62 59 81 89 50 22 64 58 87 6 73 10 5 96 57 41 35 14 61 26 83 89 0 16 98 9 32 64 13 20 28 86 45 63 34 94 87 52 73
89 27 74 62 49 91 32 26 89 27 89 40 24 67 92 10 60 85 79 67 8 78 26 48 11 92 10 13 63 84 2 84 48 16 0 82 68 19 81 3 47 78 3 14 99 98 8 53 84 0
35 53 70 63 50 51 24 38 80 12 54 6 68 30 59 5 79 40 92 28 1 26 17 97 91 87 65 84 79 53 46 99 63 98 82 0 96 71 51 64 35 47 97 0 59 77 44 58 45 75
7 17 32 83 95 61 18 67 50 79 4 20 67 68 9 6 47 98 53 31 11 39 80 54 82 72 44 64 64 19 30 9 73 9 68 96 0 56 64 32 49 96 56 40 53 26 71 49 12 28
43 25 4 48 67 41 7 44 96 93 57 20 49 0 5 52 68 79 40 13 62 56 59 23 77 34 85 68 40 16 11 28 4 32 19 71 56 0 48 94 75 97 83 47 74 69 20 57 31 59
87 66 71 96 66 73 95 76 6 11 16 78 2 18 12 34 21 52 81 80 3 4 65 13 44 68 88 79 5 17 5 41 66 64 81 51 64 48 0 91 36 55 70 35 94 62 40 39 59 72
82 98 30 52 3 31 65 69 13 39 72 32 42 95 86 28 97 27 15 96 25 46 33 55 5 76 39 35 95 20 33 77 24 13 3 64 32 94 91 0 68 32 17 26 76 94 66 71 44 22
50 68 45 31 60 45 21 10 4 51 44 68 8 29 62 72 89 19 45 87 66 77 42 80 56 53 48 68 36 62 14 68 23 20 47 35 49 75 36 68 0 5 53 85 84 84 12 99 42 39
80 5 55 55 69 29 60 43 84 87 55 4 99 29 33 81 86 93 58 89 8 94 13 49 51 4 70 37 67 53 96 16 8 28 78 47 96 97 55 32 5 0 60 67 2 52 11 24 49 50
36 47 1 27 94 89 75 70 58 25 40 77 69 94 53 100 42 66 4 35 44 35 78 45 80 61 26 61 43 36 92 19 86 86 3 97 56 83 70 17 53 60 0 21 57 86 34 30 98 96
16 89 68 37 67 41 51 15 20 26 52 65 42 47 10 77 94 89 20 74 41 99 48 66 52 9 39 65 37 35 72 3 24 45 14 0 40 47 35 26 85 67 21 0 0 65 63 88 82 85
76 64 77 59 31 66 56 19 14 61 19 22 11 6 17 10 65 13 37 3 19 87 100 70 19 88 94 91 36 15 37 39 36 63 99 59 53 74 94 76 84 2 57 0 0 60 60 74 76 86
71 37 27 74 90 1 39 21 5 45 60 39 8 94 62 5 9 38 70 30 91 26 81 31 3 64 85 63 85 79 95 64 24 34 98 77 26 69 62 94 84 52 86 65 60 0 31 34 88 66
5 34 55 38 3 51 61 67 3 94 89 67 0 68 94 100 71 15 86 78 1 43 7 36 53 27 80 8 80 91 34 46 34 94 8 44 71 20 40 66 12 11 34 63 60 31 0 58 10 60
25 88 25 6 29 68 57 28 92 62 51 59 27 55 15 42 71 15 60 32 24 77 19 69 15 68 35 10 61 33 38 18 52 87 53 58 49 57 39 71 99 24 30 88 74 34 58 0 2 87
58 41 92 27 39 52 14 40 44 75 33 20 70 54 48 44 25 11 13 31 64 88 36 97 45 38 20 20 45 51 80 26 12 52 84 45 12 31 59 44 42 49 98 82 76 88 10 2 0 93
2 79 60 2 21 83 25 97 75 58 26 17 65 78 59 53 31 50 73 90 47 92 47 55 17 7 77 0 14 29 46 53 51 73 0 75 28 59 72 22 39 50 96 85 86 66 60 87 93 0
RBBRRBRRRBRRRBRBBBBBRRRBBBBBRBRBBBBBRRBRRBRRRRBBRR