50
0 4 5 37 68 18 5 91 18 5 43 62 66 62 48 61 54 34 79 62 36 56 57 52 58 29 77 64 92 5 10 73 89 11 29 56 26 62 77 40 94 20 32 60 78 10 51 62 40 29 
4 0 5 53 87 24 4 47 31 64 38 33 4 42 21 12 98 7 65 59 80 35 16 30 63 43 38 69 90 96 8 50 49 10 62 67 61 62 13 89 56 78 21 57 19 69 96 17 6 91 
5 5 0 38 25 55 12 18 94 46 17 18 73 21 64 52 58 56 18 50 48 58 5 100 36 86 87 51 85 16 95 87 6 98 68 27 83 10 41 11 84 54 25 87 5 19 38 91 5 84 
37 53 38 0 5 61 78 75 81 20 68 90 70 98 64 16 62 48 96 24 50 4 10 4 87 25 10 49 67 48 32 100 77 81 39 26 83 90 58 41 14 32 22 80 64 33 100 73 42 78 
68 87 25 5 0 4 54 12 39 63 34 22 27 88 51 88 35 81 34 18 90 49 5 78 99 12 92 36 23 84 81 24 52 37 79 55 44 64 63 80 26 27 98 81 14 49 68 45 60 32 
18 24 55 61 4 0 5 12 25 27 10 64 18 42 83 33 54 37 81 21 47 66 41 10 29 71 63 83 100 43 28 79 41 69 38 70 90 84 12 14 41 18 75 87 87 88 50 40 25 61 
5 4 12 78 54 5 0 5 27 49 8 83 50 67 96 49 41 23 58 78 23 27 8 12 41 86 22 79 34 93 96 21 15 76 88 67 36 76 65 90 55 69 6 4 66 99 81 6 21 38 
91 47 18 75 12 12 5 0 4 61 89 48 99 75 98 11 39 24 6 87 35 12 79 98 44 81 62 65 35 61 98 35 27 96 15 29 48 50 40 18 41 29 94 39 34 91 46 69 45 79 
18 31 94 81 39 25 27 4 0 4 87 61 8 62 41 98 57 72 58 54 37 15 7 49 41 28 29 11 73 66 36 97 5 97 21 78 66 63 88 52 70 74 43 74 66 80 5 22 82 60 
5 64 46 20 63 27 49 61 4 0 4 5 53 63 42 11 88 81 14 85 16 11 90 13 28 94 9 87 81 88 87 86 30 61 51 9 62 4 21 52 73 35 54 56 29 26 94 47 6 7 
43 38 17 68 34 10 8 89 87 4 0 4 14 47 90 70 72 29 87 83 16 74 97 42 65 50 78 57 50 95 9 53 60 90 8 85 46 98 32 80 35 90 60 77 68 80 46 39 8 63 
62 33 18 90 22 64 83 48 61 5 4 0 4 36 20 89 97 66 97 54 46 25 86 95 81 13 99 97 86 30 59 65 61 48 55 68 15 34 13 81 38 73 99 85 39 49 7 36 45 100 
66 4 73 70 27 18 50 99 8 53 14 4 0 5 24 40 81 36 49 13 32 34 74 87 30 61 65 15 29 77 46 69 57 14 41 86 30 11 65 64 43 9 95 90 26 18 29 6 81 8 
62 42 21 98 88 42 67 75 62 63 47 36 5 0 5 69 15 29 29 73 91 41 12 67 17 66 54 58 38 71 84 45 66 79 18 72 73 38 28 21 94 31 99 98 7 41 97 19 67 26 
48 21 64 64 51 83 96 98 41 42 90 20 24 5 0 4 63 50 54 10 15 38 80 80 39 79 55 5 57 69 7 29 6 31 46 96 89 44 27 93 16 24 42 79 46 60 35 39 9 19 
61 12 52 16 88 33 49 11 98 11 70 89 40 69 4 0 4 84 39 62 23 17 60 55 70 82 58 95 18 19 72 45 39 46 99 62 58 53 100 36 95 90 98 64 29 47 39 76 31 75 
54 98 58 62 35 54 41 39 57 88 72 97 81 15 63 4 0 4 88 50 4 89 15 89 17 10 7 85 82 42 31 15 34 85 64 33 52 90 53 49 53 78 93 23 54 23 94 21 100 15 
34 7 56 48 81 37 23 24 72 81 29 66 36 29 50 84 4 0 4 34 90 22 11 31 25 63 12 95 90 23 28 9 18 89 88 7 41 67 56 19 90 75 100 43 99 51 42 14 49 72 
79 65 18 96 34 81 58 6 58 14 87 97 49 29 54 39 88 4 0 4 90 22 58 46 82 39 71 5 58 95 41 6 17 28 9 55 92 93 4 81 98 34 24 97 81 62 41 60 65 15 
62 59 50 24 18 21 78 87 54 85 83 54 13 73 10 62 50 34 4 0 4 34 38 30 46 59 97 47 48 92 85 50 39 12 56 24 34 79 24 15 76 85 66 6 66 27 43 25 22 86 
36 80 48 50 90 47 23 35 37 16 16 46 32 91 15 23 4 90 90 4 0 5 25 5 33 92 60 30 69 7 52 53 85 87 93 71 11 26 49 62 68 24 47 33 27 12 88 97 64 9 
56 35 58 4 49 66 27 12 15 11 74 25 34 41 38 17 89 22 22 34 5 0 96 12 62 46 42 53 5 99 22 40 50 5 24 36 28 91 43 82 70 36 80 24 79 13 78 21 31 75 
57 16 5 10 5 41 8 79 7 90 97 86 74 12 80 60 15 11 58 38 25 96 0 32 79 91 84 65 27 99 33 17 34 47 84 79 19 88 88 22 77 84 7 81 93 18 71 38 56 59 
52 30 100 4 78 10 12 98 49 13 42 95 87 67 80 55 89 31 46 30 5 12 32 0 4 83 70 66 69 26 72 48 23 50 77 53 26 57 88 48 70 11 6 11 21 65 60 31 59 89 
58 63 36 87 99 29 41 44 41 28 65 81 30 17 39 70 17 25 82 46 33 62 79 4 0 5 61 39 20 60 21 20 26 20 73 94 65 93 44 72 45 66 28 64 14 95 5 47 36 23 
29 43 86 25 12 71 86 81 28 94 50 13 61 66 79 82 10 63 39 59 92 46 91 83 5 0 5 50 66 15 11 27 6 77 43 63 28 90 85 76 63 78 71 86 52 42 30 18 66 24 
77 38 87 10 92 63 22 62 29 9 78 99 65 54 55 58 7 12 71 97 60 42 84 70 61 5 0 4 26 5 57 76 43 80 56 39 25 95 62 27 71 4 86 30 90 4 5 83 13 72 
64 69 51 49 36 83 79 65 11 87 57 97 15 58 5 95 85 95 5 47 30 53 65 66 39 50 4 0 4 13 29 75 9 49 33 31 5 65 18 11 7 94 95 42 18 89 34 73 90 65 
92 90 85 67 23 100 34 35 73 81 50 86 29 38 57 18 82 90 58 48 69 5 27 69 20 66 26 4 0 4 55 90 51 68 33 22 36 90 62 61 96 99 40 28 29 73 24 43 80 58 
5 96 16 48 84 43 93 61 66 88 95 30 77 71 69 19 42 23 95 92 7 99 99 26 60 15 5 13 4 0 4 31 16 93 61 85 83 26 8 32 11 28 80 75 57 32 10 46 91 98 
10 8 95 32 81 28 96 98 36 87 9 59 46 84 7 72 31 28 41 85 52 22 33 72 21 11 57 29 55 4 0 4 38 97 48 10 20 21 20 74 85 25 4 32 48 93 16 61 18 51 
73 50 87 100 24 79 21 35 97 86 53 65 69 45 29 45 15 9 6 50 53 40 17 48 20 27 76 75 90 31 4 0 5 75 100 30 31 31 68 74 52 65 45 71 99 41 49 39 88 67 
89 49 6 77 52 41 15 27 5 30 60 61 57 66 6 39 34 18 17 39 85 50 34 23 26 6 43 9 51 16 38 5 0 5 51 42 27 79 86 50 26 47 64 7 67 19 79 66 77 9 
11 10 98 81 37 69 76 96 97 61 90 48 14 79 31 46 85 89 28 12 87 5 47 50 20 77 80 49 68 93 97 75 5 0 5 13 10 8 55 11 38 26 57 7 45 23 90 68 4 62 
29 62 68 39 79 38 88 15 21 51 8 55 41 18 46 99 64 88 9 56 93 24 84 77 73 43 56 33 33 61 48 100 51 5 0 5 48 41 67 91 35 70 88 82 48 84 58 54 10 98 
56 67 27 26 55 70 67 29 78 9 85 68 86 72 96 62 33 7 55 24 71 36 79 53 94 63 39 31 22 85 10 30 42 13 5 0 5 36 48 55 70 71 11 8 46 30 28 13 61 87 
26 61 83 83 44 90 36 48 66 62 46 15 30 73 89 58 52 41 92 34 11 28 19 26 65 28 25 5 36 83 20 31 27 10 48 5 0 5 34 71 37 55 37 38 42 18 82 25 6 66 
62 62 10 90 64 84 76 50 63 4 98 34 11 38 44 53 90 67 93 79 26 91 88 57 93 90 95 65 90 26 21 31 79 8 41 36 5 0 4 60 40 66 7 91 67 8 32 71 50 89 
77 13 41 58 63 12 65 40 88 21 32 13 65 28 27 100 53 56 4 24 49 43 88 88 44 85 62 18 62 8 20 68 86 55 67 48 34 4 0 5 49 15 90 51 76 91 18 30 27 52 
40 89 11 41 80 14 90 18 52 52 80 81 64 21 93 36 49 19 81 15 62 82 22 48 72 76 27 11 61 32 74 74 50 11 91 55 71 60 5 0 4 34 54 74 96 47 7 55 83 70 
94 56 84 14 26 41 55 41 70 73 35 38 43 94 16 95 53 90 98 76 68 70 77 70 45 63 71 7 96 11 85 52 26 38 35 70 37 40 49 4 0 4 36 94 35 37 44 54 62 99 
20 78 54 32 27 18 69 29 74 35 90 73 9 31 24 90 78 75 34 85 24 36 84 11 66 78 4 94 99 28 25 65 47 26 70 71 55 66 15 34 4 0 4 22 49 49 13 64 10 67 
32 21 25 22 98 75 6 94 43 54 60 99 95 99 42 98 93 100 24 66 47 80 7 6 28 71 86 95 40 80 4 45 64 57 88 11 37 7 90 54 36 4 0 4 70 76 90 43 6 67 
60 57 87 80 81 87 4 39 74 56 77 85 90 98 79 64 23 43 97 6 33 24 81 11 64 86 30 42 28 75 32 71 7 7 82 8 38 91 51 74 94 22 4 0 4 49 78 46 52 44 
78 19 5 64 14 87 66 34 66 29 68 39 26 7 46 29 54 99 81 66 27 79 93 21 14 52 90 18 29 57 48 99 67 45 48 46 42 67 76 96 35 49 70 4 0 5 77 14 67 38 
10 69 19 33 49 88 99 91 80 26 80 49 18 41 60 47 23 51 62 27 12 13 18 65 95 42 4 89 73 32 93 41 19 23 84 30 18 8 91 47 37 49 76 49 5 0 5 42 62 76 
51 96 38 100 68 50 81 46 5 94 46 7 29 97 35 39 94 42 41 43 88 78 71 60 5 30 5 34 24 10 16 49 79 90 58 28 82 32 18 7 44 13 90 78 77 5 0 5 70 28 
62 17 91 73 45 40 6 69 22 47 39 36 6 19 39 76 21 14 60 25 97 21 38 31 47 18 83 73 43 46 61 39 66 68 54 13 25 71 30 55 54 64 43 46 14 42 5 0 4 63 
40 6 5 42 60 25 21 45 82 6 8 45 81 67 9 31 100 49 65 22 64 31 56 59 36 66 13 90 80 91 18 88 77 4 10 61 6 50 27 83 62 10 6 52 67 62 70 4 0 5 
29 91 84 78 32 61 38 79 60 7 63 100 8 26 19 75 15 72 15 86 9 75 59 89 23 24 72 65 58 98 51 67 9 62 98 87 66 89 52 70 99 67 67 44 38 76 28 63 5 0 
RBBRRRRBBBRRRBBBRRRBBBBRRBBBRRRBBBRRRBBBRRRBBBRRRB