50
0 94 14 1 90 87 92 2 5 94 92 91 10 5 97 87 94 98 14 95 3 90 4 3 3 12 99 97 87 5 12 92 7 98 14 91 8 5 91 93 13 89 99 92 94 3 95 10 7 86
94 0 95 99 8 12 100 92 11 6 94 13 15 8 1 4 11 3 98 11 97 85 15 7 87 99 97 9 96 87 4 89 11 97 86 12 12 94 3 2 94 90 100 6 7 0 11 85 8 1
14 95 0 3 7 9 10 15 99 94 88 88 8 0 94 4 91 89 94 88 93 99 88 96 9 15 93 87 11 89 14 93 87 87 90 92 99 8 7 11 100 14 90 85 0 12 85 95 9 6
1 99 3 0 4 96 92 7 8 97 87 10 15 96 85 88 87 96 11 86 92 89 100 85 15 13 93 95 0 91 8 97 94 87 1 2 13 95 15 2 7 4 15 10 86 4 97 89 94 6
90 8 7 4 0 2 7 96 15 91 92 85 7 1 88 97 91 9 2 97 100 3 2 3 13 4 95 93 12 3 97 0 98 95 10 4 13 88 96 2 97 8 89 1 5 1 9 5 1 91
87 12 9 96 2 0 7 94 5 93 5 92 4 98 6 8 90 96 13 9 4 13 90 87 88 91 1 9 3 11 88 88 7 96 93 8 4 15 10 0 13 86 10 1 85 2 2 0 94 91
92 100 10 92 7 7 0 88 15 85 88 87 96 87 90 86 96 99 85 10 92 11 11 99 12 9 13 3 85 86 100 13 86 91 91 3 2 5 9 15 87 99 86 4 95 88 97 91 2 2
2 92 15 7 96 94 88 0 2 3 12 2 87 15 8 14 94 100 13 14 98 95 87 14 91 13 92 94 93 13 1 98 87 98 92 0 13 10 12 1 15 89 96 5 0 0 93 94 91 11
5 11 99 8 15 5 15 2 0 94 88 5 2 85 8 5 12 95 91 85 88 88 6 4 91 92 14 6 87 87 3 7 95 88 1 10 5 10 91 0 85 8 92 1 11 89 3 14 86 89
94 6 94 97 91 93 85 3 94 0 3 96 88 90 98 98 5 2 92 4 11 100 90 100 93 9 9 95 9 97 93 93 10 88 0 86 90 89 9 94 11 15 0 88 15 9 15 94 7 91
92 94 88 87 92 5 88 12 88 3 0 6 15 12 100 3 0 0 92 1 5 4 97 94 87 13 92 85 5 86 100 85 94 10 10 100 87 10 9 89 2 14 87 95 91 6 2 3 94 2
91 13 88 10 85 92 87 2 5 96 6 0 94 97 10 9 93 7 15 96 95 10 9 96 5 9 4 4 7 4 91 4 11 85 0 87 92 86 95 11 3 10 12 9 91 85 14 8 88 9
10 15 8 15 7 4 96 87 2 88 15 94 0 3 94 92 97 13 9 97 89 0 92 96 11 10 12 98 9 13 85 92 99 3 12 91 13 89 94 5 99 99 94 0 88 10 86 2 13 14
5 8 0 96 1 98 87 15 85 90 12 97 3 0 0 91 94 12 12 7 5 7 93 3 12 4 95 88 93 95 11 6 94 7 92 1 9 0 93 2 15 8 15 8 8 94 15 15 89 87
97 1 94 85 88 6 90 8 8 98 100 10 94 0 0 99 12 15 96 7 12 12 4 14 100 7 7 85 7 90 4 7 88 99 96 100 2 10 93 86 13 9 9 13 100 14 1 85 6 95
87 4 4 88 97 8 86 14 5 98 3 9 92 91 99 0 95 13 97 98 93 14 100 99 3 6 9 95 3 6 92 90 92 92 4 87 85 0 99 86 1 98 1 1 96 95 98 7 1 90
94 11 91 87 91 90 96 94 12 5 0 93 97 94 12 95 0 95 93 93 8 85 8 92 94 85 86 7 3 87 85 0 1 8 12 85 11 90 2 90 90 90 91 88 85 95 100 8 98 97
98 3 89 96 9 96 99 100 95 2 0 7 13 12 15 13 95 0 3 85 100 87 87 3 91 96 99 8 88 86 9 9 14 7 10 14 89 90 13 8 7 11 5 5 100 14 94 88 88 90
14 98 94 11 2 13 85 13 91 92 92 15 9 12 96 97 93 3 0 9 90 90 95 0 90 12 14 96 97 11 3 89 92 7 13 93 0 85 90 12 97 91 91 7 94 2 96 12 9 8
95 11 88 86 97 9 10 14 85 4 1 96 97 7 7 98 93 85 9 0 2 6 6 89 99 87 91 98 5 92 14 88 92 93 0 90 86 5 95 4 2 13 12 4 2 86 0 0 89 86
3 97 93 92 100 4 92 98 88 11 5 95 89 5 12 93 8 100 90 2 0 86 1 1 14 8 11 1 85 92 6 2 5 13 88 86 97 14 13 4 12 99 7 100 99 4 4 9 95 6
90 85 99 89 3 13 11 95 88 100 4 10 0 7 12 14 85 87 90 6 86 0 100 88 7 85 0 87 2 90 97 0 93 85 3 5 6 94 15 9 97 6 6 4 89 3 91 8 4 96
4 15 88 100 2 90 11 87 6 90 97 9 92 93 4 100 8 87 95 6 1 100 0 96 95 90 12 1 13 12 90 92 7 12 13 86 98 8 8 10 86 14 85 85 94 86 3 95 11 4
3 7 96 85 3 87 99 14 4 100 94 96 96 3 14 99 92 3 0 89 1 88 96 0 92 10 97 92 86 90 96 14 91 5 14 95 97 91 86 6 6 99 11 6 8 86 91 3 100 98
3 87 9 15 13 88 12 91 91 93 87 5 11 12 100 3 94 91 90 99 14 7 95 92 0 12 12 13 95 87 5 2 88 2 87 85 9 92 0 3 99 85 97 5 11 95 8 85 10 98
12 99 15 13 4 91 9 13 92 9 13 9 10 4 7 6 85 96 12 87 8 85 90 10 12 0 89 2 96 2 14 91 3 98 96 93 90 15 14 86 1 3 7 8 8 10 7 85 96 95
99 97 93 93 95 1 13 92 14 9 92 4 12 95 7 9 86 99 14 91 11 0 12 97 12 89 0 11 2 88 86 4 97 94 99 12 88 14 90 90 14 11 98 15 87 7 12 100 12 12
97 9 87 95 93 9 3 94 6 95 85 4 98 88 85 95 7 8 96 98 1 87 1 92 13 2 11 0 10 90 7 6 85 8 97 97 13 87 86 5 7 97 94 91 90 89 6 100 3 86
87 96 11 0 12 3 85 93 87 9 5 7 9 93 7 3 3 88 97 5 85 2 13 86 95 96 2 10 0 9 96 100 10 11 85 94 90 9 5 91 10 9 92 5 6 90 91 90 15 13
5 87 89 91 3 11 86 13 87 97 86 4 13 95 90 6 87 86 11 92 92 90 12 90 87 2 88 90 9 0 95 87 3 90 96 94 97 91 4 93 14 4 4 92 97 85 9 87 2 7
12 4 14 8 97 88 100 1 3 93 100 91 85 11 4 92 85 9 3 14 6 97 90 96 5 14 86 7 96 95 0 96 96 98 6 11 2 92 2 98 90 88 12 85 86 10 15 2 13 98
92 89 93 97 0 88 13 98 7 93 85 4 92 6 7 90 0 9 89 88 2 0 92 14 2 91 4 6 100 87 96 0 98 0 2 11 10 96 95 85 14 1 91 100 10 13 15 6 99 100
7 11 87 94 98 7 86 87 95 10 94 11 99 94 88 92 1 14 92 92 5 93 7 91 88 3 97 85 10 3 96 98 0 13 89 4 89 97 1 4 4 9 11 93 0 90 90 1 5 89
98 97 87 87 95 96 91 98 88 88 10 85 3 7 99 92 8 7 7 93 13 85 12 5 2 98 94 8 11 90 98 0 13 0 95 6 14 7 1 91 92 8 98 12 4 90 92 4 93 6
14 86 90 1 10 93 91 92 1 0 10 0 12 92 96 4 12 10 13 0 88 3 13 14 87 96 99 97 85 96 6 2 89 95 0 3 93 89 89 7 13 99 97 92 15 5 11 2 98 94
91 12 92 2 4 8 3 0 10 86 100 87 91 1 100 87 85 14 93 90 86 5 86 95 85 93 12 97 94 94 11 11 4 6 3 0 5 90 11 87 91 89 89 6 92 92 3 96 94 5
8 12 99 13 13 4 2 13 5 90 87 92 13 9 2 85 11 89 0 86 97 6 98 97 9 90 88 13 90 97 2 10 89 14 93 5 0 98 91 86 85 99 87 14 6 6 98 97 10 94
5 94 8 95 88 15 5 10 10 89 10 86 89 0 10 0 90 90 85 5 14 94 8 91 92 15 14 87 9 91 92 96 97 7 89 90 98 0 88 91 11 93 86 87 3 85 90 5 0 88
91 3 7 15 96 10 9 12 91 9 9 95 94 93 93 99 2 13 90 95 13 15 8 86 0 14 90 86 5 4 2 95 1 1 89 11 91 88 0 13 12 14 87 9 97 99 7 86 90 9
93 2 11 2 2 0 15 1 0 94 89 11 5 2 86 86 90 8 12 4 4 9 10 6 3 86 90 5 91 93 98 85 4 91 7 87 86 91 13 0 7 85 12 1 4 13 9 91 92 100
13 94 100 7 97 13 87 15 85 11 2 3 99 15 13 1 90 7 97 2 12 97 86 6 99 1 14 7 10 14 90 14 4 92 13 91 85 11 12 7 0 93 0 94 5 3 87 91 88 8
89 90 14 4 8 86 99 89 8 15 14 10 99 8 9 98 90 11 91 13 99 6 14 99 85 3 11 97 9 4 88 1 9 8 99 89 99 93 14 85 93 0 2 92 3 91 91 6 97 98
99 100 90 15 89 10 86 96 92 0 87 12 94 15 9 1 91 5 91 12 7 6 85 11 97 7 98 94 92 4 12 91 11 98 97 89 87 86 87 12 0 2 0 100 9 89 96 96 90 11
92 6 85 10 1 1 4 5 1 88 95 9 0 8 13 1 88 5 7 4 100 4 85 6 5 8 15 91 5 92 85 100 93 12 92 6 14 87 9 1 94 92 100 0 98 14 15 86 9 8
94 7 0 86 5 85 95 0 11 15 91 91 88 8 100 96 85 100 94 2 99 89 94 8 11 8 87 90 6 97 86 10 0 4 15 92 6 3 97 4 5 3 9 98 0 95 6 3 97 99
3 0 12 4 1 2 88 0 89 9 6 85 10 94 14 95 95 14 2 86 4 3 86 86 95 10 7 89 90 85 10 13 90 90 5 92 6 85 99 13 3 91 89 14 95 0 100 11 98 0
95 11 85 97 9 2 97 93 3 15 2 14 86 15 1 98 100 94 96 0 4 91 3 91 8 7 12 6 91 9 15 15 90 92 11 3 98 90 7 9 87 91 96 15 6 100 0 88 7 98
10 85 95 89 5 0 91 94 14 94 3 8 2 15 85 7 8 88 12 0 9 8 95 3 85 85 100 100 90 87 2 6 1 4 2 96 97 5 86 91 91 6 96 86 3 11 88 0 99 88
7 8 9 94 1 94 2 91 86 7 94 88 13 89 6 1 98 88 9 89 95 4 11 100 10 96 12 3 15 2 13 99 5 93 98 94 10 0 90 92 88 97 90 9 97 98 7 99 0 89
86 1 6 6 91 91 2 11 89 91 2 9 14 87 95 90 97 90 8 86 6 96 4 98 98 95 12 86 13 7 98 100 89 6 94 5 94 88 9 100 8 98 11 8 99 0 98 88 89 0
RBBBRBRBBBBRBBRBBBRRRBRRRRBRBRRRRRBBRBRBBRBBBBRRRR