50
0 74 91 99 95 73 31 69 86 39 62 46 24 94 26 27 16 67 27 37 82 91 9 14 9 28 61 73 6 87 23 26 68 97 44 50 6 11 74 69 8 16 70 4 9 62 99 76 46 94 
74 0 41 34 18 16 47 0 17 43 1 11 76 68 0 45 59 90 97 28 13 86 41 72 61 35 15 76 41 77 76 100 35 57 0 30 23 82 8 78 98 60 12 86 1 2 3 87 98 67 
91 41 0 87 83 10 73 40 66 33 11 51 23 46 91 13 89 56 6 27 61 29 54 8 90 4 3 11 7 22 45 6 98 99 13 31 100 45 1 27 30 64 0 18 5 64 31 78 62 50 
99 34 87 0 34 34 29 55 44 6 87 46 26 8 96 0 36 51 75 74 88 82 3 57 81 1 90 19 96 28 65 8 19 100 68 27 76 56 26 69 53 31 20 52 30 55 61 4 25 32 
95 18 83 34 0 100 40 10 40 24 29 39 69 59 13 71 29 70 1 97 46 100 11 26 22 66 13 35 49 29 94 72 81 59 10 11 90 96 97 15 73 99 74 8 54 52 54 17 82 0 
73 16 10 34 100 0 51 31 51 28 68 21 50 95 95 97 21 42 100 47 22 94 93 49 32 15 28 69 42 26 7 19 16 98 45 33 88 89 32 85 89 80 79 39 19 48 89 9 96 22 
31 47 73 29 40 51 0 28 31 7 49 73 39 16 13 27 42 11 54 53 75 26 6 7 32 14 58 50 4 35 45 51 16 24 16 56 77 32 4 24 88 13 34 100 4 52 42 2 5 63 
69 0 40 55 10 31 28 0 65 16 43 90 82 46 74 51 49 12 31 44 94 11 15 3 22 61 48 16 7 23 100 75 18 30 66 43 3 76 83 30 32 48 41 85 87 18 8 67 29 24 
86 17 66 44 40 51 31 65 0 91 55 5 15 66 97 58 16 90 34 23 22 26 8 91 16 52 83 68 17 67 96 73 21 3 88 85 90 66 47 69 19 17 94 89 34 5 37 75 27 100 
39 43 33 6 24 28 7 16 91 0 58 94 6 28 32 67 91 0 35 98 1 12 39 0 67 91 65 43 33 93 70 1 64 100 66 46 77 57 35 94 62 23 65 24 59 67 14 83 18 1 
62 1 11 87 29 68 49 43 55 58 0 41 81 15 35 23 19 50 97 81 22 60 56 63 50 83 61 56 39 13 24 47 64 45 97 89 78 79 3 76 97 37 86 74 33 18 89 30 69 9 
46 11 51 46 39 21 73 90 5 94 41 0 95 48 22 73 60 50 69 4 25 19 84 97 28 99 27 20 19 16 55 51 67 9 11 64 89 22 61 45 1 56 60 15 100 78 14 50 35 97 
24 76 23 26 69 50 39 82 15 6 81 95 0 12 70 27 13 53 85 78 5 48 41 79 46 43 39 87 5 0 53 10 9 0 28 41 48 2 23 39 93 65 97 68 79 90 81 5 11 99 
94 68 46 8 59 95 16 46 66 28 15 48 12 0 19 71 35 89 27 2 6 86 71 63 38 52 74 83 26 67 75 28 11 31 12 65 31 41 78 14 9 19 36 60 97 12 22 98 2 55 
26 0 91 96 13 95 13 74 97 32 35 22 70 19 0 26 15 68 25 56 3 5 29 92 43 53 19 47 19 55 34 33 72 87 51 16 82 25 55 16 17 76 24 34 94 75 43 55 44 71 
27 45 13 0 71 97 27 51 58 67 23 73 27 71 26 0 30 20 51 60 86 18 31 16 26 54 73 26 86 13 22 9 22 50 40 50 68 69 14 40 74 12 38 32 68 30 6 40 88 57 
16 59 89 36 29 21 42 49 16 91 19 60 13 35 15 30 0 2 71 99 9 62 97 47 68 50 76 87 69 21 68 41 15 19 2 45 55 30 60 9 15 1 26 18 0 17 44 68 91 31 
67 90 56 51 70 42 11 12 90 0 50 50 53 89 68 20 2 0 86 93 100 1 81 62 9 29 76 40 40 61 78 50 12 55 48 67 30 16 18 45 8 69 38 56 23 15 6 57 100 54 
27 97 6 75 1 100 54 31 34 35 97 69 85 27 25 51 71 86 0 35 79 49 96 90 30 95 55 40 15 38 31 44 83 1 81 54 13 2 20 58 69 77 71 41 24 52 37 47 1 38 
37 28 27 74 97 47 53 44 23 98 81 4 78 2 56 60 99 93 35 0 68 67 29 20 100 43 70 46 38 74 10 0 25 7 69 91 83 6 51 91 23 85 22 56 71 36 40 62 83 60 
82 13 61 88 46 22 75 94 22 1 22 25 5 6 3 86 9 100 79 68 0 76 55 69 92 41 55 47 90 22 99 97 82 68 62 41 39 3 34 98 73 89 4 46 35 75 18 43 17 60 
91 86 29 82 100 94 26 11 26 12 60 19 48 86 5 18 62 1 49 67 76 0 89 16 38 54 97 10 99 94 34 77 65 17 75 46 33 15 38 43 19 64 62 28 63 85 14 33 5 17 
9 41 54 3 11 93 6 15 8 39 56 84 41 71 29 31 97 81 96 29 55 89 0 83 10 15 26 28 69 71 37 3 61 89 44 86 0 33 44 94 11 50 58 40 72 76 20 36 82 2 
14 72 8 57 26 49 7 3 91 0 63 97 79 63 92 16 47 62 90 20 69 16 83 0 14 63 69 64 49 41 62 67 62 47 40 63 8 36 56 53 43 8 21 57 55 100 8 64 55 86 
9 61 90 81 22 32 32 22 16 67 50 28 46 38 43 26 68 9 30 100 92 38 10 14 0 89 4 73 20 52 99 39 24 66 98 10 54 8 34 5 57 20 95 65 97 45 64 61 65 87 
28 35 4 1 66 15 14 61 52 91 83 99 43 52 53 54 50 29 95 43 41 54 15 63 89 0 73 100 3 11 77 44 24 55 93 6 45 94 22 100 4 26 11 41 87 6 84 41 37 79 
61 15 3 90 13 28 58 48 83 65 61 27 39 74 19 73 76 76 55 70 55 97 26 69 4 73 0 40 26 3 54 89 63 52 32 86 84 79 59 91 84 47 53 9 46 82 77 92 35 5 
73 76 11 19 35 69 50 16 68 43 56 20 87 83 47 26 87 40 40 46 47 10 28 64 73 100 40 0 79 92 23 19 9 29 97 37 19 36 87 100 84 19 18 32 44 90 52 45 17 75 
6 41 7 96 49 42 4 7 17 33 39 19 5 26 19 86 69 40 15 38 90 99 69 49 20 3 26 79 0 38 5 29 20 91 65 42 91 15 11 25 36 27 57 50 82 31 32 42 5 87 
87 77 22 28 29 26 35 23 67 93 13 16 0 67 55 13 21 61 38 74 22 94 71 41 52 11 3 92 38 0 66 81 99 17 99 0 91 39 59 90 46 78 82 31 90 76 59 61 57 63 
23 76 45 65 94 7 45 100 96 70 24 55 53 75 34 22 68 78 31 10 99 34 37 62 99 77 54 23 5 66 0 94 100 86 43 22 73 21 50 59 73 25 11 94 0 26 46 63 26 13 
26 100 6 8 72 19 51 75 73 1 47 51 10 28 33 9 41 50 44 0 97 77 3 67 39 44 89 19 29 81 94 0 87 5 68 4 97 59 20 89 36 16 26 80 0 49 58 8 46 73 
68 35 98 19 81 16 16 18 21 64 64 67 9 11 72 22 15 12 83 25 82 65 61 62 24 24 63 9 20 99 100 87 0 94 2 13 44 99 96 66 82 71 40 91 40 41 91 5 35 25 
97 57 99 100 59 98 24 30 3 100 45 9 0 31 87 50 19 55 1 7 68 17 89 47 66 55 52 29 91 17 86 5 94 0 29 86 59 91 56 65 85 65 59 43 15 26 37 58 46 40 
44 0 13 68 10 45 16 66 88 66 97 11 28 12 51 40 2 48 81 69 62 75 44 40 98 93 32 97 65 99 43 68 2 29 0 94 93 26 71 76 60 4 52 60 88 28 26 88 8 25 
50 30 31 27 11 33 56 43 85 46 89 64 41 65 16 50 45 67 54 91 41 46 86 63 10 6 86 37 42 0 22 4 13 86 94 0 13 59 68 59 68 81 85 30 13 8 65 64 20 70 
6 23 100 76 90 88 77 3 90 77 78 89 48 31 82 68 55 30 13 83 39 33 0 8 54 45 84 19 91 91 73 97 44 59 93 13 0 74 40 13 0 43 56 2 59 78 73 94 42 67 
11 82 45 56 96 89 32 76 66 57 79 22 2 41 25 69 30 16 2 6 3 15 33 36 8 94 79 36 15 39 21 59 99 91 26 59 74 0 100 87 44 84 19 26 67 57 26 47 87 59 
74 8 1 26 97 32 4 83 47 35 3 61 23 78 55 14 60 18 20 51 34 38 44 56 34 22 59 87 11 59 50 20 96 56 71 68 40 100 0 32 26 56 38 96 2 27 37 68 65 30 
69 78 27 69 15 85 24 30 69 94 76 45 39 14 16 40 9 45 58 91 98 43 94 53 5 100 91 100 25 90 59 89 66 65 76 59 13 87 32 0 68 78 42 54 58 77 31 80 61 46 
8 98 30 53 73 89 88 32 19 62 97 1 93 9 17 74 15 8 69 23 73 19 11 43 57 4 84 84 36 46 73 36 82 85 60 68 0 44 26 68 0 38 4 51 58 11 51 63 98 39 
16 60 64 31 99 80 13 48 17 23 37 56 65 19 76 12 1 69 77 85 89 64 50 8 20 26 47 19 27 78 25 16 71 65 4 81 43 84 56 78 38 0 66 47 40 64 59 8 60 71 
70 12 0 20 74 79 34 41 94 65 86 60 97 36 24 38 26 38 71 22 4 62 58 21 95 11 53 18 57 82 11 26 40 59 52 85 56 19 38 42 4 66 0 96 59 85 45 18 55 10 
4 86 18 52 8 39 100 85 89 24 74 15 68 60 34 32 18 56 41 56 46 28 40 57 65 41 9 32 50 31 94 80 91 43 60 30 2 26 96 54 51 47 96 0 31 33 53 24 39 30 
9 1 5 30 54 19 4 87 34 59 33 100 79 97 94 68 0 23 24 71 35 63 72 55 97 87 46 44 82 90 0 0 40 15 88 13 59 67 2 58 58 40 59 31 0 55 39 14 64 29 
62 2 64 55 52 48 52 18 5 67 18 78 90 12 75 30 17 15 52 36 75 85 76 100 45 6 82 90 31 76 26 49 41 26 28 8 78 57 27 77 11 64 85 33 55 0 21 24 29 96 
99 3 31 61 54 89 42 8 37 14 89 14 81 22 43 6 44 6 37 40 18 14 20 8 64 84 77 52 32 59 46 58 91 37 26 65 73 26 37 31 51 59 45 53 39 21 0 69 71 33 
76 87 78 4 17 9 2 67 75 83 30 50 5 98 55 40 68 57 47 62 43 33 36 64 61 41 92 45 42 61 63 8 5 58 88 64 94 47 68 80 63 8 18 24 14 24 69 0 9 2 
46 98 62 25 82 96 5 29 27 18 69 35 11 2 44 88 91 100 1 83 17 5 82 55 65 37 35 17 5 57 26 46 35 46 8 20 42 87 65 61 98 60 55 39 64 29 71 9 0 76 
94 67 50 32 0 22 63 24 100 1 9 97 99 55 71 57 31 54 38 60 60 17 2 86 87 79 5 75 87 63 13 73 25 40 25 70 67 59 30 46 39 71 10 30 29 96 33 2 76 0 
RRRRBRBBRBBRBBBRBRBRBBBRBBRBRBRRRBRBBRRRBRBRRRBBRB