48
0 98 98 98 98 98 1 98 98 98 98 98 98 98 98 1 98 98 98 98 98 98 98 98 98 98 98 98 98 98 98 98 98 98 98 98 98 98 98 98 98 98 98 98 98 98 98 98
98 0 98 98 0 98 98 98 98 98 98 98 0 98 98 98 0 98 98 98 0 98 0 0 98 98 98 0 98 49 98 1 98 0 0 98 98 1 98 98 98 98 98 98 98 98 98 98
98 98 0 98 98 98 98 98 98 98 98 98 98 98 98 98 98 98 1 1 98 98 98 98 98 98 98 98 98 0 98 98 98 98 98 98 98 98 98 98 98 98 0 98 98 98 98 98
98 98 98 0 98 98 98 98 98 98 98 98 98 98 98 98 98 98 98 98 98 98 98 98 98 98 98 98 98 98 98 98 98 98 1 98 98 98 98 98 98 98 98 1 98 98 98 98
98 0 98 98 0 98 98 98 98 98 98 98 0 98 98 98 0 0 98 98 0 98 0 0 98 98 98 0 98 49 98 98 98 0 0 98 1 98 98 98 98 98 98 98 98 98 98 98
98 98 98 98 98 0 98 98 98 98 98 98 98 98 98 98 98 98 98 98 98 1 98 98 98 98 98 98 98 98 98 98 98 98 98 98 98 98 1 98 98 98 98 98 98 98 98 98
1 98 98 98 98 98 0 98 98 98 98 98 1 98 98 98 98 98 98 98 98 98 0 98 98 98 98 98 98 98 98 98 98 98 98 98 98 98 98 98 98 98 98 98 98 98 98 98
98 98 98 98 98 98 98 0 98 98 1 98 98 98 98 98 98 98 98 98 98 98 98 98 98 98 98 98 98 98 98 98 98 98 98 98 98 1 98 98 98 98 98 98 98 98 98 98
98 98 98 98 98 98 98 98 0 98 98 98 98 98 1 98 98 98 98 98 98 98 98 98 98 98 1 98 98 98 98 98 98 98 98 98 98 98 98 98 98 98 98 98 98 98 98 98
98 98 98 98 98 98 98 98 98 0 98 98 98 98 98 98 98 98 98 98 98 98 98 98 98 98 98 98 98 98 98 98 98 98 98 98 98 98 98 1 1 98 98 98 98 98 98 98
98 98 98 98 98 98 98 1 98 98 0 98 98 98 98 98 98 1 98 98 98 98 98 98 98 98 98 98 98 98 98 98 98 98 98 98 98 98 98 98 98 98 98 98 98 98 98 98
98 98 98 98 98 98 98 98 98 98 98 0 98 98 98 98 98 98 98 98 98 1 98 98 98 98 98 98 98 98 98 98 98 98 98 98 98 98 98 98 98 98 98 98 98 98 1 98
98 0 98 98 0 98 1 98 98 98 98 98 0 98 98 98 0 0 98 98 0 98 0 0 98 1 98 0 98 49 98 98 98 98 0 98 98 98 98 98 98 98 98 98 98 98 98 98
98 98 98 98 98 98 98 98 98 98 98 98 98 0 98 98 98 98 98 98 98 98 98 98 98 98 98 98 98 98 98 98 98 98 98 1 98 98 98 98 98 98 98 98 98 1 98 98
98 98 98 98 98 98 98 98 1 98 98 98 98 98 0 98 98 98 98 98 98 98 98 98 98 98 98 98 98 98 98 98 1 98 98 98 98 98 98 98 98 98 98 98 98 98 98 98
1 98 98 98 98 98 98 98 98 98 98 98 98 98 98 0 98 98 98 98 98 98 98 98 98 98 98 98 98 98 98 98 98 1 98 98 98 98 98 98 98 98 98 98 98 98 98 98
98 0 98 98 0 98 98 98 98 98 98 98 0 98 98 98 0 0 98 98 0 98 0 0 98 98 98 0 98 49 98 98 98 0 0 98 98 98 1 98 98 98 98 98 1 98 98 98
98 98 98 98 0 98 98 98 98 98 1 98 0 98 98 98 0 0 98 98 0 98 0 0 98 98 98 0 1 49 98 98 98 0 0 98 98 98 98 98 98 98 98 98 98 98 98 98
98 98 1 98 98 98 98 98 98 98 98 98 98 98 98 98 98 98 0 98 98 98 98 98 98 98 98 0 98 98 98 98 98 98 98 98 98 98 98 98 98 98 1 98 98 98 0 98
98 98 1 98 98 98 98 98 98 98 98 98 98 98 98 98 98 98 98 0 98 98 0 98 98 98 98 98 98 98 98 0 98 98 0 98 98 98 98 98 98 98 98 98 98 98 98 98
98 0 98 98 0 98 98 98 98 98 98 98 0 98 98 98 0 0 98 98 0 98 0 0 98 98 98 0 98 49 98 98 98 98 0 98 98 98 98 98 98 98 98 98 98 98 98 98
98 98 98 98 98 1 98 98 98 98 98 1 98 98 98 98 98 98 98 98 98 0 98 98 98 98 98 98 98 98 98 98 98 98 98 98 98 98 98 98 98 98 98 98 98 98 98 98
98 0 98 98 0 98 0 98 98 98 98 98 0 98 98 98 0 0 98 0 0 98 0 0 98 98 98 0 98 49 98 98 98 0 98 98 98 98 98 98 98 98 1 98 98 98 98 98
98 0 98 98 0 98 98 98 98 98 98 98 0 98 98 98 0 0 98 98 0 98 0 0 98 98 98 0 1 49 98 98 98 0 0 98 98 98 98 98 98 98 98 98 98 98 1 98
98 98 98 98 98 98 98 98 98 98 98 98 98 98 98 98 98 98 98 98 98 98 98 98 0 1 98 98 98 98 1 98 98 98 98 98 98 98 98 98 98 98 98 98 98 98 98 98
98 98 98 98 98 98 98 98 98 98 98 98 1 98 98 98 98 98 98 98 98 98 98 98 1 0 98 98 98 98 98 98 98 98 98 98 98 98 98 98 98 98 98 98 98 98 98 98
98 98 98 98 98 98 98 98 1 98 98 98 98 98 98 98 98 98 98 98 98 98 98 98 98 98 0 98 98 98 98 98 98 98 1 98 98 98 98 98 98 98 98 98 98 98 98 98
98 0 98 98 0 98 98 98 98 98 98 98 0 98 98 98 0 0 0 98 0 98 0 0 98 98 98 0 98 49 98 98 98 0 0 98 98 98 98 98 1 98 98 98 98 98 98 98
98 98 98 98 98 98 98 98 98 98 98 98 98 98 98 98 98 1 98 98 98 98 98 1 98 98 98 98 0 98 98 98 98 98 98 98 98 98 98 98 98 98 98 98 98 98 98 98
98 49 0 98 49 98 98 98 98 98 98 98 49 98 98 98 49 49 98 98 49 98 49 49 98 98 98 49 98 0 98 98 98 49 49 98 98 98 98 98 98 98 0 1 98 98 98 98
98 98 98 98 98 98 98 98 98 98 98 98 98 98 98 98 98 98 98 98 98 98 98 98 1 98 98 98 98 98 0 98 98 98 98 98 98 98 98 98 98 98 98 98 98 1 98 98
98 1 98 98 98 98 98 98 98 98 98 98 98 98 98 98 98 98 98 0 98 98 98 98 98 98 98 98 98 98 98 0 98 98 98 1 98 98 98 98 98 98 98 98 98 98 98 98
98 98 98 98 98 98 98 98 98 98 98 98 98 98 1 98 98 98 98 98 98 98 98 98 98 98 98 98 98 98 98 98 0 98 98 98 98 98 98 1 98 98 98 98 98 98 98 98
98 0 98 98 0 98 98 98 98 98 98 98 98 98 98 1 0 0 98 98 98 98 0 0 98 98 98 0 98 49 98 98 98 0 0 98 98 98 98 98 98 1 98 98 98 98 98 98
98 0 98 1 0 98 98 98 98 98 98 98 0 98 98 98 0 0 98 0 0 98 98 0 98 98 1 0 98 49 98 98 98 0 0 98 98 98 98 98 98 98 98 98 98 98 98 98
98 98 98 98 98 98 98 98 98 98 98 98 98 1 98 98 98 98 98 98 98 98 98 98 98 98 98 98 98 98 98 1 98 98 98 0 98 98 98 98 98 98 98 98 98 98 98 98
98 98 98 98 1 98 98 98 98 98 98 98 98 98 98 98 98 98 98 98 98 98 98 98 98 98 98 98 98 98 98 98 98 98 98 98 0 98 98 98 98 1 98 98 98 98 98 98
98 1 98 98 98 98 98 1 98 98 98 98 98 98 98 98 98 98 98 98 98 98 98 98 98 98 98 98 98 98 98 98 98 98 98 98 98 0 98 98 98 98 98 98 98 98 98 98
98 98 98 98 98 1 98 98 98 98 98 98 98 98 98 98 1 98 98 98 98 98 98 98 98 98 98 98 98 98 98 98 98 98 98 98 98 98 0 98 98 98 98 98 98 98 98 98
98 98 98 98 98 98 98 98 98 1 98 98 98 98 98 98 98 98 98 98 98 98 98 98 98 98 98 98 98 98 98 98 1 98 98 98 98 98 98 0 98 98 98 98 98 98 98 98
98 98 98 98 98 98 98 98 98 1 98 98 98 98 98 98 98 98 98 98 98 98 98 98 98 98 98 1 98 98 98 98 98 98 98 98 98 98 98 98 0 98 98 98 98 98 98 98
98 98 98 98 98 98 98 98 98 98 98 98 98 98 98 98 98 98 98 98 98 98 98 98 98 98 98 98 98 98 98 98 98 1 98 98 1 98 98 98 98 0 98 98 98 98 98 98
98 98 0 98 98 98 98 98 98 98 98 98 98 98 98 98 98 98 1 98 98 98 1 98 98 98 98 98 98 0 98 98 98 98 98 98 98 98 98 98 98 98 0 98 98 98 98 98
98 98 98 1 98 98 98 98 98 98 98 98 98 98 98 98 98 98 98 98 98 98 98 98 98 98 98 98 98 1 98 98 98 98 98 98 98 98 98 98 98 98 98 0 98 98 98 98
98 98 98 98 98 98 98 98 98 98 98 98 98 98 98 98 1 98 98 98 98 98 98 98 98 98 98 98 98 98 98 98 98 98 98 98 98 98 98 98 98 98 98 98 0 98 98 1
98 98 98 98 98 98 98 98 98 98 98 98 98 1 98 98 98 98 98 98 98 98 98 98 98 98 98 98 98 98 1 98 98 98 98 98 98 98 98 98 98 98 98 98 98 0 98 98
98 98 98 98 98 98 98 98 98 98 98 1 98 98 98 98 98 98 0 98 98 98 98 1 98 98 98 98 98 98 98 98 98 98 98 98 98 98 98 98 98 98 98 98 98 98 0 98
98 98 98 98 98 98 98 98 98 98 98 98 98 98 98 98 98 98 98 98 98 98 98 98 98 98 98 98 98 98 98 98 98 98 98 98 98 98 98 98 98 98 98 98 1 98 98 0
BBBBRBRBRRRBBRBRBBRRBRRBBRBRRBRRRBRBBRRBBRBRRBRB
