32
0 56 64 68 75 72 92 94 88 75 91 53 44 10 41 20 26 74 19 50 73 14 9 75 55 14 12 14 68 30 29 45
56 0 13 88 11 12 16 99 94 100 90 9 23 69 62 92 77 14 11 71 72 47 42 52 94 6 43 16 46 48 10 89
64 13 0 76 97 98 36 81 1 57 72 34 48 65 3 24 49 38 93 77 68 35 10 1 19 57 53 15 23 3 36 51
68 88 76 0 81 67 44 92 80 85 75 26 19 68 94 30 7 61 1 45 69 94 14 32 83 33 50 66 12 56 54 41
75 11 97 81 0 93 55 13 15 87 72 87 68 17 36 26 19 69 37 24 7 31 35 97 80 38 60 83 39 7 99 89
72 12 98 67 93 0 24 59 82 53 100 78 29 17 98 83 78 93 36 77 8 57 20 43 60 40 11 90 81 75 51 24
92 16 36 44 55 24 0 66 17 84 3 88 67 49 88 65 45 70 25 50 54 55 49 89 70 53 52 45 95 70 89 88
94 99 81 92 13 59 66 0 61 70 43 86 56 58 27 42 23 82 81 99 39 23 97 98 39 79 19 61 67 56 98 87
88 94 1 80 15 82 17 61 0 52 16 88 5 96 25 23 67 7 65 65 58 33 81 40 50 82 41 64 98 89 53 19
75 100 57 85 87 53 84 70 52 0 94 71 13 100 64 40 84 89 70 70 98 90 22 17 90 53 16 49 9 77 79 48
91 90 72 75 72 100 3 43 16 94 0 19 63 12 50 13 57 28 49 24 12 28 58 30 92 88 27 44 96 78 60 36
53 9 34 26 87 78 88 86 88 71 19 0 53 25 87 53 41 45 54 1 88 10 18 58 42 19 10 12 65 8 42 70
44 23 48 19 68 29 67 56 5 13 63 53 0 60 76 73 7 40 96 99 2 48 39 39 93 63 86 86 52 28 56 55
10 69 65 68 17 17 49 58 96 100 12 25 60 0 99 27 97 28 12 56 16 2 79 88 37 65 46 42 23 19 27 9
41 62 3 94 36 98 88 27 25 64 50 87 76 99 0 51 65 22 10 12 56 41 64 74 10 20 96 62 28 37 94 59
20 92 24 30 26 83 65 42 23 40 13 53 73 27 51 0 35 13 98 27 15 88 30 82 69 90 66 16 23 23 9 3
26 77 49 7 19 78 45 23 67 84 57 41 7 97 65 35 0 100 91 32 70 67 63 27 13 23 26 89 83 58 77 93
74 14 38 61 69 93 70 82 7 89 28 45 40 28 22 13 100 0 24 41 58 42 7 79 85 82 86 25 7 32 29 59
19 11 93 1 37 36 25 81 65 70 49 54 96 12 10 98 91 24 0 18 2 5 83 8 36 61 58 63 53 2 59 9
50 71 77 45 24 77 50 99 65 70 24 1 99 56 12 27 32 41 18 0 5 7 1 36 33 37 29 57 37 40 21 16
73 72 68 69 7 8 54 39 58 98 12 88 2 16 56 15 70 58 2 5 0 62 85 25 51 33 86 42 73 72 17 41
14 47 35 94 31 57 55 23 33 90 28 10 48 2 41 88 67 42 5 7 62 0 96 87 48 92 13 40 56 29 69 52
9 42 10 14 35 20 49 97 81 22 58 18 39 79 64 30 63 7 83 1 85 96 0 49 77 54 29 74 10 65 33 5
75 52 1 32 97 43 89 98 40 17 30 58 39 88 74 82 27 79 8 36 25 87 49 0 87 43 60 83 63 14 36 96
55 94 19 83 80 60 70 39 50 90 92 42 93 37 10 69 13 85 36 33 51 48 77 87 0 14 58 57 20 4 32 35
14 6 57 33 38 40 53 79 82 53 88 19 63 65 20 90 23 82 61 37 33 92 54 43 14 0 27 24 62 72 13 36
12 43 53 50 60 11 52 19 41 16 27 10 86 46 96 66 26 86 58 29 86 13 29 60 58 27 0 38 45 53 65 89
14 16 15 66 83 90 45 61 64 49 44 12 86 42 62 16 89 25 63 57 42 40 74 83 57 24 38 0 9 34 28 25
68 46 23 12 39 81 95 67 98 9 96 65 52 23 28 23 83 7 53 37 73 56 10 63 20 62 45 9 0 97 81 2
30 48 3 56 7 75 70 56 89 77 78 8 28 19 37 23 58 32 2 40 72 29 65 14 4 72 53 34 97 0 57 79
29 10 36 54 99 51 89 98 53 79 60 42 56 27 94 9 77 29 59 21 17 69 33 36 32 13 65 28 81 57 0 38
45 89 51 41 89 24 88 87 19 48 36 70 55 9 59 3 93 59 9 16 41 52 5 96 35 36 89 25 2 79 38 0
RBRRBBRRRRBRBRRBRBRBBBRBBBRBBBRR
