16
0 1 0 0 40 0 0 0 0 0 0 0 0 0 0 0
1 0 1 0 2 0 0 0 0 0 0 0 0 0 0 0
0 1 0 1 0 2 0 0 2 0 0 0 0 0 0 0
0 0 1 0 0 0 0 98 0 0 0 0 0 0 0 0
40 2 0 0 0 3 0 0 5 0 0 0 0 0 0 0
0 0 2 0 3 0 3 0 0 0 0 0 0 0 0 0
0 0 0 0 0 3 0 1 0 0 0 0 0 0 0 0 
0 0 0 98 0 0 1 0 0 0 99 0 0 0 0 0
0 0 2 0 5 0 0 0 0 7 0 0 9 0 0 0
0 0 0 0 0 0 0 0 7 0 0 0 0 0 0 0 
0 0 0 0 0 0 0 99 0 0 0 99 0 1 0 0 
0 0 0 0 0 0 0 0 0 0 99 0 0 0 0 50
0 0 0 0 0 0 0 0 9 0 0 0 0 1 0 0 
0 0 0 0 0 0 0 0 0 0 1 0 1 0 0 0
0 0 0 0 0 0 0 0 0 0 0 0 0 0 0 1
0 0 0 0 0 0 0 0 0 0 0 50 0 0 1 0
RBBBRBRRRBRBBRBR
