50
0 0 33 2 23 25 19 31 37 3 44 6 46 20 23 18 8 2 49 30 26 24 41 23 49 23 31 34 3 35 8 44 41 1 48 19 8 29 33 5 8 11 33 20 33 42 37 5 39 21 
0 0 2 27 47 34 43 14 23 4 5 47 29 42 7 15 44 37 0 22 36 39 17 16 40 13 32 45 14 46 41 22 37 12 36 31 26 6 48 45 50 0 50 7 5 40 45 3 47 48 
33 2 0 29 9 36 46 42 44 7 4 33 1 2 5 41 12 44 27 19 23 25 23 13 25 8 22 30 0 11 22 12 22 49 29 41 49 45 47 26 20 6 19 38 41 28 0 5 24 40 
2 27 29 0 43 12 45 41 14 1 29 42 15 34 6 4 6 28 24 25 44 8 38 23 46 31 34 10 8 2 13 12 18 18 11 16 7 10 20 38 48 12 0 7 50 18 50 40 20 15 
23 47 9 43 0 48 39 40 1 15 43 43 10 36 26 2 6 12 28 22 36 3 15 40 4 16 10 16 28 6 30 13 39 38 20 14 13 31 36 2 42 31 43 24 28 16 14 0 43 43 
25 34 36 12 48 0 33 24 19 21 28 33 30 1 26 46 40 27 8 48 35 25 43 7 29 39 6 8 39 23 21 5 33 6 48 18 39 32 10 15 49 18 10 33 41 17 25 47 10 18 
19 43 46 45 39 33 0 5 41 9 41 20 14 48 40 26 16 15 15 7 43 48 34 42 50 29 22 15 46 7 15 46 8 38 46 39 28 32 47 12 13 18 3 18 18 47 3 43 29 13 
31 14 42 41 40 24 5 0 30 0 47 3 4 40 41 5 34 7 23 15 10 33 30 47 45 27 10 0 37 24 3 37 28 6 24 18 11 1 28 11 42 13 44 37 40 16 6 15 31 10 
37 23 44 14 1 19 41 30 0 21 2 20 7 19 11 50 37 48 49 33 7 11 33 36 0 31 44 4 5 35 11 26 39 5 26 26 3 41 20 14 40 16 35 30 25 6 27 18 47 41 
3 4 7 1 15 21 9 0 21 0 25 0 29 33 44 36 50 23 30 19 23 21 17 6 15 43 49 19 13 9 45 48 11 39 28 11 33 41 2 16 15 20 14 45 6 28 2 20 32 6 
44 5 4 29 43 28 41 47 2 25 0 36 42 14 11 47 25 19 35 31 40 10 9 17 8 16 18 14 10 15 37 30 34 15 45 11 24 21 25 0 11 48 33 16 15 27 49 17 12 4 
6 47 33 42 43 33 20 3 20 0 36 0 5 34 2 13 49 35 31 39 29 48 3 6 0 35 41 14 8 11 10 44 16 20 36 42 33 31 10 34 5 22 32 13 1 11 18 18 31 38 
46 29 1 15 10 30 14 4 7 29 42 5 0 12 38 44 20 27 40 39 5 10 5 36 17 46 28 15 12 50 24 31 14 7 38 18 33 0 10 26 26 23 40 20 49 21 36 42 18 18 
20 42 2 34 36 1 48 40 19 33 14 34 12 0 18 15 19 5 40 26 4 5 6 29 28 32 34 44 2 30 4 5 44 46 28 3 28 29 46 11 16 23 40 25 20 9 22 17 33 22 
23 7 5 6 26 26 40 41 11 44 11 2 38 18 0 33 45 25 3 40 25 43 17 12 41 10 1 47 36 47 17 36 13 42 29 5 27 39 42 27 7 40 8 30 48 45 34 17 17 1 
18 15 41 4 2 46 26 5 50 36 47 13 44 15 33 0 2 6 19 23 32 39 29 19 24 31 5 25 9 32 10 34 2 48 41 2 19 13 25 46 29 29 22 22 16 37 46 11 50 14 
8 44 12 6 6 40 16 34 37 50 25 49 20 19 45 2 0 27 17 11 34 14 33 27 39 44 23 13 17 11 12 7 50 28 41 31 16 28 30 32 3 37 43 46 3 47 22 18 9 32 
2 37 44 28 12 27 15 7 48 23 19 35 27 5 25 6 27 0 13 7 10 27 42 5 10 44 41 49 21 17 2 28 9 36 42 29 45 14 24 9 22 36 32 32 34 37 44 33 25 19 
49 0 27 24 28 8 15 23 49 30 35 31 40 40 3 19 17 13 0 49 39 14 41 10 14 11 0 23 10 10 0 45 24 42 0 37 37 0 38 21 36 40 43 27 36 25 46 35 28 42 
30 22 19 25 22 48 7 15 33 19 31 39 39 26 40 23 11 7 49 0 25 7 3 31 13 41 28 9 35 49 11 10 1 4 16 4 38 31 34 23 9 49 39 7 46 38 44 25 42 7 
26 36 23 44 36 35 43 10 7 23 40 29 5 4 25 32 34 10 39 25 0 6 13 5 7 17 2 22 24 35 36 49 23 8 20 25 11 22 24 44 47 41 5 7 41 38 42 22 44 46 
24 39 25 8 3 25 48 33 11 21 10 48 10 5 43 39 14 27 14 7 6 0 25 7 0 29 11 49 34 31 49 21 21 41 35 17 35 20 10 23 45 32 25 9 13 18 39 18 0 43 
41 17 23 38 15 43 34 30 33 17 9 3 5 6 17 29 33 42 41 3 13 25 0 49 19 46 31 37 36 20 23 32 20 16 27 9 47 14 39 22 31 31 44 27 14 16 32 14 32 3 
23 16 13 23 40 7 42 47 36 6 17 6 36 29 12 19 27 5 10 31 5 7 49 0 9 42 22 27 37 5 4 32 11 38 34 23 26 40 13 4 41 50 19 5 29 17 33 33 32 27 
49 40 25 46 4 29 50 45 0 15 8 0 17 28 41 24 39 10 14 13 7 0 19 9 0 8 14 47 8 2 5 22 19 26 42 26 19 42 26 11 17 9 2 34 18 48 41 28 43 22 
23 13 8 31 16 39 29 27 31 43 16 35 46 32 10 31 44 44 11 41 17 29 46 42 8 0 28 37 47 23 37 30 32 9 28 48 1 43 22 24 50 33 44 41 10 48 43 16 37 36 
31 32 22 34 10 6 22 10 44 49 18 41 28 34 1 5 23 41 0 28 2 11 31 22 14 28 0 27 30 14 7 50 22 43 0 44 15 14 15 17 23 16 35 10 32 2 40 49 38 5 
34 45 30 10 16 8 15 0 4 19 14 14 15 44 47 25 13 49 23 9 22 49 37 27 47 37 27 0 5 45 1 32 7 46 35 37 18 37 19 1 48 49 12 18 9 23 22 39 36 9 
3 14 0 8 28 39 46 37 5 13 10 8 12 2 36 9 17 21 10 35 24 34 36 37 8 47 30 5 0 50 32 49 40 38 41 22 37 20 46 10 22 24 23 19 0 12 43 7 41 10 
35 46 11 2 6 23 7 24 35 9 15 11 50 30 47 32 11 17 10 49 35 31 20 5 2 23 14 45 50 0 27 3 24 13 49 10 0 15 16 4 12 47 28 34 9 14 48 14 47 44 
8 41 22 13 30 21 15 3 11 45 37 10 24 4 17 10 12 2 0 11 36 49 23 4 5 37 7 1 32 27 0 20 12 4 17 49 44 32 25 45 3 31 45 22 32 23 30 9 39 6 
44 22 12 12 13 5 46 37 26 48 30 44 31 5 36 34 7 28 45 10 49 21 32 32 22 30 50 32 49 3 20 0 48 18 40 8 49 47 46 28 28 29 47 2 34 38 13 31 24 32 
41 37 22 18 39 33 8 28 39 11 34 16 14 44 13 2 50 9 24 1 23 21 20 11 19 32 22 7 40 24 12 48 0 46 45 44 30 13 48 8 22 17 23 44 1 28 22 2 9 33 
1 12 49 18 38 6 38 6 5 39 15 20 7 46 42 48 28 36 42 4 8 41 16 38 26 9 43 46 38 13 4 18 46 0 0 17 16 39 21 46 5 44 4 14 41 50 17 34 36 19 
48 36 29 11 20 48 46 24 26 28 45 36 38 28 29 41 41 42 0 16 20 35 27 34 42 28 0 35 41 49 17 40 45 0 0 26 15 47 33 32 29 20 39 38 9 38 20 34 40 35 
19 31 41 16 14 18 39 18 26 11 11 42 18 3 5 2 31 29 37 4 25 17 9 23 26 48 44 37 22 10 49 8 44 17 26 0 46 31 39 2 33 46 46 31 6 2 25 20 36 31 
8 26 49 7 13 39 28 11 3 33 24 33 33 28 27 19 16 45 37 38 11 35 47 26 19 1 15 18 37 0 44 49 30 16 15 46 0 8 3 33 28 19 25 7 41 9 26 12 18 24 
29 6 45 10 31 32 32 1 41 41 21 31 0 29 39 13 28 14 0 31 22 20 14 40 42 43 14 37 20 15 32 47 13 39 47 31 8 0 30 46 47 12 42 8 37 13 21 6 4 7 
33 48 47 20 36 10 47 28 20 2 25 10 10 46 42 25 30 24 38 34 24 10 39 13 26 22 15 19 46 16 25 46 48 21 33 39 3 30 0 6 30 17 32 39 45 19 13 8 31 39 
5 45 26 38 2 15 12 11 14 16 0 34 26 11 27 46 32 9 21 23 44 23 22 4 11 24 17 1 10 4 45 28 8 46 32 2 33 46 6 0 40 30 13 16 16 36 19 7 4 23 
8 50 20 48 42 49 13 42 40 15 11 5 26 16 7 29 3 22 36 9 47 45 31 41 17 50 23 48 22 12 3 28 22 5 29 33 28 47 30 40 0 4 17 38 11 6 17 35 50 25 
11 0 6 12 31 18 18 13 16 20 48 22 23 23 40 29 37 36 40 49 41 32 31 50 9 33 16 49 24 47 31 29 17 44 20 46 19 12 17 30 4 0 34 28 48 34 6 47 10 7 
33 50 19 0 43 10 3 44 35 14 33 32 40 40 8 22 43 32 43 39 5 25 44 19 2 44 35 12 23 28 45 47 23 4 39 46 25 42 32 13 17 34 0 11 48 20 4 5 41 37 
20 7 38 7 24 33 18 37 30 45 16 13 20 25 30 22 46 32 27 7 7 9 27 5 34 41 10 18 19 34 22 2 44 14 38 31 7 8 39 16 38 28 11 0 43 1 37 27 19 44 
33 5 41 50 28 41 18 40 25 6 15 1 49 20 48 16 3 34 36 46 41 13 14 29 18 10 32 9 0 9 32 34 1 41 9 6 41 37 45 16 11 48 48 43 0 36 6 19 0 30 
42 40 28 18 16 17 47 16 6 28 27 11 21 9 45 37 47 37 25 38 38 18 16 17 48 48 2 23 12 14 23 38 28 50 38 2 9 13 19 36 6 34 20 1 36 0 36 36 0 38 
37 45 0 50 14 25 3 6 27 2 49 18 36 22 34 46 22 44 46 44 42 39 32 33 41 43 40 22 43 48 30 13 22 17 20 25 26 21 13 19 17 6 4 37 6 36 0 33 49 28 
5 3 5 40 0 47 43 15 18 20 17 18 42 17 17 11 18 33 35 25 22 18 14 33 28 16 49 39 7 14 9 31 2 34 34 20 12 6 8 7 35 47 5 27 19 36 33 0 18 31 
39 47 24 20 43 10 29 31 47 32 12 31 18 33 17 50 9 25 28 42 44 0 32 32 43 37 38 36 41 47 39 24 9 36 40 36 18 4 31 4 50 10 41 19 0 0 49 18 0 41 
21 48 40 15 43 18 13 10 41 6 4 38 18 22 1 14 32 19 42 7 46 43 3 27 22 36 5 9 10 44 6 32 33 19 35 31 24 7 39 23 25 7 37 44 30 38 28 31 41 0 
RBRBRBRBRBRBRBRBRBRBRBRBRBRBRBRBRBRBRBRBRBRBRBRBRB
