50
0 23 70 94 64 96 65 54 98 63 97 90 96 61 78 69 68 96 85 55 69 100 53 67 87 61 88 64 96 100 94 77 68 74 94 81 84 53 85 89 100 89 93 58 89 51 72 60 56 51
23 0 9 89 84 62 79 85 57 82 88 97 58 96 84 97 84 70 83 66 51 75 71 90 83 64 52 95 92 67 74 89 98 87 81 88 64 94 98 76 67 89 94 90 82 87 97 54 100 66
70 9 0 32 75 90 62 82 72 71 55 62 76 63 100 95 98 70 68 58 64 74 72 69 56 64 59 91 53 65 75 78 65 69 55 78 100 97 73 88 54 63 89 62 51 96 95 98 91 98
94 89 32 0 50 59 72 65 71 54 51 52 81 81 75 51 73 79 95 79 57 99 76 62 64 86 76 97 83 83 78 64 54 94 84 95 71 80 96 83 81 95 94 93 85 93 78 61 53 80
64 84 75 50 0 19 80 96 53 78 90 76 65 72 67 79 84 58 63 87 63 92 75 78 55 62 89 77 76 97 97 74 68 85 51 51 67 94 52 96 84 66 61 55 67 60 70 62 94 79
96 62 90 59 19 0 48 96 74 96 100 83 71 85 90 98 99 73 60 56 62 51 54 83 78 100 59 100 60 78 76 84 57 83 73 66 53 99 93 85 57 53 52 80 61 72 61 77 73 77
65 79 62 72 80 48 0 9 91 87 68 75 83 68 74 63 83 84 72 90 85 92 70 63 91 84 61 61 94 98 52 99 91 62 70 60 55 55 62 72 90 59 55 51 98 64 100 68 77 80
54 85 82 65 96 96 9 0 25 84 59 22 55 31 79 61 7 6 7 6 65 86 50 59 78 87 35 49 36 37 32 39 73 72 76 10 43 4 30 51 40 86 9 73 2 82 23 3 46 32
98 57 72 71 53 74 91 25 0 31 43 40 19 92 50 84 72 75 38 79 78 84 46 23 4 14 68 82 1 96 27 59 47 100 62 1 12 59 48 72 21 22 38 89 72 83 12 98 42 41
63 82 71 54 78 96 87 84 31 0 44 15 96 43 18 17 65 9 82 20 57 26 52 47 66 34 90 75 57 11 33 86 17 89 28 93 23 65 54 34 7 77 3 66 94 14 28 0 26 44
97 88 55 51 90 100 68 59 43 44 0 20 0 1 61 92 33 9 20 94 88 6 51 64 55 16 18 52 98 24 68 0 42 45 67 68 68 55 70 70 99 14 50 14 31 68 72 65 21 54
90 97 62 52 76 83 75 22 40 15 20 0 85 13 59 62 79 10 19 19 30 6 25 9 19 7 42 96 20 16 3 37 72 11 54 5 73 50 69 83 10 14 1 3 30 23 77 11 68 39
96 58 76 81 65 71 83 55 19 96 0 85 0 21 45 3 27 42 3 12 44 71 91 70 17 95 49 20 0 44 72 18 86 26 24 72 47 68 39 51 89 3 41 36 59 28 86 21 39 31
61 96 63 81 72 85 68 31 92 43 1 13 21 0 16 64 98 32 3 86 54 66 50 32 96 2 4 62 68 0 85 54 28 95 41 22 74 1 88 73 61 69 25 51 4 79 15 56 97 28
78 84 100 75 67 90 74 79 50 18 61 59 45 16 0 4 53 33 51 35 82 88 83 42 23 53 64 81 70 24 56 68 8 38 32 40 66 70 61 81 0 98 89 78 52 91 35 72 21 91
69 97 95 51 79 98 63 61 84 17 92 62 3 64 4 0 14 36 67 88 0 98 52 89 34 5 54 9 27 14 71 1 68 13 65 1 26 54 36 53 61 30 45 26 60 48 86 31 47 94
68 84 98 73 84 99 83 7 72 65 33 79 27 98 53 14 0 76 51 53 52 82 85 68 4 61 71 60 46 18 41 97 91 100 63 37 44 81 62 46 44 94 18 37 0 85 79 20 53 100
96 70 70 79 58 73 84 6 75 9 9 10 42 32 33 36 76 0 80 71 93 71 59 72 100 16 41 48 74 28 43 45 52 53 79 30 95 3 3 81 60 6 91 68 32 35 69 54 77 86
85 83 68 95 63 60 72 7 38 82 20 19 3 3 51 67 51 80 0 24 52 26 73 51 1 16 39 93 46 35 90 56 36 88 76 29 74 13 60 36 61 34 95 82 44 7 21 35 1 41
55 66 58 79 87 56 90 6 79 20 94 19 12 86 35 88 53 71 24 0 95 100 15 34 20 14 65 16 32 78 5 24 60 24 24 46 31 35 68 5 95 15 89 36 42 78 13 81 92 90
69 51 64 57 63 62 85 65 78 57 88 30 44 54 82 0 52 93 52 95 0 53 97 41 50 54 45 32 95 96 49 76 70 92 68 65 95 94 10 35 49 31 82 97 99 40 31 2 59 31
100 75 74 99 92 51 92 86 84 26 6 6 71 66 88 98 82 71 26 100 53 0 20 93 12 55 22 43 99 98 9 32 48 37 72 44 50 9 55 14 66 55 99 96 68 55 68 18 4 11
53 71 72 76 75 54 70 50 46 52 51 25 91 50 83 52 85 59 73 15 97 20 0 74 95 15 53 35 17 31 37 25 31 57 10 75 34 50 80 14 22 8 43 23 15 26 88 37 81 75
67 90 69 62 78 83 63 59 23 47 64 9 70 32 42 89 68 72 51 34 41 93 74 0 69 71 9 98 14 7 26 22 24 78 63 24 100 36 66 10 2 38 62 74 56 40 16 68 24 59
87 83 56 64 55 78 91 78 4 66 55 19 17 96 23 34 4 100 1 20 50 12 95 69 0 30 98 86 89 65 47 77 69 62 65 86 33 22 30 53 57 12 63 94 93 21 80 23 33 78
61 64 64 86 62 100 84 87 14 34 16 7 95 2 53 5 61 16 16 14 54 55 15 71 30 0 66 12 56 98 88 21 83 74 15 51 37 78 97 46 3 76 36 15 82 33 64 36 83 42
88 52 59 76 89 59 61 35 68 90 18 42 49 4 64 54 71 41 39 65 45 22 53 9 98 66 0 55 33 3 88 69 66 70 74 53 7 31 64 76 29 55 59 0 84 97 46 25 17 9
64 95 91 97 77 100 61 49 82 75 52 96 20 62 81 9 60 48 93 16 32 43 35 98 86 12 55 0 2 54 89 9 71 31 69 32 84 97 38 3 9 65 35 39 59 56 88 14 32 84
96 92 53 83 76 60 94 36 1 57 98 20 0 68 70 27 46 74 46 32 95 99 17 14 89 56 33 2 0 53 58 59 63 52 97 25 21 47 79 77 81 60 20 56 90 35 29 24 45 38
100 67 65 83 97 78 98 37 96 11 24 16 44 0 24 14 18 28 35 78 96 98 31 7 65 98 3 54 53 0 10 30 80 98 76 89 63 56 30 67 64 26 40 37 77 98 75 92 84 23
94 74 75 78 97 76 52 32 27 33 68 3 72 85 56 71 41 43 90 5 49 9 37 26 47 88 88 89 58 10 0 82 15 4 2 18 50 67 34 6 54 10 79 96 36 92 35 38 60 64
77 89 78 64 74 84 99 39 59 86 0 37 18 54 68 1 97 45 56 24 76 32 25 22 77 21 69 9 59 30 82 0 23 87 53 20 52 71 39 19 63 72 80 41 60 3 67 31 68 53
68 98 65 54 68 57 91 73 47 17 42 72 86 28 8 68 91 52 36 60 70 48 31 24 69 83 66 71 63 80 15 23 0 81 6 89 37 83 53 36 13 35 94 1 46 84 20 79 67 51
74 87 69 94 85 83 62 72 100 89 45 11 26 95 38 13 100 53 88 24 92 37 57 78 62 74 70 31 52 98 4 87 81 0 92 82 77 90 66 20 6 88 27 6 20 1 36 68 25 30
94 81 55 84 51 73 70 76 62 28 67 54 24 41 32 65 63 79 76 24 68 72 10 63 65 15 74 69 97 76 2 53 6 92 0 72 57 10 86 39 83 7 66 82 33 39 53 73 37 57
81 88 78 95 51 66 60 10 1 93 68 5 72 22 40 1 37 30 29 46 65 44 75 24 86 51 53 32 25 89 18 20 89 82 72 0 93 38 18 51 51 20 28 86 43 47 34 93 54 88
84 64 100 71 67 53 55 43 12 23 68 73 47 74 66 26 44 95 74 31 95 50 34 100 33 37 7 84 21 63 50 52 37 77 57 93 0 12 88 1 14 85 51 60 86 95 39 70 40 4
53 94 97 80 94 99 55 4 59 65 55 50 68 1 70 54 81 3 13 35 94 9 50 36 22 78 31 97 47 56 67 71 83 90 10 38 12 0 87 82 39 25 76 90 60 82 29 77 59 34
85 98 73 96 52 93 62 30 48 54 70 69 39 88 61 36 62 3 60 68 10 55 80 66 30 97 64 38 79 30 34 39 53 66 86 18 88 87 0 87 1 33 26 59 93 46 33 37 68 42
89 76 88 83 96 85 72 51 72 34 70 83 51 73 81 53 46 81 36 5 35 14 14 10 53 46 76 3 77 67 6 19 36 20 39 51 1 82 87 0 0 41 86 69 66 30 36 18 68 8
100 67 54 81 84 57 90 40 21 7 99 10 89 61 0 61 44 60 61 95 49 66 22 2 57 3 29 9 81 64 54 63 13 6 83 51 14 39 1 0 0 44 17 63 20 85 26 75 60 35
89 89 63 95 66 53 59 86 22 77 14 14 3 69 98 30 94 6 34 15 31 55 8 38 12 76 55 65 60 26 10 72 35 88 7 20 85 25 33 41 44 0 44 40 36 10 36 9 28 89
93 94 89 94 61 52 55 9 38 3 50 1 41 25 89 45 18 91 95 89 82 99 43 62 63 36 59 35 20 40 79 80 94 27 66 28 51 76 26 86 17 44 0 89 51 67 20 19 74 79
58 90 62 93 55 80 51 73 89 66 14 3 36 51 78 26 37 68 82 36 97 96 23 74 94 15 0 39 56 37 96 41 1 6 82 86 60 90 59 69 63 40 89 0 76 59 97 59 33 67
89 82 51 85 67 61 98 2 72 94 31 30 59 4 52 60 0 32 44 42 99 68 15 56 93 82 84 59 90 77 36 60 46 20 33 43 86 60 93 66 20 36 51 76 0 64 35 26 16 21
51 87 96 93 60 72 64 82 83 14 68 23 28 79 91 48 85 35 7 78 40 55 26 40 21 33 97 56 35 98 92 3 84 1 39 47 95 82 46 30 85 10 67 59 64 0 63 30 48 37
72 97 95 78 70 61 100 23 12 28 72 77 86 15 35 86 79 69 21 13 31 68 88 16 80 64 46 88 29 75 35 67 20 36 53 34 39 29 33 36 26 36 20 97 35 63 0 46 15 59
60 54 98 61 62 77 68 3 98 0 65 11 21 56 72 31 20 54 35 81 2 18 37 68 23 36 25 14 24 92 38 31 79 68 73 93 70 77 37 18 75 9 19 59 26 30 46 0 43 18
56 100 91 53 94 73 77 46 42 26 21 68 39 97 21 47 53 77 1 92 59 4 81 24 33 83 17 32 45 84 60 68 67 25 37 54 40 59 68 68 60 28 74 33 16 48 15 43 0 1
51 66 98 80 79 77 80 32 41 44 54 39 31 28 91 94 100 86 41 90 31 11 75 59 78 42 9 84 38 23 64 53 51 30 57 88 4 34 42 8 35 89 79 67 21 37 59 18 1 0
BRRBRBRBRBRBRRBRRRBBRRRRRBRBRRBBRRRRBRRBBBBBBBBBBB