50
0 17 10 16 16 13 16 91 14 11 11 92 94 1 96 14 19 19 19 19 95 10 20 19 10 97 19 14 94 19 16 13 12 12 20 20 13 11 18 14 0 12 99 20 11 11 17 12 19 20
17 0 19 20 17 14 19 90 19 11 15 94 98 11 99 16 10 16 12 12 95 14 16 16 17 98 19 12 98 17 10 18 18 18 17 17 14 18 12 17 17 20 99 11 15 19 18 17 12 20
10 19 0 13 20 19 16 99 20 10 17 95 99 18 93 20 10 20 18 11 91 16 17 12 15 90 16 11 93 20 18 14 19 10 13 17 14 17 18 18 17 15 99 20 18 13 12 12 14 18
16 20 13 0 12 99 99 91 16 11 96 97 98 12 91 92 95 90 12 11 96 17 90 95 100 98 10 96 95 96 20 97 10 12 91 10 99 12 13 17 18 16 96 0 91 16 16 91 100 10
16 17 20 12 0 92 96 96 18 12 97 96 95 20 100 97 97 98 20 16 96 13 100 99 98 94 19 97 99 93 15 91 16 13 99 11 100 11 10 17 16 10 91 11 94 2 16 90 93 18
13 14 19 99 92 0 17 10 95 18 13 20 11 95 18 12 11 17 20 19 18 18 19 18 15 15 16 11 20 18 99 17 10 12 12 11 20 18 19 90 97 98 15 14 15 14 10 15 15 13
16 19 16 99 96 17 0 20 92 17 16 15 4 96 17 19 13 14 14 20 16 15 15 18 19 2 11 18 20 16 93 10 17 14 13 16 19 15 11 99 90 91 12 10 13 11 12 10 11 18
91 90 99 91 96 10 20 0 95 94 18 14 12 98 10 14 17 16 95 92 12 95 19 19 10 10 92 13 13 15 92 11 94 94 14 96 13 91 91 94 94 92 18 94 14 93 100 3 16 98
14 19 20 16 18 95 92 95 0 15 95 96 100 14 93 92 93 96 10 20 99 20 90 91 99 95 10 90 97 98 10 96 18 19 99 16 93 13 11 17 19 15 97 4 95 20 15 93 90 13
11 11 10 11 12 18 17 94 15 0 12 94 90 15 94 14 11 19 13 17 98 11 17 18 19 96 13 12 96 20 19 12 11 17 13 10 19 16 19 19 12 11 100 10 18 19 12 14 13 16
11 15 17 96 97 13 16 18 95 12 0 11 12 91 17 20 17 20 20 17 18 20 10 12 15 14 12 11 17 10 94 17 18 19 11 13 14 19 20 93 91 92 13 20 10 16 14 11 18 14
92 94 95 97 96 20 15 14 96 94 11 0 18 94 19 18 19 17 98 93 16 92 17 15 18 16 91 16 10 10 93 13 95 99 13 98 10 90 99 91 100 96 11 95 10 94 93 3 12 92
94 98 99 98 95 11 4 12 100 90 12 18 0 92 10 10 20 11 94 99 12 97 11 13 17 20 98 20 13 14 99 10 98 93 11 99 17 99 100 100 95 97 14 97 17 93 91 19 19 99
1 11 18 12 20 95 96 98 14 15 91 94 92 0 91 97 97 90 11 13 95 11 99 100 91 93 13 98 92 97 13 90 18 13 93 17 90 19 15 16 19 16 99 15 96 20 10 90 94 17
96 99 93 91 100 18 17 10 93 94 17 19 10 91 0 19 18 20 93 99 13 95 14 10 17 10 94 17 13 0 96 10 93 94 11 93 16 95 97 92 91 96 13 92 10 100 91 20 19 99
14 16 20 92 97 12 19 14 92 14 20 18 10 97 19 0 11 11 13 14 17 18 15 15 17 20 17 16 11 19 96 12 18 15 20 13 13 20 11 94 94 96 20 12 14 19 17 13 14 16
19 10 10 95 97 11 13 17 93 11 17 19 20 97 18 11 0 16 16 15 18 16 10 11 17 16 14 20 20 20 90 12 15 11 20 12 11 15 14 94 98 90 18 11 17 15 14 15 14 18
19 16 20 90 98 17 14 16 96 19 20 17 11 90 20 11 16 0 13 11 12 19 18 18 19 19 18 15 15 11 100 17 13 20 19 16 20 10 20 91 91 95 19 19 10 19 11 14 20 11
19 12 18 12 20 20 14 95 10 13 20 98 94 11 93 13 16 13 0 18 100 15 11 20 16 99 19 10 97 19 17 20 15 10 11 16 20 10 10 12 12 18 95 17 18 20 16 15 16 11
19 12 11 11 16 19 20 92 20 17 17 93 99 13 99 14 15 11 18 0 93 13 16 14 11 90 15 11 100 20 12 15 12 18 12 18 10 14 11 19 16 18 94 17 18 14 17 11 19 12
95 95 91 96 96 18 16 12 99 98 18 16 12 95 13 17 18 12 100 93 0 90 16 10 12 12 97 17 17 4 97 12 91 95 11 95 16 92 93 93 91 94 18 93 17 90 100 11 14 91
10 14 16 17 13 18 15 95 20 11 20 92 97 11 95 18 16 19 15 13 90 0 14 13 11 92 10 17 98 18 11 20 13 15 13 15 12 19 18 12 18 16 92 11 14 11 10 20 10 10
20 16 17 90 100 19 15 19 90 17 10 17 11 99 14 15 10 18 11 16 16 14 0 15 19 16 18 19 17 16 91 19 19 12 17 16 17 13 20 92 91 97 17 12 13 15 10 17 18 17
19 16 12 95 99 18 18 19 91 18 12 15 13 100 10 15 11 18 20 14 10 13 15 0 10 13 20 13 14 16 94 19 15 17 16 19 19 18 15 90 92 98 14 15 13 14 13 16 13 16
10 17 15 100 98 15 19 10 99 19 15 18 17 91 17 17 17 19 16 11 12 11 19 10 0 14 12 11 10 19 99 15 11 10 10 18 17 19 15 98 96 99 10 11 19 14 16 12 11 13
97 98 90 98 94 15 2 10 95 96 14 16 20 93 10 20 16 19 99 90 12 92 16 13 14 0 94 12 12 12 93 14 90 91 10 99 18 95 95 98 90 97 13 98 15 93 98 11 12 93
19 19 16 10 19 16 11 92 10 13 12 91 98 13 94 17 14 18 19 15 97 10 18 20 12 94 0 11 93 17 10 11 10 10 18 18 19 11 16 15 18 10 97 15 14 15 20 20 18 15
14 12 11 96 97 11 18 13 90 12 11 16 20 98 17 16 20 15 10 11 17 17 19 13 11 12 11 0 13 13 96 14 10 16 18 17 14 12 19 94 93 91 19 12 20 14 11 13 19 11
94 98 93 95 99 20 20 13 97 96 17 10 13 92 13 11 20 15 97 100 17 98 17 14 10 12 93 13 0 17 94 4 97 98 19 90 20 93 90 98 93 98 15 99 14 94 94 15 11 99
19 17 20 96 93 18 16 15 98 20 10 10 14 97 0 19 20 11 19 20 4 18 16 16 19 12 17 13 17 0 99 16 12 15 12 11 20 13 18 98 95 91 19 15 19 13 14 16 14 13
16 10 18 20 15 99 93 92 10 19 94 93 99 13 96 96 90 100 17 12 97 11 91 94 99 93 10 96 94 99 0 98 19 12 94 0 90 13 16 14 20 10 92 16 98 13 14 95 93 11
13 18 14 97 91 17 10 11 96 12 17 13 10 90 10 12 12 17 20 15 12 20 19 19 15 14 11 14 4 16 98 0 16 19 10 20 18 14 19 100 95 91 1 11 20 17 13 16 19 10
12 18 19 10 16 10 17 94 18 11 18 95 98 18 93 18 15 13 15 12 91 13 19 15 11 90 10 10 97 12 19 16 0 12 18 14 15 13 12 11 10 14 93 16 17 14 13 19 12 11
12 18 10 12 13 12 14 94 19 17 19 99 93 13 94 15 11 20 10 18 95 15 12 17 10 91 10 16 98 15 12 19 12 0 16 11 13 18 18 15 18 19 95 20 16 11 15 11 13 14
20 17 13 91 99 12 13 14 99 13 11 13 11 93 11 20 20 19 11 12 11 13 17 16 10 10 18 18 19 12 94 10 18 16 0 19 17 17 12 91 95 98 12 11 17 20 20 17 12 15
20 17 17 10 11 11 16 96 16 10 13 98 99 17 93 13 12 16 16 18 95 15 16 19 18 99 18 17 90 11 0 20 14 11 19 0 14 19 18 13 14 1 97 13 20 20 13 16 20 16
13 14 14 99 100 20 19 13 93 19 14 10 17 90 16 13 11 20 20 10 16 12 17 19 17 18 19 14 20 20 90 18 15 13 17 14 0 15 10 99 100 96 15 12 13 13 12 16 17 18
11 18 17 12 11 18 15 91 13 16 19 90 99 19 95 20 15 10 10 14 92 19 13 18 19 95 11 12 93 13 13 14 13 18 17 19 15 0 11 16 11 20 100 11 20 14 12 11 13 14
18 12 18 13 10 19 11 91 11 19 20 99 100 15 97 11 14 20 10 11 93 18 20 15 15 95 16 19 90 18 16 19 12 18 12 18 10 11 0 11 15 20 92 10 10 11 14 15 18 16
14 17 18 17 17 90 99 94 17 19 93 91 100 16 92 94 94 91 12 19 93 12 92 90 98 98 15 94 98 98 14 100 11 15 91 13 99 16 11 0 15 10 94 10 90 3 17 97 96 13
0 17 17 18 16 97 90 94 19 12 91 100 95 19 91 94 98 91 12 16 91 18 91 92 96 90 18 93 93 95 20 95 10 18 95 14 100 11 15 15 0 15 91 13 95 11 18 98 99 18
12 20 15 16 10 98 91 92 15 11 92 96 97 16 96 96 90 95 18 18 94 16 97 98 99 97 10 91 98 91 10 91 14 19 98 1 96 20 20 10 15 0 95 10 92 11 19 97 93 19
99 99 99 96 91 15 12 18 97 100 13 11 14 99 13 20 18 19 95 94 18 92 17 14 10 13 97 19 15 19 92 1 93 95 12 97 15 100 92 94 91 95 0 100 18 93 95 17 20 94
20 11 20 0 11 14 10 94 4 10 20 95 97 15 92 12 11 19 17 17 93 11 12 15 11 98 15 12 99 15 16 11 16 20 11 13 12 11 10 10 13 10 100 0 13 13 15 12 14 14
11 15 18 91 94 15 13 14 95 18 10 10 17 96 10 14 17 10 18 18 17 14 13 13 19 15 14 20 14 19 98 20 17 16 17 20 13 20 10 90 95 92 18 13 0 18 15 13 19 13
11 19 13 16 2 14 11 93 20 19 16 94 93 20 100 19 15 19 20 14 90 11 15 14 14 93 15 14 94 13 13 17 14 11 20 20 13 14 11 3 11 11 93 13 18 0 13 16 18 20
17 18 12 16 16 10 12 100 15 12 14 93 91 10 91 17 14 11 16 17 100 10 10 13 16 98 20 11 94 14 14 13 13 15 20 13 12 12 14 17 18 19 95 15 15 13 0 16 14 17
12 17 12 91 90 15 10 3 93 14 11 3 19 90 20 13 15 14 15 11 11 20 17 16 12 11 20 13 15 16 95 16 19 11 17 16 16 11 15 97 98 97 17 12 13 16 16 0 14 11
19 12 14 100 93 15 11 16 90 13 18 12 19 94 19 14 14 20 16 19 14 10 18 13 11 12 18 19 11 14 93 19 12 13 12 20 17 13 18 96 99 93 20 14 19 18 14 14 0 12
20 20 18 10 18 13 18 98 13 16 14 92 99 17 99 16 18 11 11 12 91 10 17 16 13 93 15 11 99 13 11 10 11 14 15 16 18 14 16 13 18 19 94 14 13 20 17 11 12 0
RRRRRBBBRRBBBRBBBBRRBRBBBBRBBBRBRRBRBRRRRRBRBRRBBR
