50
0 73 48 48 98 21 70 70 68 32 82 63 0 94 51 85 95 98 73 64 91 79 0 74 97 60 36 85 77 65 68 51 29 59 76 84 70 34 27 49 12 45 69 84 32 42 50 23 19 18 
73 0 52 16 72 56 67 36 100 38 88 67 19 23 88 50 51 86 95 12 89 0 74 21 11 54 61 45 47 85 62 47 81 1 81 14 77 78 47 12 93 41 24 64 93 29 44 14 28 23 
48 52 0 19 65 60 17 71 54 90 57 58 35 82 77 56 6 12 56 82 47 76 17 82 38 75 65 81 57 26 7 71 42 57 3 13 79 24 76 19 2 36 22 43 43 45 1 58 0 4 
48 16 19 0 92 56 88 53 98 39 69 46 86 16 73 55 68 70 74 2 29 51 71 59 80 94 19 93 89 25 65 36 28 4 13 77 35 44 28 42 26 88 10 52 94 59 18 19 61 98 
98 72 65 92 0 41 46 21 66 56 33 53 40 52 63 32 49 92 0 82 57 54 73 90 60 31 97 37 80 86 85 87 45 85 39 96 58 24 99 58 11 38 61 69 90 48 4 3 24 37 
21 56 60 56 41 0 62 68 15 7 28 82 38 61 35 60 3 39 82 7 79 7 40 98 66 13 94 91 55 60 32 15 74 87 9 6 84 49 85 79 38 62 42 25 92 71 59 68 48 61 
70 67 17 88 46 62 0 76 45 72 16 93 67 10 97 17 25 21 51 5 1 72 65 72 22 60 41 19 85 28 83 9 81 10 58 51 69 52 22 50 66 75 87 74 65 5 83 86 97 59 
70 36 71 53 21 68 76 0 24 34 59 49 79 16 68 13 52 36 66 9 55 24 24 75 4 89 17 3 20 32 1 34 34 54 84 23 76 45 30 1 45 33 80 5 3 69 0 28 82 85 
68 100 54 98 66 15 45 24 0 19 65 4 54 96 96 6 47 28 54 88 29 34 68 2 4 82 68 44 4 100 89 74 31 70 88 45 18 53 47 65 23 90 3 79 31 17 26 73 48 33 
32 38 90 39 56 7 72 34 19 0 13 9 48 9 84 51 18 75 18 71 24 54 39 62 31 42 95 52 53 29 83 99 14 37 33 15 99 13 34 81 37 15 97 75 82 50 37 17 65 70 
82 88 57 69 33 28 16 59 65 13 0 24 56 91 50 73 39 19 22 76 83 72 32 11 89 93 76 68 70 8 79 54 90 52 62 95 88 89 20 61 19 94 49 14 40 80 33 1 32 42 
63 67 58 46 53 82 93 49 4 9 24 0 30 9 74 80 87 1 22 12 24 37 86 18 46 23 5 69 6 45 3 42 65 18 6 26 32 34 78 0 17 51 66 80 43 94 13 99 72 74 
0 19 35 86 40 38 67 79 54 48 56 30 0 18 60 73 70 94 79 9 92 81 19 76 33 52 61 3 21 44 66 1 56 48 75 91 86 21 82 43 94 58 63 61 75 0 66 60 93 51 
94 23 82 16 52 61 10 16 96 9 91 9 18 0 68 55 100 22 36 8 32 28 34 44 63 90 39 2 94 13 25 81 84 21 14 100 7 38 78 52 19 24 72 27 95 95 3 82 21 38 
51 88 77 73 63 35 97 68 96 84 50 74 60 68 0 37 5 8 48 49 35 6 58 7 44 90 25 16 12 41 17 85 88 91 40 92 7 82 60 45 0 36 31 89 43 9 70 86 59 92 
85 50 56 55 32 60 17 13 6 51 73 80 73 55 37 0 51 2 79 14 2 18 87 63 64 96 6 24 34 20 73 21 60 90 86 22 15 66 50 75 56 20 85 77 35 51 57 90 55 17 
95 51 6 68 49 3 25 52 47 18 39 87 70 100 5 51 0 49 80 14 26 72 67 53 63 46 81 99 30 15 82 48 67 6 41 19 61 27 46 65 82 54 36 10 82 31 28 8 15 27 
98 86 12 70 92 39 21 36 28 75 19 1 94 22 8 2 49 0 15 35 98 1 100 6 47 33 18 80 89 74 45 94 72 34 80 93 92 82 45 34 47 39 66 92 46 12 83 48 5 88 
73 95 56 74 0 82 51 66 54 18 22 22 79 36 48 79 80 15 0 61 57 1 13 40 38 24 90 5 72 21 83 10 48 96 63 28 15 56 80 4 97 85 50 25 63 57 68 5 94 14 
64 12 82 2 82 7 5 9 88 71 76 12 9 8 49 14 14 35 61 0 99 31 15 98 31 79 55 79 48 73 90 11 10 94 3 4 42 49 47 65 13 95 47 88 8 82 52 42 53 46 
91 89 47 29 57 79 1 55 29 24 83 24 92 32 35 2 26 98 57 99 0 4 37 79 5 39 80 15 15 48 53 64 32 2 74 2 57 67 99 51 53 20 28 78 14 17 84 50 49 24 
79 0 76 51 54 7 72 24 34 54 72 37 81 28 6 18 72 1 1 31 4 0 57 37 44 62 6 4 49 31 3 79 85 85 69 78 62 90 20 72 12 91 73 23 32 86 44 40 81 31 
0 74 17 71 73 40 65 24 68 39 32 86 19 34 58 87 67 100 13 15 37 57 0 99 44 99 5 93 45 3 92 85 94 1 22 16 49 88 65 87 40 27 73 100 85 11 61 94 44 82 
74 21 82 59 90 98 72 75 2 62 11 18 76 44 7 63 53 6 40 98 79 37 99 0 9 7 66 62 77 42 33 75 33 48 82 54 71 85 22 63 18 15 12 74 70 96 55 95 23 67 
97 11 38 80 60 66 22 4 4 31 89 46 33 63 44 64 63 47 38 31 5 44 44 9 0 29 35 48 93 71 92 39 20 43 59 58 60 34 7 21 54 19 92 99 10 33 1 4 55 19 
60 54 75 94 31 13 60 89 82 42 93 23 52 90 90 96 46 33 24 79 39 62 99 7 29 0 80 90 96 33 73 46 16 77 39 70 24 16 97 66 22 30 19 95 4 66 50 83 45 11 
36 61 65 19 97 94 41 17 68 95 76 5 61 39 25 6 81 18 90 55 80 6 5 66 35 80 0 60 43 58 2 11 30 39 100 37 39 63 51 1 31 59 55 43 75 80 56 13 61 33 
85 45 81 93 37 91 19 3 44 52 68 69 3 2 16 24 99 80 5 79 15 4 93 62 48 90 60 0 38 23 12 80 23 24 90 79 34 19 63 38 43 0 69 41 12 24 43 64 40 2 
77 47 57 89 80 55 85 20 4 53 70 6 21 94 12 34 30 89 72 48 15 49 45 77 93 96 43 38 0 99 85 55 84 47 51 87 92 55 0 3 11 89 23 80 77 99 77 84 57 43 
65 85 26 25 86 60 28 32 100 29 8 45 44 13 41 20 15 74 21 73 48 31 3 42 71 33 58 23 99 0 78 75 74 22 85 100 30 31 58 30 32 23 60 28 97 27 81 97 89 49 
68 62 7 65 85 32 83 1 89 83 79 3 66 25 17 73 82 45 83 90 53 3 92 33 92 73 2 12 85 78 0 73 29 3 17 64 20 43 73 27 11 36 95 18 46 65 64 53 7 91 
51 47 71 36 87 15 9 34 74 99 54 42 1 81 85 21 48 94 10 11 64 79 85 75 39 46 11 80 55 75 73 0 69 37 56 64 43 88 64 66 83 43 37 62 26 90 35 100 42 63 
29 81 42 28 45 74 81 34 31 14 90 65 56 84 88 60 67 72 48 10 32 85 94 33 20 16 30 23 84 74 29 69 0 43 13 14 15 100 72 96 100 62 84 13 41 59 46 7 84 69 
59 1 57 4 85 87 10 54 70 37 52 18 48 21 91 90 6 34 96 94 2 85 1 48 43 77 39 24 47 22 3 37 43 0 90 20 78 45 80 19 23 7 47 80 21 20 22 38 73 63 
76 81 3 13 39 9 58 84 88 33 62 6 75 14 40 86 41 80 63 3 74 69 22 82 59 39 100 90 51 85 17 56 13 90 0 10 43 64 67 46 12 41 82 97 38 6 67 75 6 30 
84 14 13 77 96 6 51 23 45 15 95 26 91 100 92 22 19 93 28 4 2 78 16 54 58 70 37 79 87 100 64 64 14 20 10 0 88 9 50 38 79 99 51 14 99 93 43 17 89 41 
70 77 79 35 58 84 69 76 18 99 88 32 86 7 7 15 61 92 15 42 57 62 49 71 60 24 39 34 92 30 20 43 15 78 43 88 0 84 65 83 99 16 87 1 98 3 92 57 82 81 
34 78 24 44 24 49 52 45 53 13 89 34 21 38 82 66 27 82 56 49 67 90 88 85 34 16 63 19 55 31 43 88 100 45 64 9 84 0 73 1 66 89 88 52 40 47 25 29 95 16 
27 47 76 28 99 85 22 30 47 34 20 78 82 78 60 50 46 45 80 47 99 20 65 22 7 97 51 63 0 58 73 64 72 80 67 50 65 73 0 72 55 81 6 23 2 37 98 52 75 23 
49 12 19 42 58 79 50 1 65 81 61 0 43 52 45 75 65 34 4 65 51 72 87 63 21 66 1 38 3 30 27 66 96 19 46 38 83 1 72 0 89 94 67 52 91 66 30 17 38 64 
12 93 2 26 11 38 66 45 23 37 19 17 94 19 0 56 82 47 97 13 53 12 40 18 54 22 31 43 11 32 11 83 100 23 12 79 99 66 55 89 0 28 52 69 30 56 32 66 14 93 
45 41 36 88 38 62 75 33 90 15 94 51 58 24 36 20 54 39 85 95 20 91 27 15 19 30 59 0 89 23 36 43 62 7 41 99 16 89 81 94 28 0 58 49 75 85 21 33 94 10 
69 24 22 10 61 42 87 80 3 97 49 66 63 72 31 85 36 66 50 47 28 73 73 12 92 19 55 69 23 60 95 37 84 47 82 51 87 88 6 67 52 58 0 46 89 72 80 15 16 95 
84 64 43 52 69 25 74 5 79 75 14 80 61 27 89 77 10 92 25 88 78 23 100 74 99 95 43 41 80 28 18 62 13 80 97 14 1 52 23 52 69 49 46 0 97 91 87 63 34 2 
32 93 43 94 90 92 65 3 31 82 40 43 75 95 43 35 82 46 63 8 14 32 85 70 10 4 75 12 77 97 46 26 41 21 38 99 98 40 2 91 30 75 89 97 0 51 41 82 26 59 
42 29 45 59 48 71 5 69 17 50 80 94 0 95 9 51 31 12 57 82 17 86 11 96 33 66 80 24 99 27 65 90 59 20 6 93 3 47 37 66 56 85 72 91 51 0 70 95 94 85 
50 44 1 18 4 59 83 0 26 37 33 13 66 3 70 57 28 83 68 52 84 44 61 55 1 50 56 43 77 81 64 35 46 22 67 43 92 25 98 30 32 21 80 87 41 70 0 39 34 24 
23 14 58 19 3 68 86 28 73 17 1 99 60 82 86 90 8 48 5 42 50 40 94 95 4 83 13 64 84 97 53 100 7 38 75 17 57 29 52 17 66 33 15 63 82 95 39 0 53 42 
19 28 0 61 24 48 97 82 48 65 32 72 93 21 59 55 15 5 94 53 49 81 44 23 55 45 61 40 57 89 7 42 84 73 6 89 82 95 75 38 14 94 16 34 26 94 34 53 0 11 
18 23 4 98 37 61 59 85 33 70 42 74 51 38 92 17 27 88 14 46 24 31 82 67 19 11 33 2 43 49 91 63 69 63 30 41 81 16 23 64 93 10 95 2 59 85 24 42 11 0 
BRBRRBBRBRRBBRRRRRRRRBRRRRRRBBRRRRRBBBBBBBBBBBBBBB
