50
0 19 66 40 62 52 18 54 13 39 8 44 52 48 20 3 10 60 10 58 46 30 3 57 8 10 12 53 7 65 4 31 64 56 6 40 26 9 48 30 50 15 44 44 45 46 6 56 15 23 
19 0 38 66 49 55 25 46 29 51 31 63 61 44 6 7 24 39 4 50 60 23 31 37 28 0 6 54 27 46 16 14 55 44 31 40 15 8 61 23 58 14 37 45 47 61 6 47 0 28 
66 38 0 68 85 80 61 89 36 69 63 82 77 86 46 54 51 99 62 79 67 35 63 92 37 66 54 98 56 71 48 39 96 93 53 90 62 58 87 60 98 57 91 77 71 78 45 91 54 61 
40 66 68 0 67 94 65 86 40 76 38 99 82 89 38 54 45 79 34 90 86 44 40 89 45 36 65 69 51 69 34 39 90 90 37 84 35 42 69 39 67 56 81 93 98 69 48 71 61 43 
62 49 85 67 0 95 57 80 60 81 53 92 68 77 66 50 60 79 58 90 84 60 50 67 53 51 36 90 65 96 45 64 71 70 65 75 45 38 96 39 91 36 75 97 91 78 41 98 44 60 
52 55 80 94 95 0 35 99 58 70 53 92 79 73 46 59 55 75 45 90 67 54 49 71 45 47 48 88 38 88 42 64 74 81 57 67 65 56 86 62 98 36 97 72 80 74 62 80 64 42 
18 25 61 65 57 35 0 61 9 40 9 51 46 39 8 1 11 46 21 60 43 27 11 66 3 27 23 47 11 46 1 2 65 47 11 64 33 28 59 11 41 10 38 45 44 64 18 35 21 3 
54 46 89 86 80 99 61 0 54 91 42 80 96 92 42 36 56 74 51 82 91 60 51 94 55 50 59 78 57 68 36 48 89 68 66 77 59 54 86 41 94 45 79 79 84 68 45 87 37 64 
13 29 36 40 60 58 9 54 0 43 31 62 40 60 28 23 11 64 31 36 40 29 30 62 20 24 3 65 20 60 23 20 53 54 24 40 11 24 43 10 65 28 60 66 46 53 28 39 7 33 
39 51 69 76 81 70 40 91 43 0 63 71 99 90 48 53 66 91 60 86 75 64 59 85 49 59 58 91 49 80 48 58 68 77 65 98 48 66 69 38 94 60 96 94 74 99 53 93 46 64 
8 31 63 38 53 53 9 42 31 63 0 43 35 36 19 33 19 50 7 36 42 32 10 34 26 10 29 48 21 59 24 18 53 47 11 66 6 4 64 3 49 13 58 43 43 51 25 49 2 32 
44 63 82 99 92 92 51 80 62 71 43 0 74 67 59 52 42 70 45 97 92 48 43 100 43 36 41 77 63 89 40 64 71 81 38 78 51 51 73 55 76 37 67 89 93 70 49 83 63 53 
52 61 77 82 68 79 46 96 40 99 35 74 0 94 50 41 60 87 55 100 77 38 38 87 36 66 56 90 55 70 52 41 85 74 51 79 38 59 93 62 74 39 89 70 76 67 43 70 47 53 
48 44 86 89 77 73 39 92 60 90 36 67 94 0 44 50 60 95 46 92 81 37 58 97 60 42 51 76 37 93 43 60 96 79 42 75 46 52 82 65 95 47 78 97 93 80 36 95 44 64 
20 6 46 38 66 46 8 42 28 48 19 59 50 44 0 2 15 55 26 66 43 22 13 46 10 23 7 43 24 66 23 12 61 45 13 43 16 30 63 5 54 13 62 40 58 48 28 47 9 30 
3 7 54 54 50 59 1 36 23 53 33 52 41 50 2 0 29 40 30 38 47 21 24 37 12 14 29 41 5 65 22 13 55 63 0 59 5 25 66 16 55 24 55 64 58 44 22 38 5 32 
10 24 51 45 60 55 11 56 11 66 19 42 60 60 15 29 0 52 13 66 40 13 31 54 28 21 16 55 12 56 23 11 38 55 5 59 17 27 51 19 53 27 58 41 63 61 3 62 28 12 
60 39 99 79 79 75 46 74 64 91 50 70 87 95 55 40 52 0 49 71 75 53 63 82 47 60 39 69 58 81 45 43 76 67 59 78 50 39 69 34 69 61 83 100 67 78 53 98 47 64 
10 4 62 34 58 45 21 51 31 60 7 45 55 46 26 30 13 49 0 41 44 9 19 64 9 14 0 61 32 56 11 4 53 42 22 45 11 21 44 15 50 11 48 44 53 46 26 51 17 25 
58 50 79 90 90 90 60 82 36 86 36 97 100 92 66 38 66 71 41 0 79 60 50 75 46 45 47 70 66 72 49 54 77 84 55 90 35 54 82 58 68 52 92 86 91 95 53 80 45 58 
46 60 67 86 84 67 43 91 40 75 42 92 77 81 43 47 40 75 44 79 0 51 54 69 63 52 41 100 52 80 44 65 73 86 61 75 61 56 84 58 85 60 70 86 98 83 40 69 66 46 
30 23 35 44 60 54 27 60 29 64 32 48 38 37 22 21 13 53 9 60 51 0 30 38 17 17 31 36 0 64 8 26 58 63 11 40 12 8 39 10 63 14 47 37 38 46 18 61 22 31 
3 31 63 40 50 49 11 51 30 59 10 43 38 58 13 24 31 63 19 50 54 30 0 44 32 1 7 65 18 41 26 17 47 62 29 51 33 33 35 32 58 27 46 60 49 61 17 59 33 30 
57 37 92 89 67 71 66 94 62 85 34 100 87 97 46 37 54 82 64 75 69 38 44 0 52 43 62 71 55 74 55 62 100 76 39 99 60 58 81 56 80 49 87 89 92 86 36 79 47 47 
8 28 37 45 53 45 3 55 20 49 26 43 36 60 10 12 28 47 9 46 63 17 32 52 0 0 22 60 18 49 12 19 41 56 2 36 11 32 47 27 55 33 39 66 43 41 23 42 27 20 
10 0 66 36 51 47 27 50 24 59 10 36 66 42 23 14 21 60 14 45 52 17 1 43 0 0 25 37 20 36 25 16 62 38 15 55 19 24 54 0 58 27 43 59 36 57 23 36 25 26 
12 6 54 65 36 48 23 59 3 58 29 41 56 51 7 29 16 39 0 47 41 31 7 62 22 25 0 57 14 54 3 10 57 50 0 64 19 10 55 19 37 15 40 64 55 65 29 49 30 4 
53 54 98 69 90 88 47 78 65 91 48 77 90 76 43 41 55 69 61 70 100 36 65 71 60 37 57 0 60 71 58 61 89 81 41 91 41 41 83 36 81 58 92 95 85 75 40 85 63 52 
7 27 56 51 65 38 11 57 20 49 21 63 55 37 24 5 12 58 32 66 52 0 18 55 18 20 14 60 0 35 28 12 39 40 14 43 2 22 62 0 57 8 41 65 65 42 11 59 5 9 
65 46 71 69 96 88 46 68 60 80 59 89 70 93 66 65 56 81 56 72 80 64 41 74 49 36 54 71 35 0 63 53 69 85 63 84 61 52 90 56 67 36 91 96 79 84 44 71 45 49 
4 16 48 34 45 42 1 36 23 48 24 40 52 43 23 22 23 45 11 49 44 8 26 55 12 25 3 58 28 63 0 11 66 40 8 38 5 5 63 5 38 1 47 42 49 56 8 39 31 4 
31 14 39 39 64 64 2 48 20 58 18 64 41 60 12 13 11 43 4 54 65 26 17 62 19 16 10 61 12 53 11 0 40 45 7 39 1 19 42 2 40 23 54 53 35 42 8 41 25 27 
64 55 96 90 71 74 65 89 53 68 53 71 85 96 61 55 38 76 53 77 73 58 47 100 41 62 57 89 39 69 66 40 0 87 36 96 60 41 99 52 69 53 96 98 83 88 55 75 59 61 
56 44 93 90 70 81 47 68 54 77 47 81 74 79 45 63 55 67 42 84 86 63 62 76 56 38 50 81 40 85 40 45 87 0 66 81 53 43 72 54 86 56 69 92 97 83 43 75 48 49 
6 31 53 37 65 57 11 66 24 65 11 38 51 42 13 0 5 59 22 55 61 11 29 39 2 15 0 41 14 63 8 7 36 66 0 61 7 18 46 2 59 5 59 41 57 35 4 37 23 31 
40 40 90 84 75 67 64 77 40 98 66 78 79 75 43 59 59 78 45 90 75 40 51 99 36 55 64 91 43 84 38 39 96 81 61 0 46 49 100 41 76 46 100 89 80 69 36 80 36 61 
26 15 62 35 45 65 33 59 11 48 6 51 38 46 16 5 17 50 11 35 61 12 33 60 11 19 19 41 2 61 5 1 60 53 7 46 0 10 50 13 52 16 36 62 62 57 3 60 11 33 
9 8 58 42 38 56 28 54 24 66 4 51 59 52 30 25 27 39 21 54 56 8 33 58 32 24 10 41 22 52 5 19 41 43 18 49 10 0 56 16 42 0 48 61 60 65 13 46 27 25 
48 61 87 69 96 86 59 86 43 69 64 73 93 82 63 66 51 69 44 82 84 39 35 81 47 54 55 83 62 90 63 42 99 72 46 100 50 56 0 49 87 40 71 99 72 97 60 71 40 56 
30 23 60 39 39 62 11 41 10 38 3 55 62 65 5 16 19 34 15 58 58 10 32 56 27 0 19 36 0 56 5 2 52 54 2 41 13 16 49 0 52 2 46 58 46 42 13 65 18 5 
50 58 98 67 91 98 41 94 65 94 49 76 74 95 54 55 53 69 50 68 85 63 58 80 55 58 37 81 57 67 38 40 69 86 59 76 52 42 87 52 0 63 89 70 70 72 66 99 59 42 
15 14 57 56 36 36 10 45 28 60 13 37 39 47 13 24 27 61 11 52 60 14 27 49 33 27 15 58 8 36 1 23 53 56 5 46 16 0 40 2 63 0 58 36 51 44 21 53 2 9 
44 37 91 81 75 97 38 79 60 96 58 67 89 78 62 55 58 83 48 92 70 47 46 87 39 43 40 92 41 91 47 54 96 69 59 100 36 48 71 46 89 58 0 82 78 87 44 67 48 54 
44 45 77 93 97 72 45 79 66 94 43 89 70 97 40 64 41 100 44 86 86 37 60 89 66 59 64 95 65 96 42 53 98 92 41 89 62 61 99 58 70 36 82 0 100 70 59 68 66 47 
45 47 71 98 91 80 44 84 46 74 43 93 76 93 58 58 63 67 53 91 98 38 49 92 43 36 55 85 65 79 49 35 83 97 57 80 62 60 72 46 70 51 78 100 0 88 61 95 50 43 
46 61 78 69 78 74 64 68 53 99 51 70 67 80 48 44 61 78 46 95 83 46 61 86 41 57 65 75 42 84 56 42 88 83 35 69 57 65 97 42 72 44 87 70 88 0 38 91 58 55 
6 6 45 48 41 62 18 45 28 53 25 49 43 36 28 22 3 53 26 53 40 18 17 36 23 23 29 40 11 44 8 8 55 43 4 36 3 13 60 13 66 21 44 59 61 38 0 42 12 20 
56 47 91 71 98 80 35 87 39 93 49 83 70 95 47 38 62 98 51 80 69 61 59 79 42 36 49 85 59 71 39 41 75 75 37 80 60 46 71 65 99 53 67 68 95 91 42 0 57 58 
15 0 54 61 44 64 21 37 7 46 2 63 47 44 9 5 28 47 17 45 66 22 33 47 27 25 30 63 5 45 31 25 59 48 23 36 11 27 40 18 59 2 48 66 50 58 12 57 0 3 
23 28 61 43 60 42 3 64 33 64 32 53 53 64 30 32 12 64 25 58 46 31 30 47 20 26 4 52 9 49 4 27 61 49 31 61 33 25 56 5 42 9 54 47 43 55 20 58 3 0 
RRBBBBRBRBRBBBRRRBRBBRRBRRRBRBRRBBRBRRBRBRBBBBRBRR