50
0 47 95 96 0 67 72 1 43 90 72 8 82 72 16 21 53 56 96 89 63 93 72 1 50 66 24 69 22 53 89 32 89 9 72 78 96 91 9 19 8 48 32 24 17 82 98 46 54 89 
47 0 28 46 21 0 86 94 60 34 80 10 88 8 68 72 95 19 65 69 49 83 21 57 18 41 8 35 91 76 55 55 48 29 43 14 69 78 83 25 5 65 9 98 53 52 82 64 82 87 
95 28 0 68 55 18 80 8 8 97 77 79 22 55 29 1 61 87 1 50 77 50 11 21 58 47 0 1 20 89 77 29 62 22 59 83 71 99 81 77 17 69 24 90 35 21 86 10 76 36 
96 46 68 0 3 33 5 6 13 71 7 71 20 43 29 64 8 62 92 83 62 62 36 80 18 98 91 59 61 48 57 75 25 3 73 80 26 28 75 90 5 87 6 10 47 61 96 32 33 50 
0 21 55 3 0 35 71 79 72 48 68 4 83 82 52 32 98 95 40 50 100 80 21 97 32 28 85 73 63 88 70 10 78 15 0 55 23 90 66 67 71 74 42 99 90 42 53 74 88 48 
67 0 18 33 35 0 95 45 1 66 23 77 71 47 19 97 100 92 59 72 45 28 7 60 12 49 3 16 32 57 19 15 13 30 77 91 0 34 90 30 49 52 38 27 17 2 83 38 59 65 
72 86 80 5 71 95 0 9 59 5 94 23 97 29 82 12 21 10 97 31 23 95 70 40 62 100 3 43 41 91 14 39 11 22 22 5 12 48 79 94 6 55 64 2 96 9 7 64 75 45 
1 94 8 6 79 45 9 0 86 64 98 16 67 57 94 36 96 27 30 34 38 98 12 87 10 15 100 43 25 8 41 43 66 70 57 41 61 36 82 64 57 85 41 9 34 57 13 99 81 88 
43 60 8 13 72 1 59 86 0 70 44 99 70 8 42 1 56 60 73 45 63 57 13 81 88 36 7 41 15 98 63 84 23 32 79 62 28 67 60 84 48 19 23 75 33 81 2 43 31 2 
90 34 97 71 48 66 5 64 70 0 72 34 68 59 95 32 12 71 29 17 41 69 98 70 14 15 19 38 13 65 57 9 33 50 73 18 73 81 36 97 34 16 16 52 27 35 87 61 29 64 
72 80 77 7 68 23 94 98 44 72 0 46 18 46 100 63 31 93 59 27 32 84 25 8 84 3 86 18 92 51 98 41 48 49 53 82 55 66 75 91 31 10 89 12 38 76 80 91 64 30 
8 10 79 71 4 77 23 16 99 34 46 0 63 56 16 17 24 68 77 43 7 97 93 21 96 54 9 36 29 0 70 27 2 32 27 70 27 44 88 36 18 18 5 68 49 77 97 66 78 88 
82 88 22 20 83 71 97 67 70 68 18 63 0 71 67 99 12 49 71 17 80 54 69 10 72 70 9 8 49 93 76 57 69 75 14 26 82 91 59 7 40 32 78 14 37 56 67 20 65 35 
72 8 55 43 82 47 29 57 8 59 46 56 71 0 51 71 90 79 21 28 78 29 92 72 91 14 8 77 44 93 45 14 45 32 75 73 79 37 30 10 25 11 27 71 44 51 47 0 11 44 
16 68 29 29 52 19 82 94 42 95 100 16 67 51 0 5 81 53 74 20 89 25 62 51 100 95 85 7 11 35 37 91 68 50 38 3 34 31 26 44 66 13 56 2 9 20 75 57 50 70 
21 72 1 64 32 97 12 36 1 32 63 17 99 71 5 0 73 1 0 91 13 58 74 28 16 55 80 74 70 21 67 51 88 90 100 97 52 72 5 41 96 16 59 30 97 96 20 47 44 60 
53 95 61 8 98 100 21 96 56 12 31 24 12 90 81 73 0 50 85 74 62 90 69 68 55 72 77 5 65 49 89 1 22 18 68 93 36 3 23 62 80 14 51 83 86 45 74 68 55 52 
56 19 87 62 95 92 10 27 60 71 93 68 49 79 53 1 50 0 19 37 96 49 87 46 32 95 59 68 69 25 64 45 56 2 23 28 85 34 60 71 35 89 5 66 8 97 43 81 27 77 
96 65 1 92 40 59 97 30 73 29 59 77 71 21 74 0 85 19 0 89 67 16 72 62 63 75 13 93 35 71 56 24 75 34 55 16 65 43 15 27 47 32 74 85 2 34 39 86 0 78 
89 69 50 83 50 72 31 34 45 17 27 43 17 28 20 91 74 37 89 0 84 35 7 52 87 65 48 12 53 95 41 21 56 16 63 74 0 36 83 57 5 31 4 67 73 2 79 100 25 56 
63 49 77 62 100 45 23 38 63 41 32 7 80 78 89 13 62 96 67 84 0 5 67 17 82 83 75 62 65 1 92 28 36 70 23 66 34 38 61 37 21 24 41 11 64 7 63 69 26 1 
93 83 50 62 80 28 95 98 57 69 84 97 54 29 25 58 90 49 16 35 5 0 43 46 74 68 31 71 21 78 33 69 24 82 48 27 49 60 48 65 38 19 40 46 54 76 80 2 85 98 
72 21 11 36 21 7 70 12 13 98 25 93 69 92 62 74 69 87 72 7 67 43 0 60 14 17 63 21 30 67 3 5 89 9 66 86 7 35 6 34 52 25 55 39 10 18 20 32 45 44 
1 57 21 80 97 60 40 87 81 70 8 21 10 72 51 28 68 46 62 52 17 46 60 0 50 70 41 79 98 62 64 37 3 45 70 62 80 13 34 84 41 94 71 91 1 44 86 33 61 87 
50 18 58 18 32 12 62 10 88 14 84 96 72 91 100 16 55 32 63 87 82 74 14 50 0 88 60 18 62 34 94 36 34 22 84 20 22 98 64 20 58 74 95 3 36 66 38 38 48 24 
66 41 47 98 28 49 100 15 36 15 3 54 70 14 95 55 72 95 75 65 83 68 17 70 88 0 59 43 51 13 77 6 56 80 91 56 44 47 65 16 57 46 77 72 73 1 21 29 73 37 
24 8 0 91 85 3 3 100 7 19 86 9 9 8 85 80 77 59 13 48 75 31 63 41 60 59 0 72 2 48 39 10 9 42 62 86 0 12 99 65 0 96 28 94 39 51 89 67 80 31 
69 35 1 59 73 16 43 43 41 38 18 36 8 77 7 74 5 68 93 12 62 71 21 79 18 43 72 0 23 32 5 1 8 53 82 95 61 49 29 60 62 57 44 61 38 8 20 76 89 5 
22 91 20 61 63 32 41 25 15 13 92 29 49 44 11 70 65 69 35 53 65 21 30 98 62 51 2 23 0 100 77 52 12 15 99 8 79 54 3 50 75 13 63 100 67 24 7 98 40 21 
53 76 89 48 88 57 91 8 98 65 51 0 93 93 35 21 49 25 71 95 1 78 67 62 34 13 48 32 100 0 40 5 15 50 32 64 98 9 24 93 53 93 40 97 44 43 32 64 41 42 
89 55 77 57 70 19 14 41 63 57 98 70 76 45 37 67 89 64 56 41 92 33 3 64 94 77 39 5 77 40 0 96 23 15 6 43 62 26 15 4 82 20 83 97 51 40 76 14 10 58 
32 55 29 75 10 15 39 43 84 9 41 27 57 14 91 51 1 45 24 21 28 69 5 37 36 6 10 1 52 5 96 0 35 55 43 16 92 33 92 26 0 29 97 77 50 31 64 66 7 74 
89 48 62 25 78 13 11 66 23 33 48 2 69 45 68 88 22 56 75 56 36 24 89 3 34 56 9 8 12 15 23 35 0 5 51 71 13 86 62 24 41 12 60 66 42 86 62 75 40 63 
9 29 22 3 15 30 22 70 32 50 49 32 75 32 50 90 18 2 34 16 70 82 9 45 22 80 42 53 15 50 15 55 5 0 57 25 94 6 13 85 96 4 5 26 34 56 64 40 73 51 
72 43 59 73 0 77 22 57 79 73 53 27 14 75 38 100 68 23 55 63 23 48 66 70 84 91 62 82 99 32 6 43 51 57 0 2 71 72 60 93 86 16 5 89 18 0 59 70 32 42 
78 14 83 80 55 91 5 41 62 18 82 70 26 73 3 97 93 28 16 74 66 27 86 62 20 56 86 95 8 64 43 16 71 25 2 0 81 60 34 55 98 5 74 55 15 47 28 97 88 69 
96 69 71 26 23 0 12 61 28 73 55 27 82 79 34 52 36 85 65 0 34 49 7 80 22 44 0 61 79 98 62 92 13 94 71 81 0 88 56 2 81 89 85 37 9 28 31 56 77 35 
91 78 99 28 90 34 48 36 67 81 66 44 91 37 31 72 3 34 43 36 38 60 35 13 98 47 12 49 54 9 26 33 86 6 72 60 88 0 3 48 80 66 31 75 48 93 37 40 19 66 
9 83 81 75 66 90 79 82 60 36 75 88 59 30 26 5 23 60 15 83 61 48 6 34 64 65 99 29 3 24 15 92 62 13 60 34 56 3 0 4 64 84 93 95 22 71 21 74 11 43 
19 25 77 90 67 30 94 64 84 97 91 36 7 10 44 41 62 71 27 57 37 65 34 84 20 16 65 60 50 93 4 26 24 85 93 55 2 48 4 0 7 6 62 25 9 31 68 33 65 83 
8 5 17 5 71 49 6 57 48 34 31 18 40 25 66 96 80 35 47 5 21 38 52 41 58 57 0 62 75 53 82 0 41 96 86 98 81 80 64 7 0 67 99 40 71 62 4 57 18 34 
48 65 69 87 74 52 55 85 19 16 10 18 32 11 13 16 14 89 32 31 24 19 25 94 74 46 96 57 13 93 20 29 12 4 16 5 89 66 84 6 67 0 33 62 28 23 52 25 82 51 
32 9 24 6 42 38 64 41 23 16 89 5 78 27 56 59 51 5 74 4 41 40 55 71 95 77 28 44 63 40 83 97 60 5 5 74 85 31 93 62 99 33 0 10 15 44 69 87 59 55 
24 98 90 10 99 27 2 9 75 52 12 68 14 71 2 30 83 66 85 67 11 46 39 91 3 72 94 61 100 97 97 77 66 26 89 55 37 75 95 25 40 62 10 0 6 50 9 29 53 67 
17 53 35 47 90 17 96 34 33 27 38 49 37 44 9 97 86 8 2 73 64 54 10 1 36 73 39 38 67 44 51 50 42 34 18 15 9 48 22 9 71 28 15 6 0 61 65 56 25 37 
82 52 21 61 42 2 9 57 81 35 76 77 56 51 20 96 45 97 34 2 7 76 18 44 66 1 51 8 24 43 40 31 86 56 0 47 28 93 71 31 62 23 44 50 61 0 11 0 96 5 
98 82 86 96 53 83 7 13 2 87 80 97 67 47 75 20 74 43 39 79 63 80 20 86 38 21 89 20 7 32 76 64 62 64 59 28 31 37 21 68 4 52 69 9 65 11 0 3 54 16 
46 64 10 32 74 38 64 99 43 61 91 66 20 0 57 47 68 81 86 100 69 2 32 33 38 29 67 76 98 64 14 66 75 40 70 97 56 40 74 33 57 25 87 29 56 0 3 0 93 35 
54 82 76 33 88 59 75 81 31 29 64 78 65 11 50 44 55 27 0 25 26 85 45 61 48 73 80 89 40 41 10 7 40 73 32 88 77 19 11 65 18 82 59 53 25 96 54 93 0 70 
89 87 36 50 48 65 45 88 2 64 30 88 35 44 70 60 52 77 78 56 1 98 44 87 24 37 31 5 21 42 58 74 63 51 42 69 35 66 43 83 34 51 55 67 37 5 16 35 70 0 
RBBBBRRBBBBRBBRRBBRRRBBBBRRBBRRRBRRBRBRRRBBRRRBRRB