50
0 32 64 94 51 2 1 74 25 65 58 96 83 5 25 45 85 32 34 36 93 48 85 66 28 75 77 82 41 83 42 89 79 33 7 93 82 32 92 5 85 33 96 98 31 7 5 80 53 76
32 0 50 79 25 38 64 93 46 71 64 66 46 5 72 78 39 74 21 95 68 61 62 12 10 74 57 27 53 67 17 64 80 43 93 94 48 37 77 31 15 41 28 84 26 59 7 2 65 3
64 50 0 91 97 21 90 93 43 45 0 78 61 66 89 49 70 45 40 67 73 88 93 79 67 39 87 55 74 18 43 36 44 14 96 63 73 93 44 47 80 59 0 41 14 73 68 48 38 67
94 79 91 0 85 18 2 10 61 72 32 48 5 89 84 42 78 73 99 30 80 26 76 47 32 12 44 2 46 49 58 27 29 2 45 84 10 80 92 86 91 4 85 63 72 82 7 14 42 56
51 25 97 85 0 74 16 33 14 79 43 18 92 32 5 25 87 85 63 28 31 20 21 66 84 68 65 64 74 78 30 92 15 59 42 44 46 82 33 83 51 57 70 3 41 34 88 99 19 3
2 38 21 18 74 0 51 63 87 87 16 14 16 8 2 74 16 11 57 50 54 38 40 79 11 37 28 44 95 54 89 84 94 72 52 46 94 89 57 17 50 11 15 89 19 0 52 85 56 46
1 64 90 2 16 51 0 87 85 67 29 42 30 83 75 93 63 25 42 16 14 35 40 85 83 3 92 1 53 6 29 33 30 0 50 46 66 67 81 48 60 70 73 4 91 63 35 80 68 42
74 93 93 10 33 63 87 0 38 86 17 58 87 75 60 60 5 75 1 25 83 77 94 85 70 76 30 4 20 23 54 91 44 60 93 22 49 80 97 82 66 19 33 27 75 21 5 15 25 1
25 46 43 61 14 87 85 38 0 46 43 29 73 4 65 83 13 25 78 31 67 52 76 87 77 49 69 85 13 17 39 35 52 87 74 94 51 51 10 21 34 32 66 47 38 22 27 53 50 64
65 71 45 72 79 87 67 86 46 0 30 67 77 32 47 85 57 78 67 12 25 72 44 73 19 55 93 34 28 4 91 32 11 53 19 39 94 89 35 5 77 26 35 19 0 99 16 53 82 53
58 64 0 32 43 16 29 17 43 30 0 14 76 70 33 51 29 6 59 3 92 46 10 32 40 76 91 81 92 25 49 98 64 22 13 95 72 51 68 34 64 41 93 38 76 84 50 48 55 64
96 66 78 48 18 14 42 58 29 67 14 0 36 38 21 76 46 17 70 36 23 66 53 87 58 14 72 27 86 81 18 67 31 13 44 70 18 20 5 33 35 3 87 91 83 83 10 74 85 15
83 46 61 5 92 16 30 87 73 77 76 36 0 89 17 26 22 71 35 55 76 85 27 78 86 33 72 13 78 18 81 50 52 93 9 18 5 6 93 20 55 72 3 74 51 67 7 7 87 84
5 5 66 89 32 8 83 75 4 32 70 38 89 0 92 86 49 51 63 3 55 6 85 72 38 55 68 71 66 60 36 38 96 0 64 62 21 0 77 3 22 61 63 11 22 97 13 99 34 35
25 72 89 84 5 2 75 60 65 47 33 21 17 92 0 6 32 91 67 100 29 69 61 98 54 92 27 51 31 7 89 25 22 12 98 39 38 15 30 61 54 3 99 34 6 65 24 18 4 50
45 78 49 42 25 74 93 60 83 85 51 76 26 86 6 0 30 13 49 43 48 2 62 57 11 78 92 61 67 55 29 70 16 10 60 49 81 88 49 49 77 56 47 3 0 38 87 45 33 11
85 39 70 78 87 16 63 5 13 57 29 46 22 49 32 30 0 78 46 62 14 85 75 4 56 9 100 97 3 87 25 28 47 46 25 64 8 92 69 6 81 72 97 48 60 13 41 27 54 80
32 74 45 73 85 11 25 75 25 78 6 17 71 51 91 13 78 0 22 19 85 51 91 94 47 77 50 89 83 7 6 84 10 3 11 64 84 29 2 62 58 45 16 4 61 88 94 39 32 11
34 21 40 99 63 57 42 1 78 67 59 70 35 63 67 49 46 22 0 2 46 8 10 22 23 63 22 53 33 15 10 69 79 0 82 21 79 73 48 29 85 2 91 48 48 27 6 51 16 18
36 95 67 30 28 50 16 25 31 12 3 36 55 3 100 43 62 19 2 0 80 70 41 48 53 74 16 36 72 76 94 82 33 1 87 4 41 3 89 17 55 2 89 77 42 24 48 23 1 60
93 68 73 80 31 54 14 83 67 25 92 23 76 55 29 48 14 85 46 80 0 71 43 24 40 10 65 65 83 38 97 99 56 73 56 33 33 0 18 53 86 6 98 5 53 52 61 50 81 26
48 61 88 26 20 38 35 77 52 72 46 66 85 6 69 2 85 51 8 70 71 0 59 41 89 33 67 83 21 31 1 29 97 94 19 90 10 9 7 8 14 55 28 36 95 37 71 74 26 83
85 62 93 76 21 40 40 94 76 44 10 53 27 85 61 62 75 91 10 41 43 59 0 52 25 10 68 14 70 73 84 32 19 58 58 54 19 66 33 76 82 11 89 50 13 40 23 58 14 92
66 12 79 47 66 79 85 85 87 73 32 87 78 72 98 57 4 94 22 48 24 41 52 0 28 53 24 15 56 94 6 2 37 82 8 87 50 53 15 59 7 93 76 91 94 53 39 52 92 28
28 10 67 32 84 11 83 70 77 19 40 58 86 38 54 11 56 47 23 53 40 89 25 28 0 66 26 31 28 89 91 90 19 54 62 33 18 89 61 60 57 95 77 64 92 26 3 0 26 4
75 74 39 12 68 37 3 76 49 55 76 14 33 55 92 78 9 77 63 74 10 33 10 53 66 0 12 24 63 17 71 0 97 54 2 22 21 54 83 69 4 71 18 7 31 67 83 67 8 99
77 57 87 44 65 28 92 30 69 93 91 72 72 68 27 92 100 50 22 16 65 67 68 24 26 12 0 3 7 89 36 79 75 77 5 53 17 40 80 69 87 32 5 59 48 1 5 69 73 58
82 27 55 2 64 44 1 4 85 34 81 27 13 71 51 61 97 89 53 36 65 83 14 15 31 24 3 0 54 50 41 67 5 46 84 61 0 92 59 4 37 67 53 3 2 98 30 62 69 8
41 53 74 46 74 95 53 20 13 28 92 86 78 66 31 67 3 83 33 72 83 21 70 56 28 63 7 54 0 92 100 40 92 26 45 62 89 36 83 66 23 85 53 99 64 13 35 6 9 61
83 67 18 49 78 54 6 23 17 4 25 81 18 60 7 55 87 7 15 76 38 31 73 94 89 17 89 50 92 0 68 77 88 11 25 44 44 19 78 26 1 43 9 82 56 64 32 39 16 20
42 17 43 58 30 89 29 54 39 91 49 18 81 36 89 29 25 6 10 94 97 1 84 6 91 71 36 41 100 68 0 37 86 13 97 1 63 24 79 65 18 20 80 94 46 91 47 15 7 26
89 64 36 27 92 84 33 91 35 32 98 67 50 38 25 70 28 84 69 82 99 29 32 2 90 0 79 67 40 77 37 0 86 88 43 15 98 41 55 75 21 15 56 43 90 50 13 2 80 77
79 80 44 29 15 94 30 44 52 11 64 31 52 96 22 16 47 10 79 33 56 97 19 37 19 97 75 5 92 88 86 86 0 23 94 53 32 100 58 19 61 49 56 82 87 6 52 92 76 29
33 43 14 2 59 72 0 60 87 53 22 13 93 0 12 10 46 3 0 1 73 94 58 82 54 54 77 46 26 11 13 88 23 0 62 98 52 57 21 39 16 8 72 70 14 38 25 61 67 46
7 93 96 45 42 52 50 93 74 19 13 44 9 64 98 60 25 11 82 87 56 19 58 8 62 2 5 84 45 25 97 43 94 62 0 29 45 78 76 37 46 24 83 43 77 66 16 48 99 44
93 94 63 84 44 46 46 22 94 39 95 70 18 62 39 49 64 64 21 4 33 90 54 87 33 22 53 61 62 44 1 15 53 98 29 0 78 45 14 73 3 71 42 59 22 44 73 73 72 6
82 48 73 10 46 94 66 49 51 94 72 18 5 21 38 81 8 84 79 41 33 10 19 50 18 21 17 0 89 44 63 98 32 52 45 78 0 4 97 84 88 83 67 99 34 6 32 54 80 36
32 37 93 80 82 89 67 80 51 89 51 20 6 0 15 88 92 29 73 3 0 9 66 53 89 54 40 92 36 19 24 41 100 57 78 45 4 0 77 5 95 79 58 19 75 28 53 66 98 99
92 77 44 92 33 57 81 97 10 35 68 5 93 77 30 49 69 2 48 89 18 7 33 15 61 83 80 59 83 78 79 55 58 21 76 14 97 77 0 65 24 76 3 7 29 94 81 84 65 88
5 31 47 86 83 17 48 82 21 5 34 33 20 3 61 49 6 62 29 17 53 8 76 59 60 69 69 4 66 26 65 75 19 39 37 73 84 5 65 0 76 13 87 18 95 88 0 77 76 100
85 15 80 91 51 50 60 66 34 77 64 35 55 22 54 77 81 58 85 55 86 14 82 7 57 4 87 37 23 1 18 21 61 16 46 3 88 95 24 76 0 95 4 30 8 6 10 89 62 80
33 41 59 4 57 11 70 19 32 26 41 3 72 61 3 56 72 45 2 2 6 55 11 93 95 71 32 67 85 43 20 15 49 8 24 71 83 79 76 13 95 0 60 55 67 17 78 86 7 30
96 28 0 85 70 15 73 33 66 35 93 87 3 63 99 47 97 16 91 89 98 28 89 76 77 18 5 53 53 9 80 56 56 72 83 42 67 58 3 87 4 60 0 43 38 0 45 28 0 95
98 84 41 63 3 89 4 27 47 19 38 91 74 11 34 3 48 4 48 77 5 36 50 91 64 7 59 3 99 82 94 43 82 70 43 59 99 19 7 18 30 55 43 0 84 42 49 61 92 31
31 26 14 72 41 19 91 75 38 0 76 83 51 22 6 0 60 61 48 42 53 95 13 94 92 31 48 2 64 56 46 90 87 14 77 22 34 75 29 95 8 67 38 84 0 8 32 86 27 1
7 59 73 82 34 0 63 21 22 99 84 83 67 97 65 38 13 88 27 24 52 37 40 53 26 67 1 98 13 64 91 50 6 38 66 44 6 28 94 88 6 17 0 42 8 0 71 90 39 91
5 7 68 7 88 52 35 5 27 16 50 10 7 13 24 87 41 94 6 48 61 71 23 39 3 83 5 30 35 32 47 13 52 25 16 73 32 53 81 0 10 78 45 49 32 71 0 12 45 29
80 2 48 14 99 85 80 15 53 53 48 74 7 99 18 45 27 39 51 23 50 74 58 52 0 67 69 62 6 39 15 2 92 61 48 73 54 66 84 77 89 86 28 61 86 90 12 0 76 54
53 65 38 42 19 56 68 25 50 82 55 85 87 34 4 33 54 32 16 1 81 26 14 92 26 8 73 69 9 16 7 80 76 67 99 72 80 98 65 76 62 7 0 92 27 39 45 76 0 42
76 3 67 56 3 46 42 1 64 53 64 15 84 35 50 11 80 11 18 60 26 83 92 28 4 99 58 8 61 20 26 77 29 46 44 6 36 99 88 100 80 30 95 31 1 91 29 54 42 0
RBRBBRBRBRBRRBRBRRRRRBBRBBRBBRBBBRBRBRBRBRBBRRRBRB