50
0 84 38 38 52 81 46 58 9 5 39 97 64 19 1 39 73 47 64 75 92 73 4 72 67 81 69 64 46 87 36 84 8 95 56 88 14 46 4 36 89 74 62 50 99 93 39 82 36 39
84 0 70 49 37 50 29 30 28 22 89 19 27 15 3 52 22 9 45 80 2 36 20 20 31 86 79 24 64 49 30 86 22 1 5 69 0 95 34 98 1 94 80 12 5 11 66 19 68 47
38 70 0 80 33 43 78 95 18 1 77 26 60 91 53 17 51 25 80 51 43 99 13 77 95 30 77 28 3 79 81 29 0 15 100 20 90 28 1 33 98 24 94 84 34 82 63 12 16 48
38 49 80 0 13 35 77 63 58 66 96 4 55 98 7 57 70 98 80 10 82 71 76 85 1 78 78 56 32 21 49 36 82 21 10 18 61 8 89 23 37 70 43 73 80 7 95 63 67 77
52 37 33 13 0 16 17 53 26 85 17 87 38 34 81 19 52 0 85 65 88 21 52 13 33 46 50 65 19 38 51 91 92 29 48 71 68 41 83 60 8 91 90 68 41 68 99 13 9 48
81 50 43 35 16 0 77 89 32 67 15 0 90 95 95 86 62 91 28 94 100 25 71 91 72 86 8 60 57 81 7 70 97 28 17 68 79 97 82 5 44 1 34 19 85 57 21 2 96 75
46 29 78 77 17 77 0 52 41 33 18 95 87 41 73 77 25 8 96 78 50 31 36 23 22 0 4 17 66 69 21 69 89 95 33 75 8 69 9 41 98 76 16 60 69 54 64 89 66 65
58 30 95 63 53 89 52 0 80 35 96 11 87 94 96 10 85 84 29 86 52 73 89 29 8 6 90 90 53 36 82 6 64 90 45 67 46 18 67 90 5 2 4 68 55 96 59 48 57 17
9 28 18 58 26 32 41 80 0 31 6 29 79 66 37 87 66 37 29 80 91 75 92 58 16 15 51 37 81 69 12 84 39 83 41 14 14 16 92 60 35 85 1 24 37 90 34 0 21 32
5 22 1 66 85 67 33 35 31 0 75 38 59 39 11 42 38 57 42 96 15 43 9 5 35 13 71 63 7 11 78 51 56 97 51 69 81 63 98 88 41 23 32 1 55 57 5 49 28 56
39 89 77 96 17 15 18 96 6 75 0 78 87 86 67 15 70 1 44 85 88 24 22 3 93 37 21 52 21 47 67 95 35 41 26 95 17 79 97 90 92 11 92 81 13 95 28 84 53 77
97 19 26 4 87 0 95 11 29 38 78 0 22 89 74 81 54 75 70 1 30 14 97 22 20 69 90 94 81 20 65 52 21 15 65 57 6 96 74 42 68 9 19 62 10 45 89 100 66 23
64 27 60 55 38 90 87 87 79 59 87 22 0 19 14 14 53 10 40 0 28 79 98 27 65 34 45 26 11 37 4 54 28 23 38 81 1 75 31 41 14 4 6 83 52 96 35 44 0 53
19 15 91 98 34 95 41 94 66 39 86 89 19 0 39 17 95 55 14 3 5 81 18 89 94 12 72 75 94 84 29 24 14 39 43 30 61 68 60 7 19 72 62 84 80 71 79 53 86 18
1 3 53 7 81 95 73 96 37 11 67 74 14 39 0 66 65 50 44 89 11 91 47 4 79 15 98 0 80 32 14 30 25 87 34 1 26 91 57 27 41 31 44 44 13 61 71 61 30 95
39 52 17 57 19 86 77 10 87 42 15 81 14 17 66 0 30 40 76 77 79 31 54 69 62 39 27 48 12 17 81 59 57 74 76 91 14 100 31 0 19 67 79 96 71 49 73 44 66 98
73 22 51 70 52 62 25 85 66 38 70 54 53 95 65 30 0 62 81 38 96 20 51 78 95 7 54 12 89 62 31 77 60 37 60 77 17 15 85 60 19 46 89 60 79 44 43 13 76 37
47 9 25 98 0 91 8 84 37 57 1 75 10 55 50 40 62 0 9 6 66 4 86 5 72 57 38 38 78 16 33 18 89 96 41 56 94 77 65 12 77 21 65 90 77 77 3 57 89 52
64 45 80 80 85 28 96 29 29 42 44 70 40 14 44 76 81 9 0 40 52 83 66 31 72 60 67 12 39 15 71 44 32 29 85 74 67 10 50 68 71 60 3 75 14 61 86 7 16 39
75 80 51 10 65 94 78 86 80 96 85 1 0 3 89 77 38 6 40 0 0 94 57 51 35 42 53 84 55 58 23 26 29 78 75 86 39 46 12 99 47 50 19 77 69 98 92 79 79 41
92 2 43 82 88 100 50 52 91 15 88 30 28 5 11 79 96 66 52 0 0 73 68 86 51 45 75 10 14 34 30 18 65 55 18 100 44 70 78 95 97 58 97 36 41 68 45 66 98 47
73 36 99 71 21 25 31 73 75 43 24 14 79 81 91 31 20 4 83 94 73 0 17 34 44 43 75 26 78 36 66 35 13 92 33 100 85 79 24 48 89 70 27 97 1 58 95 26 73 38
4 20 13 76 52 71 36 89 92 9 22 97 98 18 47 54 51 86 66 57 68 17 0 82 42 52 43 98 27 43 68 47 88 95 7 95 87 48 70 90 76 54 65 99 50 47 27 21 91 43
72 20 77 85 13 91 23 29 58 5 3 22 27 89 4 69 78 5 31 51 86 34 82 0 81 69 20 74 4 34 25 45 82 78 10 78 97 18 63 53 75 52 66 31 94 80 56 88 28 1
67 31 95 1 33 72 22 8 16 35 93 20 65 94 79 62 95 72 72 35 51 44 42 81 0 47 77 19 59 16 71 75 16 28 47 59 58 63 46 77 76 53 9 0 29 48 25 79 80 17
81 86 30 78 46 86 0 6 15 13 37 69 34 12 15 39 7 57 60 42 45 43 52 69 47 0 21 68 49 98 76 58 37 53 98 89 4 22 37 10 31 35 49 91 54 16 36 60 23 36
69 79 77 78 50 8 4 90 51 71 21 90 45 72 98 27 54 38 67 53 75 75 43 20 77 21 0 54 95 94 57 33 1 21 16 48 79 50 69 99 19 50 99 48 22 79 20 28 58 2
64 24 28 56 65 60 17 90 37 63 52 94 26 75 0 48 12 38 12 84 10 26 98 74 19 68 54 0 100 12 24 60 87 19 58 58 25 61 83 36 33 59 80 3 100 49 90 27 31 62
46 64 3 32 19 57 66 53 81 7 21 81 11 94 80 12 89 78 39 55 14 78 27 4 59 49 95 100 0 78 38 74 91 51 11 53 34 3 61 72 6 12 75 16 66 69 31 52 55 75
87 49 79 21 38 81 69 36 69 11 47 20 37 84 32 17 62 16 15 58 34 36 43 34 16 98 94 12 78 0 23 15 61 79 67 12 65 30 18 99 55 16 57 97 45 29 19 32 18 77
36 30 81 49 51 7 21 82 12 78 67 65 4 29 14 81 31 33 71 23 30 66 68 25 71 76 57 24 38 23 0 75 9 79 45 55 65 29 13 23 62 26 6 75 79 66 75 32 77 4
84 86 29 36 91 70 69 6 84 51 95 52 54 24 30 59 77 18 44 26 18 35 47 45 75 58 33 60 74 15 75 0 53 39 86 32 84 5 11 94 62 38 37 22 48 32 90 29 15 54
8 22 0 82 92 97 89 64 39 56 35 21 28 14 25 57 60 89 32 29 65 13 88 82 16 37 1 87 91 61 9 53 0 27 76 74 86 67 3 52 4 7 7 55 53 13 9 42 84 27
95 1 15 21 29 28 95 90 83 97 41 15 23 39 87 74 37 96 29 78 55 92 95 78 28 53 21 19 51 79 79 39 27 0 52 94 46 56 35 99 32 75 41 64 74 65 1 8 70 54
56 5 100 10 48 17 33 45 41 51 26 65 38 43 34 76 60 41 85 75 18 33 7 10 47 98 16 58 11 67 45 86 76 52 0 32 89 6 41 61 6 25 49 8 26 28 69 84 35 62
88 69 20 18 71 68 75 67 14 69 95 57 81 30 1 91 77 56 74 86 100 100 95 78 59 89 48 58 53 12 55 32 74 94 32 0 29 67 67 63 17 12 39 43 95 62 23 67 1 36
14 0 90 61 68 79 8 46 14 81 17 6 1 61 26 14 17 94 67 39 44 85 87 97 58 4 79 25 34 65 65 84 86 46 89 29 0 39 59 55 80 95 50 20 95 39 74 47 64 15
46 95 28 8 41 97 69 18 16 63 79 96 75 68 91 100 15 77 10 46 70 79 48 18 63 22 50 61 3 30 29 5 67 56 6 67 39 0 39 44 53 86 73 15 1 81 90 25 98 51
4 34 1 89 83 82 9 67 92 98 97 74 31 60 57 31 85 65 50 12 78 24 70 63 46 37 69 83 61 18 13 11 3 35 41 67 59 39 0 23 9 6 63 51 18 46 47 68 95 25
36 98 33 23 60 5 41 90 60 88 90 42 41 7 27 0 60 12 68 99 95 48 90 53 77 10 99 36 72 99 23 94 52 99 61 63 55 44 23 0 23 13 68 62 5 81 49 48 4 52
89 1 98 37 8 44 98 5 35 41 92 68 14 19 41 19 19 77 71 47 97 89 76 75 76 31 19 33 6 55 62 62 4 32 6 17 80 53 9 23 0 60 28 75 73 43 66 63 12 74
74 94 24 70 91 1 76 2 85 23 11 9 4 72 31 67 46 21 60 50 58 70 54 52 53 35 50 59 12 16 26 38 7 75 25 12 95 86 6 13 60 0 65 84 4 35 43 39 38 41
62 80 94 43 90 34 16 4 1 32 92 19 6 62 44 79 89 65 3 19 97 27 65 66 9 49 99 80 75 57 6 37 7 41 49 39 50 73 63 68 28 65 0 52 13 91 14 57 17 57
50 12 84 73 68 19 60 68 24 1 81 62 83 84 44 96 60 90 75 77 36 97 99 31 0 91 48 3 16 97 75 22 55 64 8 43 20 15 51 62 75 84 52 0 16 80 29 31 1 51
99 5 34 80 41 85 69 55 37 55 13 10 52 80 13 71 79 77 14 69 41 1 50 94 29 54 22 100 66 45 79 48 53 74 26 95 95 1 18 5 73 4 13 16 0 57 96 12 35 3
93 11 82 7 68 57 54 96 90 57 95 45 96 71 61 49 44 77 61 98 68 58 47 80 48 16 79 49 69 29 66 32 13 65 28 62 39 81 46 81 43 35 91 80 57 0 36 52 36 1
39 66 63 95 99 21 64 59 34 5 28 89 35 79 71 73 43 3 86 92 45 95 27 56 25 36 20 90 31 19 75 90 9 1 69 23 74 90 47 49 66 43 14 29 96 36 0 6 67 40
82 19 12 63 13 2 89 48 0 49 84 100 44 53 61 44 13 57 7 79 66 26 21 88 79 60 28 27 52 32 32 29 42 8 84 67 47 25 68 48 63 39 57 31 12 52 6 0 9 86
36 68 16 67 9 96 66 57 21 28 53 66 0 86 30 66 76 89 16 79 98 73 91 28 80 23 58 31 55 18 77 15 84 70 35 1 64 98 95 4 12 38 17 1 35 36 67 9 0 28
39 47 48 77 48 75 65 17 32 56 77 23 53 18 95 98 37 52 39 41 47 38 43 1 17 36 2 62 75 77 4 54 27 54 62 36 15 51 25 52 74 41 57 51 3 1 40 86 28 0
BRBBBBRBBBBBRRBBBBRBBRBRRRRBBRRRRBBRBRRBRRRBRBRRRR