50
0 24 20 22 25 13 85 78 11 64 8 4 32 19 45 28 15 54 91 7 15 14 8 16 78 77 60 33 80 8 93 39 65 91 57 31 63 0 94 24 37 65 66 56 14 73 70 41 73 14
24 0 15 27 72 64 86 53 29 62 58 12 88 43 72 83 12 87 8 81 42 75 79 98 58 78 34 77 33 34 47 82 34 48 77 94 91 69 1 69 3 14 82 38 6 58 52 41 42 53
20 15 0 83 42 60 38 0 87 7 79 2 39 41 1 18 69 18 68 92 32 82 27 32 76 58 99 65 10 91 56 92 17 92 24 85 60 20 82 88 73 88 12 97 46 83 74 52 81 2
22 27 83 0 55 4 73 32 10 45 68 35 90 10 92 100 75 83 79 53 72 9 38 45 30 76 48 41 21 52 32 26 60 84 49 77 67 100 60 44 68 18 61 36 95 92 3 33 44 19
25 72 42 55 0 84 53 6 12 69 55 1 46 100 75 47 14 3 8 57 97 68 3 82 56 75 97 12 74 0 98 51 1 11 93 9 12 70 22 30 44 71 45 48 13 72 50 30 29 74
13 64 60 4 84 0 95 6 67 43 58 95 88 55 43 52 16 36 20 84 0 35 8 54 63 4 45 79 86 73 23 45 24 88 55 3 27 93 12 43 95 78 53 15 48 88 93 44 18 92
85 86 38 73 53 95 0 85 96 9 28 14 58 54 37 51 81 75 88 68 66 54 15 75 96 22 35 29 13 65 14 40 1 12 6 62 80 98 23 89 13 77 37 74 49 92 38 5 21 31
78 53 0 32 6 6 85 0 68 15 28 80 45 8 45 24 8 42 63 18 47 6 95 96 51 57 54 41 18 98 57 62 47 89 4 68 72 31 48 92 78 10 33 78 27 2 66 44 4 80
11 29 87 10 12 67 96 68 0 62 46 87 5 23 100 23 1 76 4 46 71 5 37 60 98 73 60 25 23 48 6 6 53 35 40 52 6 66 84 83 65 85 55 84 58 7 85 53 30 12
64 62 7 45 69 43 9 15 62 0 75 22 30 23 70 0 31 54 21 5 99 49 12 84 68 38 82 67 68 53 25 57 86 36 29 51 46 7 52 23 24 3 5 98 86 40 33 9 37 40
8 58 79 68 55 58 28 28 46 75 0 3 18 24 46 25 20 28 51 69 21 43 67 39 95 78 57 88 62 94 45 15 38 72 51 48 12 93 59 38 21 97 71 22 47 79 77 49 61 70
4 12 2 35 1 95 14 80 87 22 3 0 6 0 54 33 61 25 84 92 20 41 77 94 83 93 9 92 30 5 90 71 11 52 22 95 27 91 59 57 43 8 95 89 19 47 46 20 87 24
32 88 39 90 46 88 58 45 5 30 18 6 0 46 26 31 53 8 10 78 94 51 76 21 0 51 63 11 42 94 44 16 38 51 83 48 83 67 96 25 60 96 43 21 11 39 78 26 6 5
19 43 41 10 100 55 54 8 23 23 24 0 46 0 81 13 62 71 63 71 52 92 62 96 3 91 24 13 55 73 81 90 1 48 30 23 87 64 6 50 71 51 18 28 52 99 45 10 72 68
45 72 1 92 75 43 37 45 100 70 46 54 26 81 0 73 50 19 17 81 34 63 44 21 56 78 46 26 72 68 98 52 70 2 23 90 29 55 49 78 10 16 48 51 57 34 46 9 38 88
28 83 18 100 47 52 51 24 23 0 25 33 31 13 73 0 20 12 44 56 74 13 13 82 83 44 77 67 95 59 14 96 24 77 32 54 78 33 67 33 83 100 22 58 78 68 21 95 82 21
15 12 69 75 14 16 81 8 1 31 20 61 53 62 50 20 0 47 89 53 36 34 42 35 42 69 1 57 73 76 81 69 45 33 62 92 80 90 95 24 41 39 57 81 13 90 3 97 22 43
54 87 18 83 3 36 75 42 76 54 28 25 8 71 19 12 47 0 74 15 1 92 78 33 85 40 16 87 38 98 85 78 32 31 12 39 71 20 93 56 60 86 60 44 36 70 45 4 46 53
91 8 68 79 8 20 88 63 4 21 51 84 10 63 17 44 89 74 0 2 58 84 89 76 41 61 76 100 71 54 64 83 78 20 66 72 63 50 97 83 45 38 49 7 99 92 25 1 85 22
7 81 92 53 57 84 68 18 46 5 69 92 78 71 81 56 53 15 2 0 59 32 77 77 23 38 27 54 59 12 28 92 75 77 34 26 70 21 27 28 94 49 15 52 94 68 28 64 35 43
15 42 32 72 97 0 66 47 71 99 21 20 94 52 34 74 36 1 58 59 0 1 44 79 76 31 79 9 22 19 18 73 32 33 94 72 18 80 2 23 79 2 19 38 31 37 69 73 9 3
14 75 82 9 68 35 54 6 5 49 43 41 51 92 63 13 34 92 84 32 1 0 65 33 18 72 98 90 85 13 43 62 20 10 2 6 25 66 62 93 4 39 73 32 95 93 48 53 3 45
8 79 27 38 3 8 15 95 37 12 67 77 76 62 44 13 42 78 89 77 44 65 0 96 57 74 39 62 22 72 71 94 3 41 70 5 42 44 44 3 29 50 62 19 49 71 28 81 47 55
16 98 32 45 82 54 75 96 60 84 39 94 21 96 21 82 35 33 76 77 79 33 96 0 55 11 4 70 42 4 53 19 80 13 94 4 67 12 17 87 77 45 8 76 47 46 92 91 52 37
78 58 76 30 56 63 96 51 98 68 95 83 0 3 56 83 42 85 41 23 76 18 57 55 0 56 14 93 29 21 52 71 49 36 57 82 100 47 48 95 64 35 70 98 36 25 10 81 23 44
77 78 58 76 75 4 22 57 73 38 78 93 51 91 78 44 69 40 61 38 31 72 74 11 56 0 19 80 43 26 15 38 88 95 63 20 47 39 16 15 8 8 45 32 33 63 25 2 5 3
60 34 99 48 97 45 35 54 60 82 57 9 63 24 46 77 1 16 76 27 79 98 39 4 14 19 0 95 34 53 66 95 55 79 32 56 45 96 85 66 40 94 12 57 48 28 43 13 47 90
33 77 65 41 12 79 29 41 25 67 88 92 11 13 26 67 57 87 100 54 9 90 62 70 93 80 95 0 55 65 35 6 22 69 5 36 66 90 66 51 30 35 39 35 37 48 40 80 18 74
80 33 10 21 74 86 13 18 23 68 62 30 42 55 72 95 73 38 71 59 22 85 22 42 29 43 34 55 0 40 92 63 9 52 45 59 47 19 40 12 57 46 8 100 34 45 67 84 94 68
8 34 91 52 0 73 65 98 48 53 94 5 94 73 68 59 76 98 54 12 19 13 72 4 21 26 53 65 40 0 28 75 49 40 91 73 1 49 90 53 85 24 33 0 43 58 60 96 23 32
93 47 56 32 98 23 14 57 6 25 45 90 44 81 98 14 81 85 64 28 18 43 71 53 52 15 66 35 92 28 0 21 78 59 73 33 59 98 61 72 24 3 0 99 65 24 97 29 37 44
39 82 92 26 51 45 40 62 6 57 15 71 16 90 52 96 69 78 83 92 73 62 94 19 71 38 95 6 63 75 21 0 64 23 72 24 20 6 91 17 78 11 91 46 15 13 23 85 44 70
65 34 17 60 1 24 1 47 53 86 38 11 38 1 70 24 45 32 78 75 32 20 3 80 49 88 55 22 9 49 78 64 0 35 53 79 80 4 24 2 79 94 43 49 29 48 58 95 61 84
91 48 92 84 11 88 12 89 35 36 72 52 51 48 2 77 33 31 20 77 33 10 41 13 36 95 79 69 52 40 59 23 35 0 93 11 66 61 7 88 62 60 17 19 63 60 94 81 89 25
57 77 24 49 93 55 6 4 40 29 51 22 83 30 23 32 62 12 66 34 94 2 70 94 57 63 32 5 45 91 73 72 53 93 0 5 14 93 1 57 48 56 21 36 43 5 34 23 71 33
31 94 85 77 9 3 62 68 52 51 48 95 48 23 90 54 92 39 72 26 72 6 5 4 82 20 56 36 59 73 33 24 79 11 5 0 86 93 6 78 78 54 11 37 37 77 90 23 79 72
63 91 60 67 12 27 80 72 6 46 12 27 83 87 29 78 80 71 63 70 18 25 42 67 100 47 45 66 47 1 59 20 80 66 14 86 0 78 62 77 94 42 33 79 31 81 77 11 86 6
0 69 20 100 70 93 98 31 66 7 93 91 67 64 55 33 90 20 50 21 80 66 44 12 47 39 96 90 19 49 98 6 4 61 93 93 78 0 43 20 80 29 98 24 20 38 82 100 30 38
94 1 82 60 22 12 23 48 84 52 59 59 96 6 49 67 95 93 97 27 2 62 44 17 48 16 85 66 40 90 61 91 24 7 1 6 62 43 0 85 71 54 92 77 24 0 97 21 3 81
24 69 88 44 30 43 89 92 83 23 38 57 25 50 78 33 24 56 83 28 23 93 3 87 95 15 66 51 12 53 72 17 2 88 57 78 77 20 85 0 3 62 25 62 46 17 57 64 87 2
37 3 73 68 44 95 13 78 65 24 21 43 60 71 10 83 41 60 45 94 79 4 29 77 64 8 40 30 57 85 24 78 79 62 48 78 94 80 71 3 0 4 23 64 73 64 78 99 81 48
65 14 88 18 71 78 77 10 85 3 97 8 96 51 16 100 39 86 38 49 2 39 50 45 35 8 94 35 46 24 3 11 94 60 56 54 42 29 54 62 4 0 71 42 25 4 42 7 44 22
66 82 12 61 45 53 37 33 55 5 71 95 43 18 48 22 57 60 49 15 19 73 62 8 70 45 12 39 8 33 0 91 43 17 21 11 33 98 92 25 23 71 0 16 10 76 69 52 3 29
56 38 97 36 48 15 74 78 84 98 22 89 21 28 51 58 81 44 7 52 38 32 19 76 98 32 57 35 100 0 99 46 49 19 36 37 79 24 77 62 64 42 16 0 94 60 35 80 60 58
14 6 46 95 13 48 49 27 58 86 47 19 11 52 57 78 13 36 99 94 31 95 49 47 36 33 48 37 34 43 65 15 29 63 43 37 31 20 24 46 73 25 10 94 0 19 62 88 52 24
73 58 83 92 72 88 92 2 7 40 79 47 39 99 34 68 90 70 92 68 37 93 71 46 25 63 28 48 45 58 24 13 48 60 5 77 81 38 0 17 64 4 76 60 19 0 67 27 68 22
70 52 74 3 50 93 38 66 85 33 77 46 78 45 46 21 3 45 25 28 69 48 28 92 10 25 43 40 67 60 97 23 58 94 34 90 77 82 97 57 78 42 69 35 62 67 0 86 97 46
41 41 52 33 30 44 5 44 53 9 49 20 26 10 9 95 97 4 1 64 73 53 81 91 81 2 13 80 84 96 29 85 95 81 23 23 11 100 21 64 99 7 52 80 88 27 86 0 74 45
73 42 81 44 29 18 21 4 30 37 61 87 6 72 38 82 22 46 85 35 9 3 47 52 23 5 47 18 94 23 37 44 61 89 71 79 86 30 3 87 81 44 3 60 52 68 97 74 0 80
14 53 2 19 74 92 31 80 12 40 70 24 5 68 88 21 43 53 22 43 3 45 55 37 44 3 90 74 68 32 44 70 84 25 33 72 6 38 81 2 48 22 29 58 24 22 46 45 80 0
BRRRBRRBBBRRRBBRBRBRBRBRRRRRBBRBRRRBBBRBRRRBBBBBBB