50 
0 93 36 58 10 38 21 43 89 93 77 48 99 89 3 17 77 55 66 51 79 90 66 20 44 75 39 52 8 2 36 31 54 37 96 80 57 69 24 58 2 41 7 83 38 47 59 88 81 44 
93 0 14 56 20 39 17 46 29 94 69 32 98 25 94 85 56 25 82 27 12 65 9 76 13 39 32 44 20 95 39 83 94 13 43 15 31 16 15 40 20 64 19 73 100 62 78 35 49 48 
36 14 0 95 32 28 4 8 94 33 76 83 90 85 98 39 58 28 41 35 23 76 99 4 5 95 84 90 42 2 19 21 20 52 6 60 40 99 88 97 54 56 29 98 6 33 64 96 46 88 
58 56 95 0 60 59 36 42 17 9 4 66 12 96 59 5 68 50 54 76 87 25 33 30 17 9 69 59 18 5 22 31 48 100 19 93 64 45 13 79 13 13 37 63 24 39 15 14 32 79 
10 20 32 60 0 69 84 88 16 40 4 39 57 46 58 8 58 85 45 9 14 74 73 43 63 87 58 27 37 83 40 45 59 31 51 52 2 71 16 83 80 86 14 66 23 1 60 90 70 76 
38 39 28 59 69 0 51 17 38 52 41 11 55 26 49 31 79 36 87 74 89 22 85 54 58 71 42 98 70 39 44 78 75 41 32 5 41 77 78 50 93 30 11 31 20 62 77 92 68 72 
21 17 4 36 84 51 0 70 87 24 95 75 75 56 83 39 30 41 37 89 15 4 13 29 7 48 40 80 57 96 89 76 63 3 25 95 68 5 70 57 5 18 4 54 63 33 70 91 13 72 
43 46 8 42 88 17 70 0 96 91 64 47 54 93 37 77 41 87 43 91 80 15 83 70 19 82 100 28 38 98 2 57 4 85 19 60 98 53 68 17 64 98 47 73 3 71 42 53 99 53 
89 29 94 17 16 38 87 96 0 45 17 1 70 8 8 63 92 19 54 23 64 68 73 46 62 86 34 42 45 91 31 10 52 9 17 43 53 100 83 36 27 56 20 57 23 84 77 28 36 68 
93 94 33 9 40 52 24 91 45 0 65 94 60 54 98 77 1 57 91 31 27 78 51 18 40 65 32 65 6 60 8 7 43 16 60 88 36 70 53 34 78 29 44 7 60 17 9 13 39 4 
77 69 76 4 4 41 95 64 17 65 0 66 51 7 61 87 73 82 5 31 98 29 100 94 39 84 55 19 36 9 40 25 40 14 95 23 25 44 29 55 55 24 54 11 52 87 39 58 97 93 
48 32 83 66 39 11 75 47 1 94 66 0 16 43 95 19 91 23 84 9 66 81 35 22 9 16 50 59 6 13 16 77 91 97 50 97 79 91 37 29 8 56 58 99 53 29 37 2 78 52 
99 98 90 12 57 55 75 54 70 60 51 16 0 33 34 54 61 47 16 54 31 36 76 8 48 5 40 24 90 5 30 8 81 56 64 66 6 62 42 68 100 43 74 4 1 65 4 9 27 17 
89 25 85 96 46 26 56 93 8 54 7 43 33 0 60 18 8 28 12 58 99 97 46 4 29 80 3 97 52 72 1 5 76 70 89 56 32 38 62 10 23 68 91 31 73 58 63 3 12 94 
3 94 98 59 58 49 83 37 8 98 61 95 34 60 0 6 34 29 36 73 13 73 3 77 12 51 4 74 43 15 93 58 65 62 51 9 37 7 66 58 10 59 46 23 54 91 2 57 78 26 
17 85 39 5 8 31 39 77 63 77 87 19 54 18 6 0 47 36 83 7 35 61 89 47 12 37 47 91 69 11 21 7 18 18 41 56 71 27 50 21 32 12 98 10 47 9 52 14 37 9 
77 56 58 68 58 79 30 41 92 1 73 91 61 8 34 47 0 8 17 49 27 59 38 78 26 76 33 74 10 47 91 63 87 43 79 53 63 78 27 35 29 44 2 6 2 66 89 30 89 19 
55 25 28 50 85 36 41 87 19 57 82 23 47 28 29 36 8 0 75 34 58 3 63 4 49 5 92 49 95 17 52 98 25 65 15 7 65 19 13 50 54 25 78 67 4 38 45 34 21 8 
66 82 41 54 45 87 37 43 54 91 5 84 16 12 36 83 17 75 0 87 97 84 89 27 22 78 53 64 32 34 41 34 91 2 12 3 47 17 72 87 29 80 56 5 12 98 55 14 71 54 
51 27 35 76 9 74 89 91 23 31 31 9 54 58 73 7 49 34 87 0 43 100 75 77 68 32 17 92 51 63 46 40 87 12 59 71 1 89 11 65 53 3 30 10 88 85 51 75 22 34 
79 12 23 87 14 89 15 80 64 27 98 66 31 99 13 35 27 58 97 43 0 56 67 63 57 46 34 30 79 80 34 48 69 92 77 11 44 31 98 89 93 66 18 55 19 67 9 2 35 65 
90 65 76 25 74 22 4 15 68 78 29 81 36 97 73 61 59 3 84 100 56 0 9 87 36 7 58 4 91 82 59 21 13 82 60 10 82 90 59 42 75 95 57 25 31 84 62 2 97 24 
66 9 99 33 73 85 13 83 73 51 100 35 76 46 3 89 38 63 89 75 67 9 0 7 68 9 94 12 86 56 92 47 62 38 99 44 100 56 42 14 54 18 35 34 99 99 59 3 24 83 
20 76 4 30 43 54 29 70 46 18 94 22 8 4 77 47 78 4 27 77 63 87 7 0 24 56 41 96 7 53 22 73 21 49 21 70 48 57 50 55 99 42 58 87 28 58 45 23 2 56 
44 13 5 17 63 58 7 19 62 40 39 9 48 29 12 12 26 49 22 68 57 36 68 24 0 14 82 63 75 95 60 35 3 58 64 40 56 100 50 48 43 77 76 65 95 56 10 52 84 87 
75 39 95 9 87 71 48 82 86 65 84 16 5 80 51 37 76 5 78 32 46 7 9 56 14 0 81 27 95 7 44 2 57 35 60 92 94 39 92 27 69 100 75 85 91 84 68 75 82 10 
39 32 84 69 58 42 40 100 34 32 55 50 40 3 4 47 33 92 53 17 34 58 94 41 82 81 0 81 68 19 89 37 24 45 52 75 27 7 26 43 17 71 16 49 1 85 22 52 77 22 
52 44 90 59 27 98 80 28 42 65 19 59 24 97 74 91 74 49 64 92 30 4 12 96 63 27 81 0 23 95 14 93 64 2 13 56 45 55 26 94 33 42 82 60 48 2 74 99 84 14 
8 20 42 18 37 70 57 38 45 6 36 6 90 52 43 69 10 95 32 51 79 91 86 7 75 95 68 23 0 85 96 21 37 28 45 44 9 99 99 93 70 99 42 47 48 95 6 74 63 70 
2 95 2 5 83 39 96 98 91 60 9 13 5 72 15 11 47 17 34 63 80 82 56 53 95 7 19 95 85 0 21 75 27 77 87 16 74 63 63 3 53 1 61 3 4 16 100 33 63 73 
36 39 19 22 40 44 89 2 31 8 40 16 30 1 93 21 91 52 41 46 34 59 92 22 60 44 89 14 96 21 0 69 99 37 60 14 88 73 54 68 51 99 26 63 19 13 79 47 17 94 
31 83 21 31 45 78 76 57 10 7 25 77 8 5 58 7 63 98 34 40 48 21 47 73 35 2 37 93 21 75 69 0 60 96 4 6 22 16 12 84 7 82 68 10 74 19 85 65 46 51 
54 94 20 48 59 75 63 4 52 43 40 91 81 76 65 18 87 25 91 87 69 13 62 21 3 57 24 64 37 27 99 60 0 72 7 78 25 20 46 4 33 93 20 60 35 47 20 72 34 63 
37 13 52 100 31 41 3 85 9 16 14 97 56 70 62 18 43 65 2 12 92 82 38 49 58 35 45 2 28 77 37 96 72 0 69 85 47 96 90 34 85 82 16 33 2 31 89 23 51 2 
96 43 6 19 51 32 25 19 17 60 95 50 64 89 51 41 79 15 12 59 77 60 99 21 64 60 52 13 45 87 60 4 7 69 0 35 44 81 76 52 96 37 16 93 59 18 2 38 36 95 
80 15 60 93 52 5 95 60 43 88 23 97 66 56 9 56 53 7 3 71 11 10 44 70 40 92 75 56 44 16 14 6 78 85 35 0 67 29 98 54 96 61 14 29 8 19 83 11 5 99 
57 31 40 64 2 41 68 98 53 36 25 79 6 32 37 71 63 65 47 1 44 82 100 48 56 94 27 45 9 74 88 22 25 47 44 67 0 29 32 24 39 4 67 52 73 57 32 70 3 20 
69 16 99 45 71 77 5 53 100 70 44 91 62 38 7 27 78 19 17 89 31 90 56 57 100 39 7 55 99 63 73 16 20 96 81 29 29 0 96 50 12 6 2 13 17 32 66 47 65 91 
24 15 88 13 16 78 70 68 83 53 29 37 42 62 66 50 27 13 72 11 98 59 42 50 50 92 26 26 99 63 54 12 46 90 76 98 32 96 0 19 96 23 69 19 42 53 50 31 16 62 
58 40 97 79 83 50 57 17 36 34 55 29 68 10 58 21 35 50 87 65 89 42 14 55 48 27 43 94 93 3 68 84 4 34 52 54 24 50 19 0 80 30 63 63 88 1 30 72 31 91 
2 20 54 13 80 93 5 64 27 78 55 8 100 23 10 32 29 54 29 53 93 75 54 99 43 69 17 33 70 53 51 7 33 85 96 96 39 12 96 80 0 44 61 67 95 35 35 35 2 78 
41 64 56 13 86 30 18 98 56 29 24 56 43 68 59 12 44 25 80 3 66 95 18 42 77 100 71 42 99 1 99 82 93 82 37 61 4 6 23 30 44 0 97 11 86 43 89 76 61 74 
7 19 29 37 14 11 4 47 20 44 54 58 74 91 46 98 2 78 56 30 18 57 35 58 76 75 16 82 42 61 26 68 20 16 16 14 67 2 69 63 61 97 0 17 18 60 68 97 78 45 
83 73 98 63 66 31 54 73 57 7 11 99 4 31 23 10 6 67 5 10 55 25 34 87 65 85 49 60 47 3 63 10 60 33 93 29 52 13 19 63 67 11 17 0 4 84 55 78 53 37 
38 100 6 24 23 20 63 3 23 60 52 53 1 73 54 47 2 4 12 88 19 31 99 28 95 91 1 48 48 4 19 74 35 2 59 8 73 17 42 88 95 86 18 4 0 98 92 15 4 80 
47 62 33 39 1 62 33 71 84 17 87 29 65 58 91 9 66 38 98 85 67 84 99 58 56 84 85 2 95 16 13 19 47 31 18 19 57 32 53 1 35 43 60 84 98 0 63 21 12 76 
59 78 64 15 60 77 70 42 77 9 39 37 4 63 2 52 89 45 55 51 9 62 59 45 10 68 22 74 6 100 79 85 20 89 2 83 32 66 50 30 35 89 68 55 92 63 0 100 65 26 
88 35 96 14 90 92 91 53 28 13 58 2 9 3 57 14 30 34 14 75 2 2 3 23 52 75 52 99 74 33 47 65 72 23 38 11 70 47 31 72 35 76 97 78 15 21 100 0 52 43 
81 49 46 32 70 68 13 99 36 39 97 78 27 12 78 37 89 21 71 22 35 97 24 2 84 82 77 84 63 63 17 46 34 51 36 5 3 65 16 31 2 61 78 53 4 12 65 52 0 81 
44 48 88 79 76 72 72 53 68 4 93 52 17 94 26 9 19 8 54 34 65 24 83 56 87 10 22 14 70 73 94 51 63 2 95 99 20 91 62 91 78 74 45 37 80 76 26 43 81 0 
BBRRRBRBRBBRBRRBBRRBRRRBBRRRRBBBBRBBRRBBBRRBRRRBBB