50
0  3  84 95 72 35 32 76 32 95 5  90 62 41 50 72 45 73 91 48 89 84 72 55 99 52 99 31 47 87 59 98 97 35 88 74 1  1  44 62 49 96 32 72 64 61 97 93 45 66 
3  0  46 12 17 2  70 59 86 12 23 94 72 65 71 49 56 66 91 14 24 83 66 27 71 40 15 44 58 21 65 82 54 63 60 24 58 78 53 94 10 57 3  2  7  89 21 46 74 36 
84 46 0  34 59 62 33 85 43 46 38 32 34 90 6  9  12 8  76 38 15 47 26 9  91 14 65 15 65 79 25 85 29 2  12 11 37 96 21 4  44 1  14 25 65 34 36 53 39 41 
95 12 34 0  33 69 45 35 49 21 70 56 88 39 73 94 85 83 75 37 58 55 21 35 13 99 74 15 14 7  16 40 73 31 90 32 68 45 66 42 89 24 77 66 47 80 29 7  50 87 
72 17 59 33 0  15 79 16 16 7  21 4  50 65 72 92 90 98 98 66 91 17 48 8  55 79 17 61 29 47 33 43 82 7  93 15 15 59 91 2  46 87 67 58 40 87 61 49 87 17 
35 2  62 69 15 0  22 25 81 78 32 5  39 86 36 19 82 9  49 6  80 52 40 77 91 76 92 31 20 82 67 26 5  9  12 96 70 82 61 3  66 1  36 30 81 69 91 48 95 70 
32 70 33 45 79 22 0  39 19 41 73 75 55 39 67 71 36 79 64 39 83 58 68 61 70 75 80 81 45 1  2  39 29 83 49 26 34 52 60 14 26 62 26 24 32 44 29 82 40 49 
76 59 85 35 16 25 39 0  46 78 36 82 79 85 62 53 92 68 36 49 24 7  31 74 73 72 43 80 28 28 13 27 77 80 73 55 36 59 62 24 51 21 88 68 28 30 69 18 71 59 
32 86 43 49 16 81 19 46 0  51 76 24 71 51 62 86 70 27 27 24 10 38 57 21 93 34 31 81 83 88 79 71 32 71 59 98 5  5  70 60 40 15 65 13 59 79 69 1  73 49 
95 12 46 21 7  78 41 78 51 0  66 40 50 80 32 29 83 72 51 76 45 23 32 1  78 49 50 98 29 83 87 22 87 81 76 35 3  30 22 4  92 86 25 85 41 34 86 34 77 11 
5  23 38 70 21 32 73 36 76 66 0  17 90 37 57 81 19 81 99 68 34 54 13 42 42 24 88 99 35 77 16 24 78 57 17 62 31 89 6  74 7  30 76 58 46 48 30 11 61 89 
90 94 32 56 4  5  75 82 24 40 17 0  32 35 59 19 82 12 47 79 52 52 99 51 71 32 62 24 61 66 2  24 19 52 27 53 72 60 31 55 10 82 64 91 59 33 48 35 42 63 
62 72 34 88 50 39 55 79 71 50 90 32 0  77 34 50 74 12 47 4  98 63 60 19 44 61 96 96 82 93 40 28 35 65 35 70 76 40 9  44 34 47 25 97 77 57 67 69 71 99 
41 65 90 39 65 86 39 85 51 80 37 35 77 0  48 13 58 43 15 85 44 22 67 94 65 63 4  65 37 70 34 8  68 17 20 9  81 46 39 54 17 37 84 73 44 60 87 28 23 53 
50 71 6  73 72 36 67 62 62 32 57 59 34 48 0  32 33 31 88 90 96 51 29 87 31 50 4  93 12 59 43 59 54 82 59 17 62 49 79 7  1  45 18 22 6  19 33 99 16 4  
72 49 9  94 92 19 71 53 86 29 81 19 50 13 32 0  99 42 79 89 85 65 24 21 93 43 53 35 15 80 5  30 79 95 27 1  91 87 76 18 12 43 72 4  19 53 9  73 71 13 
45 56 12 85 90 82 36 92 70 83 19 82 74 58 33 99 0  11 73 93 95 61 19 64 28 7  75 57 68 34 48 28 84 16 36 81 10 19 62 90 60 92 25 59 77 85 41 14 43 15 
73 66 8  83 98 9  79 68 27 72 81 12 12 43 31 42 11 0  22 60 41 70 74 50 17 60 75 46 71 17 31 97 52 15 3  91 93 70 56 36 46 75 41 14 87 12 55 82 70 27 
91 91 76 75 98 49 64 36 27 51 99 47 47 15 88 79 73 22 0  39 55 65 23 38 55 38 2  42 5  93 23 22 5  98 19 71 27 73 85 14 39 79 58 57 76 54 47 33 48 17 
48 14 38 37 66 6  39 49 24 76 68 79 4  85 90 89 93 60 39 0  74 52 88 25 64 96 17 64 31 76 75 75 90 67 24 3  12 92 6  51 46 94 13 85 97 25 73 7  64 67 
89 24 15 58 91 80 83 24 10 45 34 52 98 44 96 85 95 41 55 74 0  93 89 8  13 4  58 77 68 71 83 93 95 76 35 83 68 20 62 14 3  55 31 10 20 7  4  59 58 54 
84 83 47 55 17 52 58 7  38 23 54 52 63 22 51 65 61 70 65 52 93 0  83 63 98 47 98 61 32 7  21 95 70 45 94 78 65 88 39 45 19 82 63 80 65 63 56 2  98 9  
72 66 26 21 48 40 68 31 57 32 13 99 60 67 29 24 19 74 23 88 89 83 0  51 4  9  53 13 21 83 75 26 64 15 84 84 96 40 32 67 31 84 18 75 28 4  83 31 60 96 
55 27 9  35 8  77 61 74 21 1  42 51 19 94 87 21 64 50 38 25 8  63 51 0  38 45 80 88 89 64 11 74 43 90 28 77 9  87 16 41 34 30 96 98 25 97 88 90 25 57 
99 71 91 13 55 91 70 73 93 78 42 71 44 65 31 93 28 17 55 64 13 98 4  38 0  32 74 10 65 16 10 49 81 75 89 51 87 15 42 18 10 31 29 74 67 23 69 19 61 38 
52 40 14 99 79 76 75 72 34 49 24 32 61 63 50 43 7  60 38 96 4  47 9  45 32 0  33 96 9  18 56 8  25 73 82 47 26 61 90 77 27 9  94 75 79 39 2  95 34 28 
99 15 65 74 17 92 80 43 31 50 88 62 96 4  4  53 75 75 2  17 58 98 53 80 74 33 0  82 26 6  89 62 31 28 44 30 35 74 73 28 29 96 21 68 61 62 75 88 83 91 
31 44 15 15 61 31 81 80 81 98 99 24 96 65 93 35 57 46 42 64 77 61 13 88 10 96 82 0  43 95 43 7  47 39 39 59 57 92 2  82 7  59 61 50 26 45 12 96 79 68 
47 58 65 14 29 20 45 28 83 29 35 61 82 37 12 15 68 71 5  31 68 32 21 89 65 9  26 43 0  25 26 64 56 27 87 50 6  95 50 78 57 97 18 14 53 92 38 56 19 64 
87 21 79 7  47 82 1  28 88 83 77 66 93 70 59 80 34 17 93 76 71 7  83 64 16 18 6  95 25 0  31 68 28 8  43 32 24 92 24 61 97 7  75 28 55 61 38 41 31 7  
59 65 25 16 33 67 2  13 79 87 16 2  40 34 43 5  48 31 23 75 83 21 75 11 10 56 89 43 26 31 0  74 92 49 73 39 60 95 40 43 64 56 8  56 74 78 31 81 59 12 
98 82 85 40 43 26 39 27 71 22 24 24 28 8  59 30 28 97 22 75 93 95 26 74 49 8  62 7  64 68 74 0  81 18 99 84 66 99 91 85 92 89 27 94 64 18 72 91 49 67 
97 54 29 73 82 5  29 77 32 87 78 19 35 68 54 79 84 52 5  90 95 70 64 43 81 25 31 47 56 28 92 81 0  83 69 20 78 31 33 43 13 96 32 89 30 43 37 52 24 98 
35 63 2  31 7  9  83 80 71 81 57 52 65 17 82 95 16 15 98 67 76 45 15 90 75 73 28 39 27 8  49 18 83 0  59 60 5  66 59 89 35 27 4  65 42 89 75 86 40 27 
88 60 12 90 93 12 49 73 59 76 17 27 35 20 59 27 36 3  19 24 35 94 84 28 89 82 44 39 87 43 73 99 69 59 0  78 5  99 39 38 15 40 24 90 16 25 42 17 75 52 
74 24 11 32 15 96 26 55 98 35 62 53 70 9  17 1  81 91 71 3  83 78 84 77 51 47 30 59 50 32 39 84 20 60 78 0  26 19 61 80 53 8  66 3  5  2  87 87 62 48 
1  58 37 68 15 70 34 36 5  3  31 72 76 81 62 91 10 93 27 12 68 65 96 9  87 26 35 57 6  24 60 66 78 5  5  26 0  55 96 21 52 77 69 83 31 10 6  97 77 73 
1  78 96 45 59 82 52 59 5  30 89 60 40 46 49 87 19 70 73 92 20 88 40 87 15 61 74 92 95 92 95 99 31 66 99 19 55 0  53 58 20 87 32 20 95 27 76 83 27 85 
44 53 21 66 91 61 60 62 70 22 6  31 9  39 79 76 62 56 85 6  62 39 32 16 42 90 73 2  50 24 40 91 33 59 39 61 96 53 0  85 29 79 53 30 28 23 47 28 71 22 
62 94 4  42 2  3  14 24 60 4  74 55 44 54 7  18 90 36 14 51 14 45 67 41 18 77 28 82 78 61 43 85 43 89 38 80 21 58 85 0  27 92 5  80 98 19 76 40 1  2  
49 10 44 89 46 66 26 51 40 92 7  10 34 17 1  12 60 46 39 46 3  19 31 34 10 27 29 7  57 97 64 92 13 35 15 53 52 20 29 27 0  27 97 49 34 99 17 28 24 48 
96 57 1  24 87 1  62 21 15 86 30 82 47 37 45 43 92 75 79 94 55 82 84 30 31 9  96 59 97 7  56 89 96 27 40 8  77 87 79 92 27 0  8  12 20 43 98 78 97 90 
32 3  14 77 67 36 26 88 65 25 76 64 25 84 18 72 25 41 58 13 31 63 18 96 29 94 21 61 18 75 8  27 32 4  24 66 69 32 53 5  97 8  0  11 92 52 33 51 86 36 
72 2  25 66 58 30 24 68 13 85 58 91 97 73 22 4  59 14 57 85 10 80 75 98 74 75 68 50 14 28 56 94 89 65 90 3  83 20 30 80 49 12 11 0  59 93 45 9  22 9  
64 7  65 47 40 81 32 28 59 41 46 59 77 44 6  19 77 87 76 97 20 65 28 25 67 79 61 26 53 55 74 64 30 42 16 5  31 95 28 98 34 20 92 59 0  42 19 23 48 96 
61 89 34 80 87 69 44 30 79 34 48 33 57 60 19 53 85 12 54 25 7  63 4  97 23 39 62 45 92 61 78 18 43 89 25 2  10 27 23 19 99 43 52 93 42 0  74 19 26 91 
97 21 36 29 61 91 29 69 69 86 30 48 67 87 33 9  41 55 47 73 4  56 83 88 69 2  75 12 38 38 31 72 37 75 42 87 6  76 47 76 17 98 33 45 19 74 0  41 89 91 
93 46 53 7  49 48 82 18 1  34 11 35 69 28 99 73 14 82 33 7  59 2  31 90 19 95 88 96 56 41 81 91 52 86 17 87 97 83 28 40 28 78 51 9  23 19 41 0  4  73 
45 74 39 50 87 95 40 71 73 77 61 42 71 23 16 71 43 70 48 64 58 98 60 25 61 34 83 79 19 31 59 49 24 40 75 62 77 27 71 1  24 97 86 22 48 26 89 4  0  15 
66 36 41 87 17 70 49 59 49 11 89 63 99 53 4  13 15 27 17 67 54 9  96 57 38 28 91 68 64 7  12 67 98 27 52 48 73 85 22 2  48 90 36 9  96 91 91 73 15 0  
RBBRBRRBBBBRRRBRBBBBRRBRRRRBBRBRBBRBRRRBRBBBRRBBRR