50
0  67  76  44  54  11  15  19  58  78  90  52  47  8  48  80  31  60  41  56  40  57  10  99  17  91  88  89  44  24  38  25  43  66  21  97  78  36  17  36  67  59  40  14  68  88  46  51  1  88 
67  0  7  93  97  70  93  14  61  33  56  57  10  46  82  53  12  55  51  42  91  20  30  58  79  70  24  99  11  23  51  64  63  10  9  60  32  54  74  93  88  82  2  98  28  36  51  41  91  54 
76  7  0  83  83  74  14  93  6  36  18  5  99  93  8  63  56  19  25  16  51  79  42  97  67  25  51  17  5  88  69  98  79  75  34  14  50  0  60  56  36  78  13  88  23  22  3  79  93  28 
44  93  83  0  47  96  8  89  93  27  66  97  45  72  85  66  22  16  41  56  83  43  56  43  99  45  73  13  33  96  87  36  75  80  65  22  76  25  63  22  4  82  19  1  6  56  19  28  24  13 
54  97  83  47  0  85  7  56  41  2  8  86  75  21  71  71  60  8  98  40  25  72  16  2  88  90  58  70  61  60  76  17  31  4  42  44  41  1  53  83  4  61  21  79  34  93  3  94  53  53 
11  70  74  96  85  0  34  78  26  2  80  14  45  90  36  6  50  12  24  34  68  18  78  10  19  31  45  23  44  18  55  78  11  10  72  64  63  58  94  41  13  26  7  58  17  43  16  19  7  40 
15  93  14  8  7  34  0  53  76  10  32  38  82  15  35  57  60  53  12  90  65  74  15  81  38  73  76  79  38  2  87  96  71  82  65  91  90  57  44  18  68  76  56  50  44  43  7  56  96  72 
19  14  93  89  56  78  53  0  46  13  46  61  47  36  87  23  68  25  77  55  74  49  89  39  40  79  96  84  97  16  13  5  66  57  48  26  13  97  50  11  10  48  73  57  85  60  32  5  37  10 
58  61  6  93  41  26  76  46  0  12  11  11  1  2  3  81  99  39  30  15  52  36  34  61  36  12  26  33  62  38  44  62  63  53  99  23  86  4  12  48  16  24  11  18  26  14  99  77  53  29 
78  33  36  27  2  2  10  13  12  0  45  58  17  79  19  54  91  98  87  5  36  83  19  99  89  19  74  27  23  86  75  92  62  38  10  41  52  61  18  57  42  63  15  12  94  87  66  37  85  5 
90  56  18  66  8  80  32  46  11  45  0  94  21  41  14  72  30  33  98  57  8  36  84  0  99  22  62  40  26  23  10  83  18  74  99  30  20  86  96  58  23  53  52  44  46  18  68  76  51  66 
52  57  5  97  86  14  38  61  11  58  94  0  85  12  54  21  12  53  95  75  45  73  50  56  57  68  82  8  50  2  46  46  12  69  52  17  65  98  35  85  27  87  3  64  51  57  38  63  63  85 
47  10  99  45  75  45  82  47  1  17  21  85  0  90  8  59  93  16  68  13  98  28  64  53  74  62  17  95  14  34  12  65  70  49  44  9  52  8  60  9  46  75  24  84  18  33  43  63  1  11 
8  46  93  72  21  90  15  36  2  79  41  12  90  0  76  52  39  40  5  65  3  74  12  69  9  76  86  31  25  30  40  77  39  52  38  37  79  63  21  97  48  16  60  49  27  89  1  18  29  58 
48  82  8  85  71  36  35  87  3  19  14  54  8  76  0  83  84  33  47  6  94  23  92  25  48  75  17  77  66  69  16  3  0  31  77  50  79  93  62  80  73  51  34  91  33  92  27  69  77  74 
80  53  63  66  71  6  57  23  81  54  72  21  59  52  83  0  27  71  50  72  96  98  47  65  76  13  86  44  68  87  75  97  37  6  91  99  86  16  3  20  59  36  65  86  57  42  13  85  66  63 
31  12  56  22  60  50  60  68  99  91  30  12  93  39  84  27  0  57  14  13  56  80  89  69  66  85  89  5  60  87  42  66  78  94  5  46  49  77  5  37  94  92  94  89  57  31  55  20  40  69 
60  55  19  16  8  12  53  25  39  98  33  53  16  40  33  71  57  0  85  96  1  75  65  20  60  55  25  73  42  20  91  72  66  48  18  15  26  75  52  72  19  98  61  76  30  16  48  70  38  34 
41  51  25  41  98  24  12  77  30  87  98  95  68  5  47  50  14  85  0  67  91  61  84  11  21  91  37  46  85  57  38  57  23  86  27  90  64  3  42  89  22  92  50  51  22  19  99  93  9  33 
56  42  16  56  40  34  90  55  15  5  57  75  13  65  6  72  13  96  67  0  12  0  94  96  12  68  40  1  66  25  10  56  35  85  95  14  75  59  69  69  0  44  61  51  95  36  22  46  81  31 
40  91  51  83  25  68  65  74  52  36  8  45  98  3  94  96  56  1  91  12  0  32  93  83  78  41  95  46  81  48  65  59  58  21  94  43  16  60  70  28  30  39  28  74  53  31  21  89  53  67 
57  20  79  43  72  18  74  49  36  83  36  73  28  74  23  98  80  75  61  0  32  0  70  84  99  15  68  78  56  15  76  90  16  41  1  74  15  95  70  31  7  40  59  37  32  40  63  37  71  84 
10  30  42  56  16  78  15  89  34  19  84  50  64  12  92  47  89  65  84  94  93  70  0  26  25  4  48  61  3  63  81  33  71  49  10  61  65  3  62  91  18  9  61  2  69  54  61  6  38  53 
99  58  97  43  2  10  81  39  61  99  0  56  53  69  25  65  69  20  11  96  83  84  26  0  22  75  25  6  53  2  62  1  15  66  16  97  99  87  46  61  1  63  17  15  54  35  25  16  37  94 
17  79  67  99  88  19  38  40  36  89  99  57  74  9  48  76  66  60  21  12  78  99  25  22  0  22  51  52  60  4  74  87  81  33  40  83  95  93  99  13  9  48  65  96  46  78  97  9  95  13 
91  70  25  45  90  31  73  79  12  19  22  68  62  76  75  13  85  55  91  68  41  15  4  75  22  0  63  31  90  31  20  36  5  71  40  17  28  67  4  9  0  44  45  47  37  96  61  98  44  78 
88  24  51  73  58  45  76  96  26  74  62  82  17  86  17  86  89  25  37  40  95  68  48  25  51  63  0  95  42  56  44  51  52  57  66  35  99  98  55  87  55  79  28  73  59  95  77  20  47  74 
89  99  17  13  70  23  79  84  33  27  40  8  95  31  77  44  5  73  46  1  46  78  61  6  52  31  95  0  17  94  63  13  7  62  9  85  57  51  94  1  54  46  11  21  33  62  71  88  50  26 
44  11  5  33  61  44  38  97  62  23  26  50  14  25  66  68  60  42  85  66  81  56  3  53  60  90  42  17  0  19  78  99  78  25  77  51  24  51  68  18  14  34  78  76  43  15  85  47  9  39 
24  23  88  96  60  18  2  16  38  86  23  2  34  30  69  87  87  20  57  25  48  15  63  2  4  31  56  94  19  0  1  7  50  22  92  12  93  81  14  20  52  44  71  83  69  48  34  93  51  54 
38  51  69  87  76  55  87  13  44  75  10  46  12  40  16  75  42  91  38  10  65  76  81  62  74  20  44  63  78  1  0  64  66  88  94  94  32  9  32  31  71  71  32  30  21  7  23  85  0  56 
25  64  98  36  17  78  96  5  62  92  83  46  65  77  3  97  66  72  57  56  59  90  33  1  87  36  51  13  99  7  64  0  52  72  60  96  44  43  18  44  29  63  96  84  27  14  24  73  60  56 
43  63  79  75  31  11  71  66  63  62  18  12  70  39  0  37  78  66  23  35  58  16  71  15  81  5  52  7  78  50  66  52  0  83  92  87  6  63  72  88  36  79  63  74  31  19  26  56  80  74 
66  10  75  80  4  10  82  57  53  38  74  69  49  52  31  6  94  48  86  85  21  41  49  66  33  71  57  62  25  22  88  72  83  0  52  75  92  96  57  56  44  93  83  10  17  9  71  26  92  15 
21  9  34  65  42  72  65  48  99  10  99  52  44  38  77  91  5  18  27  95  94  1  10  16  40  40  66  9  77  92  94  60  92  52  0  65  50  79  37  90  67  68  54  93  52  73  19  8  5  46 
97  60  14  22  44  64  91  26  23  41  30  17  9  37  50  99  46  15  90  14  43  74  61  97  83  17  35  85  51  12  94  96  87  75  65  0  12  33  38  60  90  94  5  83  30  67  52  39  38  78 
78  32  50  76  41  63  90  13  86  52  20  65  52  79  79  86  49  26  64  75  16  15  65  99  95  28  99  57  24  93  32  44  6  92  50  12  0  83  6  44  85  37  81  75  4  2  29  50  54  55 
36  54  0  25  1  58  57  97  4  61  86  98  8  63  93  16  77  75  3  59  60  95  3  87  93  67  98  51  51  81  9  43  63  96  79  33  83  0  21  14  60  67  26  45  6  86  35  0  43  70 
17  74  60  63  53  94  44  50  12  18  96  35  60  21  62  3  5  52  42  69  70  70  62  46  99  4  55  94  68  14  32  18  72  57  37  38  6  21  0  82  11  23  21  1  1  56  7  97  41  44 
36  93  56  22  83  41  18  11  48  57  58  85  9  97  80  20  37  72  89  69  28  31  91  61  13  9  87  1  18  20  31  44  88  56  90  60  44  14  82  0  31  17  1  33  98  51  87  53  72  53 
67  88  36  4  4  13  68  10  16  42  23  27  46  48  73  59  94  19  22  0  30  7  18  1  9  0  55  54  14  52  71  29  36  44  67  90  85  60  11  31  0  66  40  79  11  98  65  99  50  61 
59  82  78  82  61  26  76  48  24  63  53  87  75  16  51  36  92  98  92  44  39  40  9  63  48  44  79  46  34  44  71  63  79  93  68  94  37  67  23  17  66  0  21  33  72  44  6  25  98  63 
40  2  13  19  21  7  56  73  11  15  52  3  24  60  34  65  94  61  50  61  28  59  61  17  65  45  28  11  78  71  32  96  63  83  54  5  81  26  21  1  40  21  0  33  47  4  29  78  73  82 
14  98  88  1  79  58  50  57  18  12  44  64  84  49  91  86  89  76  51  51  74  37  2  15  96  47  73  21  76  83  30  84  74  10  93  83  75  45  1  33  79  33  33  0  11  72  85  50  25  58 
68  28  23  6  34  17  44  85  26  94  46  51  18  27  33  57  57  30  22  95  53  32  69  54  46  37  59  33  43  69  21  27  31  17  52  30  4  6  1  98  11  72  47  11  0  3  43  50  82  7 
88  36  22  56  93  43  43  60  14  87  18  57  33  89  92  42  31  16  19  36  31  40  54  35  78  96  95  62  15  48  7  14  19  9  73  67  2  86  56  51  98  44  4  72  3  0  0  0  58  50 
46  51  3  19  3  16  7  32  99  66  68  38  43  1  27  13  55  48  99  22  21  63  61  25  97  61  77  71  85  34  23  24  26  71  19  52  29  35  7  87  65  6  29  85  43  0  0  61  79  83 
51  41  79  28  94  19  56  5  77  37  76  63  63  18  69  85  20  70  93  46  89  37  6  16  9  98  20  88  47  93  85  73  56  26  8  39  50  0  97  53  99  25  78  50  50  0  61  0  85  76 
1  91  93  24  53  7  96  37  53  85  51  63  1  29  77  66  40  38  9  81  53  71  38  37  95  44  47  50  9  51  0  60  80  92  5  38  54  43  41  72  50  98  73  25  82  58  79  85  0  90 
88  54  28  13  53  40  72  10  29  5  66  85  11  58  74  63  69  34  33  31  67  84  53  94  13  78  74  26  39  54  56  56  74  15  46  78  55  70  44  53  61  63  82  58  7  50  83  76  90  0 
RRBBBBBRBBBBBRRBBRBRBBRBBBRBRRBRRRRRBBRRRBBBRRRRRR