50
0 38 65 94 63 50 54 23 91 67 53 62 35 95 39 47 90 15 22 25 23 29 49 57 91 43 51 51 90 2 11 93 40 9 98 65 48 27 57 21 74 6 72 31 38 96 7 19 19 63 
38 0 7 98 69 43 46 76 64 82 90 2 63 80 37 96 88 55 7 86 97 51 43 77 71 37 26 89 25 64 97 27 11 48 24 55 47 15 74 50 93 93 41 70 31 12 65 42 81 25 
65 7 0 92 57 14 12 95 60 93 75 54 64 25 40 28 88 22 38 26 44 17 99 45 10 39 21 41 91 42 64 36 48 36 16 98 6 47 20 94 68 76 19 40 5 62 69 13 36 88 
94 98 92 0 64 33 94 1 7 75 24 84 18 13 95 1 3 76 65 2 61 47 1 31 77 51 53 86 2 5 21 58 76 53 70 18 8 25 24 17 50 35 88 91 3 59 19 35 90 66 
63 69 57 64 0 90 24 35 91 46 36 53 41 79 65 94 8 64 88 48 79 43 77 97 44 49 4 72 65 79 13 21 55 9 98 21 58 79 76 59 65 18 85 22 82 87 32 24 40 55 
50 43 14 33 90 0 47 92 10 34 89 20 39 29 50 99 80 66 72 46 74 19 49 46 6 31 80 86 17 66 33 44 10 30 58 81 70 75 79 81 89 95 78 9 9 61 42 30 92 29 
54 46 12 94 24 47 0 59 70 18 35 79 50 52 45 3 50 66 72 19 3 99 44 35 77 8 21 77 69 83 75 91 30 98 91 22 75 75 87 43 65 21 9 46 18 24 17 93 63 1 
23 76 95 1 35 92 59 0 42 45 23 81 69 42 27 39 62 31 39 28 92 7 75 98 98 10 24 95 58 24 58 60 94 75 83 24 40 68 90 64 20 2 99 92 55 55 81 5 32 99 
91 64 60 7 91 10 70 42 0 69 64 80 90 98 29 32 68 83 31 75 68 100 2 79 83 98 78 86 76 79 74 79 2 9 56 71 6 22 18 29 60 53 37 97 61 45 87 78 51 100 
67 82 93 75 46 34 18 45 69 0 99 73 49 48 23 81 21 57 76 19 33 13 89 20 92 76 42 6 68 12 1 25 13 70 92 13 95 48 27 81 88 13 61 79 49 32 91 1 29 89 
53 90 75 24 36 89 35 23 64 99 0 82 73 40 76 61 67 14 39 68 73 61 97 80 74 27 17 50 71 17 13 37 83 17 64 66 34 29 10 66 27 74 17 39 89 19 40 85 43 4 
62 2 54 84 53 20 79 81 80 73 82 0 42 72 86 3 70 4 92 53 91 27 14 48 83 47 11 43 52 34 43 38 12 34 90 11 59 80 70 83 86 88 54 24 42 30 76 17 46 75 
35 63 64 18 41 39 50 69 90 49 73 42 0 75 83 30 76 94 45 71 5 40 32 54 35 61 75 40 70 50 57 16 10 15 60 53 55 38 25 4 49 90 64 41 78 96 3 87 32 83 
95 80 25 13 79 29 52 42 98 48 40 72 75 0 44 24 26 68 71 26 81 99 98 53 7 17 81 75 81 94 63 34 50 6 14 28 58 2 52 46 51 5 65 83 86 66 54 73 27 36 
39 37 40 95 65 50 45 27 29 23 76 86 83 44 0 46 10 48 80 9 4 37 35 99 2 5 22 27 65 3 30 1 53 3 60 77 60 72 63 77 26 88 3 68 19 64 56 100 10 49 
47 96 28 1 94 99 3 39 32 81 61 3 30 24 46 0 80 34 36 56 3 78 50 89 59 56 37 99 65 31 22 61 40 79 96 99 76 55 76 74 100 75 72 3 5 44 2 8 87 84 
90 88 88 3 8 80 50 62 68 21 67 70 76 26 10 80 0 63 63 29 37 49 79 40 45 11 8 41 48 34 17 11 57 65 72 17 59 4 73 45 94 35 68 30 98 88 49 25 79 51 
15 55 22 76 64 66 66 31 83 57 14 4 94 68 48 34 63 0 29 75 75 94 19 94 72 66 48 51 44 43 86 34 1 12 53 91 4 46 43 96 51 31 21 61 87 83 2 7 10 56 
22 7 38 65 88 72 72 39 31 76 39 92 45 71 80 36 63 29 0 8 34 40 80 20 72 84 67 70 64 28 95 34 96 23 95 52 55 39 23 16 57 60 1 3 10 3 19 73 43 45 
25 86 26 2 48 46 19 28 75 19 68 53 71 26 9 56 29 75 8 0 42 35 83 75 51 18 86 28 24 34 44 5 80 93 72 86 73 68 24 84 72 24 76 100 3 4 4 66 92 47 
23 97 44 61 79 74 3 92 68 33 73 91 5 81 4 3 37 75 34 42 0 34 36 87 29 72 95 1 99 85 77 11 11 63 5 45 67 75 63 60 69 94 36 6 86 18 38 76 4 46 
29 51 17 47 43 19 99 7 100 13 61 27 40 99 37 78 49 94 40 35 34 0 18 66 28 80 61 89 36 31 97 34 88 31 33 72 51 77 92 85 73 83 44 2 71 26 9 19 37 78 
49 43 99 1 77 49 44 75 2 89 97 14 32 98 35 50 79 19 80 83 36 18 0 11 57 83 15 26 21 56 22 49 98 84 100 31 85 65 25 28 98 94 14 21 66 76 14 68 71 43 
57 77 45 31 97 46 35 98 79 20 80 48 54 53 99 89 40 94 20 75 87 66 11 0 53 8 72 10 43 96 96 75 53 11 80 65 64 32 90 75 35 3 8 89 28 30 40 60 79 69 
91 71 10 77 44 6 77 98 83 92 74 83 35 7 2 59 45 72 72 51 29 28 57 53 0 31 86 82 70 42 97 7 41 94 74 19 76 63 17 73 26 45 59 99 30 26 56 82 36 33 
43 37 39 51 49 31 8 10 98 76 27 47 61 17 5 56 11 66 84 18 72 80 83 8 31 0 24 89 22 34 37 99 56 28 9 94 63 24 92 8 7 77 97 49 19 34 16 66 19 44 
51 26 21 53 4 80 21 24 78 42 17 11 75 81 22 37 8 48 67 86 95 61 15 72 86 24 0 80 16 85 69 98 60 63 9 43 91 75 96 40 52 81 66 3 95 67 74 7 6 24 
51 89 41 86 72 86 77 95 86 6 50 43 40 75 27 99 41 51 70 28 1 89 26 10 82 89 80 0 47 61 67 28 93 38 91 16 59 38 90 11 87 41 64 28 34 4 9 3 40 65 
90 25 91 2 65 17 69 58 76 68 71 52 70 81 65 65 48 44 64 24 99 36 21 43 70 22 16 47 0 8 92 2 60 60 12 16 78 62 71 88 40 15 19 4 45 91 12 71 60 45 
2 64 42 5 79 66 83 24 79 12 17 34 50 94 3 31 34 43 28 34 85 31 56 96 42 34 85 61 8 0 87 98 46 11 31 97 99 76 48 67 27 35 53 89 15 55 77 19 6 74 
11 97 64 21 13 33 75 58 74 1 13 43 57 63 30 22 17 86 95 44 77 97 22 96 97 37 69 67 92 87 0 16 78 27 71 46 50 15 83 84 71 31 48 67 72 1 79 46 93 53 
93 27 36 58 21 44 91 60 79 25 37 38 16 34 1 61 11 34 34 5 11 34 49 75 7 99 98 28 2 98 16 0 86 94 99 54 99 64 43 91 2 88 87 74 7 64 34 83 18 15 
40 11 48 76 55 10 30 94 2 13 83 12 10 50 53 40 57 1 96 80 11 88 98 53 41 56 60 93 60 46 78 86 0 80 10 80 54 82 67 7 68 60 49 19 56 17 40 60 55 56 
9 48 36 53 9 30 98 75 9 70 17 34 15 6 3 79 65 12 23 93 63 31 84 11 94 28 63 38 60 11 27 94 80 0 71 62 74 23 35 10 32 5 25 41 97 36 48 74 97 52 
98 24 16 70 98 58 91 83 56 92 64 90 60 14 60 96 72 53 95 72 5 33 100 80 74 9 9 91 12 31 71 99 10 71 0 28 99 61 13 23 39 61 6 50 83 13 48 70 26 95 
65 55 98 18 21 81 22 24 71 13 66 11 53 28 77 99 17 91 52 86 45 72 31 65 19 94 43 16 16 97 46 54 80 62 28 0 86 68 50 41 83 31 69 40 99 82 75 11 13 27 
48 47 6 8 58 70 75 40 6 95 34 59 55 58 60 76 59 4 55 73 67 51 85 64 76 63 91 59 78 99 50 99 54 74 99 86 0 42 28 42 39 79 87 39 56 17 15 52 1 51 
27 15 47 25 79 75 75 68 22 48 29 80 38 2 72 55 4 46 39 68 75 77 65 32 63 24 75 38 62 76 15 64 82 23 61 68 42 0 94 23 26 24 17 26 23 23 48 17 64 4 
57 74 20 24 76 79 87 90 18 27 10 70 25 52 63 76 73 43 23 24 63 92 25 90 17 92 96 90 71 48 83 43 67 35 13 50 28 94 0 76 51 99 81 66 39 48 33 87 10 63 
21 50 94 17 59 81 43 64 29 81 66 83 4 46 77 74 45 96 16 84 60 85 28 75 73 8 40 11 88 67 84 91 7 10 23 41 42 23 76 0 8 51 3 17 74 39 89 12 6 59 
74 93 68 50 65 89 65 20 60 88 27 86 49 51 26 100 94 51 57 72 69 73 98 35 26 7 52 87 40 27 71 2 68 32 39 83 39 26 51 8 0 25 77 42 51 38 20 100 36 7 
6 93 76 35 18 95 21 2 53 13 74 88 90 5 88 75 35 31 60 24 94 83 94 3 45 77 81 41 15 35 31 88 60 5 61 31 79 24 99 51 25 0 57 66 53 6 92 50 62 23 
72 41 19 88 85 78 9 99 37 61 17 54 64 65 3 72 68 21 1 76 36 44 14 8 59 97 66 64 19 53 48 87 49 25 6 69 87 17 81 3 77 57 0 62 64 69 72 85 54 3 
31 70 40 91 22 9 46 92 97 79 39 24 41 83 68 3 30 61 3 100 6 2 21 89 99 49 3 28 4 89 67 74 19 41 50 40 39 26 66 17 42 66 62 0 21 35 98 5 11 81 
38 31 5 3 82 9 18 55 61 49 89 42 78 86 19 5 98 87 10 3 86 71 66 28 30 19 95 34 45 15 72 7 56 97 83 99 56 23 39 74 51 53 64 21 0 40 34 34 33 34 
96 12 62 59 87 61 24 55 45 32 19 30 96 66 64 44 88 83 3 4 18 26 76 30 26 34 67 4 91 55 1 64 17 36 13 82 17 23 48 39 38 6 69 35 40 0 80 20 11 88 
7 65 69 19 32 42 17 81 87 91 40 76 3 54 56 2 49 2 19 4 38 9 14 40 56 16 74 9 12 77 79 34 40 48 48 75 15 48 33 89 20 92 72 98 34 80 0 9 83 26 
19 42 13 35 24 30 93 5 78 1 85 17 87 73 100 8 25 7 73 66 76 19 68 60 82 66 7 3 71 19 46 83 60 74 70 11 52 17 87 12 100 50 85 5 34 20 9 0 50 54 
19 81 36 90 40 92 63 32 51 29 43 46 32 27 10 87 79 10 43 92 4 37 71 79 36 19 6 40 60 6 93 18 55 97 26 13 1 64 10 6 36 62 54 11 33 11 83 50 0 25 
63 25 88 66 55 29 1 99 100 89 4 75 83 36 49 84 51 56 45 47 46 78 43 69 33 44 24 65 45 74 53 15 56 52 95 27 51 4 63 59 7 23 3 81 34 88 26 54 25 0
RBRBRBRBRBRBRBRBRBRBRBRBRBRBRBRBRBRBRBRBRBRBRBRBRB