50
0 57 76 39 100 70 21 29 90 23 65 35 49 46 95 25 60 35 23 58 13 64 77 85 45 58 30 42 70 83 82 13 80 55 17 23 52 37 31 70 17 29 67 72 77 26 31 56 76 37
57 0 47 68 54 28 56 91 41 82 59 97 85 56 64 60 12 65 93 38 91 41 24 35 54 49 77 17 52 1 63 87 39 70 67 15 81 65 34 31 74 67 82 41 60 51 52 71 31 60
76 47 0 84 21 26 72 78 30 83 17 75 56 54 38 79 29 81 76 31 78 92 40 51 96 54 75 55 48 16 13 49 24 36 56 53 60 46 12 13 58 64 88 23 19 80 47 31 10 96
39 68 84 0 56 45 32 52 93 18 56 26 17 34 32 34 58 43 57 79 51 48 68 95 27 28 29 50 84 88 70 23 57 66 37 63 39 44 68 77 48 38 45 84 77 15 14 24 72 38
100 54 21 56 0 23 89 56 64 90 8 67 53 49 28 55 51 47 46 66 65 65 39 45 92 54 48 20 50 31 28 81 34 30 77 31 54 86 52 31 49 60 73 63 50 53 83 20 53 61
70 28 26 45 23 0 81 98 28 46 29 61 58 90 58 46 14 66 66 39 48 89 19 43 69 14 75 15 36 27 48 75 51 11 57 17 76 88 48 31 84 46 89 20 49 44 72 16 36 73
21 56 72 32 89 81 0 41 80 47 39 49 1 28 45 15 92 13 26 74 4 49 49 61 27 58 31 55 73 89 60 52 76 77 27 57 5 34 33 55 9 41 19 79 62 20 49 80 64 47
29 91 78 52 56 98 41 0 93 25 41 36 22 51 82 71 69 30 36 69 47 9 85 52 56 72 12 62 74 62 53 21 73 67 45 54 64 18 69 75 18 42 46 67 58 15 65 66 68 76
90 41 30 93 64 28 80 93 0 90 11 54 67 58 21 63 37 57 86 26 55 68 38 43 79 47 86 25 54 12 7 69 41 35 69 37 50 94 18 38 76 59 61 18 10 72 26 15 24 85
23 82 83 18 90 46 47 25 90 0 58 46 46 50 42 43 45 1 41 66 48 53 65 60 20 52 0 71 70 50 94 17 49 72 47 51 21 48 77 69 39 33 13 66 68 12 47 38 76 61
65 59 17 56 8 29 39 41 11 58 0 66 72 65 40 79 42 59 80 29 86 66 34 38 51 31 48 40 27 33 44 72 42 16 66 36 61 50 51 48 60 70 71 21 12 88 71 48 50 67
35 97 75 26 67 61 49 36 54 46 66 0 9 8 64 30 85 41 38 72 22 40 58 90 50 79 29 70 58 50 63 12 56 56 57 52 26 76 54 73 58 38 33 50 54 42 41 55 80 38
49 85 56 17 53 58 1 22 67 46 72 9 0 13 67 32 51 47 46 62 35 64 70 64 83 30 23 62 75 62 74 17 55 72 19 83 46 46 82 75 55 46 39 47 31 28 35 43 34 51
46 56 54 34 49 90 28 51 58 50 65 8 13 0 51 30 86 18 23 77 57 42 56 49 64 53 16 82 61 81 73 63 38 56 31 83 67 31 46 50 27 39 38 94 63 47 8 66 75 39
95 64 38 32 28 58 45 82 21 42 40 64 67 51 0 59 17 77 42 33 81 97 54 42 51 29 50 40 23 52 41 49 35 53 62 38 61 56 20 19 84 48 61 41 0 67 53 54 41 58
25 60 79 34 55 46 15 71 63 43 79 30 32 30 59 0 65 26 25 35 62 21 85 45 55 54 43 64 76 86 56 36 50 74 31 62 0 5 57 88 38 44 33 51 57 27 32 51 46 40
60 12 29 58 51 14 92 69 37 45 42 85 51 86 17 65 0 51 68 40 57 79 38 10 74 28 58 26 57 40 46 76 64 62 73 34 48 80 36 38 54 64 39 21 27 69 76 28 24 70
35 65 81 43 47 66 13 30 57 1 59 41 47 18 77 26 51 0 14 81 25 45 82 54 31 55 31 84 60 61 42 15 38 54 46 62 27 30 51 75 50 46 40 46 76 10 26 46 57 50
23 93 76 57 46 66 26 36 86 41 80 38 46 23 42 25 68 14 0 81 25 29 61 60 48 92 43 68 56 73 88 24 66 87 62 77 44 54 53 74 22 36 47 51 50 50 41 63 55 30
58 38 31 79 66 39 74 69 26 66 29 72 62 77 33 35 40 81 81 0 65 79 21 25 76 19 69 44 39 35 44 54 18 38 76 25 47 72 35 34 85 64 35 47 30 88 29 26 32 68
13 91 78 51 65 48 4 47 55 48 86 22 35 57 81 62 57 25 25 65 0 30 44 82 21 60 30 87 83 65 39 46 67 58 5 79 29 19 44 88 15 33 53 49 34 60 14 56 65 31
64 41 92 48 65 89 49 9 68 53 66 40 64 42 97 21 79 45 29 79 30 0 67 98 32 82 41 66 73 58 69 39 38 71 32 72 18 36 43 67 20 43 40 62 70 10 45 58 56 42
77 24 40 68 39 19 49 85 38 65 34 58 70 56 54 85 38 82 61 21 44 67 0 30 96 15 71 23 4 8 32 53 60 19 56 21 56 50 15 53 37 60 87 22 16 30 64 42 4 60
85 35 51 95 45 43 61 52 43 60 38 90 64 49 42 45 10 54 60 25 82 98 30 0 85 28 48 34 29 59 43 43 41 25 60 32 81 53 75 31 75 33 51 72 4 60 69 20 22 77
45 54 96 27 92 69 27 56 79 20 51 50 83 64 51 55 74 31 48 76 21 32 96 85 0 70 8 68 78 61 45 21 55 69 32 77 59 40 81 59 40 34 40 55 44 56 26 65 78 14
58 49 54 28 54 14 58 72 47 52 31 79 30 53 29 54 28 55 92 19 60 82 15 28 70 0 48 56 40 36 45 97 30 33 51 46 50 73 49 33 56 70 63 31 44 38 76 48 48 54
30 77 75 29 48 75 31 12 86 0 48 29 23 16 50 43 58 31 43 69 30 41 71 48 8 48 0 60 96 44 55 61 53 80 8 61 3 5 44 63 27 33 13 57 72 48 26 71 82 38
42 17 55 50 20 15 55 62 25 71 40 70 62 82 40 64 26 84 68 44 87 66 23 34 68 56 60 0 46 49 8 65 13 20 63 22 49 80 36 33 73 42 52 44 36 51 78 56 19 66
70 52 48 84 50 36 73 74 54 70 27 58 75 61 23 76 57 60 56 39 83 73 4 29 78 40 96 46 0 56 35 57 22 55 71 46 51 46 26 58 74 49 48 43 28 76 49 28 52 66
83 1 16 88 31 27 89 62 12 50 33 50 62 81 52 86 40 61 73 35 65 58 8 59 61 36 44 49 56 0 33 54 11 55 72 18 71 46 41 15 88 69 74 14 13 69 53 44 14 78
82 63 13 70 28 48 60 53 7 94 44 63 74 73 41 56 46 42 88 44 39 69 32 43 45 45 55 8 35 33 0 71 0 35 74 58 75 85 44 16 88 35 68 33 46 76 65 35 37 66
13 87 49 23 81 75 52 21 69 17 72 12 17 63 49 36 76 15 24 54 46 39 53 43 21 97 61 65 57 54 71 0 60 72 3 75 51 57 74 71 43 19 28 56 53 30 34 79 58 36
80 39 24 57 34 51 76 73 41 49 42 56 55 38 35 50 64 38 66 18 67 38 60 41 55 30 53 13 22 11 0 60 0 56 36 25 75 26 13 31 77 51 82 34 34 75 59 19 9 55
55 70 36 66 30 11 77 67 35 72 16 56 72 56 53 74 62 54 87 38 58 71 19 25 69 33 80 20 55 55 35 72 56 0 42 24 84 87 45 30 59 99 65 31 36 65 90 12 71 90
17 67 56 37 77 57 27 45 69 47 66 57 19 31 62 31 73 46 62 76 5 32 56 60 32 51 8 63 71 72 74 3 36 42 0 93 54 58 54 71 15 26 56 57 82 30 21 67 51 21
23 15 53 63 31 17 57 54 37 51 36 52 83 83 38 62 34 62 77 25 79 72 21 32 77 46 61 22 46 18 58 75 25 24 93 0 95 59 36 35 66 62 73 25 52 39 23 25 66 45
52 81 60 39 54 76 5 64 50 21 61 26 46 67 61 0 48 27 44 47 29 18 56 81 59 50 3 49 51 71 75 51 75 84 54 95 0 19 49 81 4 26 47 86 67 52 41 77 60 49
37 65 46 44 86 88 34 18 94 48 50 76 46 31 56 5 80 30 54 72 19 36 50 53 40 73 5 80 46 46 85 57 26 87 58 59 19 0 64 34 22 51 36 23 73 36 2 76 52 64
31 34 12 68 52 48 33 69 18 77 51 54 82 46 20 57 36 51 53 35 44 43 15 75 81 49 44 36 26 41 44 74 13 45 54 36 49 64 0 12 75 99 57 28 29 73 55 47 48 58
70 31 13 77 31 31 55 75 38 69 48 73 75 50 19 88 38 75 74 34 88 67 53 31 59 33 63 33 58 15 16 71 31 30 71 35 81 34 12 0 60 63 48 23 44 66 40 10 48 44
17 74 58 48 49 84 9 18 76 39 60 58 55 27 84 38 54 50 22 85 15 20 37 75 40 56 27 73 74 88 88 43 77 59 15 66 4 22 75 60 0 23 21 78 82 49 40 76 73 38
29 67 64 38 60 46 41 42 59 33 70 38 46 39 48 44 64 46 36 64 33 43 60 33 34 70 33 42 49 69 35 19 51 99 26 62 26 51 99 63 23 0 22 55 57 59 6 73 83 11
67 82 88 45 73 89 19 46 61 13 71 33 39 38 61 33 39 40 47 35 53 40 87 51 40 63 13 52 48 74 68 28 82 65 56 73 47 36 57 48 21 22 0 89 55 25 51 52 66 47
72 41 23 84 63 20 79 67 18 66 21 50 47 94 41 51 21 46 51 47 49 62 22 72 55 31 57 44 43 14 33 56 34 31 57 25 86 23 28 23 78 55 89 0 40 38 72 53 24 85
77 60 19 77 50 49 62 58 10 68 12 54 31 63 0 57 27 76 50 30 34 70 16 4 44 44 72 36 28 13 46 53 34 36 82 52 67 73 29 44 82 57 55 40 0 39 81 36 16 97
26 51 80 15 53 44 20 15 72 12 88 42 28 47 67 27 69 10 50 88 60 10 30 60 56 38 48 51 76 69 76 30 75 65 30 39 52 36 73 66 49 59 25 38 39 0 30 36 71 33
31 52 47 14 83 72 49 65 26 47 71 41 35 8 53 32 76 26 41 29 14 45 64 69 26 76 26 78 49 53 65 34 59 90 21 23 41 2 55 40 40 6 51 72 81 30 0 62 48 20
56 71 31 24 20 16 80 66 15 38 48 55 43 66 54 51 28 46 63 26 56 58 42 20 65 48 71 56 28 44 35 79 19 12 67 25 77 76 47 10 76 73 52 53 36 36 62 0 66 61
76 31 10 72 53 36 64 68 24 76 50 80 34 75 41 46 24 57 55 32 65 56 4 22 78 48 82 19 52 14 37 58 9 71 51 66 60 52 48 48 73 83 66 24 16 71 48 66 0 91
37 60 96 38 61 73 47 76 85 61 67 38 51 39 58 40 70 50 30 68 31 42 60 77 14 54 38 66 66 78 66 36 55 90 21 45 49 64 58 44 38 11 47 85 97 33 20 61 91 0
BRRBRRBBRBRBBBRBRBBRBBRRBRBRRRRBRRBRBBRRBBBRRBBRRB