48
0 1 98 98 0 98 98 98 98 98 98 98 98 98 98 98 98 98 98 98 98 98 98 98 98 98 98 98 98 98 98 98 98 98 98 98 98 98 98 98 98 98 98 98 98 98 98 1 
1 0 1 98 98 98 98 98 98 98 98 98 98 98 98 98 98 98 98 98 98 98 98 98 98 98 98 98 98 98 98 98 98 98 98 98 98 98 98 98 98 98 98 98 98 98 98 98 
98 1 0 1 98 49 98 98 98 98 49 98 98 49 98 98 98 98 49 98 98 49 98 98 98 98 49 98 98 49 98 98 98 98 49 98 98 49 98 98 98 98 49 98 98 49 98 98 
98 98 1 0 1 98 98 0 98 98 98 98 98 98 98 98 98 98 98 98 98 98 98 98 98 98 98 98 98 98 98 98 98 98 98 98 98 98 98 98 98 98 98 98 98 98 98 98 
0 98 98 1 0 1 98 98 98 98 98 98 98 98 98 98 98 98 98 98 98 98 98 98 98 98 98 98 98 98 98 98 98 98 98 98 98 98 98 98 98 98 98 98 98 98 98 98 
98 98 49 98 1 0 1 98 98 98 0 98 98 0 98 98 98 98 0 98 98 0 98 98 98 98 0 98 98 0 98 98 98 98 0 98 98 0 98 98 98 98 0 98 98 0 98 98 
98 98 98 98 98 1 0 1 98 98 98 98 98 98 98 98 98 98 98 98 98 98 98 98 98 98 98 98 98 98 98 98 98 98 98 98 98 98 98 98 98 98 98 98 98 98 98 98 
98 98 98 0 98 98 1 0 1 98 98 98 98 98 98 98 98 98 98 98 98 98 98 98 98 98 98 98 98 98 98 98 98 98 98 98 98 98 98 98 98 98 98 98 98 98 98 98 
98 98 98 98 98 98 98 1 0 1 98 98 0 98 98 98 98 98 98 98 98 98 98 98 98 98 98 98 98 98 98 98 98 98 98 98 98 98 98 98 98 98 98 98 98 98 98 98 
98 98 98 98 98 98 98 98 1 0 1 98 98 98 98 98 98 98 98 98 98 98 98 98 98 98 98 98 98 98 98 98 98 98 98 98 98 98 98 98 98 98 98 98 98 98 98 98 
98 98 49 98 98 0 98 98 98 1 0 1 98 98 98 98 98 98 0 98 98 0 98 98 98 98 0 98 98 0 98 98 98 98 0 98 98 0 98 98 98 98 0 98 98 0 98 98 
98 98 98 98 98 98 98 98 98 98 1 0 1 98 98 0 98 98 98 98 98 98 98 98 98 98 98 98 98 98 98 98 98 98 98 98 98 98 98 98 98 98 98 98 98 98 98 98 
98 98 98 98 98 98 98 98 0 98 98 1 0 1 98 98 98 98 98 98 98 98 98 98 98 98 98 98 98 98 98 98 98 98 98 98 98 98 98 98 98 98 98 98 98 98 98 98 
98 98 49 98 98 0 98 98 98 98 98 98 1 0 1 98 98 98 0 98 98 0 98 98 98 98 0 98 98 0 98 98 98 98 0 98 98 0 98 98 98 98 0 98 98 0 98 98 
98 98 98 98 98 98 98 98 98 98 98 98 98 1 0 1 98 98 98 98 98 98 98 98 98 98 98 98 98 98 98 98 98 98 98 98 98 98 98 98 98 98 98 98 98 98 98 98 
98 98 98 98 98 98 98 98 98 98 98 0 98 98 1 0 1 98 98 98 98 98 98 98 98 98 98 98 98 98 98 98 98 98 98 98 98 98 98 98 98 98 98 98 98 98 98 98 
98 98 98 98 98 98 98 98 98 98 98 98 98 98 98 1 0 1 98 98 0 98 98 98 98 98 98 98 98 98 98 98 98 98 98 98 98 98 98 98 98 98 98 98 98 98 98 98 
98 98 98 98 98 98 98 98 98 98 98 98 98 98 98 98 1 0 1 98 98 98 98 98 98 98 98 98 98 98 98 98 98 98 98 98 98 98 98 98 98 98 98 98 98 98 98 98 
98 98 49 98 98 0 98 98 98 98 0 98 98 0 98 98 98 1 0 1 98 98 98 98 98 98 0 98 98 0 98 98 98 98 0 98 98 0 98 98 98 98 0 98 98 0 98 98 
98 98 98 98 98 98 98 98 98 98 98 98 98 98 98 98 98 98 1 0 1 98 98 0 98 98 98 98 98 98 98 98 98 98 98 98 98 98 98 98 98 98 98 98 98 98 98 98 
98 98 98 98 98 98 98 98 98 98 98 98 98 98 98 98 0 98 98 1 0 1 98 98 98 98 98 98 98 98 98 98 98 98 98 98 98 98 98 98 98 98 98 98 98 98 98 98 
98 98 49 98 98 0 98 98 98 98 0 98 98 0 98 98 98 98 98 98 1 0 1 98 98 98 0 98 98 0 98 98 98 98 0 98 98 0 98 98 98 98 0 98 98 0 98 98 
98 98 98 98 98 98 98 98 98 98 98 98 98 98 98 98 98 98 98 98 98 1 0 1 98 98 98 98 98 98 98 98 98 98 98 98 98 98 98 98 98 98 98 98 98 98 98 98 
98 98 98 98 98 98 98 98 98 98 98 98 98 98 98 98 98 98 98 0 98 98 1 0 1 98 98 98 98 98 98 98 98 98 98 98 98 98 98 98 98 98 98 98 98 98 98 98 
98 98 98 98 98 98 98 98 98 98 98 98 98 98 98 98 98 98 98 98 98 98 98 1 0 1 98 98 0 98 98 98 98 98 98 98 98 98 98 98 98 98 98 98 98 98 98 98 
98 98 98 98 98 98 98 98 98 98 98 98 98 98 98 98 98 98 98 98 98 98 98 98 1 0 1 98 98 98 98 98 98 98 98 98 98 98 98 98 98 98 98 98 98 98 98 98 
98 98 49 98 98 0 98 98 98 98 0 98 98 0 98 98 98 98 0 98 98 0 98 98 98 1 0 1 98 98 98 98 98 98 0 98 98 0 98 98 98 98 0 98 98 0 98 98 
98 98 98 98 98 98 98 98 98 98 98 98 98 98 98 98 98 98 98 98 98 98 98 98 98 98 1 0 1 98 98 0 98 98 98 98 98 98 98 98 98 98 98 98 98 98 98 98 
98 98 98 98 98 98 98 98 98 98 98 98 98 98 98 98 98 98 98 98 98 98 98 98 0 98 98 1 0 1 98 98 98 98 98 98 98 98 98 98 98 98 98 98 98 98 98 98 
98 98 49 98 98 0 98 98 98 98 0 98 98 0 98 98 98 98 0 98 98 0 98 98 98 98 98 98 1 0 1 98 98 98 0 98 98 0 98 98 98 98 0 98 98 0 98 98 
98 98 98 98 98 98 98 98 98 98 98 98 98 98 98 98 98 98 98 98 98 98 98 98 98 98 98 98 98 1 0 1 98 98 98 98 98 98 98 98 98 98 98 98 98 98 98 98 
98 98 98 98 98 98 98 98 98 98 98 98 98 98 98 98 98 98 98 98 98 98 98 98 98 98 98 0 98 98 1 0 1 98 98 98 98 98 98 98 98 98 98 98 98 98 98 98 
98 98 98 98 98 98 98 98 98 98 98 98 98 98 98 98 98 98 98 98 98 98 98 98 98 98 98 98 98 98 98 1 0 1 98 98 0 98 98 98 98 98 98 98 98 98 98 98 
98 98 98 98 98 98 98 98 98 98 98 98 98 98 98 98 98 98 98 98 98 98 98 98 98 98 98 98 98 98 98 98 1 0 1 98 98 98 98 98 98 98 98 98 98 98 98 98 
98 98 49 98 98 0 98 98 98 98 0 98 98 0 98 98 98 98 0 98 98 0 98 98 98 98 0 98 98 0 98 98 98 1 0 1 98 98 98 98 98 98 0 98 98 0 98 98 
98 98 98 98 98 98 98 98 98 98 98 98 98 98 98 98 98 98 98 98 98 98 98 98 98 98 98 98 98 98 98 98 98 98 1 0 1 98 98 0 98 98 98 98 98 98 98 98 
98 98 98 98 98 98 98 98 98 98 98 98 98 98 98 98 98 98 98 98 98 98 98 98 98 98 98 98 98 98 98 98 0 98 98 1 0 1 98 98 98 98 98 98 98 98 98 98 
98 98 49 98 98 0 98 98 98 98 0 98 98 0 98 98 98 98 0 98 98 0 98 98 98 98 0 98 98 0 98 98 98 98 98 98 1 0 1 98 98 98 0 98 98 0 98 98 
98 98 98 98 98 98 98 98 98 98 98 98 98 98 98 98 98 98 98 98 98 98 98 98 98 98 98 98 98 98 98 98 98 98 98 98 98 1 0 1 98 98 98 98 98 98 98 98 
98 98 98 98 98 98 98 98 98 98 98 98 98 98 98 98 98 98 98 98 98 98 98 98 98 98 98 98 98 98 98 98 98 98 98 0 98 98 1 0 1 98 98 98 98 98 98 98 
98 98 98 98 98 98 98 98 98 98 98 98 98 98 98 98 98 98 98 98 98 98 98 98 98 98 98 98 98 98 98 98 98 98 98 98 98 98 98 1 0 1 98 98 0 98 98 98 
98 98 98 98 98 98 98 98 98 98 98 98 98 98 98 98 98 98 98 98 98 98 98 98 98 98 98 98 98 98 98 98 98 98 98 98 98 98 98 98 1 0 1 98 98 98 98 98 
98 98 49 98 98 0 98 98 98 98 0 98 98 0 98 98 98 98 0 98 98 0 98 98 98 98 0 98 98 0 98 98 98 98 0 98 98 0 98 98 98 1 0 1 98 98 98 98 
98 98 98 98 98 98 98 98 98 98 98 98 98 98 98 98 98 98 98 98 98 98 98 98 98 98 98 98 98 98 98 98 98 98 98 98 98 98 98 98 98 98 1 0 1 98 98 0 
98 98 98 98 98 98 98 98 98 98 98 98 98 98 98 98 98 98 98 98 98 98 98 98 98 98 98 98 98 98 98 98 98 98 98 98 98 98 98 98 0 98 98 1 0 1 98 98 
98 98 49 98 98 0 98 98 98 98 0 98 98 0 98 98 98 98 0 98 98 0 98 98 98 98 0 98 98 0 98 98 98 98 0 98 98 0 98 98 98 98 98 98 1 0 1 98 
98 98 98 98 98 98 98 98 98 98 98 98 98 98 98 98 98 98 98 98 98 98 98 98 98 98 98 98 98 98 98 98 98 98 98 98 98 98 98 98 98 98 98 98 98 1 0 1 
1 98 98 98 98 98 98 98 98 98 98 98 98 98 98 98 98 98 98 98 98 98 98 98 98 98 98 98 98 98 98 98 98 98 98 98 98 98 98 98 98 98 98 0 98 98 1 0 
BBRRRBRBRRRBBRRBRBBBBBBRRRBBBBRRBRRRRBRBRBRRBBRB