50
0 62 2 39 78 12 21 36 70 64 97 58 29 57 16 18 8 57 76 23 43 43 35 61 83 22 30 27 89 76 6 68 64 76 39 46 54 96 26 60 18 99 55 98 15 18 68 21 72 94
62 0 55 40 45 93 84 72 86 2 4 81 79 22 41 46 25 5 75 85 66 95 60 18 7 30 40 21 24 93 57 18 15 83 70 44 71 27 100 81 51 61 30 77 67 62 39 65 62 42
2 55 0 46 19 7 74 42 88 62 30 11 88 99 3 41 1 1 26 12 57 40 74 21 78 25 65 33 100 14 25 10 27 46 17 41 97 99 33 100 57 63 26 7 17 64 85 72 11 46
39 40 46 0 85 77 68 85 51 2 32 6 15 48 12 32 27 26 48 12 67 93 33 62 1 92 47 86 96 90 65 98 79 54 97 27 6 25 66 92 82 41 98 6 86 100 85 92 90 74
78 45 19 85 0 24 60 55 95 43 85 34 74 20 13 71 73 34 43 52 66 1 11 0 73 31 4 29 10 11 99 9 20 50 94 94 41 67 86 3 59 23 20 51 21 10 52 84 50 54
12 93 7 77 24 0 36 53 39 69 0 38 30 27 97 36 12 82 44 65 7 11 56 51 76 77 22 29 76 1 30 58 55 14 92 54 76 41 36 37 63 79 45 71 69 42 41 48 1 94
21 84 74 68 60 36 0 13 23 16 98 11 72 64 31 63 100 85 2 31 18 47 46 55 2 86 100 15 30 31 5 51 61 5 55 13 59 81 26 26 38 0 73 82 83 98 71 37 80 51
36 72 42 85 55 53 13 0 46 28 57 52 49 3 13 4 71 26 16 19 81 10 21 22 78 76 27 20 31 81 95 83 61 32 16 32 14 95 23 99 72 37 9 18 6 94 49 37 81 33
70 86 88 51 95 39 23 46 0 82 2 78 88 80 93 16 16 33 97 23 24 23 49 40 34 2 95 76 46 60 41 20 11 51 41 35 45 63 13 59 62 82 71 54 6 69 99 10 62 41
64 2 62 2 43 69 16 28 82 0 50 12 38 89 40 19 8 18 37 10 28 73 42 13 87 63 59 12 44 45 90 13 70 55 26 69 60 83 24 30 85 55 100 9 34 16 96 57 81 27
97 4 30 32 85 0 98 57 2 50 0 71 94 14 85 50 54 60 96 41 71 14 39 49 83 97 32 17 43 36 82 76 92 72 33 75 15 62 72 92 6 81 41 84 28 8 17 29 99 38
58 81 11 6 34 38 11 52 78 12 71 0 51 27 99 79 88 9 9 1 1 80 59 97 75 67 84 33 84 78 87 18 10 33 76 32 64 2 36 26 72 86 22 79 55 14 43 69 81 100
29 79 88 15 74 30 72 49 88 38 94 51 0 87 39 32 48 39 56 57 3 93 63 39 73 37 61 70 63 51 51 2 72 65 60 81 73 60 13 30 74 34 36 28 26 36 23 50 70 49
57 22 99 48 20 27 64 3 80 89 14 27 87 0 80 17 13 14 53 40 26 9 96 86 71 41 20 40 22 57 1 86 73 56 21 67 92 42 53 73 36 54 66 62 28 15 54 88 42 98
16 41 3 12 13 97 31 13 93 40 85 99 39 80 0 94 52 82 83 22 79 29 97 11 48 71 95 81 43 18 5 55 71 82 2 26 73 6 55 90 51 7 92 69 21 99 4 84 19 87
18 46 41 32 71 36 63 4 16 19 50 79 32 17 94 0 9 8 22 35 47 9 30 2 45 51 94 93 65 47 7 37 49 60 95 50 94 8 34 48 63 95 21 7 5 39 92 39 4 98
8 25 1 27 73 12 100 71 16 8 54 88 48 13 52 9 0 99 100 11 65 28 3 54 53 59 30 42 71 4 38 7 8 98 24 69 75 55 1 44 58 42 23 42 100 91 24 16 72 82
57 5 1 26 34 82 85 26 33 18 60 9 39 14 82 8 99 0 15 6 65 29 20 90 32 29 28 79 62 73 95 78 83 100 26 36 57 15 58 8 7 100 15 100 83 35 26 45 84 27
76 75 26 48 43 44 2 16 97 37 96 9 56 53 83 22 100 15 0 99 5 82 43 47 54 51 59 87 23 10 32 32 16 4 87 12 26 35 6 16 84 67 81 99 45 70 13 28 41 79
23 85 12 12 52 65 31 19 23 10 41 1 57 40 22 35 11 6 99 0 48 60 17 92 13 53 4 3 25 33 78 33 79 75 0 30 24 2 8 50 33 60 90 58 64 63 94 36 86 77
43 66 57 67 66 7 18 81 24 28 71 1 3 26 79 47 65 65 5 48 0 23 96 55 26 53 30 41 36 73 33 91 93 13 50 99 99 19 93 64 13 85 86 82 88 14 78 56 61 99
43 95 40 93 1 11 47 10 23 73 14 80 93 9 29 9 28 29 82 60 23 0 31 44 9 52 100 71 32 61 59 54 3 91 42 20 67 61 5 82 29 70 41 42 76 46 67 52 71 47
35 60 74 33 11 56 46 21 49 42 39 59 63 96 97 30 3 20 43 17 96 31 0 6 3 22 30 84 20 0 0 39 97 43 64 15 39 88 14 27 17 80 34 17 10 1 19 91 86 46
61 18 21 62 0 51 55 22 40 13 49 97 39 86 11 2 54 90 47 92 55 44 6 0 80 52 19 27 7 62 73 48 73 1 65 97 18 73 52 63 59 87 65 73 25 25 12 51 56 89
83 7 78 1 73 76 2 78 34 87 83 75 73 71 48 45 53 32 54 13 26 9 3 80 0 11 1 33 40 36 7 66 42 40 69 36 31 91 68 21 28 60 5 18 66 37 2 81 0 17
22 30 25 92 31 77 86 76 2 63 97 67 37 41 71 51 59 29 51 53 53 52 22 52 11 0 14 72 63 27 44 26 72 39 66 92 19 80 98 93 53 6 77 36 86 20 93 44 37 17
30 40 65 47 4 22 100 27 95 59 32 84 61 20 95 94 30 28 59 4 30 100 30 19 1 14 0 16 96 45 16 10 70 11 71 25 66 21 49 18 43 0 71 72 58 99 90 76 96 88
27 21 33 86 29 29 15 20 76 12 17 33 70 40 81 93 42 79 87 3 41 71 84 27 33 72 16 0 94 12 35 28 83 72 79 21 24 32 88 44 18 82 59 97 50 78 0 9 43 35
89 24 100 96 10 76 30 31 46 44 43 84 63 22 43 65 71 62 23 25 36 32 20 7 40 63 96 94 0 63 55 7 72 72 65 18 78 91 8 14 78 99 55 8 17 23 8 19 48 91
76 93 14 90 11 1 31 81 60 45 36 78 51 57 18 47 4 73 10 33 73 61 0 62 36 27 45 12 63 0 46 19 20 88 38 94 0 77 93 33 97 70 36 83 4 54 65 38 62 75
6 57 25 65 99 30 5 95 41 90 82 87 51 1 5 7 38 95 32 78 33 59 0 73 7 44 16 35 55 46 0 28 54 5 74 3 69 61 87 35 37 93 31 9 20 16 42 43 7 21
68 18 10 98 9 58 51 83 20 13 76 18 2 86 55 37 7 78 32 33 91 54 39 48 66 26 10 28 7 19 28 0 53 16 22 69 35 73 8 49 100 51 76 18 96 68 50 75 41 76
64 15 27 79 20 55 61 61 11 70 92 10 72 73 71 49 8 83 16 79 93 3 97 73 42 72 70 83 72 20 54 53 0 98 42 9 26 2 73 67 34 89 53 16 43 3 100 1 4 55
76 83 46 54 50 14 5 32 51 55 72 33 65 56 82 60 98 100 4 75 13 91 43 1 40 39 11 72 72 88 5 16 98 0 61 12 62 47 68 39 60 30 52 21 71 38 98 14 58 40
39 70 17 97 94 92 55 16 41 26 33 76 60 21 2 95 24 26 87 0 50 42 64 65 69 66 71 79 65 38 74 22 42 61 0 24 23 56 93 61 0 60 1 33 36 2 85 73 72 70
46 44 41 27 94 54 13 32 35 69 75 32 81 67 26 50 69 36 12 30 99 20 15 97 36 92 25 21 18 94 3 69 9 12 24 0 51 86 71 23 73 27 77 82 67 83 29 38 40 46
54 71 97 6 41 76 59 14 45 60 15 64 73 92 73 94 75 57 26 24 99 67 39 18 31 19 66 24 78 0 69 35 26 62 23 51 0 15 86 60 67 82 85 70 31 45 40 97 68 66
96 27 99 25 67 41 81 95 63 83 62 2 60 42 6 8 55 15 35 2 19 61 88 73 91 80 21 32 91 77 61 73 2 47 56 86 15 0 74 59 14 45 25 44 74 58 43 5 6 60
26 100 33 66 86 36 26 23 13 24 72 36 13 53 55 34 1 58 6 8 93 5 14 52 68 98 49 88 8 93 87 8 73 68 93 71 86 74 0 59 27 20 13 35 45 75 16 62 59 92
60 81 100 92 3 37 26 99 59 30 92 26 30 73 90 48 44 8 16 50 64 82 27 63 21 93 18 44 14 33 35 49 67 39 61 23 60 59 59 0 24 20 89 91 68 5 40 100 92 88
18 51 57 82 59 63 38 72 62 85 6 72 74 36 51 63 58 7 84 33 13 29 17 59 28 53 43 18 78 97 37 100 34 60 0 73 67 14 27 24 0 74 74 50 96 43 53 90 31 44
99 61 63 41 23 79 0 37 82 55 81 86 34 54 7 95 42 100 67 60 85 70 80 87 60 6 0 82 99 70 93 51 89 30 60 27 82 45 20 20 74 0 15 43 24 84 39 41 57 50
55 30 26 98 20 45 73 9 71 100 41 22 36 66 92 21 23 15 81 90 86 41 34 65 5 77 71 59 55 36 31 76 53 52 1 77 85 25 13 89 74 15 0 48 63 59 16 17 17 50
98 77 7 6 51 71 82 18 54 9 84 79 28 62 69 7 42 100 99 58 82 42 17 73 18 36 72 97 8 83 9 18 16 21 33 82 70 44 35 91 50 43 48 0 99 24 5 60 41 69
15 67 17 86 21 69 83 6 6 34 28 55 26 28 21 5 100 83 45 64 88 76 10 25 66 86 58 50 17 4 20 96 43 71 36 67 31 74 45 68 96 24 63 99 0 5 14 15 22 28
18 62 64 100 10 42 98 94 69 16 8 14 36 15 99 39 91 35 70 63 14 46 1 25 37 20 99 78 23 54 16 68 3 38 2 83 45 58 75 5 43 84 59 24 5 0 54 75 87 0
68 39 85 85 52 41 71 49 99 96 17 43 23 54 4 92 24 26 13 94 78 67 19 12 2 93 90 0 8 65 42 50 100 98 85 29 40 43 16 40 53 39 16 5 14 54 0 98 68 99
21 65 72 92 84 48 37 37 10 57 29 69 50 88 84 39 16 45 28 36 56 52 91 51 81 44 76 9 19 38 43 75 1 14 73 38 97 5 62 100 90 41 17 60 15 75 98 0 27 95
72 62 11 90 50 1 80 81 62 81 99 81 70 42 19 4 72 84 41 86 61 71 86 56 0 37 96 43 48 62 7 41 4 58 72 40 68 6 59 92 31 57 17 41 22 87 68 27 0 14
94 42 46 74 54 94 51 33 41 27 38 100 49 98 87 98 82 27 79 77 99 47 46 89 17 17 88 35 91 75 21 76 55 40 70 46 66 60 92 88 44 50 50 69 28 0 99 95 14 0
RBBBBRBBRBRRRRBRRBRRBRBRRBBBRBRBRBRRRRBBRRRBBBBBRB
