50
0 39 2 38 49 7 47 0 10 47 28 23 11 24 32 33 23 34 44 48 21 50 0 13 24 100 98 65 69 96 69 76 84 76 73 95 76 69 69 66 76 51 73 77 81 85 94 71 80 98
39 0 30 0 30 10 2 9 7 31 28 18 45 19 21 43 10 25 12 6 22 34 8 20 8 78 50 91 100 89 70 96 79 87 66 50 95 97 61 59 61 92 99 77 67 78 68 60 97 54
2 30 0 50 42 34 14 30 42 13 16 34 7 26 3 13 3 29 14 47 5 3 49 17 6 98 96 78 92 88 63 58 65 87 60 65 100 73 54 51 53 81 85 87 88 60 99 57 64 93
38 0 50 0 33 21 3 23 35 35 5 40 24 32 50 35 39 41 29 28 28 31 42 2 16 88 78 56 81 69 95 93 84 56 70 97 98 88 100 77 73 65 77 56 73 58 98 86 58 78
49 30 42 33 0 7 15 7 17 22 22 7 26 26 24 18 45 8 6 22 24 16 43 41 36 71 82 72 95 60 76 93 53 74 82 62 73 71 69 72 61 50 67 66 74 61 61 58 51 79
7 10 34 21 7 0 29 30 27 41 25 37 4 12 47 5 48 34 40 47 28 41 48 18 6 51 57 53 55 90 79 80 93 90 54 80 58 58 67 64 66 95 51 55 71 91 53 81 84 50
47 2 14 3 15 29 0 44 14 50 16 32 13 24 48 0 11 19 40 43 35 47 13 43 39 87 67 70 87 70 76 62 82 55 89 70 69 95 92 99 81 80 99 71 63 81 52 88 99 87
0 9 30 23 7 30 44 0 32 14 1 16 34 32 25 18 21 3 17 21 0 7 38 28 32 60 89 98 100 86 50 63 96 99 54 86 98 76 67 90 93 91 74 88 69 71 85 98 88 66
10 7 42 35 17 27 14 32 0 32 31 11 13 42 6 24 21 45 16 27 34 36 34 43 15 99 86 61 100 63 74 82 74 89 72 71 82 53 60 100 99 82 56 94 65 88 92 75 82 73
47 31 13 35 22 41 50 14 32 0 29 7 33 50 8 29 42 49 6 50 1 7 36 41 49 58 98 81 73 65 88 74 86 95 97 67 80 78 95 51 84 77 75 89 52 51 66 90 96 82
28 28 16 5 22 25 16 1 31 29 0 13 47 46 4 10 31 35 3 44 3 47 6 0 21 90 65 95 50 57 50 72 89 88 58 57 54 90 65 73 72 63 87 63 83 66 89 64 72 97
23 18 34 40 7 37 32 16 11 7 13 0 24 23 13 42 34 23 47 23 49 39 48 33 30 98 66 100 99 99 52 96 72 67 67 89 57 97 58 58 59 75 83 53 54 58 66 90 55 86
11 45 7 24 26 4 13 34 13 33 47 24 0 43 10 46 17 33 48 36 33 28 33 39 14 94 72 81 82 96 69 50 68 77 99 76 51 59 72 62 93 94 70 78 97 99 61 61 70 81
24 19 26 32 26 12 24 32 42 50 46 23 43 0 0 30 42 28 50 12 38 25 31 31 48 57 74 71 65 60 95 92 97 88 91 94 92 73 87 78 87 79 96 53 62 54 68 76 65 64
32 21 3 50 24 47 48 25 6 8 4 13 10 0 0 31 37 47 35 37 47 43 2 42 42 80 77 98 64 58 92 82 92 94 94 64 70 98 83 81 87 80 92 77 53 72 51 53 68 94
33 43 13 35 18 5 0 18 24 29 10 42 46 30 31 0 14 15 20 17 8 9 42 10 9 67 96 89 76 92 100 87 61 68 56 52 61 85 78 95 71 81 60 56 70 93 62 51 73 98
23 10 3 39 45 48 11 21 21 42 31 34 17 42 37 14 0 21 41 8 20 44 5 49 11 90 62 84 77 69 82 91 96 73 97 99 70 80 80 60 72 72 85 87 80 70 84 90 69 81
34 25 29 41 8 34 19 3 45 49 35 23 33 28 47 15 21 0 48 12 15 42 29 47 8 55 95 82 68 55 72 57 72 68 58 60 79 90 51 62 93 56 68 81 67 59 85 71 76 64
44 12 14 29 6 40 40 17 16 6 3 47 48 50 35 20 41 48 0 11 48 23 34 27 48 80 90 81 72 60 93 75 91 86 85 58 71 74 70 97 99 92 75 99 58 78 66 82 84 84
48 6 47 28 22 47 43 21 27 50 44 23 36 12 37 17 8 12 11 0 33 31 36 49 11 67 90 81 54 78 88 90 95 78 91 55 90 62 76 60 79 94 62 67 100 98 90 56 66 72
21 22 5 28 24 28 35 0 34 1 3 49 33 38 47 8 20 15 48 33 0 30 6 41 8 94 57 73 95 56 93 82 92 93 97 85 78 83 53 94 86 70 58 54 58 63 56 98 59 60
50 34 3 31 16 41 47 7 36 7 47 39 28 25 43 9 44 42 23 31 30 0 49 44 13 72 60 64 53 83 68 77 76 90 79 66 76 65 98 64 73 69 80 60 66 64 55 77 69 81
0 8 49 42 43 48 13 38 34 36 6 48 33 31 2 42 5 29 34 36 6 49 0 15 36 99 58 87 69 90 54 74 57 85 75 50 76 50 68 56 65 87 64 79 64 85 68 67 91 59
13 20 17 2 41 18 43 28 43 41 0 33 39 31 42 10 49 47 27 49 41 44 15 0 15 99 70 75 74 63 79 68 73 77 66 76 60 71 56 69 70 75 92 92 59 78 55 80 85 64
24 8 6 16 36 6 39 32 15 49 21 30 14 48 42 9 11 8 48 11 8 13 36 15 0 80 91 74 86 61 77 88 73 71 90 93 95 56 55 78 67 94 88 50 86 89 70 97 77 63
100 78 98 88 71 51 87 60 99 58 90 98 94 57 80 67 90 55 80 67 94 72 99 99 80 0 40 3 31 38 3 9 2 22 13 28 50 18 12 14 47 9 16 20 34 23 5 6 40 13
98 50 96 78 82 57 67 89 86 98 65 66 72 74 77 96 62 95 90 90 57 60 58 70 91 40 0 0 7 41 27 4 50 34 25 46 11 41 46 2 21 20 20 38 21 27 36 29 29 33
65 91 78 56 72 53 70 98 61 81 95 100 81 71 98 89 84 82 81 81 73 64 87 75 74 3 0 0 47 48 5 42 43 19 22 31 16 43 26 29 45 40 14 48 28 47 7 0 40 13
69 100 92 81 95 55 87 100 100 73 50 99 82 65 64 76 77 68 72 54 95 53 69 74 86 31 7 47 0 40 24 34 33 30 16 27 47 8 35 34 31 31 21 38 27 6 1 33 40 1
96 89 88 69 60 90 70 86 63 65 57 99 96 60 58 92 69 55 60 78 56 83 90 63 61 38 41 48 40 0 22 40 39 4 6 41 32 36 10 48 12 43 9 29 35 26 44 16 47 37
69 70 63 95 76 79 76 50 74 88 50 52 69 95 92 100 82 72 93 88 93 68 54 79 77 3 27 5 24 22 0 4 19 30 8 31 46 19 26 5 27 41 49 33 0 49 35 22 44 39
76 96 58 93 93 80 62 63 82 74 72 96 50 92 82 87 91 57 75 90 82 77 74 68 88 9 4 42 34 40 4 0 7 49 11 39 34 24 26 45 22 37 40 15 37 41 38 41 48 45
84 79 65 84 53 93 82 96 74 86 89 72 68 97 92 61 96 72 91 95 92 76 57 73 73 2 50 43 33 39 19 7 0 39 30 39 16 9 7 34 46 28 34 33 8 29 42 13 35 40
76 87 87 56 74 90 55 99 89 95 88 67 77 88 94 68 73 68 86 78 93 90 85 77 71 22 34 19 30 4 30 49 39 0 20 25 45 12 46 16 6 25 42 43 46 3 42 35 17 2
73 66 60 70 82 54 89 54 72 97 58 67 99 91 94 56 97 58 85 91 97 79 75 66 90 13 25 22 16 6 8 11 30 20 0 22 34 4 38 31 19 8 6 24 20 43 36 1 46 24
95 50 65 97 62 80 70 86 71 67 57 89 76 94 64 52 99 60 58 55 85 66 50 76 93 28 46 31 27 41 31 39 39 25 22 0 30 5 41 29 21 14 46 1 41 26 6 31 15 19
76 95 100 98 73 58 69 98 82 80 54 57 51 92 70 61 70 79 71 90 78 76 76 60 95 50 11 16 47 32 46 34 16 45 34 30 0 33 34 9 35 29 40 49 50 17 12 0 28 0
69 97 73 88 71 58 95 76 53 78 90 97 59 73 98 85 80 90 74 62 83 65 50 71 56 18 41 43 8 36 19 24 9 12 4 5 33 0 30 26 10 41 49 3 4 48 13 31 43 46
69 61 54 100 69 67 92 67 60 95 65 58 72 87 83 78 80 51 70 76 53 98 68 56 55 12 46 26 35 10 26 26 7 46 38 41 34 30 0 39 11 8 30 25 4 36 11 39 30 42
66 59 51 77 72 64 99 90 100 51 73 58 62 78 81 95 60 62 97 60 94 64 56 69 78 14 2 29 34 48 5 45 34 16 31 29 9 26 39 0 28 19 46 6 25 26 32 3 40 8
76 61 53 73 61 66 81 93 99 84 72 59 93 87 87 71 72 93 99 79 86 73 65 70 67 47 21 45 31 12 27 22 46 6 19 21 35 10 11 28 0 41 11 5 23 25 18 41 38 2
51 92 81 65 50 95 80 91 82 77 63 75 94 79 80 81 72 56 92 94 70 69 87 75 94 9 20 40 31 43 41 37 28 25 8 14 29 41 8 19 41 0 37 35 1 44 10 40 16 25
73 99 85 77 67 51 99 74 56 75 87 83 70 96 92 60 85 68 75 62 58 80 64 92 88 16 20 14 21 9 49 40 34 42 6 46 40 49 30 46 11 37 0 19 43 0 13 34 32 49
77 77 87 56 66 55 71 88 94 89 63 53 78 53 77 56 87 81 99 67 54 60 79 92 50 20 38 48 38 29 33 15 33 43 24 1 49 3 25 6 5 35 19 0 32 26 24 31 34 10
81 67 88 73 74 71 63 69 65 52 83 54 97 62 53 70 80 67 58 100 58 66 64 59 86 34 21 28 27 35 0 37 8 46 20 41 50 4 4 25 23 1 43 32 0 29 18 7 43 12
85 78 60 58 61 91 81 71 88 51 66 58 99 54 72 93 70 59 78 98 63 64 85 78 89 23 27 47 6 26 49 41 29 3 43 26 17 48 36 26 25 44 0 26 29 0 20 41 12 26
94 68 99 98 61 53 52 85 92 66 89 66 61 68 51 62 84 85 66 90 56 55 68 55 70 5 36 7 1 44 35 38 42 42 36 6 12 13 11 32 18 10 13 24 18 20 0 13 11 6
71 60 57 86 58 81 88 98 75 90 64 90 61 76 53 51 90 71 82 56 98 77 67 80 97 6 29 0 33 16 22 41 13 35 1 31 0 31 39 3 41 40 34 31 7 41 13 0 50 8
80 97 64 58 51 84 99 88 82 96 72 55 70 65 68 73 69 76 84 66 59 69 91 85 77 40 29 40 40 47 44 48 35 17 46 15 28 43 30 40 38 16 32 34 43 12 11 50 0 21
98 54 93 78 79 50 87 66 73 82 97 86 81 64 94 98 81 64 84 72 60 81 59 64 63 13 33 13 1 37 39 45 40 2 24 19 0 46 42 8 2 25 49 10 12 26 6 8 21 0
RRRRRRRRRRRRRRRRRRRRRRRRRBBBBBBBBBBBBBBBBBBBBBBBBB