50
0 55 64 66 38 38 97 88 55 4 8 40 13 71 69 95 36 62 61 74 23 14 98 8 29 26 74 0 29 1 13 89 7 66 98 14 67 97 88 100 31 37 99 87 97 32 38 77 39 88 
55 0 97 47 94 13 86 22 53 33 50 94 38 36 5 4 98 66 48 70 59 88 43 39 96 42 38 49 64 54 85 90 57 39 26 70 39 27 94 55 95 96 89 88 71 84 68 84 63 95 
64 97 0 16 54 44 22 75 33 84 71 92 71 27 56 16 49 23 22 2 74 75 39 11 97 18 61 18 72 70 94 99 73 20 14 100 51 52 39 64 100 22 48 31 18 95 8 14 46 88 
66 47 16 0 63 50 19 69 29 9 11 59 40 42 28 75 70 93 94 41 57 84 61 59 7 32 57 45 53 65 20 49 31 61 73 54 6 72 97 59 5 13 34 60 99 70 28 58 76 32 
38 94 54 63 0 96 34 1 48 81 72 93 100 56 20 39 19 18 41 34 98 30 63 72 74 51 19 22 44 21 19 31 54 85 35 33 40 51 49 75 72 96 31 71 80 74 83 12 8 88 
38 13 44 50 96 0 92 75 6 95 11 92 50 22 18 85 62 51 2 97 86 45 31 28 86 37 82 76 5 76 36 76 39 64 85 28 54 38 76 21 42 30 25 93 18 81 69 55 98 49 
97 86 22 19 34 92 0 40 13 7 82 36 20 100 52 89 93 90 100 51 57 24 26 60 84 87 42 41 93 30 29 98 92 74 78 14 67 59 87 13 71 25 30 39 30 77 97 43 88 7 
88 22 75 69 1 75 40 0 24 83 56 58 26 85 7 97 48 61 75 88 65 42 32 85 1 17 77 66 3 30 10 85 59 27 44 7 45 20 88 18 13 96 82 19 80 3 49 92 32 31 
55 53 33 29 48 6 13 24 0 20 77 9 4 28 66 68 15 25 70 53 49 41 25 55 16 41 87 79 50 21 56 52 63 14 77 27 56 14 9 70 58 74 15 12 80 66 73 74 74 53 
4 33 84 9 81 95 7 83 20 0 84 18 38 48 8 57 76 49 4 49 19 44 13 74 90 31 12 46 86 36 61 79 61 11 65 21 54 68 89 63 60 34 5 45 57 99 67 19 52 79 
8 50 71 11 72 11 82 56 77 84 0 2 48 41 13 76 87 8 3 42 53 5 62 100 16 47 38 94 46 62 71 89 10 58 24 14 84 15 79 43 57 63 86 14 100 43 66 64 53 63 
40 94 92 59 93 92 36 58 9 18 2 0 28 88 49 85 22 86 88 31 78 88 88 49 31 90 97 91 21 81 7 41 1 80 100 49 32 33 71 79 76 73 87 55 62 29 89 37 77 31 
13 38 71 40 100 50 20 26 4 38 48 28 0 84 8 65 7 28 95 13 80 62 15 22 39 42 46 71 89 74 92 28 25 28 39 11 61 26 33 30 48 49 0 68 65 3 46 15 98 39 
71 36 27 42 56 22 100 85 28 48 41 88 84 0 37 69 79 79 72 32 70 41 42 27 78 76 36 59 91 12 7 70 48 77 88 75 96 56 20 32 72 14 75 29 51 5 78 29 44 98 
69 5 56 28 20 18 52 7 66 8 13 49 8 37 0 91 56 81 17 18 93 49 84 95 78 43 59 86 16 59 48 70 79 21 63 47 64 42 52 61 30 61 29 72 29 59 88 73 59 85 
95 4 16 75 39 85 89 97 68 57 76 85 65 69 91 0 86 47 77 86 21 84 14 32 82 90 27 59 81 39 81 99 37 26 68 77 74 43 95 29 30 76 83 92 80 84 4 59 6 36 
36 98 49 70 19 62 93 48 15 76 87 22 7 79 56 86 0 96 80 22 92 40 99 36 76 53 76 4 42 14 74 80 3 65 53 37 77 70 47 12 31 57 18 5 44 51 34 44 69 76 
62 66 23 93 18 51 90 61 25 49 8 86 28 79 81 47 96 0 75 28 93 90 88 51 81 8 47 92 80 97 76 24 77 48 84 74 56 69 77 0 59 61 17 41 4 65 81 75 59 3 
61 48 22 94 41 2 100 75 70 4 3 88 95 72 17 77 80 75 0 85 75 48 1 97 6 94 87 38 61 91 32 92 47 4 59 83 11 65 66 21 40 71 69 7 16 24 35 31 37 35 
74 70 2 41 34 97 51 88 53 49 42 31 13 32 18 86 22 28 85 0 70 5 43 33 100 71 89 63 54 98 56 40 35 37 2 74 30 57 4 70 28 27 22 40 97 19 34 44 14 45 
23 59 74 57 98 86 57 65 49 19 53 78 80 70 93 21 92 93 75 70 0 84 95 59 57 18 88 9 8 59 40 6 39 86 100 77 67 92 30 85 0 36 58 84 6 56 63 21 23 64 
14 88 75 84 30 45 24 42 41 44 5 88 62 41 49 84 40 90 48 5 84 0 23 11 44 49 53 47 85 51 22 41 50 84 35 46 87 16 62 26 17 47 27 27 63 59 7 33 50 92 
98 43 39 61 63 31 26 32 25 13 62 88 15 42 84 14 99 88 1 43 95 23 0 76 17 8 99 81 47 85 37 42 79 24 5 81 56 34 73 34 100 63 12 66 38 81 90 48 27 33 
8 39 11 59 72 28 60 85 55 74 100 49 22 27 95 32 36 51 97 33 59 11 76 0 21 40 25 28 38 12 66 22 82 76 21 42 36 67 40 96 63 94 7 62 41 18 7 58 24 18 
29 96 97 7 74 86 84 1 16 90 16 31 39 78 78 82 76 81 6 100 57 44 17 21 0 35 87 36 86 99 27 62 33 26 96 1 32 89 57 90 40 76 31 87 6 75 59 88 14 96 
26 42 18 32 51 37 87 17 41 31 47 90 42 76 43 90 53 8 94 71 18 49 8 40 35 0 86 63 50 50 21 31 93 99 56 23 0 21 49 50 10 60 67 18 77 51 17 96 21 100 
74 38 61 57 19 82 42 77 87 12 38 97 46 36 59 27 76 47 87 89 88 53 99 25 87 86 0 20 39 1 27 99 71 61 28 32 30 34 0 87 24 61 90 29 85 13 66 14 42 8 
0 49 18 45 22 76 41 66 79 46 94 91 71 59 86 59 4 92 38 63 9 47 81 28 36 63 20 0 49 74 43 89 91 4 64 63 10 84 62 31 33 63 67 69 57 84 14 84 63 76 
29 64 72 53 44 5 93 3 50 86 46 21 89 91 16 81 42 80 61 54 8 85 47 38 86 50 39 49 0 28 49 74 79 42 87 75 26 46 23 55 66 69 61 27 29 61 7 62 3 42 
1 54 70 65 21 76 30 30 21 36 62 81 74 12 59 39 14 97 91 98 59 51 85 12 99 50 1 74 28 0 29 53 87 66 55 69 76 14 15 49 4 18 96 81 100 18 35 25 98 49 
13 85 94 20 19 36 29 10 56 61 71 7 92 7 48 81 74 76 32 56 40 22 37 66 27 21 27 43 49 29 0 58 19 2 2 11 54 97 59 99 12 35 74 47 62 73 36 57 3 45 
89 90 99 49 31 76 98 85 52 79 89 41 28 70 70 99 80 24 92 40 6 41 42 22 62 31 99 89 74 53 58 0 53 100 34 99 49 79 46 45 33 45 36 90 48 44 79 58 26 95 
7 57 73 31 54 39 92 59 63 61 10 1 25 48 79 37 3 77 47 35 39 50 79 82 33 93 71 91 79 87 19 53 0 67 53 14 43 15 56 44 72 100 51 46 42 59 54 51 41 82 
66 39 20 61 85 64 74 27 14 11 58 80 28 77 21 26 65 48 4 37 86 84 24 76 26 99 61 4 42 66 2 100 67 0 58 93 42 71 79 17 19 27 94 11 71 42 62 10 47 15 
98 26 14 73 35 85 78 44 77 65 24 100 39 88 63 68 53 84 59 2 100 35 5 21 96 56 28 64 87 55 2 34 53 58 0 84 26 67 46 72 39 16 69 66 12 52 36 83 42 49 
14 70 100 54 33 28 14 7 27 21 14 49 11 75 47 77 37 74 83 74 77 46 81 42 1 23 32 63 75 69 11 99 14 93 84 0 4 72 5 6 44 99 59 49 58 67 30 21 30 4 
67 39 51 6 40 54 67 45 56 54 84 32 61 96 64 74 77 56 11 30 67 87 56 36 32 0 30 10 26 76 54 49 43 42 26 4 0 12 96 88 78 11 10 100 99 39 68 1 47 100 
97 27 52 72 51 38 59 20 14 68 15 33 26 56 42 43 70 69 65 57 92 16 34 67 89 21 34 84 46 14 97 79 15 71 67 72 12 0 9 41 6 46 31 99 47 56 56 75 76 91 
88 94 39 97 49 76 87 88 9 89 79 71 33 20 52 95 47 77 66 4 30 62 73 40 57 49 0 62 23 15 59 46 56 79 46 5 96 9 0 43 41 52 93 8 100 19 42 2 74 65 
100 55 64 59 75 21 13 18 70 63 43 79 30 32 61 29 12 0 21 70 85 26 34 96 90 50 87 31 55 49 99 45 44 17 72 6 88 41 43 0 67 28 57 16 15 33 99 100 28 43 
31 95 100 5 72 42 71 13 58 60 57 76 48 72 30 30 31 59 40 28 0 17 100 63 40 10 24 33 66 4 12 33 72 19 39 44 78 6 41 67 0 53 72 14 42 32 92 28 24 28 
37 96 22 13 96 30 25 96 74 34 63 73 49 14 61 76 57 61 71 27 36 47 63 94 76 60 61 63 69 18 35 45 100 27 16 99 11 46 52 28 53 0 60 37 99 28 87 95 46 8 
99 89 48 34 31 25 30 82 15 5 86 87 0 75 29 83 18 17 69 22 58 27 12 7 31 67 90 67 61 96 74 36 51 94 69 59 10 31 93 57 72 60 0 33 28 63 65 83 76 63 
87 88 31 60 71 93 39 19 12 45 14 55 68 29 72 92 5 41 7 40 84 27 66 62 87 18 29 69 27 81 47 90 46 11 66 49 100 99 8 16 14 37 33 0 90 1 93 17 20 36 
97 71 18 99 80 18 30 80 80 57 100 62 65 51 29 80 44 4 16 97 6 63 38 41 6 77 85 57 29 100 62 48 42 71 12 58 99 47 100 15 42 99 28 90 0 92 7 64 24 51 
32 84 95 70 74 81 77 3 66 99 43 29 3 5 59 84 51 65 24 19 56 59 81 18 75 51 13 84 61 18 73 44 59 42 52 67 39 56 19 33 32 28 63 1 92 0 36 29 88 91 
38 68 8 28 83 69 97 49 73 67 66 89 46 78 88 4 34 81 35 34 63 7 90 7 59 17 66 14 7 35 36 79 54 62 36 30 68 56 42 99 92 87 65 93 7 36 0 49 18 71 
77 84 14 58 12 55 43 92 74 19 64 37 15 29 73 59 44 75 31 44 21 33 48 58 88 96 14 84 62 25 57 58 51 10 83 21 1 75 2 100 28 95 83 17 64 29 49 0 43 33 
39 63 46 76 8 98 88 32 74 52 53 77 98 44 59 6 69 59 37 14 23 50 27 24 14 21 42 63 3 98 3 26 41 47 42 30 47 76 74 28 24 46 76 20 24 88 18 43 0 73 
88 95 88 32 88 49 7 31 53 79 63 31 39 98 85 36 76 3 35 45 64 92 33 18 96 100 8 76 42 49 45 95 82 15 49 4 100 91 65 43 28 8 63 36 51 91 71 33 73 0 
RBRBRBRBRBRBRBRBRBRBRBRBRBRBRBRBRBRBRBRBRBRBRBRBRB