50
0 46 80 48 32 72 52 54 56 8 88 47 7 52 46 20 22 60 20 51 30 64 65 61 7 2 32 46 21 42 96 42 4 30 27 16 74 96 98 33 92 73 6 46 93 76 7 2 35 85
46 0 29 6 32 66 48 66 28 60 67 57 32 17 51 91 73 62 5 46 35 88 21 7 38 4 72 69 43 45 7 46 83 12 9 31 82 62 47 7 56 82 92 91 80 9 30 67 54 59
80 29 0 45 4 53 38 90 40 84 62 56 82 37 40 20 12 40 25 36 87 35 0 78 91 78 73 16 42 42 1 78 34 7 72 55 58 44 11 75 32 94 56 20 66 1 45 23 3 6
48 6 45 0 34 25 86 90 45 17 62 18 72 63 76 58 87 91 56 4 2 81 31 13 40 70 39 67 63 30 75 21 71 44 47 96 90 92 8 57 81 87 55 99 92 1 6 42 41 7
32 32 4 34 0 93 83 75 91 11 69 15 57 48 94 100 98 73 1 8 10 15 81 26 61 38 61 66 22 89 53 50 17 75 5 18 52 91 59 43 61 0 23 51 12 24 7 28 60 95
72 66 53 25 93 0 43 76 21 59 69 91 66 58 28 36 71 73 32 39 14 60 99 73 77 22 2 55 87 77 81 80 53 48 0 73 27 87 55 49 11 86 33 17 3 68 40 56 93 20
52 48 38 86 83 43 0 44 87 60 39 34 30 72 86 20 50 99 81 75 48 5 48 71 20 54 20 5 36 7 8 74 45 14 69 52 50 37 47 98 51 66 60 67 48 79 22 54 79 45
54 66 90 90 75 76 44 0 55 37 65 38 84 56 8 19 5 27 28 54 18 4 16 72 33 85 0 38 64 57 17 67 90 4 53 72 8 19 66 90 97 53 15 23 90 30 11 9 11 52
56 28 40 45 91 21 87 55 0 84 47 87 24 3 53 90 93 8 58 8 24 52 99 43 67 42 11 45 68 6 10 75 70 28 61 23 48 75 31 10 5 28 52 29 33 77 47 92 29 6
8 60 84 17 11 59 60 37 84 0 77 98 81 27 50 79 42 6 18 18 68 12 13 71 72 20 68 4 0 63 99 80 20 8 41 89 47 32 42 84 73 16 52 41 50 32 99 86 89 100
88 67 62 62 69 69 39 65 47 77 0 95 98 47 76 88 26 94 48 90 46 42 3 80 59 83 84 4 78 13 51 52 54 81 82 12 89 97 18 10 31 38 33 10 63 41 19 97 95 39
47 57 56 18 15 91 34 38 87 98 95 0 48 96 15 19 63 69 64 54 67 75 93 5 10 72 52 65 68 27 43 11 75 13 60 83 76 16 56 95 41 90 10 50 31 65 37 66 53 24
7 32 82 72 57 66 30 84 24 81 98 48 0 53 79 74 31 13 95 5 59 83 77 98 25 64 33 70 52 77 13 21 75 29 3 29 35 61 4 96 13 22 67 38 40 8 99 41 48 36
52 17 37 63 48 58 72 56 3 27 47 96 53 0 0 19 82 83 55 19 19 65 31 67 68 15 82 73 57 60 39 44 49 37 92 36 77 71 38 41 71 18 34 68 29 61 10 24 58 12
46 51 40 76 94 28 86 8 53 50 76 15 79 0 0 62 28 90 46 64 73 28 24 92 66 48 91 93 91 76 32 30 66 35 94 31 58 69 14 91 22 82 85 91 52 4 84 27 24 89
20 91 20 58 100 36 20 19 90 79 88 19 74 19 62 0 14 99 4 40 67 1 9 8 33 14 4 11 26 42 41 99 51 33 53 42 1 68 58 39 7 64 49 48 12 53 30 7 70 49
22 73 12 87 98 71 50 5 93 42 26 63 31 82 28 14 0 67 30 7 64 70 93 60 10 53 8 30 43 72 18 21 45 10 79 62 28 14 92 21 36 1 72 77 74 46 53 62 56 26
60 62 40 91 73 73 99 27 8 6 94 69 13 83 90 99 67 0 80 68 2 95 95 68 52 48 21 38 95 80 71 35 36 46 1 78 49 21 88 85 75 53 88 9 23 94 78 99 21 21
20 5 25 56 1 32 81 28 58 18 48 64 95 55 46 4 30 80 0 47 93 44 92 47 53 46 22 32 1 8 88 82 7 88 59 90 23 88 42 82 13 59 73 94 93 37 79 28 44 49
51 46 36 4 8 39 75 54 8 18 90 54 5 19 64 40 7 68 47 0 100 42 97 23 81 62 7 39 8 93 16 11 20 53 11 48 76 13 36 76 50 92 13 41 31 45 13 39 74 87
30 35 87 2 10 14 48 18 24 68 46 67 59 19 73 67 64 2 93 100 0 0 98 46 55 22 82 43 29 68 83 18 92 4 5 31 14 87 42 81 38 34 44 50 48 96 50 55 14 82
64 88 35 81 15 60 5 4 52 12 42 75 83 65 28 1 70 95 44 42 0 0 31 20 57 13 26 2 85 29 96 24 49 22 43 5 14 33 57 65 32 8 72 32 46 83 69 57 46 22
65 21 0 31 81 99 48 16 99 13 3 93 77 31 24 9 93 95 92 97 98 31 0 2 31 94 57 32 63 86 57 46 100 69 75 79 22 75 26 80 66 23 7 63 76 16 39 0 22 79
61 7 78 13 26 73 71 72 43 71 80 5 98 67 92 8 60 68 47 23 46 20 2 0 15 62 15 84 90 52 17 88 66 58 89 59 96 0 81 84 100 84 57 50 67 8 52 85 46 85
7 38 91 40 61 77 20 33 67 72 59 10 25 68 66 33 10 52 53 81 55 57 31 15 0 68 0 65 32 16 99 48 58 17 34 90 21 35 91 93 51 38 64 2 57 15 42 8 62 33
2 4 78 70 38 22 54 85 42 20 83 72 64 15 48 14 53 48 46 62 22 13 94 62 68 0 85 52 76 58 47 56 74 36 5 73 13 92 40 57 50 78 71 75 1 15 47 41 2 54
32 72 73 39 61 2 20 0 11 68 84 52 33 82 91 4 8 21 22 7 82 26 57 15 0 85 0 99 19 26 96 12 63 12 46 51 82 64 49 96 81 29 15 15 59 90 82 96 2 26
46 69 16 67 66 55 5 38 45 4 4 65 70 73 93 11 30 38 32 39 43 2 32 84 65 52 99 0 90 52 55 6 64 6 95 96 10 41 71 73 72 53 52 4 60 19 48 84 41 55
21 43 42 63 22 87 36 64 68 0 78 68 52 57 91 26 43 95 1 8 29 85 63 90 32 76 19 90 0 31 24 97 79 70 30 49 67 83 98 14 87 88 49 95 57 48 34 84 20 30
42 45 42 30 89 77 7 57 6 63 13 27 77 60 76 42 72 80 8 93 68 29 86 52 16 58 26 52 31 0 48 80 78 18 36 62 43 40 75 91 57 78 60 43 38 61 10 28 2 53
96 7 1 75 53 81 8 17 10 99 51 43 13 39 32 41 18 71 88 16 83 96 57 17 99 47 96 55 24 48 0 76 61 2 74 19 33 10 67 92 14 66 70 35 3 33 36 47 79 48
42 46 78 21 50 80 74 67 75 80 52 11 21 44 30 99 21 35 82 11 18 24 46 88 48 56 12 6 97 80 76 0 38 87 48 28 20 29 14 89 65 2 1 85 99 20 67 10 46 44
4 83 34 71 17 53 45 90 70 20 54 75 75 49 66 51 45 36 7 20 92 49 100 66 58 74 63 64 79 78 61 38 0 90 69 69 75 22 46 90 89 37 80 77 61 10 79 38 76 83
30 12 7 44 75 48 14 4 28 8 81 13 29 37 35 33 10 46 88 53 4 22 69 58 17 36 12 6 70 18 2 87 90 0 8 52 41 87 57 34 31 34 5 61 98 85 95 4 90 47
27 9 72 47 5 0 69 53 61 41 82 60 3 92 94 53 79 1 59 11 5 43 75 89 34 5 46 95 30 36 74 48 69 8 0 30 58 13 55 2 9 35 56 2 93 8 31 98 78 54
16 31 55 96 18 73 52 72 23 89 12 83 29 36 31 42 62 78 90 48 31 5 79 59 90 73 51 96 49 62 19 28 69 52 30 0 28 36 8 80 54 87 86 99 24 12 14 95 38 49
74 82 58 90 52 27 50 8 48 47 89 76 35 77 58 1 28 49 23 76 14 14 22 96 21 13 82 10 67 43 33 20 75 41 58 28 0 52 57 69 74 1 92 3 16 95 45 51 2 42
96 62 44 92 91 87 37 19 75 32 97 16 61 71 69 68 14 21 88 13 87 33 75 0 35 92 64 41 83 40 10 29 22 87 13 36 52 0 72 65 97 82 93 55 87 21 37 18 55 40
98 47 11 8 59 55 47 66 31 42 18 56 4 38 14 58 92 88 42 36 42 57 26 81 91 40 49 71 98 75 67 14 46 57 55 8 57 72 0 35 33 46 65 6 78 89 8 85 39 41
33 7 75 57 43 49 98 90 10 84 10 95 96 41 91 39 21 85 82 76 81 65 80 84 93 57 96 73 14 91 92 89 90 34 2 80 69 65 35 0 92 22 40 77 55 22 36 55 24 7
92 56 32 81 61 11 51 97 5 73 31 41 13 71 22 7 36 75 13 50 38 32 66 100 51 50 81 72 87 57 14 65 89 31 9 54 74 97 33 92 0 4 49 7 0 70 9 23 74 77
73 82 94 87 0 86 66 53 28 16 38 90 22 18 82 64 1 53 59 92 34 8 23 84 38 78 29 53 88 78 66 2 37 34 35 87 1 82 46 22 4 0 45 8 86 69 87 16 86 73
6 92 56 55 23 33 60 15 52 52 33 10 67 34 85 49 72 88 73 13 44 72 7 57 64 71 15 52 49 60 70 1 80 5 56 86 92 93 65 40 49 45 0 83 41 42 0 95 34 67
46 91 20 99 51 17 67 23 29 41 10 50 38 68 91 48 77 9 94 41 50 32 63 50 2 75 15 4 95 43 35 85 77 61 2 99 3 55 6 77 7 8 83 0 99 75 43 96 48 31
93 80 66 92 12 3 48 90 33 50 63 31 40 29 52 12 74 23 93 31 48 46 76 67 57 1 59 60 57 38 3 99 61 98 93 24 16 87 78 55 0 86 41 99 0 8 75 36 78 73
76 9 1 1 24 68 79 30 77 32 41 65 8 61 4 53 46 94 37 45 96 83 16 8 15 15 90 19 48 61 33 20 10 85 8 12 95 21 89 22 70 69 42 75 8 0 94 26 89 56
7 30 45 6 7 40 22 11 47 99 19 37 99 10 84 30 53 78 79 13 50 69 39 52 42 47 82 48 34 10 36 67 79 95 31 14 45 37 8 36 9 87 0 43 75 94 0 3 22 23
2 67 23 42 28 56 54 9 92 86 97 66 41 24 27 7 62 99 28 39 55 57 0 85 8 41 96 84 84 28 47 10 38 4 98 95 51 18 85 55 23 16 95 96 36 26 3 0 18 62
35 54 3 41 60 93 79 11 29 89 95 53 48 58 24 70 56 21 44 74 14 46 22 46 62 2 2 41 20 2 79 46 76 90 78 38 2 55 39 24 74 86 34 48 78 89 22 18 0 16
85 59 6 7 95 20 45 52 6 100 39 24 36 12 89 49 26 21 49 87 82 22 79 85 33 54 26 55 30 53 48 44 83 47 54 49 42 40 41 7 77 73 67 31 73 56 23 62 16 0
RBBBBBRRRBRRRRRBBRRBBBBRBBRRBRBBBBRRRRRBRRRRRBBBBB