50
0 97 79 53 66 72 72 1 94 1 68 1 100 1 1 74 1 94 70 72 70 81 67 91 92 68 75 49 73 92 1 63 100 49 63 10 98 74 56 78 71 71 1 79 76 62 68 83 1 87
97 0 89 1 52 51 1 80 77 86 70 76 1 71 68 78 77 1 84 75 61 99 86 82 1 91 93 1 1 85 91 67 63 78 1 86 77 60 72 99 55 74 65 74 79 79 54 93 96 1
79 89 0 92 91 77 85 65 55 58 1 57 74 50 80 86 93 60 97 1 1 52 66 100 88 1 57 56 97 71 65 89 91 54 91 1 50 1 1 66 73 91 99 84 55 1 65 1 73 78
53 1 92 0 94 64 1 95 60 54 93 66 1 85 71 63 72 1 77 78 57 83 80 57 1 83 56 1 1 75 85 62 86 87 1 59 76 93 57 76 62 49 77 75 73 80 85 100 99 1
66 52 91 94 0 96 71 75 1 58 59 74 58 52 92 1 86 65 1 92 86 71 1 1 50 57 70 60 69 68 74 88 1 1 83 86 1 50 94 80 98 1 92 71 83 93 81 63 55 75
72 51 77 64 96 0 76 91 68 96 55 49 68 52 65 62 92 55 83 83 84 1 53 86 96 57 1 54 86 1 78 1 95 59 55 87 93 99 52 1 1 100 49 1 1 74 1 83 51 78
72 1 85 1 71 76 0 76 87 63 59 77 1 97 83 98 83 1 69 77 57 95 57 74 1 77 90 1 1 50 60 93 80 49 1 92 82 95 77 52 62 85 63 69 51 61 81 79 50 1
1 80 65 95 75 91 76 0 56 1 97 1 79 1 1 66 1 87 68 71 84 82 95 95 54 89 78 66 62 81 1 55 66 71 83 71 71 84 72 89 96 98 1 71 91 88 94 70 1 59
94 77 55 60 1 68 87 56 0 61 73 75 66 94 94 1 82 69 1 84 51 55 1 1 95 59 92 74 54 91 49 99 1 1 62 69 1 57 80 88 72 1 62 68 72 65 82 59 88 97
1 86 58 54 58 96 63 1 61 0 67 1 73 1 1 55 1 83 67 94 75 85 78 55 66 82 96 71 91 56 1 87 72 49 90 97 78 65 78 70 75 92 1 71 71 58 95 100 1 66
68 70 1 93 59 55 59 97 73 67 0 50 81 59 51 70 77 49 55 1 1 57 91 78 53 1 78 50 62 57 69 84 77 91 60 1 77 1 1 84 94 52 100 92 87 1 81 1 91 99
1 76 57 66 74 49 77 1 75 1 50 0 76 1 1 88 1 87 65 56 95 72 98 59 83 53 66 78 55 58 1 98 86 88 92 79 89 56 66 90 83 50 1 57 83 95 70 51 1 52
100 1 74 1 58 68 1 79 66 73 81 76 0 88 71 62 86 1 88 87 49 72 68 71 1 80 91 1 1 67 96 55 88 82 1 58 75 65 72 73 61 55 70 88 64 88 65 87 66 1
1 71 50 85 52 52 97 1 94 1 59 1 88 0 1 64 1 50 50 88 85 64 89 79 58 71 75 71 73 78 1 99 87 63 83 81 59 65 54 69 67 98 1 99 86 86 55 60 1 50
1 68 80 71 92 65 83 1 94 1 51 1 71 1 0 94 1 58 65 96 79 97 80 80 76 98 99 77 91 56 1 84 64 71 58 86 99 97 53 10 61 83 1 54 74 75 84 65 1 80
74 78 86 63 1 62 98 66 1 55 70 88 62 64 94 0 52 80 1 54 65 98 1 1 94 69 79 87 54 82 98 75 1 1 50 66 1 68 82 92 61 1 68 69 82 76 50 49 58 94
1 77 93 72 86 92 83 1 82 1 77 1 86 1 1 52 0 65 66 50 88 60 98 62 71 70 68 82 98 94 1 51 53 94 61 94 98 75 97 58 69 77 1 86 50 64 84 99 1 71
94 1 60 1 65 55 1 87 69 83 49 87 1 50 58 80 65 0 68 79 60 86 71 95 1 96 67 1 1 88 75 73 96 92 1 67 91 69 54 82 99 56 99 74 85 59 95 75 91 1
70 84 97 77 1 83 69 68 1 67 55 65 88 50 65 1 66 68 0 54 55 96 1 1 70 65 66 82 78 69 97 83 1 1 100 97 1 88 64 60 57 1 65 75 74 49 90 50 52 95
72 75 1 78 92 83 77 71 84 94 1 56 87 88 96 54 50 79 54 0 1 61 50 88 77 1 73 68 54 78 66 84 79 57 87 1 78 1 1 69 49 95 61 65 99 1 100 1 73 93
70 61 1 57 86 84 57 84 51 75 1 95 49 85 79 65 88 60 55 1 0 71 52 77 77 1 76 88 96 77 77 72 96 100 71 1 77 1 1 82 99 76 62 68 69 1 88 1 96 90
81 99 52 83 71 1 95 82 55 85 57 72 72 64 97 98 60 86 96 61 71 0 66 79 81 87 1 79 73 1 54 1 68 91 87 61 76 96 80 1 1 83 69 1 1 87 1 52 63 61
67 86 66 80 1 53 57 95 1 78 91 98 68 89 80 1 98 71 1 50 52 66 0 1 49 90 71 79 80 54 76 96 1 1 94 73 1 90 73 91 71 1 99 73 70 100 82 64 97 57
91 82 100 57 1 86 74 95 1 55 78 59 71 79 80 1 62 95 1 88 77 79 1 0 83 53 88 82 10 54 55 61 1 1 58 54 1 99 100 82 56 1 74 100 80 84 95 55 50 63
92 1 88 1 50 96 1 54 95 66 53 83 1 58 76 94 71 1 70 77 77 81 49 83 0 83 76 1 1 70 94 98 53 99 1 84 84 79 81 87 68 55 74 60 82 94 74 79 51 1
68 91 1 83 57 57 77 89 59 82 1 53 80 71 98 69 70 96 65 1 1 87 90 53 83 0 77 96 69 62 91 57 100 91 62 1 86 1 1 93 62 84 81 69 51 1 94 1 80 67
75 93 57 56 70 1 90 78 92 96 78 66 91 75 99 79 68 67 66 73 76 1 71 88 76 77 0 57 93 1 72 1 94 69 52 55 84 100 86 1 1 92 63 1 1 97 1 84 88 58
49 1 56 1 60 54 1 66 74 71 50 78 1 71 77 87 82 1 82 68 88 79 79 82 1 96 57 0 1 90 53 53 50 78 1 90 63 76 79 69 54 73 70 66 74 56 97 98 68 1
73 1 97 1 69 86 1 62 54 91 62 55 1 73 91 54 98 1 78 54 96 73 80 10 1 69 93 1 0 60 52 89 69 71 1 54 81 90 80 93 58 58 51 82 95 71 66 93 66 1
92 85 71 75 68 1 50 81 91 56 57 58 67 78 56 82 94 88 69 78 77 1 54 54 70 62 1 90 60 0 72 1 72 64 83 51 68 82 55 1 1 92 75 1 1 51 1 60 97 75
1 91 65 85 74 78 60 1 49 1 69 1 96 1 1 98 1 75 97 66 77 54 76 55 94 91 72 53 52 72 0 92 66 85 52 97 68 94 81 54 68 62 1 100 91 69 51 67 1 77
63 67 89 62 88 1 93 55 99 87 84 98 55 99 84 75 51 73 83 84 72 1 96 61 98 57 1 53 89 1 92 0 51 70 61 64 58 83 60 1 1 58 67 1 1 69 1 62 90 68
100 63 91 86 1 95 80 66 1 72 77 86 88 87 64 1 53 96 1 79 96 68 1 1 53 100 94 50 69 72 66 51 0 1 99 51 1 64 67 61 85 1 94 96 87 68 100 65 81 63
49 78 54 87 1 59 49 71 1 49 91 88 82 63 71 1 94 92 1 57 100 91 1 1 99 91 69 78 71 64 85 70 1 0 60 58 1 88 10 74 60 1 93 67 62 69 68 52 78 99
63 1 91 1 83 55 1 83 62 90 60 92 1 83 58 50 61 1 100 87 71 87 94 58 1 62 52 1 1 83 52 61 99 60 0 59 91 74 76 83 66 75 50 99 56 80 64 89 56 1
10 86 1 59 86 87 92 71 69 97 1 79 58 81 86 66 94 67 97 1 1 61 73 54 84 1 55 90 54 51 97 64 51 58 59 0 80 1 1 66 90 72 80 56 55 1 98 1 75 91
98 77 50 76 1 93 82 71 1 78 77 89 75 59 99 1 98 91 1 78 77 76 1 1 84 86 84 63 81 68 68 58 1 1 91 80 0 100 83 83 87 1 52 51 75 75 96 84 94 81
74 60 1 93 50 99 95 84 57 65 1 56 65 65 97 68 75 69 88 1 1 96 90 99 79 1 100 76 90 82 94 83 64 88 74 1 100 0 1 95 52 65 66 87 73 1 70 1 50 64
56 72 1 57 94 52 77 72 80 78 1 66 72 54 53 82 97 54 64 1 1 80 73 100 81 1 86 79 80 55 81 60 67 10 76 1 83 1 0 84 49 92 89 98 79 1 64 1 68 65
78 99 66 76 80 1 52 89 88 70 84 90 73 69 10 92 58 82 60 69 82 1 91 82 87 93 1 69 93 1 54 1 61 74 83 66 83 95 84 0 1 57 62 1 1 91 1 76 90 84
71 55 73 62 98 1 62 96 72 75 94 83 61 67 61 61 69 99 57 49 99 1 71 56 68 62 1 54 58 1 68 1 85 60 66 90 87 52 49 1 0 69 79 1 1 56 1 58 62 56
71 74 91 49 1 100 85 98 1 92 52 50 55 98 83 1 77 56 1 95 76 83 1 1 55 84 92 73 58 92 62 58 1 1 75 72 1 65 92 57 69 0 77 67 52 92 95 53 93 54
1 65 99 77 92 49 63 1 62 1 100 1 70 1 1 68 1 99 65 61 62 69 99 74 74 81 63 70 51 75 1 67 94 93 50 80 52 66 89 62 79 77 0 88 96 57 94 85 1 51
79 74 84 75 71 1 69 71 68 71 92 57 88 99 54 69 86 74 75 65 68 1 73 100 60 69 1 66 82 1 100 1 96 67 99 56 51 87 98 1 1 67 88 0 1 99 1 94 99 77
76 79 55 73 83 1 51 91 72 71 87 83 64 86 74 82 50 85 74 99 69 1 70 80 82 51 1 74 95 1 91 1 87 62 56 55 75 73 79 1 1 52 96 1 0 59 1 49 58 95
62 79 1 80 93 74 61 88 65 58 1 95 88 86 75 76 64 59 49 1 1 87 100 84 94 1 97 56 71 51 69 69 68 69 80 1 75 1 1 91 56 92 57 99 59 0 93 1 80 91
68 54 65 85 81 1 81 94 82 95 81 70 65 55 84 50 84 95 90 100 88 1 82 95 74 94 1 97 66 1 51 1 100 68 64 98 96 70 64 1 1 95 94 1 1 93 0 50 69 89
83 93 1 100 63 83 79 70 59 100 1 51 87 60 65 49 99 75 50 1 1 52 64 55 79 1 84 98 93 60 67 62 65 52 89 1 84 1 1 76 58 53 85 94 49 1 50 0 92 49
1 96 73 99 55 51 50 1 88 1 91 1 66 1 1 58 1 91 52 73 96 63 97 50 51 80 88 68 66 97 1 90 81 78 56 75 94 50 68 90 62 93 1 99 58 80 69 92 0 58
87 1 78 1 75 78 1 59 97 66 99 52 1 50 80 94 71 1 95 93 90 61 57 63 1 67 58 1 1 75 77 68 63 99 1 91 81 64 65 84 56 54 51 77 95 91 89 49 58 0
RRBRBBBRRRBBBBBBBRBRBBRRBRBRBRRRRBBBRBRRRBRRBRBRBR
