14
0 44 22 45 98 22 41 9 68 54 25 81 67 20
44 0 83 38 52 83 15 78 2 44 3 9 62 75
22 83 0 6 30 70 97 43 80 6 81 16 30 68
45 38 6 0 96 54 3 32 28 21 59 19 75 16
98 52 30 96 0 48 93 95 92 73 95 73 40 7
22 83 70 54 48 0 98 40 38 48 39 12 84 87
41 15 97 3 93 98 0 11 71 43 46 16 93 91
9 78 43 32 95 40 11 0 66 62 87 91 87 27
68 2 80 28 92 38 71 66 0 55 27 28 53 13
54 44 6 21 73 48 43 62 55 0 63 45 15 91
25 3 81 59 95 39 46 87 27 63 0 41 27 87
81 9 16 19 73 12 16 91 28 45 41 0 53 88
67 62 30 75 40 84 93 87 53 15 27 53 0 35
20 75 68 16 7 87 91 27 13 91 87 88 35 0
RBRBRRBBBRRBRB