24
0 1 80 80 0 80 80 80 80 80 80 80 80 80 80 80 80 80 80 80 80 80 80 0
1 0 1 80 80 80 80 80 80 80 80 80 80 80 80 80 80 80 80 80 80 80 80 80
80 1 0 1 80 40 80 80 80 80 80 80 80 0 80 80 80 80 80 80 80 40 80 80
80 80 1 0 1 80 80 0 80 80 80 80 80 80 80 80 80 80 80 80 80 80 80 80
0 80 80 1 0 1 80 80 80 80 80 80 80 80 80 80 80 80 80 80 80 80 80 80
80 80 40 80 1 0 1 80 80 80 80 80 80 80 80 80 80 80 0 80 80 80 80 80
80 80 80 80 80 1 0 1 80 80 80 80 80 80 80 80 80 80 80 80 80 80 80 80
80 80 80 0 80 80 1 0 0 80 80 80 80 80 80 80 80 80 80 80 80 80 80 80
80 80 80 80 80 80 80 0 0 1 80 80 0 80 80 80 80 80 80 80 80 80 80 80
80 80 80 80 80 80 80 80 1 0 1 80 80 80 80 80 80 80 80 80 80 80 80 80
80 80 80 80 80 80 80 80 80 1 0 1 80 80 80 80 80 80 80 80 80 0 80 80
80 80 80 80 80 80 80 80 80 80 1 0 1 80 80 0 80 80 80 80 80 80 80 80
80 80 80 80 80 80 80 80 0 80 80 1 0 1 80 80 80 80 80 80 80 80 80 80
80 80 0 80 80 80 80 80 80 80 80 80 1 0 1 80 80 80 80 80 80 80 80 80
80 80 80 80 80 80 80 80 80 80 80 80 80 1 0 1 80 80 80 80 80 80 80 80
80 80 80 80 80 80 80 80 80 80 80 0 80 80 1 0 0 80 80 80 80 80 80 80
80 80 80 80 80 80 80 80 80 80 80 80 80 80 80 0 0 1 80 80 0 80 80 80
80 80 80 80 80 80 80 80 80 80 80 80 80 80 80 80 1 0 1 80 80 80 80 80
80 80 80 80 80 0 80 80 80 80 80 80 80 80 80 80 80 1 0 1 80 80 80 80
80 80 80 80 80 80 80 80 80 80 80 80 80 80 80 80 80 80 1 0 1 80 80 0
80 80 80 80 80 80 80 80 80 80 80 80 80 80 80 80 0 80 80 1 0 1 80 80
80 80 40 80 80 80 80 80 80 80 0 80 80 80 80 80 80 80 80 80 1 0 1 80
80 80 80 80 80 80 80 80 80 80 80 80 80 80 80 80 80 80 80 80 80 1 0 1
0 80 80 80 80 80 80 80 80 80 80 80 80 80 80 80 80 80 80 0 80 80 1 0
BRBRRBRBBRBRRBRBBRBRRBRB
