50
0 31 66 43 53 46 48 33 62 28 42 64 48 35 44 51 31 26 25 57 35 36 27 30 54 52 33 46 56 62 48 45 44 30 49 44 53 42 57 26 53 71 64 42 54 62 69 63 62 43
31 0 41 46 46 56 46 35 66 37 52 51 47 47 42 71 35 48 27 50 47 50 55 67 35 66 34 71 49 68 65 48 70 70 59 46 42 39 59 57 67 41 26 54 40 31 35 45 35 26
66 41 0 39 32 36 29 33 59 54 58 26 52 61 64 55 63 50 63 64 28 67 30 34 42 44 66 43 25 54 47 42 72 60 27 67 43 61 54 56 61 61 25 69 46 48 34 43 36 74
43 46 39 0 48 65 29 49 67 30 45 47 52 73 73 61 43 53 46 47 35 41 26 32 69 69 47 35 56 40 74 62 49 49 42 26 61 38 30 43 66 63 69 36 56 34 60 35 51 57
53 46 32 48 0 50 48 30 51 28 55 35 71 41 64 32 26 65 55 36 54 39 41 27 27 50 36 28 34 37 53 49 51 60 49 72 63 36 55 51 35 28 51 35 65 59 41 61 73 49
46 56 36 65 50 0 34 61 41 39 63 73 73 72 66 43 63 33 50 60 28 66 50 57 58 39 26 49 32 51 56 36 25 35 65 46 52 74 41 52 61 69 47 53 35 34 70 30 31 30
48 46 29 29 48 34 0 73 25 56 26 68 27 62 43 45 26 54 62 71 39 25 53 61 27 74 69 64 25 51 37 30 56 69 55 57 58 61 46 73 57 49 32 36 47 51 31 48 40 35
33 35 33 49 30 61 73 0 51 69 49 42 65 53 55 48 30 74 71 68 32 56 40 26 34 30 59 60 63 32 43 73 47 36 36 45 45 34 41 36 42 71 65 72 42 61 67 65 33 45
62 66 59 67 51 41 25 51 0 49 38 36 39 29 73 56 65 34 40 41 72 63 54 66 26 52 49 27 43 61 49 34 49 57 33 53 27 49 29 74 48 54 42 36 65 61 52 26 67 42
28 37 54 30 28 39 56 69 49 0 49 72 70 54 26 46 45 37 65 41 38 27 55 67 67 42 26 64 53 47 68 64 66 29 64 68 53 43 73 73 51 73 52 40 25 27 51 26 59 39
42 52 58 45 55 63 26 49 38 49 0 47 51 69 61 45 43 69 45 57 63 54 51 52 65 68 38 31 54 55 45 40 47 71 25 39 29 40 27 62 50 58 62 32 30 50 41 57 69 66
64 51 26 47 35 73 68 42 36 72 47 0 33 28 55 65 27 41 31 56 42 37 36 28 70 60 31 36 62 29 54 72 63 63 74 57 49 73 30 30 26 51 73 66 34 66 66 43 62 38
48 47 52 52 71 73 27 65 39 70 51 33 0 61 32 29 65 47 46 53 73 31 44 65 52 33 26 49 63 68 29 36 60 29 70 71 60 44 46 33 41 52 62 56 58 73 70 64 55 45
35 47 61 73 41 72 62 53 29 54 69 28 61 0 31 72 54 25 60 61 52 73 39 47 53 28 41 68 48 31 39 28 64 72 34 63 26 50 49 62 29 67 28 65 39 56 27 33 69 45
44 42 64 73 64 66 43 55 73 26 61 55 32 31 0 46 46 57 56 49 30 68 57 44 48 46 61 33 54 59 34 44 26 32 68 52 41 58 74 31 29 34 69 61 41 60 61 47 35 67
51 71 55 61 32 43 45 48 56 46 45 65 29 72 46 0 55 73 62 51 73 59 29 65 58 49 27 36 70 48 67 41 50 64 51 37 33 38 69 33 46 37 54 38 58 52 39 60 49 64
31 35 63 43 26 63 26 30 65 45 43 27 65 54 46 55 0 45 44 66 25 37 70 64 67 45 44 34 50 55 56 31 61 73 48 44 30 57 29 30 67 60 45 27 65 55 35 66 40 55
26 48 50 53 65 33 54 74 34 37 69 41 47 25 57 73 45 0 51 47 31 40 55 44 39 30 62 32 42 66 39 49 70 64 30 36 71 66 73 29 61 47 42 44 31 28 27 49 29 36
25 27 63 46 55 50 62 71 40 65 45 31 46 60 56 62 44 51 0 58 74 39 34 38 70 56 71 42 50 69 44 25 44 48 52 62 41 27 69 70 46 31 26 31 52 57 26 69 52 26
57 50 64 47 36 60 71 68 41 41 57 56 53 61 49 51 66 47 58 0 49 55 73 69 71 59 48 35 71 37 30 69 33 41 38 39 57 47 50 37 64 36 40 45 70 43 48 38 39 69
35 47 28 35 54 28 39 32 72 38 63 42 73 52 30 73 25 31 74 49 0 65 35 68 72 59 71 34 25 59 56 57 74 45 44 69 66 26 70 53 54 60 59 37 35 30 66 28 54 40
36 50 67 41 39 66 25 56 63 27 54 37 31 73 68 59 37 40 39 55 65 0 60 56 67 48 34 28 58 71 42 65 26 73 72 46 25 71 46 53 70 59 64 60 68 54 69 33 30 34
27 55 30 26 41 50 53 40 54 55 51 36 44 39 57 29 70 55 34 73 35 60 0 42 53 72 71 63 72 50 73 36 63 68 70 36 46 36 27 46 36 71 48 50 57 68 36 43 32 32
30 67 34 32 27 57 61 26 66 67 52 28 65 47 44 65 64 44 38 69 68 56 42 0 73 66 33 62 25 64 28 45 61 40 59 30 32 70 62 30 40 38 62 30 51 33 52 33 40 30
54 35 42 69 27 58 27 34 26 67 65 70 52 53 48 58 67 39 70 71 72 67 53 73 0 57 59 48 25 66 74 67 52 51 63 35 73 28 67 60 30 33 67 69 65 26 71 39 36 34
52 66 44 69 50 39 74 30 52 42 68 60 33 28 46 49 45 30 56 59 59 48 72 66 57 0 59 56 42 30 42 73 67 73 32 59 42 49 66 44 74 49 31 61 39 69 26 32 67 28
33 34 66 47 36 26 69 59 49 26 38 31 26 41 61 27 44 62 71 48 71 34 71 33 59 59 0 57 69 64 56 66 36 44 42 54 46 58 36 53 73 54 33 59 41 67 66 74 53 44
46 71 43 35 28 49 64 60 27 64 31 36 49 68 33 36 34 32 42 35 34 28 63 62 48 56 57 0 25 59 67 28 55 36 30 37 40 44 68 39 31 74 29 45 69 40 29 42 60 34
56 49 25 56 34 32 25 63 43 53 54 62 63 48 54 70 50 42 50 71 25 58 72 25 25 42 69 25 0 44 28 33 55 64 35 67 62 73 60 55 31 50 33 28 50 67 40 42 71 59
62 68 54 40 37 51 51 32 61 47 55 29 68 31 59 48 55 66 69 37 59 71 50 64 66 30 64 59 44 0 34 56 41 29 73 44 30 44 46 48 27 26 63 30 37 60 49 27 56 45
48 65 47 74 53 56 37 43 49 68 45 54 29 39 34 67 56 39 44 30 56 42 73 28 74 42 56 67 28 34 0 60 33 29 54 27 72 46 40 47 53 39 47 48 55 34 63 32 52 45
45 48 42 62 49 36 30 73 34 64 40 72 36 28 44 41 31 49 25 69 57 65 36 45 67 73 66 28 33 56 60 0 71 29 52 69 68 70 61 66 62 47 43 56 69 43 27 55 29 25
44 70 72 49 51 25 56 47 49 66 47 63 60 64 26 50 61 70 44 33 74 26 63 61 52 67 36 55 55 41 33 71 0 34 29 36 40 68 40 35 51 43 31 44 54 25 43 51 45 66
30 70 60 49 60 35 69 36 57 29 71 63 29 72 32 64 73 64 48 41 45 73 68 40 51 73 44 36 64 29 29 29 34 0 28 73 26 68 44 39 56 69 51 50 70 61 65 72 65 27
49 59 27 42 49 65 55 36 33 64 25 74 70 34 68 51 48 30 52 38 44 72 70 59 63 32 42 30 35 73 54 52 29 28 0 43 55 50 50 71 30 28 63 69 60 66 74 37 36 51
44 46 67 26 72 46 57 45 53 68 39 57 71 63 52 37 44 36 62 39 69 46 36 30 35 59 54 37 67 44 27 69 36 73 43 0 54 64 30 30 52 33 31 46 40 28 61 35 74 48
53 42 43 61 63 52 58 45 27 53 29 49 60 26 41 33 30 71 41 57 66 25 46 32 73 42 46 40 62 30 72 68 40 26 55 54 0 65 71 56 35 37 73 54 47 35 74 65 36 69
42 39 61 38 36 74 61 34 49 43 40 73 44 50 58 38 57 66 27 47 26 71 36 70 28 49 58 44 73 44 46 70 68 68 50 64 65 0 31 45 48 64 46 59 29 42 28 38 58 45
57 59 54 30 55 41 46 41 29 73 27 30 46 49 74 69 29 73 69 50 70 46 27 62 67 66 36 68 60 46 40 61 40 44 50 30 71 31 0 67 56 51 25 39 26 63 54 31 64 56
26 57 56 43 51 52 73 36 74 73 62 30 33 62 31 33 30 29 70 37 53 53 46 30 60 44 53 39 55 48 47 66 35 39 71 30 56 45 67 0 27 34 40 64 51 51 58 68 28 59
53 67 61 66 35 61 57 42 48 51 50 26 41 29 29 46 67 61 46 64 54 70 36 40 30 74 73 31 31 27 53 62 51 56 30 52 35 48 56 27 0 38 71 29 51 55 73 47 52 44
71 41 61 63 28 69 49 71 54 73 58 51 52 67 34 37 60 47 31 36 60 59 71 38 33 49 54 74 50 26 39 47 43 69 28 33 37 64 51 34 38 0 73 48 42 43 35 49 49 29
64 26 25 69 51 47 32 65 42 52 62 73 62 28 69 54 45 42 26 40 59 64 48 62 67 31 33 29 33 63 47 43 31 51 63 31 73 46 25 40 71 73 0 39 60 40 68 43 55 56
42 54 69 36 35 53 36 72 36 40 32 66 56 65 61 38 27 44 31 45 37 60 50 30 69 61 59 45 28 30 48 56 44 50 69 46 54 59 39 64 29 48 39 0 34 57 30 25 49 68
54 40 46 56 65 35 47 42 65 25 30 34 58 39 41 58 65 31 52 70 35 68 57 51 65 39 41 69 50 37 55 69 54 70 60 40 47 29 26 51 51 42 60 34 0 26 57 29 67 56
62 31 48 34 59 34 51 61 61 27 50 66 73 56 60 52 55 28 57 43 30 54 68 33 26 69 67 40 67 60 34 43 25 61 66 28 35 42 63 51 55 43 40 57 26 0 40 48 28 42
69 35 34 60 41 70 31 67 52 51 41 66 70 27 61 39 35 27 26 48 66 69 36 52 71 26 66 29 40 49 63 27 43 65 74 61 74 28 54 58 73 35 68 30 57 40 0 34 28 42
63 45 43 35 61 30 48 65 26 26 57 43 64 33 47 60 66 49 69 38 28 33 43 33 39 32 74 42 42 27 32 55 51 72 37 35 65 38 31 68 47 49 43 25 29 48 34 0 60 37
62 35 36 51 73 31 40 33 67 59 69 62 55 69 35 49 40 29 52 39 54 30 32 40 36 67 53 60 71 56 52 29 45 65 36 74 36 58 64 28 52 49 55 49 67 28 28 60 0 28
43 26 74 57 49 30 35 45 42 39 66 38 45 45 67 64 55 36 26 69 40 34 32 30 34 28 44 34 59 45 45 25 66 27 51 48 69 45 56 59 44 29 56 68 56 42 42 37 28 0
BRRRRBRRBBBBRRRRBBRBBBBBBRBBRBBRBBBBRRBBRRRBRRRRRR