50
0 11 16 55 6 77 30 25 35 20 28 90 10 23 5 41 76 44 13 39 19 72 95 51 100 25 96 33 67 33 7 15 65 80 46 40 15 24 98 29 63 54 8 93 51 74 13 16 59 89
11 0 72 92 52 22 95 71 51 40 56 52 1 78 10 7 91 42 54 52 96 85 22 82 12 27 72 27 51 76 52 7 91 46 0 17 2 43 67 86 97 100 82 20 100 18 14 95 46 30
16 72 0 6 16 64 31 42 61 66 14 43 20 43 47 81 9 43 48 95 92 67 10 90 67 17 76 91 91 44 42 97 6 96 10 60 42 71 79 51 13 63 57 45 49 49 4 15 82 69
55 92 6 0 49 4 86 57 47 28 90 39 43 20 49 10 84 58 56 0 47 60 89 7 68 43 72 18 74 2 24 65 96 3 17 90 94 38 84 64 43 42 22 40 57 100 93 96 19 59
6 52 16 49 0 18 0 44 68 76 56 75 5 31 63 58 57 65 33 36 55 14 34 81 3 48 38 37 86 93 23 21 85 62 92 22 85 30 72 25 96 85 54 94 60 81 22 30 30 75
77 22 64 4 18 0 14 97 10 80 45 76 32 17 59 11 59 38 56 100 35 27 83 64 29 17 39 93 70 69 34 43 18 89 41 80 8 80 69 93 84 63 25 63 9 89 15 20 25 33
30 95 31 86 0 14 0 18 8 33 28 81 3 95 50 30 27 29 52 83 45 26 76 18 58 57 84 47 62 100 40 22 62 82 31 21 68 79 63 8 82 99 97 91 31 8 59 10 63 62
25 71 42 57 44 97 18 0 69 36 94 78 82 47 63 67 2 21 10 15 80 92 18 1 85 42 47 5 16 31 59 20 72 53 98 5 70 3 36 3 97 95 66 58 18 9 43 100 12 62
35 51 61 47 68 10 8 69 0 73 85 27 56 53 57 17 13 65 63 20 7 79 17 0 63 56 83 13 58 48 42 65 13 52 59 9 69 22 56 3 50 86 40 7 50 13 3 46 76 95
20 40 66 28 76 80 33 36 73 0 32 94 63 56 8 88 52 69 14 43 93 62 88 46 9 64 16 57 82 47 50 53 66 2 35 83 91 32 73 40 67 15 2 43 77 1 17 38 13 83
28 56 14 90 56 45 28 94 85 32 0 17 59 27 51 74 33 43 62 87 58 49 21 5 68 93 18 25 89 100 12 62 85 36 7 6 9 45 29 25 83 71 45 73 22 87 78 34 67 77
90 52 43 39 75 76 81 78 27 94 17 0 94 92 19 79 93 54 87 82 6 98 26 20 78 91 77 8 79 90 93 28 93 14 61 80 19 28 59 100 94 69 71 89 80 50 80 26 68 27
10 1 20 43 5 32 3 82 56 63 59 94 0 8 76 1 7 38 88 1 10 31 3 67 21 95 19 60 64 16 25 96 62 60 29 6 58 13 54 90 22 4 41 74 47 49 58 25 60 67
23 78 43 20 31 17 95 47 53 56 27 92 8 0 55 54 80 92 48 79 48 38 31 5 70 55 56 22 54 73 97 93 97 16 50 22 46 56 97 12 14 1 85 84 75 71 44 29 25 53
5 10 47 49 63 59 50 63 57 8 51 19 76 55 0 66 77 85 98 64 44 21 86 52 19 58 20 13 13 75 1 96 74 66 29 92 98 21 8 61 90 22 50 51 69 38 23 28 100 49
41 7 81 10 58 11 30 67 17 88 74 79 1 54 66 0 90 34 84 96 44 55 40 81 15 31 85 86 6 78 84 47 99 36 23 69 83 18 43 9 62 38 80 81 94 26 55 67 27 45
76 91 9 84 57 59 27 2 13 52 33 93 7 80 77 90 0 14 11 82 69 0 90 95 71 73 68 65 22 1 60 0 99 40 78 71 71 78 73 21 90 94 39 45 58 90 91 1 85 61
44 42 43 58 65 38 29 21 65 69 43 54 38 92 85 34 14 0 66 90 60 39 31 89 97 15 86 14 6 65 95 27 18 32 54 99 78 62 86 87 83 27 85 72 6 100 47 66 99 23
13 54 48 56 33 56 52 10 63 14 62 87 88 48 98 84 11 66 0 63 31 55 87 81 74 11 73 41 80 21 52 46 48 75 3 4 86 85 0 80 89 56 33 2 0 42 42 3 50 97
39 52 95 0 36 100 83 15 20 43 87 82 1 79 64 96 82 90 63 0 91 35 7 73 32 0 59 64 90 85 82 47 2 18 84 50 31 28 53 72 57 33 96 19 97 12 100 2 95 70
19 96 92 47 55 35 45 80 7 93 58 6 10 48 44 44 69 60 31 91 0 34 64 43 6 97 59 92 61 32 31 74 68 45 69 60 48 8 54 94 18 63 35 77 50 71 74 89 84 44
72 85 67 60 14 27 26 92 79 62 49 98 31 38 21 55 0 39 55 35 34 0 73 45 42 54 62 59 63 22 49 56 36 28 59 71 52 78 43 56 38 66 4 100 55 44 24 67 79 9
95 22 10 89 34 83 76 18 17 88 21 26 3 31 86 40 90 31 87 7 64 73 0 68 99 67 38 71 66 80 46 16 4 93 70 33 57 65 92 37 24 97 15 43 51 12 47 45 24 95
51 82 90 7 81 64 18 1 0 46 5 20 67 5 52 81 95 89 81 73 43 45 68 0 93 42 2 71 72 27 86 68 100 72 50 38 39 96 0 93 32 58 18 21 70 41 77 72 88 46
100 12 67 68 3 29 58 85 63 9 68 78 21 70 19 15 71 97 74 32 6 42 99 93 0 48 10 54 43 50 23 55 61 31 61 12 24 42 61 98 68 65 59 30 22 44 62 57 89 69
25 27 17 43 48 17 57 42 56 64 93 91 95 55 58 31 73 15 11 0 97 54 67 42 48 0 15 60 33 37 46 3 68 64 74 91 23 10 82 52 8 4 49 87 84 18 12 14 98 2
96 72 76 72 38 39 84 47 83 16 18 77 19 56 20 85 68 86 73 59 59 62 38 2 10 15 0 15 70 95 61 48 77 6 92 100 53 28 39 4 14 15 35 8 98 28 5 67 14 98
33 27 91 18 37 93 47 5 13 57 25 8 60 22 13 86 65 14 41 64 92 59 71 71 54 60 15 0 32 64 21 36 52 21 37 17 10 46 100 77 23 13 21 78 8 77 69 99 24 99
67 51 91 74 86 70 62 16 58 82 89 79 64 54 13 6 22 6 80 90 61 63 66 72 43 33 70 32 0 95 40 96 70 94 35 24 89 71 99 67 7 20 66 92 17 100 5 59 55 34
33 76 44 2 93 69 100 31 48 47 100 90 16 73 75 78 1 65 21 85 32 22 80 27 50 37 95 64 95 0 44 26 66 58 80 71 16 20 63 81 72 46 17 69 49 54 33 65 71 68
7 52 42 24 23 34 40 59 42 50 12 93 25 97 1 84 60 95 52 82 31 49 46 86 23 46 61 21 40 44 0 16 54 38 34 76 61 26 22 4 52 92 56 16 66 96 48 4 81 28
15 7 97 65 21 43 22 20 65 53 62 28 96 93 96 47 0 27 46 47 74 56 16 68 55 3 48 36 96 26 16 0 65 91 84 9 32 90 12 61 28 35 70 55 53 78 65 4 9 18
65 91 6 96 85 18 62 72 13 66 85 93 62 97 74 99 99 18 48 2 68 36 4 100 61 68 77 52 70 66 54 65 0 85 86 3 3 5 27 94 45 7 15 20 82 56 90 96 17 50
80 46 96 3 62 89 82 53 52 2 36 14 60 16 66 36 40 32 75 18 45 28 93 72 31 64 6 21 94 58 38 91 85 0 99 53 6 9 63 97 69 58 39 17 30 40 18 89 70 18
46 0 10 17 92 41 31 98 59 35 7 61 29 50 29 23 78 54 3 84 69 59 70 50 61 74 92 37 35 80 34 84 86 99 0 60 73 90 35 21 43 10 89 15 7 20 17 58 69 42
40 17 60 90 22 80 21 5 9 83 6 80 6 22 92 69 71 99 4 50 60 71 33 38 12 91 100 17 24 71 76 9 3 53 60 0 92 49 49 25 42 2 31 81 59 6 99 41 6 80
15 2 42 94 85 8 68 70 69 91 9 19 58 46 98 83 71 78 86 31 48 52 57 39 24 23 53 10 89 16 61 32 3 6 73 92 0 30 4 9 79 34 100 21 75 79 48 15 5 23
24 43 71 38 30 80 79 3 22 32 45 28 13 56 21 18 78 62 85 28 8 78 65 96 42 10 28 46 71 20 26 90 5 9 90 49 30 0 62 62 0 53 46 23 50 34 39 10 67 68
98 67 79 84 72 69 63 36 56 73 29 59 54 97 8 43 73 86 0 53 54 43 92 0 61 82 39 100 99 63 22 12 27 63 35 49 4 62 0 10 97 22 50 14 75 1 82 53 60 65
29 86 51 64 25 93 8 3 3 40 25 100 90 12 61 9 21 87 80 72 94 56 37 93 98 52 4 77 67 81 4 61 94 97 21 25 9 62 10 0 34 85 77 49 32 49 90 50 73 18
63 97 13 43 96 84 82 97 50 67 83 94 22 14 90 62 90 83 89 57 18 38 24 32 68 8 14 23 7 72 52 28 45 69 43 42 79 0 97 34 0 56 87 80 9 70 66 1 7 69
54 100 63 42 85 63 99 95 86 15 71 69 4 1 22 38 94 27 56 33 63 66 97 58 65 4 15 13 20 46 92 35 7 58 10 2 34 53 22 85 56 0 68 9 15 67 22 36 72 85
8 82 57 22 54 25 97 66 40 2 45 71 41 85 50 80 39 85 33 96 35 4 15 18 59 49 35 21 66 17 56 70 15 39 89 31 100 46 50 77 87 68 0 94 66 52 57 95 50 69
93 20 45 40 94 63 91 58 7 43 73 89 74 84 51 81 45 72 2 19 77 100 43 21 30 87 8 78 92 69 16 55 20 17 15 81 21 23 14 49 80 9 94 0 82 96 95 27 32 91
51 100 49 57 60 9 31 18 50 77 22 80 47 75 69 94 58 6 0 97 50 55 51 70 22 84 98 8 17 49 66 53 82 30 7 59 75 50 75 32 9 15 66 82 0 38 100 12 50 3
74 18 49 100 81 89 8 9 13 1 87 50 49 71 38 26 90 100 42 12 71 44 12 41 44 18 28 77 100 54 96 78 56 40 20 6 79 34 1 49 70 67 52 96 38 0 68 54 89 23
13 14 4 93 22 15 59 43 3 17 78 80 58 44 23 55 91 47 42 100 74 24 47 77 62 12 5 69 5 33 48 65 90 18 17 99 48 39 82 90 66 22 57 95 100 68 0 40 80 53
16 95 15 96 30 20 10 100 46 38 34 26 25 29 28 67 1 66 3 2 89 67 45 72 57 14 67 99 59 65 4 4 96 89 58 41 15 10 53 50 1 36 95 27 12 54 40 0 39 5
59 46 82 19 30 25 63 12 76 13 67 68 60 25 100 27 85 99 50 95 84 79 24 88 89 98 14 24 55 71 81 9 17 70 69 6 5 67 60 73 7 72 50 32 50 89 80 39 0 53
89 30 69 59 75 33 62 62 95 83 77 27 67 53 49 45 61 23 97 70 44 9 95 46 69 2 98 99 34 68 28 18 50 18 42 80 23 68 65 18 69 85 69 91 3 23 53 5 53 0
RRBRBRBRBBBBRBBRRRBRBBRBRRRBRBBBRRBRRBRBBRBBRRBRBR