16
0 1 0 0 50 0 0 0 0 0 0 0 0 0 0 0
1 0 1 0 0 0 0 0 0 0 0 0 0 0 0 0
0 1 0 50 0 0 1 0 0 0 0 0 0 0 0 0
0 0 50 0 0 0 0 1 0 0 0 0 0 0 0 0
50 0 0 0 0 1 0 0 50 0 0 0 0 0 0 0
0 0 0 0 1 0 0 0 0 10 1 0 0 0 0 0
0 0 1 0 0 0 0 0 0 0 0 0 0 0 0 0
0 0 0 1 0 0 0 0 0 0 1 50 0 0 0 0
0 0 0 0 50 0 0 0 0 1 0 0 50 0 0 0
0 0 0 0 0 10 0 0 1 0 20 0 1 1 0 0
0 0 0 0 0 1 0 1 0 20 0 0 0 0 1 0
0 0 0 0 0 0 0 50 0 0 0 0 0 0 50 0
0 0 0 0 0 0 0 0 50 1 0 0 0 50 0 0
0 0 0 0 0 0 0 0 0 1 0 0 50 0 50 0
0 0 0 0 0 0 0 0 0 0 1 50 0 50 0 50
0 0 0 0 0 0 0 0 0 0 0 0 0 0 50 0
RBBBBRBRBRRRRRBB
