40
0 6 52 62 51 30 92 26 49 49 17 58 62 74 66 91 91 36 57 100 29 55 77 9 48 90 63 15 68 13 62 12 59 87 67 16 57 61 41 6
6 0 21 59 94 72 61 12 24 44 21 46 89 41 58 39 27 78 92 23 16 56 56 41 55 55 42 58 6 85 12 1 61 35 93 83 87 41 53 12
52 21 0 52 11 81 71 50 65 98 93 56 14 25 39 29 66 85 1 46 28 39 37 49 94 91 85 67 22 78 99 56 89 54 44 33 26 57 20 38
62 59 52 0 36 30 79 61 93 17 90 50 72 93 4 5 64 19 81 21 69 84 14 79 40 74 93 41 71 26 65 100 72 37 5 88 58 70 31 89
51 94 11 36 0 94 47 55 3 66 33 4 0 8 16 77 90 33 6 76 15 29 11 94 35 47 2 53 58 63 52 86 12 27 62 34 5 16 77 91
30 72 81 30 94 0 93 84 41 23 13 36 8 28 97 100 64 17 32 68 49 88 20 70 10 46 38 54 69 22 47 14 88 49 85 59 93 45 69 76
92 61 71 79 47 93 0 3 58 21 69 20 5 56 99 97 36 21 97 83 97 20 87 82 69 19 85 87 48 87 53 68 27 5 38 62 70 98 64 86
26 12 50 61 55 84 3 0 48 67 32 7 12 95 87 80 93 38 48 61 76 8 76 87 14 87 34 54 26 85 76 85 91 25 81 50 23 25 46 14
49 24 65 93 3 41 58 48 0 13 44 79 39 85 33 85 88 12 61 6 2 15 97 56 79 84 23 53 35 77 30 26 23 79 66 31 58 38 67 87
49 44 98 17 66 23 21 67 13 0 20 59 35 20 31 28 61 26 93 83 85 54 41 63 94 19 61 0 54 25 83 33 1 58 39 23 13 85 11 89
17 21 93 90 33 13 69 32 44 20 0 46 93 34 62 96 36 1 77 91 38 43 40 79 65 80 19 92 6 94 25 28 49 25 38 22 7 83 83 99
58 46 56 50 4 36 20 7 79 59 46 0 98 95 92 86 0 44 73 100 42 19 44 52 12 35 36 67 16 66 50 43 84 2 26 58 74 13 69 27
62 89 14 72 0 8 5 12 39 35 93 98 0 70 25 86 8 35 85 44 20 8 19 15 55 27 92 33 97 57 97 88 48 92 66 100 29 19 72 73
74 41 25 93 8 28 56 95 85 20 34 95 70 0 62 52 95 8 27 37 18 54 28 49 63 5 85 11 89 20 85 14 67 66 19 73 72 70 56 39
66 58 39 4 16 97 99 87 33 31 62 92 25 62 0 37 61 9 39 17 11 73 16 62 24 73 99 54 73 64 42 13 54 45 98 27 50 59 88 53
91 39 29 5 77 100 97 80 85 28 96 86 86 52 37 0 49 7 26 60 60 17 17 86 72 80 30 19 75 18 35 30 30 59 77 90 44 27 15 65
91 27 66 64 90 64 36 93 88 61 36 0 8 95 61 49 0 80 3 49 87 75 97 43 57 19 7 41 95 69 7 97 1 20 82 10 15 92 37 9
36 78 85 19 33 17 21 38 12 26 1 44 35 8 9 7 80 0 22 50 56 89 83 54 62 60 0 0 20 25 4 51 59 77 69 95 83 32 87 52
57 92 1 81 6 32 97 48 61 93 77 73 85 27 39 26 3 22 0 10 84 94 8 3 93 72 56 11 83 4 98 43 18 81 33 22 54 80 73 74
100 23 46 21 76 68 83 61 6 83 91 100 44 37 17 60 49 50 10 0 46 6 60 98 13 59 43 61 4 7 84 54 54 58 99 100 43 77 18 25
29 16 28 69 15 49 97 76 2 85 38 42 20 18 11 60 87 56 84 46 0 38 14 50 38 56 30 18 33 72 53 76 36 25 77 67 9 89 12 62
55 56 39 84 29 88 20 8 15 54 43 19 8 54 73 17 75 89 94 6 38 0 78 48 32 37 69 73 6 30 87 15 85 16 28 0 92 63 51 48
77 56 37 14 11 20 87 76 97 41 40 44 19 28 16 17 97 83 8 60 14 78 0 92 16 55 81 85 64 41 2 15 92 31 22 21 56 85 93 36
9 41 49 79 94 70 82 87 56 63 79 52 15 49 62 86 43 54 3 98 50 48 92 0 60 89 39 57 70 54 70 85 100 18 84 100 25 1 21 73
48 55 94 40 35 10 69 14 79 94 65 12 55 63 24 72 57 62 93 13 38 32 16 60 0 77 3 14 45 19 33 86 60 94 28 46 93 27 74 78
90 55 91 74 47 46 19 87 84 19 80 35 27 5 73 80 19 60 72 59 56 37 55 89 77 0 97 17 64 14 5 99 13 54 67 35 21 18 53 23
63 42 85 93 2 38 85 34 23 61 19 36 92 85 99 30 7 0 56 43 30 69 81 39 3 97 0 51 49 66 89 13 25 99 23 87 1 34 60 95
15 58 67 41 53 54 87 54 53 0 92 67 33 11 54 19 41 0 11 61 18 73 85 57 14 17 51 0 93 78 100 40 96 61 57 29 84 68 9 65
68 6 22 71 58 69 48 26 35 54 6 16 97 89 73 75 95 20 83 4 33 6 64 70 45 64 49 93 0 81 80 17 80 87 7 32 14 74 93 73
13 85 78 26 63 22 87 85 77 25 94 66 57 20 64 18 69 25 4 7 72 30 41 54 19 14 66 78 81 0 76 0 17 1 11 65 19 37 52 10
62 12 99 65 52 47 53 76 30 83 25 50 97 85 42 35 7 4 98 84 53 87 2 70 33 5 89 100 80 76 0 27 43 57 21 50 61 4 84 3
12 1 56 100 86 14 68 85 26 33 28 43 88 14 13 30 97 51 43 54 76 15 15 85 86 99 13 40 17 0 27 0 41 56 53 41 13 70 16 76
59 61 89 72 12 88 27 91 23 1 49 84 48 67 54 30 1 59 18 54 36 85 92 100 60 13 25 96 80 17 43 41 0 83 90 95 65 82 40 20
87 35 54 37 27 49 5 25 79 58 25 2 92 66 45 59 20 77 81 58 25 16 31 18 94 54 99 61 87 1 57 56 83 0 59 59 75 10 78 51
67 93 44 5 62 85 38 81 66 39 38 26 66 19 98 77 82 69 33 99 77 28 22 84 28 67 23 57 7 11 21 53 90 59 0 90 96 76 73 81
16 83 33 88 34 59 62 50 31 23 22 58 100 73 27 90 10 95 22 100 67 0 21 100 46 35 87 29 32 65 50 41 95 59 90 0 9 74 25 24
57 87 26 58 5 93 70 23 58 13 7 74 29 72 50 44 15 83 54 43 9 92 56 25 93 21 1 84 14 19 61 13 65 75 96 9 0 46 18 60
61 41 57 70 16 45 98 25 38 85 83 13 19 70 59 27 92 32 80 77 89 63 85 1 27 18 34 68 74 37 4 70 82 10 76 74 46 0 56 69
41 53 20 31 77 69 64 46 67 11 83 69 72 56 88 15 37 87 73 18 12 51 93 21 74 53 60 9 93 52 84 16 40 78 73 25 18 56 0 14
6 12 38 89 91 76 86 14 87 89 99 27 73 39 53 65 9 52 74 25 62 48 36 73 78 23 95 65 73 10 3 76 20 51 81 24 60 69 14 0
RBBBRRRRRBBBRBRBBBRBBBBRBRBRRRBRBRRRRRBB