50
0 44 32 66 68 55 26 32 69 35 71 68 74 35 72 56 62 65 66 59 58 71 35 31 65 51 54 45 50 30 35 63 44 57 49 38 55 48 72 40 28 74 46 58 62 37 28 57 33 42
44 0 70 25 33 50 50 68 45 29 25 72 43 42 25 65 41 68 69 69 36 71 32 29 28 36 60 70 53 61 57 40 32 64 47 60 58 49 57 43 55 40 72 30 73 71 52 49 73 29
32 70 0 72 55 43 42 61 48 42 33 73 52 61 53 62 48 32 71 38 66 64 50 34 35 27 43 49 59 45 39 59 38 41 28 51 57 67 46 70 53 62 40 33 39 25 60 63 40 28
66 25 72 0 39 66 56 54 26 72 40 28 38 67 47 64 61 66 52 74 30 39 64 58 52 62 42 74 36 43 42 49 28 46 74 42 58 69 28 36 44 71 30 34 54 55 54 64 27 56
68 33 55 39 0 51 73 39 72 70 67 45 35 33 34 73 25 64 74 30 52 44 68 72 52 52 37 49 30 49 40 53 56 27 27 52 64 37 60 65 33 37 36 47 35 57 26 65 70 37
55 50 43 66 51 0 25 49 63 42 57 47 54 73 44 48 27 43 36 47 74 36 46 46 34 66 46 35 56 45 54 50 55 73 62 46 33 72 74 49 46 64 73 29 43 26 51 31 25 35
26 50 42 56 73 25 0 36 44 50 65 27 45 72 25 41 38 65 49 70 63 58 63 62 26 73 27 48 32 66 48 49 45 70 39 34 44 61 51 43 45 54 50 43 48 42 36 60 73 62
32 68 61 54 39 49 36 0 56 50 50 59 65 45 51 56 63 33 50 29 63 55 27 45 49 37 69 49 36 40 54 28 60 59 62 34 43 27 48 55 66 61 32 38 70 32 54 64 62 43
69 45 48 26 72 63 44 56 0 39 55 71 25 34 73 35 68 32 52 45 63 33 52 47 45 68 62 56 43 60 72 30 27 71 63 29 45 69 27 48 51 38 55 70 36 53 45 51 46 46
35 29 42 72 70 42 50 50 39 0 61 74 47 43 47 71 72 58 55 74 35 63 64 72 54 73 74 41 55 55 27 72 74 28 68 62 58 70 41 70 43 73 45 26 49 37 58 42 69 37
71 25 33 40 67 57 65 50 55 61 0 36 72 43 29 36 62 40 62 56 57 74 37 44 70 41 57 74 42 42 30 27 60 65 71 26 35 61 62 29 64 73 34 46 25 27 60 48 42 70
68 72 73 28 45 47 27 59 71 74 36 0 66 36 31 72 58 72 33 40 27 25 35 42 43 44 47 33 39 56 31 65 61 48 31 30 53 28 32 65 57 50 25 60 49 46 51 37 72 42
74 43 52 38 35 54 45 65 25 47 72 66 0 49 63 32 32 61 68 41 35 49 42 37 44 63 50 56 45 65 71 70 57 33 74 70 47 55 29 65 65 42 34 34 39 27 74 68 48 35
35 42 61 67 33 73 72 45 34 43 43 36 49 0 52 53 60 53 27 32 44 39 38 29 25 30 33 42 65 64 25 54 39 69 29 56 67 45 43 29 68 44 51 63 63 56 70 39 57 51
72 25 53 47 34 44 25 51 73 47 29 31 63 52 0 72 40 67 37 46 42 30 52 70 45 73 51 62 57 66 40 51 68 59 30 47 39 37 27 37 39 45 48 29 52 28 59 40 27 60
56 65 62 64 73 48 41 56 35 71 36 72 32 53 72 0 43 43 44 61 48 68 42 40 29 25 64 33 49 65 66 69 35 49 58 30 41 69 25 61 64 63 71 32 67 37 30 41 28 50
62 41 48 61 25 27 38 63 68 72 62 58 32 60 40 43 0 48 56 25 25 69 36 57 62 41 30 69 68 30 61 73 53 45 62 28 50 31 41 50 42 53 57 48 66 52 45 31 69 27
65 68 32 66 64 43 65 33 32 58 40 72 61 53 67 43 48 0 29 70 44 27 46 64 45 48 46 73 67 60 30 59 48 66 28 42 66 27 57 39 43 44 34 56 41 48 58 47 68 35
66 69 71 52 74 36 49 50 52 55 62 33 68 27 37 44 56 29 0 52 27 46 59 74 26 51 48 46 67 31 67 33 31 28 37 70 68 51 49 70 29 43 30 38 65 44 46 33 30 48
59 69 38 74 30 47 70 29 45 74 56 40 41 32 46 61 25 70 52 0 72 55 27 70 72 35 45 73 40 57 43 61 68 58 59 56 34 60 44 51 56 59 43 60 38 51 49 74 74 50
58 36 66 30 52 74 63 63 63 35 57 27 35 44 42 48 25 44 27 72 0 64 58 42 26 66 50 64 65 56 63 33 61 32 51 44 51 29 26 72 59 30 68 36 44 69 56 36 51 59
71 71 64 39 44 36 58 55 33 63 74 25 49 39 30 68 69 27 46 55 64 0 48 47 51 63 50 27 52 35 69 50 56 38 52 62 26 69 72 41 48 66 62 44 45 66 69 45 41 54
35 32 50 64 68 46 63 27 52 64 37 35 42 38 52 42 36 46 59 27 58 48 0 42 66 47 36 64 36 36 72 25 42 52 70 50 44 63 67 26 52 73 26 69 53 41 27 72 34 27
31 29 34 58 72 46 62 45 47 72 44 42 37 29 70 40 57 64 74 70 42 47 42 0 44 39 69 33 29 58 45 38 38 56 71 40 26 74 67 61 69 39 44 74 41 59 35 61 28 53
65 28 35 52 52 34 26 49 45 54 70 43 44 25 45 29 62 45 26 72 26 51 66 44 0 63 56 39 35 58 33 41 36 57 32 54 36 53 68 57 38 69 50 74 28 74 65 39 25 41
51 36 27 62 52 66 73 37 68 73 41 44 63 30 73 25 41 48 51 35 66 63 47 39 63 0 53 39 48 70 54 34 47 58 60 69 73 36 50 26 50 58 65 30 31 38 44 59 31 47
54 60 43 42 37 46 27 69 62 74 57 47 50 33 51 64 30 46 48 45 50 50 36 69 56 53 0 50 72 28 74 25 37 72 50 42 51 48 45 41 51 46 35 37 52 42 72 46 46 39
45 70 49 74 49 35 48 49 56 41 74 33 56 42 62 33 69 73 46 73 64 27 64 33 39 39 50 0 70 62 65 57 56 61 41 66 64 59 67 35 48 66 44 49 48 70 29 39 63 73
50 53 59 36 30 56 32 36 43 55 42 39 45 65 57 49 68 67 67 40 65 52 36 29 35 48 72 70 0 68 54 50 58 37 44 27 36 47 69 72 38 37 41 44 35 64 46 63 39 28
30 61 45 43 49 45 66 40 60 55 42 56 65 64 66 65 30 60 31 57 56 35 36 58 58 70 28 62 68 0 38 37 73 41 57 47 59 56 45 65 40 60 68 68 57 60 69 25 33 53
35 57 39 42 40 54 48 54 72 27 30 31 71 25 40 66 61 30 67 43 63 69 72 45 33 54 74 65 54 38 0 36 66 36 43 60 30 60 63 35 53 47 42 65 40 41 59 32 74 71
63 40 59 49 53 50 49 28 30 72 27 65 70 54 51 69 73 59 33 61 33 50 25 38 41 34 25 57 50 37 36 0 56 63 37 46 64 40 68 28 52 31 62 36 72 53 35 64 25 25
44 32 38 28 56 55 45 60 27 74 60 61 57 39 68 35 53 48 31 68 61 56 42 38 36 47 37 56 58 73 66 56 0 31 42 74 66 30 53 47 43 71 42 42 29 37 45 52 73 70
57 64 41 46 27 73 70 59 71 28 65 48 33 69 59 49 45 66 28 58 32 38 52 56 57 58 72 61 37 41 36 63 31 0 45 51 48 57 58 32 28 44 35 67 56 36 53 49 48 52
49 47 28 74 27 62 39 62 63 68 71 31 74 29 30 58 62 28 37 59 51 52 70 71 32 60 50 41 44 57 43 37 42 45 0 28 35 42 44 69 31 29 46 51 30 38 47 69 41 73
38 60 51 42 52 46 34 34 29 62 26 30 70 56 47 30 28 42 70 56 44 62 50 40 54 69 42 66 27 47 60 46 74 51 28 0 42 59 25 47 50 58 63 29 69 36 34 71 60 36
55 58 57 58 64 33 44 43 45 58 35 53 47 67 39 41 50 66 68 34 51 26 44 26 36 73 51 64 36 59 30 64 66 48 35 42 0 40 68 35 51 67 74 46 72 50 42 30 61 41
48 49 67 69 37 72 61 27 69 70 61 28 55 45 37 69 31 27 51 60 29 69 63 74 53 36 48 59 47 56 60 40 30 57 42 59 40 0 49 63 60 60 58 70 47 55 31 46 42 38
72 57 46 28 60 74 51 48 27 41 62 32 29 43 27 25 41 57 49 44 26 72 67 67 68 50 45 67 69 45 63 68 53 58 44 25 68 49 0 72 67 42 58 34 32 30 37 41 34 26
40 43 70 36 65 49 43 55 48 70 29 65 65 29 37 61 50 39 70 51 72 41 26 61 57 26 41 35 72 65 35 28 47 32 69 47 35 63 72 0 42 60 34 57 64 28 69 30 63 60
28 55 53 44 33 46 45 66 51 43 64 57 65 68 39 64 42 43 29 56 59 48 52 69 38 50 51 48 38 40 53 52 43 28 31 50 51 60 67 42 0 50 37 59 47 62 28 58 36 27
74 40 62 71 37 64 54 61 38 73 73 50 42 44 45 63 53 44 43 59 30 66 73 39 69 58 46 66 37 60 47 31 71 44 29 58 67 60 42 60 50 0 35 70 57 29 54 32 43 29
46 72 40 30 36 73 50 32 55 45 34 25 34 51 48 71 57 34 30 43 68 62 26 44 50 65 35 44 41 68 42 62 42 35 46 63 74 58 58 34 37 35 0 35 48 43 62 33 43 54
58 30 33 34 47 29 43 38 70 26 46 60 34 63 29 32 48 56 38 60 36 44 69 74 74 30 37 49 44 68 65 36 42 67 51 29 46 70 34 57 59 70 35 0 66 25 35 63 36 56
62 73 39 54 35 43 48 70 36 49 25 49 39 63 52 67 66 41 65 38 44 45 53 41 28 31 52 48 35 57 40 72 29 56 30 69 72 47 32 64 47 57 48 66 0 39 54 61 44 36
37 71 25 55 57 26 42 32 53 37 27 46 27 56 28 37 52 48 44 51 69 66 41 59 74 38 42 70 64 60 41 53 37 36 38 36 50 55 30 28 62 29 43 25 39 0 25 50 33 40
28 52 60 54 26 51 36 54 45 58 60 51 74 70 59 30 45 58 46 49 56 69 27 35 65 44 72 29 46 69 59 35 45 53 47 34 42 31 37 69 28 54 62 35 54 25 0 67 54 43
57 49 63 64 65 31 60 64 51 42 48 37 68 39 40 41 31 47 33 74 36 45 72 61 39 59 46 39 63 25 32 64 52 49 69 71 30 46 41 30 58 32 33 63 61 50 67 0 36 67
33 73 40 27 70 25 73 62 46 69 42 72 48 57 27 28 69 68 30 74 51 41 34 28 25 31 46 63 39 33 74 25 73 48 41 60 61 42 34 63 36 43 43 36 44 33 54 36 0 37
42 29 28 56 37 35 62 43 46 37 70 42 35 51 60 50 27 35 48 50 59 54 27 53 41 47 39 73 28 53 71 25 70 52 73 36 41 38 26 60 27 29 54 56 36 40 43 67 37 0
BRBBRRBRBRBRRRBRBBBBBBRRBRBBBBRBRBBRBRBBBRRRRRRRRR