50
0 97 81 81 84 99 88 89 99 88 85 90 91 91 25 30 37 83 85 96 88 83 96 93 99 86 94 45 96 96 41 87 17 87 95 81 94 83 20 81 27 20 28 84 98 84 15 81 35 16
97 0 34 37 19 2 94 81 4 44 24 1 85 98 99 82 96 16 6 95 3 6 93 98 16 8 2 87 94 21 98 4 88 3 34 37 84 6 19 86 82 92 88 16 7 32 81 96 82 93
81 34 0 6 1 14 90 86 84 10 83 33 100 20 9 4 95 6 46 82 34 43 90 97 81 16 24 89 97 85 1 28 87 33 95 6 82 26 98 93 85 85 1 91 41 7 95 81 96 6
81 37 6 0 1 98 96 82 96 2 100 45 13 27 7 10 90 5 39 38 24 99 83 99 96 18 19 91 95 85 7 43 83 16 81 6 90 29 90 89 98 85 10 98 14 9 97 92 88 6
84 19 1 1 0 85 95 12 98 5 83 84 21 45 3 6 86 9 24 50 16 96 86 96 91 35 13 82 91 83 7 50 98 100 98 5 39 50 93 97 85 95 8 91 84 4 92 39 94 1
99 2 14 98 85 0 98 90 7 95 43 7 97 97 100 86 12 96 9 91 10 1 91 89 27 3 5 30 100 18 93 7 22 7 44 83 86 7 39 95 27 35 86 16 9 87 30 90 96 86
88 94 90 96 95 98 0 97 86 91 99 87 90 96 47 11 18 87 91 100 89 84 84 93 88 96 98 32 98 91 45 88 40 89 19 97 91 84 30 97 43 22 26 87 86 91 44 90 26 81
89 81 86 82 12 90 97 0 99 95 94 91 89 81 17 40 30 42 87 90 81 82 81 97 91 82 87 19 100 81 39 95 83 95 94 82 88 89 88 90 26 35 23 97 82 97 39 94 49 37
99 4 84 96 98 7 86 99 0 81 36 5 92 94 95 88 29 97 10 98 6 8 82 96 28 9 8 17 97 48 87 7 17 8 16 98 90 8 40 97 36 43 95 31 7 99 43 81 17 82
88 44 10 2 5 95 91 95 81 0 99 18 20 27 1 2 99 4 50 18 46 89 85 98 96 40 23 89 82 99 7 45 81 25 97 5 93 39 92 99 99 84 3 99 98 7 81 16 92 4
85 24 83 100 83 43 99 94 36 99 0 40 97 94 81 84 8 89 47 94 39 47 90 84 6 83 45 1 13 7 86 18 7 18 8 99 95 81 8 21 4 1 94 6 45 99 7 99 4 81
90 1 33 45 84 7 87 91 5 18 40 0 91 98 94 93 97 91 4 96 1 2 85 87 30 3 7 24 98 36 100 7 44 8 21 85 95 7 19 86 82 16 93 35 5 33 99 88 95 81
91 85 100 13 21 97 90 89 92 20 97 91 0 89 39 34 31 26 85 87 100 97 89 88 96 84 87 96 87 91 31 87 97 82 99 25 97 93 82 100 12 96 50 90 99 85 93 90 20 26
91 98 20 27 45 97 96 81 94 27 94 98 89 0 49 37 84 43 93 83 81 87 87 85 86 85 92 83 89 99 43 98 94 86 84 42 90 84 87 93 94 82 27 90 90 40 92 94 11 28
25 99 9 7 3 100 47 17 95 1 81 94 39 49 0 4 96 9 88 27 86 86 29 48 96 93 88 93 30 90 10 91 85 95 88 2 30 16 81 17 87 90 3 97 91 2 100 19 95 5
30 82 4 10 6 86 11 40 88 2 84 93 34 37 4 0 97 3 92 37 19 99 33 87 95 42 99 96 91 96 9 49 98 98 97 9 18 43 95 96 96 92 8 82 93 6 99 22 97 7
37 96 95 90 86 12 18 30 29 99 8 97 31 84 96 97 0 86 87 12 95 100 47 21 7 86 85 6 29 6 83 92 9 96 5 99 40 91 10 21 1 4 93 8 100 89 5 18 3 90
83 16 6 5 9 96 87 42 97 4 89 91 26 43 9 3 86 0 35 25 45 93 18 82 98 34 94 100 81 84 1 22 92 89 93 2 34 30 94 88 96 95 6 84 96 1 87 15 88 4
85 6 46 39 24 9 91 87 10 50 47 4 85 93 88 92 87 35 0 100 5 3 86 81 16 1 10 94 81 24 81 4 81 5 17 19 96 7 87 99 93 92 89 36 1 21 96 97 94 19
96 95 82 38 50 91 100 90 98 18 94 96 87 83 27 37 12 25 100 0 97 99 81 82 94 91 91 85 81 90 38 98 99 86 95 35 92 95 83 89 92 98 27 89 89 17 83 98 41 42
88 3 34 24 16 10 89 81 6 46 39 1 100 81 86 19 95 45 5 97 0 5 83 84 25 4 8 90 84 20 85 8 83 7 85 22 87 8 96 93 92 89 99 30 8 48 97 92 88 44
83 6 43 99 96 1 84 82 8 89 47 2 97 87 86 99 100 93 3 99 5 0 85 81 23 5 5 46 84 44 90 3 25 8 35 97 82 3 36 81 11 35 90 23 9 19 26 95 86 100
96 93 90 83 86 91 84 81 82 85 90 85 89 87 29 33 47 18 86 81 83 85 0 93 92 94 94 15 88 92 23 94 11 81 96 96 96 98 96 99 30 15 48 94 95 99 35 98 30 50
93 98 97 99 96 89 93 97 96 98 84 87 88 85 48 87 21 82 81 82 84 81 93 0 90 81 96 36 91 19 23 91 49 95 22 100 85 95 38 92 35 26 20 97 99 100 40 95 38 84
99 16 81 96 91 27 88 91 28 96 6 30 96 86 96 95 7 98 16 94 25 23 92 90 0 20 18 8 81 10 81 42 5 42 7 99 82 92 3 13 6 8 89 9 15 89 9 97 8 93
86 8 16 18 35 3 96 82 9 40 83 3 84 85 93 42 86 34 1 91 4 5 94 81 20 0 5 94 88 90 17 8 84 7 94 26 100 10 89 82 81 99 19 34 1 31 84 99 100 30
94 2 24 19 13 5 98 87 8 23 45 7 87 92 88 99 85 94 10 91 8 5 94 96 18 5 0 91 100 38 97 5 12 5 33 27 90 7 20 100 81 92 89 32 4 50 97 95 82 88
45 87 89 91 82 30 32 19 17 89 1 24 96 83 93 96 6 100 94 85 90 46 15 36 8 94 91 0 49 6 82 96 10 16 8 85 83 100 5 35 9 10 82 7 48 99 5 98 4 84
96 94 97 95 91 100 98 100 97 82 13 98 87 89 30 91 29 81 81 81 84 84 88 91 81 88 100 49 0 48 20 87 30 99 28 90 92 96 36 87 39 21 93 86 87 98 49 90 27 90
96 21 85 85 83 18 91 81 48 99 7 36 91 99 90 96 6 84 24 90 20 44 92 19 10 90 38 6 48 0 81 98 10 18 5 100 82 92 9 41 2 6 96 8 43 99 7 100 1 91
41 98 1 7 7 93 45 39 87 7 86 100 31 43 10 9 83 1 81 38 85 90 23 23 81 17 97 82 20 81 0 87 99 93 97 3 29 28 99 83 87 82 10 90 85 7 86 18 91 7
87 4 28 43 50 7 88 95 7 45 18 7 87 98 91 49 92 22 4 98 8 3 94 91 42 8 5 96 87 98 87 0 95 1 98 18 84 1 92 83 94 91 20 43 5 42 82 95 99 26
17 88 87 83 98 22 40 83 17 81 7 44 97 94 85 98 9 92 81 99 83 25 11 49 5 84 12 10 30 10 99 95 0 28 9 91 89 90 2 35 10 3 85 10 31 92 5 84 9 84
87 3 33 16 100 7 89 95 8 25 18 8 82 86 95 98 96 89 5 86 7 8 81 95 42 7 5 16 99 18 93 1 28 0 43 20 94 5 15 83 98 94 87 29 1 22 83 99 93 98
95 34 95 81 98 44 19 94 16 97 8 21 99 84 88 97 5 93 17 95 85 35 96 22 7 94 33 8 28 5 97 98 9 43 0 96 83 94 5 37 4 1 92 10 18 85 5 85 2 98
81 37 6 6 5 83 97 82 98 5 99 85 25 42 2 9 99 2 19 35 22 97 96 100 99 26 27 85 90 100 3 18 91 20 96 0 11 40 85 87 90 82 10 85 85 5 97 30 99 8
94 84 82 90 39 86 91 88 90 93 95 95 97 90 30 18 40 34 96 92 87 82 96 85 82 100 90 83 92 82 29 84 89 94 83 11 0 94 99 87 28 17 21 87 95 95 21 97 18 15
83 6 26 29 50 7 84 89 8 39 81 7 93 84 16 43 91 30 7 95 8 3 98 95 92 10 7 100 96 92 28 1 90 5 94 40 94 0 89 93 99 97 38 13 3 30 87 98 99 16
20 19 98 90 93 39 30 88 40 92 8 19 82 87 81 95 10 94 87 83 96 36 96 38 3 89 20 5 36 9 99 92 2 15 5 85 99 89 0 36 8 4 100 7 31 87 10 98 8 92
81 86 93 89 97 95 97 90 97 99 21 86 100 93 17 96 21 88 99 89 93 81 99 92 13 82 100 35 87 41 83 83 35 83 37 87 87 93 36 0 15 21 88 81 84 100 33 94 30 99
27 82 85 98 85 27 43 26 36 99 4 82 12 94 87 96 1 96 93 92 92 11 30 35 6 81 81 9 39 2 87 94 10 98 4 90 28 99 8 15 0 9 90 7 94 93 7 25 4 82
20 92 85 85 95 35 22 35 43 84 1 16 96 82 90 92 4 95 92 98 89 35 15 26 8 99 92 10 21 6 82 91 3 94 1 82 17 97 4 21 9 0 81 9 49 82 5 88 7 96
28 88 1 10 8 86 26 23 95 3 94 93 50 27 3 8 93 6 89 27 99 90 48 20 89 19 89 82 93 96 10 20 85 87 92 10 21 38 100 88 90 81 0 98 81 10 98 18 84 5
84 16 91 98 91 16 87 97 31 99 6 35 90 90 97 82 8 84 36 89 30 23 94 97 9 34 32 7 86 8 90 43 10 29 10 85 87 13 7 81 7 9 98 0 34 99 7 82 5 99
98 7 41 14 84 9 86 82 7 98 45 5 99 90 91 93 100 96 1 89 8 9 95 99 15 1 4 48 87 43 85 5 31 1 18 85 95 3 31 84 94 49 81 34 0 34 12 84 96 83
84 32 7 9 4 87 91 97 99 7 99 33 85 40 2 6 89 1 21 17 48 19 99 100 89 31 50 99 98 99 7 42 92 22 85 5 95 30 87 100 93 82 10 99 34 0 95 92 91 4
15 81 95 97 92 30 44 39 43 81 7 99 93 92 100 99 5 87 96 83 97 26 35 40 9 84 97 5 49 7 86 82 5 83 5 97 21 87 10 33 7 5 98 7 12 95 0 17 5 92
81 96 81 92 39 90 90 94 81 16 99 88 90 94 19 22 18 15 97 98 92 95 98 95 97 99 95 98 90 100 18 95 84 99 85 30 97 98 98 94 25 88 18 82 84 92 17 0 15 26
35 82 96 88 94 96 26 49 17 92 4 95 20 11 95 97 3 88 94 41 88 86 30 38 8 100 82 4 27 1 91 99 9 93 2 99 18 99 8 30 4 7 84 5 96 91 5 15 0 84
16 93 6 6 1 86 81 37 82 4 81 81 26 28 5 7 90 4 19 42 44 100 50 84 93 30 88 84 90 91 7 26 84 98 98 8 15 16 92 99 82 96 5 99 83 4 92 26 84 0
BBBBRRRBBBRBRRBBBRRBBRBBBRBBBRRBRRBBRBRRBRRRBRRRRR
