50
0 62 15 14 11 21 58 18 46 70 46 89 13 56 88 67 99 45 51 27 17 3 35 55 11 16 77 62 24 87 53 84 80 27 21 57 76 71 16 66 38 44 0 89 56 11 97 40 2 58 
62 0 26 74 100 86 45 30 3 4 84 26 84 97 74 68 34 64 52 25 48 24 9 51 54 42 19 54 39 20 48 58 51 36 76 56 31 31 48 56 0 69 96 47 50 95 59 73 31 97 
15 26 0 7 4 8 34 85 54 29 64 18 27 34 55 66 99 79 84 59 71 71 27 75 44 52 3 92 69 40 65 52 48 35 74 88 18 97 9 20 93 27 39 84 63 30 62 14 79 57 
14 74 7 0 82 60 99 34 7 54 51 56 70 87 7 21 44 82 39 74 72 20 61 13 32 11 91 46 46 16 6 67 2 40 80 28 27 82 38 80 24 83 57 16 77 29 22 23 24 36 
11 100 4 82 0 17 7 26 23 100 54 63 33 79 7 28 93 54 1 61 98 31 23 84 39 74 22 16 27 15 63 79 86 29 9 29 76 30 30 9 17 90 12 92 54 58 4 67 48 29 
21 86 8 60 17 0 42 1 49 48 78 65 31 59 8 23 63 12 13 6 86 76 74 33 25 9 38 9 97 31 98 25 67 9 51 82 68 63 9 82 100 61 2 73 9 87 22 66 12 6 
58 45 34 99 7 42 0 36 64 44 90 0 28 7 89 13 80 75 8 18 30 89 5 99 64 32 0 25 90 17 71 47 55 28 82 6 95 12 58 99 57 26 41 33 99 89 34 97 42 79 
18 30 85 34 26 1 36 0 42 57 91 3 77 100 97 43 89 19 34 33 38 44 18 65 54 29 47 66 1 87 13 25 73 50 25 10 67 0 14 79 80 32 93 89 12 88 30 10 97 78 
46 3 54 7 23 49 64 42 0 100 4 56 1 0 43 0 89 39 69 84 8 16 62 40 12 27 7 1 68 27 75 95 41 30 87 54 23 67 75 11 36 83 22 50 59 30 13 26 28 20 
70 4 29 54 100 48 44 57 100 0 20 65 69 90 74 85 54 34 53 1 80 66 63 100 74 21 43 87 60 10 64 41 83 21 39 30 36 38 34 36 50 100 42 91 33 35 94 69 15 68 
46 84 64 51 54 78 90 91 4 20 0 90 7 73 69 63 47 47 57 83 98 79 68 68 30 85 43 76 85 37 100 77 25 56 29 57 10 97 100 79 71 39 95 78 33 57 51 81 10 59 
89 26 18 56 63 65 0 3 56 65 90 0 59 100 99 12 61 7 65 24 61 68 86 64 78 91 17 76 83 36 100 32 63 34 92 83 97 41 97 91 15 5 93 11 26 90 79 57 9 48 
13 84 27 70 33 31 28 77 1 69 7 59 0 34 54 45 35 73 14 45 24 16 17 29 77 34 30 44 9 98 17 86 19 81 14 28 13 0 53 40 90 23 22 2 23 13 66 67 49 32 
56 97 34 87 79 59 7 100 0 90 73 100 34 0 3 34 72 84 88 10 17 85 12 77 10 10 38 69 29 73 12 19 80 39 95 44 69 28 57 3 30 20 44 36 89 40 77 87 24 81 
88 74 55 7 7 8 89 97 43 74 69 99 54 3 0 32 65 48 48 18 79 35 21 2 98 52 4 85 74 86 39 66 64 6 82 42 85 60 87 40 92 53 19 4 20 66 84 68 21 13 
67 68 66 21 28 23 13 43 0 85 63 12 45 34 32 0 37 10 11 97 11 16 40 98 79 80 56 65 1 57 75 19 8 33 83 97 2 28 65 88 93 10 87 28 59 76 40 63 58 14 
99 34 99 44 93 63 80 89 89 54 47 61 35 72 65 37 0 1 5 26 5 91 95 6 31 64 30 70 67 74 22 86 57 23 79 69 47 70 7 79 3 62 59 0 99 12 76 90 5 72 
45 64 79 82 54 12 75 19 39 34 47 7 73 84 48 10 1 0 69 41 29 1 78 69 28 61 39 21 45 8 96 88 6 25 23 43 77 17 33 19 66 58 42 96 90 17 79 15 79 85 
51 52 84 39 1 13 8 34 69 53 57 65 14 88 48 11 5 69 0 17 93 91 76 41 48 93 12 100 74 15 18 80 83 33 0 55 14 58 81 61 98 93 56 5 26 7 61 18 77 76 
27 25 59 74 61 6 18 33 84 1 83 24 45 10 18 97 26 41 17 0 42 79 13 43 96 6 23 75 5 68 21 55 88 41 47 73 20 24 9 36 14 18 40 12 4 18 57 26 24 28 
17 48 71 72 98 86 30 38 8 80 98 61 24 17 79 11 5 29 93 42 0 39 34 53 8 24 14 49 31 98 29 90 15 16 78 12 29 48 25 38 3 27 37 60 73 95 22 78 9 4 
3 24 71 20 31 76 89 44 16 66 79 68 16 85 35 16 91 1 91 79 39 0 25 29 26 41 96 29 43 91 54 48 49 77 55 31 82 64 64 79 57 56 63 85 95 90 61 92 16 6 
35 9 27 61 23 74 5 18 62 63 68 86 17 12 21 40 95 78 76 13 34 25 0 85 17 75 94 97 38 43 28 39 85 99 96 48 8 22 98 15 29 56 81 83 0 37 24 63 21 61 
55 51 75 13 84 33 99 65 40 100 68 64 29 77 2 98 6 69 41 43 53 29 85 0 95 17 28 49 96 88 30 14 35 96 29 37 20 40 51 46 7 81 99 77 55 27 10 30 24 72 
11 54 44 32 39 25 64 54 12 74 30 78 77 10 98 79 31 28 48 96 8 26 17 95 0 42 82 61 3 47 51 56 16 8 82 25 55 35 68 64 21 64 81 19 4 36 94 47 9 12 
16 42 52 11 74 9 32 29 27 21 85 91 34 10 52 80 64 61 93 6 24 41 75 17 42 0 13 83 29 58 43 75 45 10 11 10 20 93 92 56 39 44 28 13 74 43 64 28 34 27 
77 19 3 91 22 38 0 47 7 43 43 17 30 38 4 56 30 39 12 23 14 96 94 28 82 13 0 36 39 18 100 47 23 25 99 30 63 11 92 90 50 58 53 69 70 12 27 29 64 60 
62 54 92 46 16 9 25 66 1 87 76 76 44 69 85 65 70 21 100 75 49 29 97 49 61 83 36 0 59 11 16 67 64 94 28 79 29 54 31 69 78 0 32 45 77 2 67 10 10 60 
24 39 69 46 27 97 90 1 68 60 85 83 9 29 74 1 67 45 74 5 31 43 38 96 3 29 39 59 0 67 82 39 90 53 100 89 18 94 77 34 64 84 52 87 11 72 91 83 96 92 
87 20 40 16 15 31 17 87 27 10 37 36 98 73 86 57 74 8 15 68 98 91 43 88 47 58 18 11 67 0 60 10 30 88 14 37 56 68 35 46 52 44 88 3 73 97 45 38 1 69 
53 48 65 6 63 98 71 13 75 64 100 100 17 12 39 75 22 96 18 21 29 54 28 30 51 43 100 16 82 60 0 71 92 54 18 65 14 37 5 99 94 89 94 91 8 88 99 32 98 88 
84 58 52 67 79 25 47 25 95 41 77 32 86 19 66 19 86 88 80 55 90 48 39 14 56 75 47 67 39 10 71 0 57 53 12 38 77 76 52 9 17 19 79 54 49 39 69 75 62 1 
80 51 48 2 86 67 55 73 41 83 25 63 19 80 64 8 57 6 83 88 15 49 85 35 16 45 23 64 90 30 92 57 0 13 57 56 66 38 39 98 49 46 5 88 19 71 57 36 94 16 
27 36 35 40 29 9 28 50 30 21 56 34 81 39 6 33 23 25 33 41 16 77 99 96 8 10 25 94 53 88 54 53 13 0 47 49 26 21 48 77 34 10 42 34 93 18 2 70 90 2 
21 76 74 80 9 51 82 25 87 39 29 92 14 95 82 83 79 23 0 47 78 55 96 29 82 11 99 28 100 14 18 12 57 47 0 86 76 79 67 57 68 83 75 19 52 4 65 24 81 9 
57 56 88 28 29 82 6 10 54 30 57 83 28 44 42 97 69 43 55 73 12 31 48 37 25 10 30 79 89 37 65 38 56 49 86 0 13 99 2 95 57 62 30 78 15 71 30 0 77 10 
76 31 18 27 76 68 95 67 23 36 10 97 13 69 85 2 47 77 14 20 29 82 8 20 55 20 63 29 18 56 14 77 66 26 76 13 0 91 15 25 93 8 49 40 94 41 33 83 67 61 
71 31 97 82 30 63 12 0 67 38 97 41 0 28 60 28 70 17 58 24 48 64 22 40 35 93 11 54 94 68 37 76 38 21 79 99 91 0 75 64 39 27 47 97 59 84 55 5 68 84 
16 48 9 38 30 9 58 14 75 34 100 97 53 57 87 65 7 33 81 9 25 64 98 51 68 92 92 31 77 35 5 52 39 48 67 2 15 75 0 37 6 41 83 61 47 89 82 58 80 8 
66 56 20 80 9 82 99 79 11 36 79 91 40 3 40 88 79 19 61 36 38 79 15 46 64 56 90 69 34 46 99 9 98 77 57 95 25 64 37 0 82 64 77 61 49 16 34 99 33 40 
38 0 93 24 17 100 57 80 36 50 71 15 90 30 92 93 3 66 98 14 3 57 29 7 21 39 50 78 64 52 94 17 49 34 68 57 93 39 6 82 0 87 87 99 17 88 56 71 29 30 
44 69 27 83 90 61 26 32 83 100 39 5 23 20 53 10 62 58 93 18 27 56 56 81 64 44 58 0 84 44 89 19 46 10 83 62 8 27 41 64 87 0 79 55 27 49 46 73 76 96 
0 96 39 57 12 2 41 93 22 42 95 93 22 44 19 87 59 42 56 40 37 63 81 99 81 28 53 32 52 88 94 79 5 42 75 30 49 47 83 77 87 79 0 43 5 96 66 41 66 38 
89 47 84 16 92 73 33 89 50 91 78 11 2 36 4 28 0 96 5 12 60 85 83 77 19 13 69 45 87 3 91 54 88 34 19 78 40 97 61 61 99 55 43 0 14 2 90 33 7 34 
56 50 63 77 54 9 99 12 59 33 33 26 23 89 20 59 99 90 26 4 73 95 0 55 4 74 70 77 11 73 8 49 19 93 52 15 94 59 47 49 17 27 5 14 0 69 36 89 13 43 
11 95 30 29 58 87 89 88 30 35 57 90 13 40 66 76 12 17 7 18 95 90 37 27 36 43 12 2 72 97 88 39 71 18 4 71 41 84 89 16 88 49 96 2 69 0 97 33 28 70 
97 59 62 22 4 22 34 30 13 94 51 79 66 77 84 40 76 79 61 57 22 61 24 10 94 64 27 67 91 45 99 69 57 2 65 30 33 55 82 34 56 46 66 90 36 97 0 25 31 77 
40 73 14 23 67 66 97 10 26 69 81 57 67 87 68 63 90 15 18 26 78 92 63 30 47 28 29 10 83 38 32 75 36 70 24 0 83 5 58 99 71 73 41 33 89 33 25 0 68 33 
2 31 79 24 48 12 42 97 28 15 10 9 49 24 21 58 5 79 77 24 9 16 21 24 9 34 64 10 96 1 98 62 94 90 81 77 67 68 80 33 29 76 66 7 13 28 31 68 0 37 
58 97 57 36 29 6 79 78 20 68 59 48 32 81 13 14 72 85 76 28 4 6 61 72 12 27 60 60 92 69 88 1 16 2 9 10 61 84 8 40 30 96 38 34 43 70 77 33 37 0 
BBRRRBRBBRRBRRRRRRBBRRRRBRBBBBBBBBBRRRBBRRBBBBRBRR