50
0 7 55 62 15 37 57 30 28 44 85 34 20 15 61 63 9 35 100 47 80 74 55 59 27 45 74 51 9 72 31 16 40 81 72 46 17 25 70 39 62 55 65 74 61 25 35 62 51 31 
7 0 6 99 54 77 25 90 50 68 93 21 93 100 52 53 68 92 82 87 62 17 46 13 76 19 65 92 45 23 39 71 22 60 69 68 34 86 57 78 73 47 91 45 43 42 15 11 34 88 
55 6 0 6 99 35 91 75 45 55 66 85 70 100 55 35 56 23 50 84 100 99 59 52 42 49 89 79 82 95 81 15 82 70 93 80 96 83 54 40 86 17 24 99 13 73 81 60 88 28 
62 99 6 0 7 26 91 36 62 36 21 37 17 15 18 44 91 79 16 67 74 91 21 13 25 29 32 20 33 96 92 87 80 19 24 64 39 14 91 92 24 11 26 53 20 38 71 7 16 78 
15 54 99 7 0 6 65 80 88 81 100 19 95 32 12 9 16 83 100 34 46 36 40 36 24 75 41 44 27 52 76 89 50 83 64 18 63 28 89 51 87 89 61 95 17 67 81 27 50 78 
37 77 35 26 6 0 6 10 84 20 28 58 52 67 77 87 39 62 45 22 25 57 79 48 43 26 48 28 82 42 39 45 20 58 89 89 10 73 93 85 99 20 42 38 81 15 33 20 72 73 
57 25 91 91 65 6 0 6 26 8 35 60 29 77 82 36 16 21 49 30 73 35 15 74 7 7 58 85 18 91 19 91 6 44 7 72 13 34 59 33 10 89 85 56 62 66 60 69 81 6 
30 90 75 36 80 10 6 0 6 35 99 23 33 97 75 94 15 63 27 100 63 62 6 34 69 31 84 94 58 69 78 14 31 43 68 91 21 65 81 65 14 79 80 23 76 51 31 82 13 50 
28 50 45 62 88 84 26 6 0 6 11 78 95 72 8 45 65 57 44 42 65 66 76 30 57 91 89 37 53 80 12 29 94 79 74 25 60 79 66 37 76 68 14 37 39 13 12 98 65 50 
44 68 55 36 81 20 8 35 6 0 6 16 12 47 67 6 36 95 46 12 6 69 100 77 40 21 36 15 78 68 54 46 73 82 76 78 88 71 39 35 94 59 42 12 6 100 98 33 91 43 
85 93 66 21 100 28 35 99 11 6 0 6 9 35 67 43 51 95 49 28 59 94 65 31 76 41 8 60 11 38 89 8 92 27 12 89 23 9 18 13 40 51 99 46 80 62 80 27 53 25 
34 21 85 37 19 58 60 23 78 16 6 0 7 19 14 75 89 46 33 45 48 66 34 51 54 52 54 42 70 57 54 77 94 96 72 37 72 31 13 94 34 33 40 81 46 45 11 31 83 38 
20 93 70 17 95 52 29 33 95 12 9 7 0 7 95 96 72 48 44 25 81 13 76 31 81 67 23 53 98 90 75 10 80 49 34 16 26 74 52 31 95 34 61 63 56 55 57 27 98 95 
15 100 100 15 32 67 77 97 72 47 35 19 7 0 6 78 16 6 80 77 23 29 71 9 98 76 83 43 6 90 64 75 42 89 67 67 49 29 22 96 99 41 93 69 79 67 68 89 67 47 
61 52 55 18 12 77 82 75 8 67 67 14 95 6 0 35 67 33 85 61 8 68 98 9 54 58 75 87 44 38 54 84 62 70 79 39 7 71 99 80 7 66 69 96 9 31 77 70 58 62 
63 53 35 44 9 87 36 94 45 6 43 75 96 78 35 0 70 22 69 51 83 84 79 6 64 19 94 97 40 48 31 100 68 43 78 17 38 99 15 6 14 7 34 45 73 18 10 63 15 22 
9 68 56 91 16 39 16 15 65 36 51 89 72 16 67 70 0 7 89 27 31 6 79 33 93 93 97 66 41 67 7 83 16 72 88 26 35 96 60 63 7 49 52 66 90 58 78 88 34 64 
35 92 23 79 83 62 21 63 57 95 95 46 48 6 33 22 7 0 7 61 85 87 53 77 83 18 14 49 17 92 57 83 76 77 14 71 33 71 37 77 26 98 63 74 72 51 100 35 56 56 
100 82 50 16 100 45 49 27 44 46 49 33 44 80 85 69 89 7 0 7 42 42 13 22 52 22 62 63 10 15 45 80 83 51 47 16 18 75 84 35 25 46 100 41 88 96 70 41 51 60 
47 87 84 67 34 22 30 100 42 12 28 45 25 77 61 51 27 61 7 0 7 93 77 6 44 93 59 6 94 69 43 70 48 88 13 58 100 82 38 31 58 76 28 86 60 23 52 95 69 11 
80 62 100 74 46 25 73 63 65 6 59 48 81 23 8 83 31 85 42 7 0 7 99 40 50 39 29 100 40 22 65 77 86 13 61 90 62 60 71 95 71 18 67 10 95 26 27 47 18 87 
74 17 99 91 36 57 35 62 66 69 94 66 13 29 68 84 6 87 42 93 7 0 6 39 44 12 80 78 35 77 17 48 41 85 33 48 45 19 10 96 74 96 78 94 59 82 88 79 6 31 
55 46 59 21 40 79 15 6 76 100 65 34 76 71 98 79 79 53 13 77 99 6 0 7 75 63 26 18 66 97 90 95 73 98 42 11 82 66 53 23 29 54 19 60 46 91 53 99 70 37 
59 13 52 13 36 48 74 34 30 77 31 51 31 9 9 6 33 77 22 6 40 39 7 0 6 60 62 56 34 22 73 43 82 70 30 74 39 27 15 44 58 73 89 20 51 39 33 7 77 21 
27 76 42 25 24 43 7 69 57 40 76 54 81 98 54 64 93 83 52 44 50 44 75 6 0 7 85 83 46 51 42 100 6 67 18 71 9 91 37 33 17 70 52 74 11 49 46 91 63 88 
45 19 49 29 75 26 7 31 91 21 41 52 67 76 58 19 93 18 22 93 39 12 63 60 7 0 6 90 97 8 40 66 84 19 11 34 52 7 31 18 61 96 19 10 32 43 65 94 86 38 
74 65 89 32 41 48 58 84 89 36 8 54 23 83 75 94 97 14 62 59 29 80 26 62 85 6 0 7 75 83 89 60 8 76 49 97 78 80 62 58 8 64 86 42 66 16 52 76 9 65 
51 92 79 20 44 28 85 94 37 15 60 42 53 43 87 97 66 49 63 6 100 78 18 56 83 90 7 0 7 99 42 25 85 71 17 15 43 94 98 97 96 70 45 93 44 21 51 96 11 14 
9 45 82 33 27 82 18 58 53 78 11 70 98 6 44 40 41 17 10 94 40 35 66 34 46 97 75 7 0 6 71 89 94 47 89 55 20 20 50 56 19 34 24 48 41 61 42 35 57 38 
72 23 95 96 52 42 91 69 80 68 38 57 90 90 38 48 67 92 15 69 22 77 97 22 51 8 83 99 6 0 6 27 40 10 69 36 16 77 13 58 69 93 48 86 81 94 100 96 43 53 
31 39 81 92 76 39 19 78 12 54 89 54 75 64 54 31 7 57 45 43 65 17 90 73 42 40 89 42 71 6 0 6 68 74 6 28 12 35 76 41 74 65 62 66 69 27 93 79 99 100 
16 71 15 87 89 45 91 14 29 46 8 77 10 75 84 100 83 83 80 70 77 48 95 43 100 66 60 25 89 27 6 0 6 90 72 28 70 65 24 62 49 68 88 65 35 59 65 54 65 91 
40 22 82 80 50 20 6 31 94 73 92 94 80 42 62 68 16 76 83 48 86 41 73 82 6 84 8 85 94 40 68 6 0 6 22 85 59 79 54 81 71 32 76 67 57 18 53 28 37 23 
81 60 70 19 83 58 44 43 79 82 27 96 49 89 70 43 72 77 51 88 13 85 98 70 67 19 76 71 47 10 74 90 6 0 6 76 81 17 61 42 42 19 6 92 75 88 17 72 6 97 
72 69 93 24 64 89 7 68 74 76 12 72 34 67 79 78 88 14 47 13 61 33 42 30 18 11 49 17 89 69 6 72 22 6 0 7 47 8 43 70 48 7 26 87 54 46 20 68 30 66 
46 68 80 64 18 89 72 91 25 78 89 37 16 67 39 17 26 71 16 58 90 48 11 74 71 34 97 15 55 36 28 28 85 76 7 0 6 77 99 43 50 14 40 8 80 27 16 52 25 12 
17 34 96 39 63 10 13 21 60 88 23 72 26 49 7 38 35 33 18 100 62 45 82 39 9 52 78 43 20 16 12 70 59 81 47 6 0 6 50 76 71 20 50 36 40 33 84 77 47 52 
25 86 83 14 28 73 34 65 79 71 9 31 74 29 71 99 96 71 75 82 60 19 66 27 91 7 80 94 20 77 35 65 79 17 8 77 6 0 6 87 13 78 82 41 89 90 72 88 69 91 
70 57 54 91 89 93 59 81 66 39 18 13 52 22 99 15 60 37 84 38 71 10 53 15 37 31 62 98 50 13 76 24 54 61 43 99 50 6 0 6 18 7 85 6 51 57 38 65 6 68 
39 78 40 92 51 85 33 65 37 35 13 94 31 96 80 6 63 77 35 31 95 96 23 44 33 18 58 97 56 58 41 62 81 42 70 43 76 87 6 0 63 49 73 68 92 71 72 78 69 46 
62 73 86 24 87 99 10 14 76 94 40 34 95 99 7 14 7 26 25 58 71 74 29 58 17 61 8 96 19 69 74 49 71 42 48 50 71 13 18 63 0 40 37 78 93 90 97 50 12 21 
55 47 17 11 89 20 89 79 68 59 51 33 34 41 66 7 49 98 46 76 18 96 54 73 70 96 64 70 34 93 65 68 32 19 7 14 20 78 7 49 40 0 7 6 70 59 58 99 20 55 
65 91 24 26 61 42 85 80 14 42 99 40 61 93 69 34 52 63 100 28 67 78 19 89 52 19 86 45 24 48 62 88 76 6 26 40 50 82 85 73 37 7 0 6 80 12 78 47 95 48 
74 45 99 53 95 38 56 23 37 12 46 81 63 69 96 45 66 74 41 86 10 94 60 20 74 10 42 93 48 86 66 65 67 92 87 8 36 41 6 68 78 6 6 0 6 13 55 24 11 80 
61 43 13 20 17 81 62 76 39 6 80 46 56 79 9 73 90 72 88 60 95 59 46 51 11 32 66 44 41 81 69 35 57 75 54 80 40 89 51 92 93 70 80 6 0 7 89 64 35 99 
25 42 73 38 67 15 66 51 13 100 62 45 55 67 31 18 58 51 96 23 26 82 91 39 49 43 16 21 61 94 27 59 18 88 46 27 33 90 57 71 90 59 12 13 7 0 6 11 81 68 
35 15 81 71 81 33 60 31 12 98 80 11 57 68 77 10 78 100 70 52 27 88 53 33 46 65 52 51 42 100 93 65 53 17 20 16 84 72 38 72 97 58 78 55 89 6 0 6 63 76 
62 11 60 7 27 20 69 82 98 33 27 31 27 89 70 63 88 35 41 95 47 79 99 7 91 94 76 96 35 96 79 54 28 72 68 52 77 88 65 78 50 99 47 24 64 11 6 0 7 83 
51 34 88 16 50 72 81 13 65 91 53 83 98 67 58 15 34 56 51 69 18 6 70 77 63 86 9 11 57 43 99 65 37 6 30 25 47 69 6 69 12 20 95 11 35 81 63 7 0 6 
31 88 28 78 78 73 6 50 50 43 25 38 95 47 62 22 64 56 60 11 87 31 37 21 88 38 65 14 38 53 100 91 23 97 66 12 52 91 68 46 21 55 48 80 99 68 76 83 6 0 
RBBBRRRBBBRRRBBRRRRBBBRRRBBBRRRBBBRRRBBBBRRBBBRRRB