34
0 65 80 14 10 71 67 26 1 72 66 50 91 79 0 39 21 39 62 68 77 50 31 67 31 60 59 38 85 85 43 38 22 90
65 0 9 96 39 63 41 51 89 29 18 48 6 77 38 88 10 79 38 46 32 81 25 98 55 40 24 58 45 17 4 92 44 37
80 9 0 13 53 81 95 23 74 58 11 92 38 84 42 64 47 59 87 93 85 36 7 77 36 35 13 77 27 12 70 90 45 3
14 96 13 0 82 4 17 43 54 91 95 92 39 71 34 42 70 35 23 80 92 65 40 74 29 94 2 73 69 7 11 7 27 26
10 39 53 82 0 59 80 99 58 48 84 38 3 35 74 5 99 73 58 49 22 51 45 77 64 61 19 30 36 71 23 1 99 25
71 63 81 4 59 0 15 60 91 73 48 53 37 17 20 42 47 63 47 19 80 80 35 27 24 30 34 30 63 34 82 5 70 27
67 41 95 17 80 15 0 7 13 68 78 17 79 49 80 35 79 52 59 5 83 8 48 27 2 90 30 43 27 34 36 84 45 76
26 51 23 43 99 60 7 0 38 75 79 10 52 14 33 39 42 22 20 59 29 14 89 58 98 3 5 97 97 98 52 36 82 42
1 89 74 54 58 91 13 38 0 84 2 28 4 43 45 11 58 95 39 36 73 81 61 83 29 92 0 14 51 41 48 48 63 94
72 29 58 91 48 73 68 75 84 0 37 11 12 45 26 74 22 40 77 68 0 8 63 33 84 42 13 51 16 15 15 52 11 84
66 18 11 95 84 48 78 79 2 37 0 9 20 52 44 15 87 65 97 76 2 34 19 28 93 81 94 35 78 95 21 16 94 57
50 48 92 92 38 53 17 10 28 11 9 0 10 14 59 56 38 94 0 53 44 89 3 67 73 93 58 30 52 88 96 17 61 66
91 6 38 39 3 37 79 52 4 12 20 10 0 50 21 36 34 2 54 66 98 65 68 84 59 42 5 30 7 60 68 48 69 47
79 77 84 71 35 17 49 14 43 45 52 14 50 0 26 32 78 68 100 71 93 8 92 95 69 46 26 78 82 71 14 99 94 37
0 38 42 34 74 20 80 33 45 26 44 59 21 26 0 0 65 75 36 85 89 11 80 25 37 47 30 59 30 42 30 4 74 17
39 88 64 42 5 42 35 39 11 74 15 56 36 32 0 0 69 94 86 3 84 12 95 63 82 48 28 93 14 86 72 80 18 76
21 10 47 70 99 47 79 42 58 22 87 38 34 78 65 69 0 100 92 89 100 74 66 31 26 28 60 6 56 98 27 1 98 86
39 79 59 35 73 63 52 22 95 40 65 94 2 68 75 94 100 0 77 76 68 66 81 100 61 66 18 17 88 99 24 65 51 33
62 38 87 23 58 47 59 20 39 77 97 0 54 100 36 86 92 77 0 99 94 76 48 79 45 60 7 22 28 12 86 30 89 87
68 46 93 80 49 19 5 59 36 68 76 53 66 71 85 3 89 76 99 0 6 32 58 90 62 25 46 61 0 23 73 51 9 1
77 32 85 92 22 80 83 29 73 0 2 44 98 93 89 84 100 68 94 6 0 95 0 14 18 60 45 25 51 38 79 4 35 89
50 81 36 65 51 80 8 14 81 8 34 89 65 8 11 12 74 66 76 32 95 0 100 73 100 62 77 49 15 66 22 27 90 95
31 25 7 40 45 35 48 89 61 63 19 3 68 92 80 95 66 81 48 58 0 100 0 64 26 53 42 29 5 53 91 54 56 45
67 98 77 74 77 27 27 58 83 33 28 67 84 95 25 63 31 100 79 90 14 73 64 0 58 11 11 85 46 17 2 96 8 88
31 55 36 29 64 24 2 98 29 84 93 73 59 69 37 82 26 61 45 62 18 100 26 58 0 33 19 39 57 97 98 90 21 11
60 40 35 94 61 30 90 3 92 42 81 93 42 46 47 48 28 66 60 25 60 62 53 11 33 0 44 22 1 26 12 12 83 51
59 24 13 2 19 34 30 5 0 13 94 58 5 26 30 28 60 18 7 46 45 77 42 11 19 44 0 78 31 34 17 98 36 3
38 58 77 73 30 30 43 97 14 51 35 30 30 78 59 93 6 17 22 61 25 49 29 85 39 22 78 0 59 76 81 34 89 3
85 45 27 69 36 63 27 97 51 16 78 52 7 82 30 14 56 88 28 0 51 15 5 46 57 1 31 59 0 34 34 82 92 92
85 17 12 7 71 34 34 98 41 15 95 88 60 71 42 86 98 99 12 23 38 66 53 17 97 26 34 76 34 0 92 18 66 85
43 4 70 11 23 82 36 52 48 15 21 96 68 14 30 72 27 24 86 73 79 22 91 2 98 12 17 81 34 92 0 76 61 92
38 92 90 7 1 5 84 36 48 52 16 17 48 99 4 80 1 65 30 51 4 27 54 96 90 12 98 34 82 18 76 0 75 92
22 44 45 27 99 70 45 82 63 11 94 61 69 94 74 18 98 51 89 9 35 90 56 8 21 83 36 89 92 66 61 75 0 0
90 37 3 26 25 27 76 42 94 84 57 66 47 37 17 76 86 33 87 1 89 95 45 88 11 51 3 3 92 85 92 92 0 0
BRRBRRRRRRRRBBBBBRRBBBRRRBBRBRBBBB