50
0 100 16 56 91 29 38 0 65 73 12 44 19 23 68 39 4 53 30 0 84 58 18 51 53 4 16 13 44 90 94 60 96 46 60 2 68 38 98 98 99 53 52 38 1 89 28 13 31 17 
100 0 63 45 79 82 12 1 75 88 3 98 83 37 42 48 44 16 33 77 77 27 93 51 75 80 63 70 31 64 92 0 57 40 27 13 47 77 80 62 3 50 76 86 62 65 46 46 28 69 
16 63 0 88 22 53 73 65 70 51 50 60 82 27 8 26 43 73 13 81 96 56 87 65 27 26 85 17 17 84 52 57 51 64 58 17 96 64 98 44 80 0 6 9 57 23 29 45 50 9 
56 45 88 0 75 22 66 37 3 4 11 53 52 76 81 87 49 2 83 99 47 96 7 82 12 52 27 2 55 1 21 73 22 47 95 66 60 93 9 56 93 91 75 14 90 51 36 71 83 39 
91 79 22 75 0 67 95 45 56 18 9 20 76 22 64 90 77 74 97 47 0 6 45 17 49 12 29 79 76 35 89 6 4 14 16 33 17 14 56 74 91 40 47 43 67 76 66 22 65 83 
29 82 53 22 67 0 31 80 76 31 68 71 60 51 55 28 39 77 79 51 63 15 80 44 51 56 51 10 19 16 56 0 90 18 78 95 72 14 76 36 22 39 23 94 74 24 70 95 91 81 
38 12 73 66 95 31 0 31 99 11 57 17 65 11 75 100 22 87 64 31 9 33 14 37 8 45 88 10 16 76 20 96 54 87 11 52 70 11 32 0 16 40 32 57 95 69 10 32 82 91 
0 1 65 37 45 80 31 0 5 52 97 42 99 35 69 90 81 75 69 50 71 36 39 43 2 25 53 6 84 48 24 2 90 37 3 55 18 51 95 67 40 88 27 57 88 85 69 92 85 75 
65 75 70 3 56 76 99 5 0 75 12 59 46 31 47 30 94 32 40 44 51 39 88 58 26 9 80 80 46 24 52 91 54 41 45 43 3 38 46 100 5 1 18 80 75 15 70 1 98 48 
73 88 51 4 18 31 11 52 75 0 42 86 74 20 95 99 76 5 67 91 36 87 11 44 40 88 9 41 67 59 26 92 59 84 26 32 82 32 83 79 48 75 57 44 33 54 22 49 26 78 
12 3 50 11 9 68 57 97 12 42 0 73 56 10 73 8 75 88 35 45 75 97 55 1 13 25 97 24 52 6 91 34 45 100 6 14 66 98 36 95 4 29 98 90 16 65 32 61 93 82 
44 98 60 53 20 71 17 42 59 86 73 0 71 54 88 85 25 29 40 25 31 2 56 27 42 65 52 79 17 42 12 48 78 18 36 29 78 56 97 95 98 62 7 92 85 70 31 22 13 39 
19 83 82 52 76 60 65 99 46 74 56 71 0 39 16 19 17 81 99 59 8 21 9 97 34 19 64 54 38 14 8 87 80 58 90 74 4 12 85 37 80 84 43 88 96 91 41 64 50 44 
23 37 27 76 22 51 11 35 31 20 10 54 39 0 13 49 90 44 100 45 97 2 3 4 10 13 45 9 35 74 60 62 48 19 86 99 67 37 34 32 83 54 11 81 0 25 59 46 4 78 
68 42 8 81 64 55 75 69 47 95 73 88 16 13 0 85 94 78 34 93 49 0 9 84 36 80 51 94 76 50 48 58 14 93 7 44 28 81 62 73 67 95 30 81 88 8 95 1 4 72 
39 48 26 87 90 28 100 90 30 99 8 85 19 49 85 0 94 80 90 47 41 63 57 2 56 72 85 4 48 75 19 39 36 62 5 45 56 90 39 71 48 57 50 97 28 16 90 4 28 80 
4 44 43 49 77 39 22 81 94 76 75 25 17 90 94 94 0 71 72 84 27 46 93 80 91 38 23 46 70 82 89 59 59 29 68 19 8 17 89 57 74 31 3 44 69 77 70 65 37 3 
53 16 73 2 74 77 87 75 32 5 88 29 81 44 78 80 71 0 41 20 73 42 65 6 10 59 84 87 33 12 73 94 82 12 68 25 22 97 88 58 16 20 31 42 27 69 93 93 0 65 
30 33 13 83 97 79 64 69 40 67 35 40 99 100 34 90 72 41 0 44 11 52 88 13 47 40 67 5 8 42 73 64 49 87 52 13 40 61 46 22 36 26 10 54 9 70 67 70 7 67 
0 77 81 99 47 51 31 50 44 91 45 25 59 45 93 47 84 20 44 0 14 86 6 92 64 4 80 23 91 99 88 93 49 75 18 58 22 99 19 64 96 25 32 82 20 57 8 15 40 54 
84 77 96 47 0 63 9 71 51 36 75 31 8 97 49 41 27 73 11 14 0 68 89 25 83 29 16 92 11 14 22 35 54 51 24 81 75 13 77 50 21 12 20 8 96 63 34 39 36 76 
58 27 56 96 6 15 33 36 39 87 97 2 21 2 0 63 46 42 52 86 68 0 72 68 86 79 62 88 38 60 88 49 2 25 28 15 0 59 8 79 88 80 85 67 70 89 61 72 49 56 
18 93 87 7 45 80 14 39 88 11 55 56 9 3 9 57 93 65 88 6 89 72 0 16 64 6 63 67 35 67 9 91 20 58 71 90 60 74 24 62 4 16 43 14 57 56 59 87 63 18 
51 51 65 82 17 44 37 43 58 44 1 27 97 4 84 2 80 6 13 92 25 68 16 0 92 18 44 91 16 9 38 4 43 90 17 46 50 91 12 22 82 85 41 48 89 1 73 83 60 44 
53 75 27 12 49 51 8 2 26 40 13 42 34 10 36 56 91 10 47 64 83 86 64 92 0 75 96 33 33 65 48 64 72 49 48 80 70 40 31 61 74 37 92 100 76 67 76 99 75 64 
4 80 26 52 12 56 45 25 9 88 25 65 19 13 80 72 38 59 40 4 29 79 6 18 75 0 49 71 35 66 75 98 57 94 61 96 4 52 79 4 23 67 43 83 77 21 14 18 40 50 
16 63 85 27 29 51 88 53 80 9 97 52 64 45 51 85 23 84 67 80 16 62 63 44 96 49 0 26 30 78 51 98 86 42 90 41 98 27 96 44 49 25 1 16 80 44 87 7 8 29 
13 70 17 2 79 10 10 6 80 41 24 79 54 9 94 4 46 87 5 23 92 88 67 91 33 71 26 0 38 64 10 91 55 49 89 49 5 68 31 31 100 80 35 15 38 30 23 90 33 47 
44 31 17 55 76 19 16 84 46 67 52 17 38 35 76 48 70 33 8 91 11 38 35 16 33 35 30 38 0 3 93 97 94 35 45 89 50 53 18 63 77 35 87 81 20 62 71 58 25 67 
90 64 84 1 35 16 76 48 24 59 6 42 14 74 50 75 82 12 42 99 14 60 67 9 65 66 78 64 3 0 23 10 77 25 17 33 71 70 49 91 32 5 45 68 82 51 72 13 76 73 
94 92 52 21 89 56 20 24 52 26 91 12 8 60 48 19 89 73 73 88 22 88 9 38 48 75 51 10 93 23 0 26 9 93 93 73 70 93 56 61 64 27 81 26 92 37 78 54 23 36 
60 0 57 73 6 0 96 2 91 92 34 48 87 62 58 39 59 94 64 93 35 49 91 4 64 98 98 91 97 10 26 0 13 35 48 76 58 72 22 72 70 16 86 29 50 42 17 33 74 22 
96 57 51 22 4 90 54 90 54 59 45 78 80 48 14 36 59 82 49 49 54 2 20 43 72 57 86 55 94 77 9 13 0 91 96 95 74 19 93 38 0 78 79 25 59 99 1 77 87 7 
46 40 64 47 14 18 87 37 41 84 100 18 58 19 93 62 29 12 87 75 51 25 58 90 49 94 42 49 35 25 93 35 91 0 10 66 39 9 3 89 88 40 77 61 26 38 61 0 78 64 
60 27 58 95 16 78 11 3 45 26 6 36 90 86 7 5 68 68 52 18 24 28 71 17 48 61 90 89 45 17 93 48 96 10 0 68 15 33 85 48 96 77 34 32 72 60 87 95 42 55 
2 13 17 66 33 95 52 55 43 32 14 29 74 99 44 45 19 25 13 58 81 15 90 46 80 96 41 49 89 33 73 76 95 66 68 0 2 66 89 91 60 68 55 83 37 36 93 17 23 11 
68 47 96 60 17 72 70 18 3 82 66 78 4 67 28 56 8 22 40 22 75 0 60 50 70 4 98 5 50 71 70 58 74 39 15 2 0 8 31 82 50 28 98 41 61 42 60 60 54 27 
38 77 64 93 14 14 11 51 38 32 98 56 12 37 81 90 17 97 61 99 13 59 74 91 40 52 27 68 53 70 93 72 19 9 33 66 8 0 9 80 74 66 28 1 85 85 17 14 78 28 
98 80 98 9 56 76 32 95 46 83 36 97 85 34 62 39 89 88 46 19 77 8 24 12 31 79 96 31 18 49 56 22 93 3 85 89 31 9 0 85 0 18 12 90 42 14 69 4 25 59 
98 62 44 56 74 36 0 67 100 79 95 95 37 32 73 71 57 58 22 64 50 79 62 22 61 4 44 31 63 91 61 72 38 89 48 91 82 80 85 0 0 58 27 79 51 33 93 5 31 63 
99 3 80 93 91 22 16 40 5 48 4 98 80 83 67 48 74 16 36 96 21 88 4 82 74 23 49 100 77 32 64 70 0 88 96 60 50 74 0 0 0 6 13 93 38 76 44 44 45 85 
53 50 0 91 40 39 40 88 1 75 29 62 84 54 95 57 31 20 26 25 12 80 16 85 37 67 25 80 35 5 27 16 78 40 77 68 28 66 18 58 6 0 12 37 53 28 64 43 20 26 
52 76 6 75 47 23 32 27 18 57 98 7 43 11 30 50 3 31 10 32 20 85 43 41 92 43 1 35 87 45 81 86 79 77 34 55 98 28 12 27 13 12 0 82 100 67 73 31 94 59 
38 86 9 14 43 94 57 57 80 44 90 92 88 81 81 97 44 42 54 82 8 67 14 48 100 83 16 15 81 68 26 29 25 61 32 83 41 1 90 79 93 37 82 0 99 3 34 23 77 67 
1 62 57 90 67 74 95 88 75 33 16 85 96 0 88 28 69 27 9 20 96 70 57 89 76 77 80 38 20 82 92 50 59 26 72 37 61 85 42 51 38 53 100 99 0 58 47 64 91 22 
89 65 23 51 76 24 69 85 15 54 65 70 91 25 8 16 77 69 70 57 63 89 56 1 67 21 44 30 62 51 37 42 99 38 60 36 42 85 14 33 76 28 67 3 58 0 89 70 90 78 
28 46 29 36 66 70 10 69 70 22 32 31 41 59 95 90 70 93 67 8 34 61 59 73 76 14 87 23 71 72 78 17 1 61 87 93 60 17 69 93 44 64 73 34 47 89 0 38 85 39 
13 46 45 71 22 95 32 92 1 49 61 22 64 46 1 4 65 93 70 15 39 72 87 83 99 18 7 90 58 13 54 33 77 0 95 17 60 14 4 5 44 43 31 23 64 70 38 0 63 4 
31 28 50 83 65 91 82 85 98 26 93 13 50 4 4 28 37 0 7 40 36 49 63 60 75 40 8 33 25 76 23 74 87 78 42 23 54 78 25 31 45 20 94 77 91 90 85 63 0 28 
17 69 9 39 83 81 91 75 48 78 82 39 44 78 72 80 3 65 67 54 76 56 18 44 64 50 29 47 67 73 36 22 7 64 55 11 27 28 59 63 85 26 59 67 22 78 39 4 28 0 
RBRBRBRBRBRBRBRBRBRBRBRBRBRBRBRBRBRBRBRBRBRBRBRBRB