50
0 53 44 47 46 42 24 29 42 36 30 79 71 58 36 32 56 69 52 27 31 22 60 27 31 65 74 50 24 35 43 31 49 42 57 62 67 33 32 72 56 75 61 50 31 80 38 30 65 73 
53 0 60 40 34 73 77 46 20 35 24 23 28 70 67 67 72 52 49 57 46 63 44 56 49 36 20 35 30 52 56 77 60 58 26 31 36 70 78 40 32 61 79 79 31 50 51 32 33 36 
44 60 0 54 44 67 36 75 42 76 62 51 68 22 31 45 24 66 30 64 68 30 53 34 62 28 80 33 34 39 56 70 45 73 46 37 57 42 43 33 27 54 22 75 75 51 74 20 77 27 
47 40 54 0 70 71 33 57 61 52 39 39 62 57 43 70 77 73 71 79 55 43 63 26 69 28 62 70 75 57 39 35 31 23 71 71 33 48 63 60 76 49 30 42 48 33 25 35 78 61 
46 34 44 70 0 75 27 67 50 30 36 24 47 36 32 78 65 30 50 31 70 67 33 33 28 27 78 38 41 37 68 54 78 45 30 71 26 65 23 23 31 80 74 30 64 72 52 68 31 54 
42 73 67 71 75 0 70 23 69 22 25 76 47 71 79 76 67 46 32 51 65 20 21 22 37 50 37 35 68 51 40 49 38 65 32 28 39 32 52 54 22 52 69 77 37 46 41 66 36 51 
24 77 36 33 27 70 0 45 45 55 36 67 69 68 34 54 80 62 31 74 52 60 43 29 58 31 30 39 72 46 76 34 73 41 35 40 66 67 54 44 25 34 27 27 67 59 26 49 77 52 
29 46 75 57 67 23 45 0 31 26 77 74 37 65 55 52 69 35 57 59 78 70 76 54 72 80 41 21 48 63 22 40 74 78 64 41 22 64 68 20 40 24 45 29 41 67 72 74 36 63 
42 20 42 61 50 69 45 31 0 42 48 24 46 27 42 37 33 31 54 34 67 29 24 74 73 44 70 21 65 40 25 44 75 20 47 79 59 79 33 65 52 79 48 80 46 46 32 59 76 23 
36 35 76 52 30 22 55 26 42 0 72 34 40 42 35 33 74 54 55 77 65 77 76 26 34 52 23 32 32 77 63 56 27 41 34 31 73 33 25 31 66 60 67 50 68 61 37 34 61 59 
30 24 62 39 36 25 36 77 48 72 0 68 54 45 64 55 77 54 21 28 32 52 36 77 71 53 58 38 40 23 34 79 28 51 30 37 44 33 44 23 23 58 47 20 52 26 40 33 57 52 
79 23 51 39 24 76 67 74 24 34 68 0 60 46 71 38 39 32 42 56 72 39 31 58 66 35 29 20 31 73 64 45 41 75 73 50 29 54 50 75 67 33 54 46 74 20 50 54 46 58 
71 28 68 62 47 47 69 37 46 40 54 60 0 47 79 61 55 35 22 38 29 33 31 35 78 39 62 25 70 63 32 62 79 40 22 69 64 67 31 32 34 27 28 79 31 25 35 36 75 47 
58 70 22 57 36 71 68 65 27 42 45 46 47 0 66 78 61 66 55 23 56 63 48 62 67 26 75 71 67 76 57 31 40 32 34 33 51 48 38 42 45 50 79 31 71 73 34 31 48 62 
36 67 31 43 32 79 34 55 42 35 64 71 79 66 0 70 69 21 79 32 75 71 61 75 45 68 20 23 34 47 57 64 38 38 38 50 62 39 75 35 52 41 61 23 50 42 41 69 49 66 
32 67 45 70 78 76 54 52 37 33 55 38 61 78 70 0 27 62 47 36 68 33 58 41 66 37 63 55 44 41 24 26 48 51 45 57 28 53 23 35 22 70 56 44 61 22 75 76 34 42 
56 72 24 77 65 67 80 69 33 74 77 39 55 61 69 27 0 21 32 28 78 35 29 54 72 62 21 35 44 31 22 50 38 68 44 39 66 49 38 29 74 58 75 30 59 34 22 46 68 32 
69 52 66 73 30 46 62 35 31 54 54 32 35 66 21 62 21 0 46 66 26 60 61 45 36 22 33 68 53 55 48 34 20 49 22 57 80 60 63 73 20 61 23 38 43 63 22 34 77 41 
52 49 30 71 50 32 31 57 54 55 21 42 22 55 79 47 32 46 0 37 63 75 32 63 75 77 40 36 31 40 43 77 23 20 61 39 53 70 34 55 78 31 34 36 77 67 41 75 48 41 
27 57 64 79 31 51 74 59 34 77 28 56 38 23 32 36 28 66 37 0 60 59 34 77 49 43 75 77 62 77 77 72 22 52 36 60 72 31 80 43 35 35 73 51 36 53 76 30 59 77 
31 46 68 55 70 65 52 78 67 65 32 72 29 56 75 68 78 26 63 60 0 76 60 58 42 77 68 52 62 68 62 23 33 39 22 43 69 21 27 69 55 73 62 36 55 42 74 39 21 45 
22 63 30 43 67 20 60 70 29 77 52 39 33 63 71 33 35 60 75 59 76 0 50 54 78 35 20 69 49 22 49 35 45 48 36 48 26 42 45 40 29 41 24 43 25 54 78 43 70 29 
60 44 53 63 33 21 43 76 24 76 36 31 31 48 61 58 29 61 32 34 60 50 0 37 26 36 46 45 30 72 45 70 30 63 77 49 78 38 47 42 46 72 51 28 77 29 54 59 69 22 
27 56 34 26 33 22 29 54 74 26 77 58 35 62 75 41 54 45 63 77 58 54 37 0 75 55 75 34 52 74 43 39 46 28 27 51 67 30 22 71 26 52 29 72 57 57 46 31 59 69 
31 49 62 69 28 37 58 72 73 34 71 66 78 67 45 66 72 36 75 49 42 78 26 75 0 42 38 36 43 27 47 29 42 57 28 58 40 47 67 53 22 40 21 21 54 75 35 63 65 22 
65 36 28 28 27 50 31 80 44 52 53 35 39 26 68 37 62 22 77 43 77 35 36 55 42 0 71 22 67 69 49 61 79 48 37 28 31 59 56 73 56 47 39 27 59 34 25 80 66 30 
74 20 80 62 78 37 30 41 70 23 58 29 62 75 20 63 21 33 40 75 68 20 46 75 38 71 0 57 54 75 53 34 55 74 38 43 70 27 31 35 49 77 58 39 35 68 50 40 49 69 
50 35 33 70 38 35 39 21 21 32 38 20 25 71 23 55 35 68 36 77 52 69 45 34 36 22 57 0 70 54 40 43 75 38 36 52 60 55 76 33 34 59 71 43 55 25 65 22 54 67 
24 30 34 75 41 68 72 48 65 32 40 31 70 67 34 44 44 53 31 62 62 49 30 52 43 67 54 70 0 42 44 59 29 28 75 77 77 70 24 22 55 30 53 20 31 39 39 25 40 32 
35 52 39 57 37 51 46 63 40 77 23 73 63 76 47 41 31 55 40 77 68 22 72 74 27 69 75 54 42 0 22 52 76 42 77 64 33 56 20 79 78 38 26 37 24 30 26 50 30 26 
43 56 56 39 68 40 76 22 25 63 34 64 32 57 57 24 22 48 43 77 62 49 45 43 47 49 53 40 44 22 0 24 26 56 32 44 72 38 56 63 23 65 25 32 62 76 22 56 63 59 
31 77 70 35 54 49 34 40 44 56 79 45 62 31 64 26 50 34 77 72 23 35 70 39 29 61 34 43 59 52 24 0 29 48 36 35 46 20 74 43 26 20 54 64 27 50 51 60 21 75 
49 60 45 31 78 38 73 74 75 27 28 41 79 40 38 48 38 20 23 22 33 45 30 46 42 79 55 75 29 76 26 29 0 32 39 34 56 75 35 80 52 33 75 30 73 62 44 69 32 34 
42 58 73 23 45 65 41 78 20 41 51 75 40 32 38 51 68 49 20 52 39 48 63 28 57 48 74 38 28 42 56 48 32 0 58 36 22 68 32 39 68 35 60 34 23 69 69 44 74 40 
57 26 46 71 30 32 35 64 47 34 30 73 22 34 38 45 44 22 61 36 22 36 77 27 28 37 38 36 75 77 32 36 39 58 0 54 77 72 46 58 74 29 26 77 54 75 75 30 57 54 
62 31 37 71 71 28 40 41 79 31 37 50 69 33 50 57 39 57 39 60 43 48 49 51 58 28 43 52 77 64 44 35 34 36 54 0 63 57 69 34 79 65 80 55 36 23 80 56 42 60 
67 36 57 33 26 39 66 22 59 73 44 29 64 51 62 28 66 80 53 72 69 26 78 67 40 31 70 60 77 33 72 46 56 22 77 63 0 68 43 78 57 28 31 30 21 45 71 31 70 77 
33 70 42 48 65 32 67 64 79 33 33 54 67 48 39 53 49 60 70 31 21 42 38 30 47 59 27 55 70 56 38 20 75 68 72 57 68 0 30 25 51 69 20 40 71 33 70 55 39 36 
32 78 43 63 23 52 54 68 33 25 44 50 31 38 75 23 38 63 34 80 27 45 47 22 67 56 31 76 24 20 56 74 35 32 46 69 43 30 0 75 61 60 49 50 52 76 35 41 80 20 
72 40 33 60 23 54 44 20 65 31 23 75 32 42 35 35 29 73 55 43 69 40 42 71 53 73 35 33 22 79 63 43 80 39 58 34 78 25 75 0 78 49 24 62 74 72 24 26 49 73 
56 32 27 76 31 22 25 40 52 66 23 67 34 45 52 22 74 20 78 35 55 29 46 26 22 56 49 34 55 78 23 26 52 68 74 79 57 51 61 78 0 49 51 42 64 31 52 28 78 32 
75 61 54 49 80 52 34 24 79 60 58 33 27 50 41 70 58 61 31 35 73 41 72 52 40 47 77 59 30 38 65 20 33 35 29 65 28 69 60 49 49 0 42 49 50 73 79 56 29 51 
61 79 22 30 74 69 27 45 48 67 47 54 28 79 61 56 75 23 34 73 62 24 51 29 21 39 58 71 53 26 25 54 75 60 26 80 31 20 49 24 51 42 0 78 38 31 80 45 27 27 
50 79 75 42 30 77 27 29 80 50 20 46 79 31 23 44 30 38 36 51 36 43 28 72 21 27 39 43 20 37 32 64 30 34 77 55 30 40 50 62 42 49 78 0 24 30 80 72 45 73 
31 31 75 48 64 37 67 41 46 68 52 74 31 71 50 61 59 43 77 36 55 25 77 57 54 59 35 55 31 24 62 27 73 23 54 36 21 71 52 74 64 50 38 24 0 70 35 61 56 35 
80 50 51 33 72 46 59 67 46 61 26 20 25 73 42 22 34 63 67 53 42 54 29 57 75 34 68 25 39 30 76 50 62 69 75 23 45 33 76 72 31 73 31 30 70 0 45 35 48 57 
38 51 74 25 52 41 26 72 32 37 40 50 35 34 41 75 22 22 41 76 74 78 54 46 35 25 50 65 39 26 22 51 44 69 75 80 71 70 35 24 52 79 80 80 35 45 0 72 51 75 
30 32 20 35 68 66 49 74 59 34 33 54 36 31 69 76 46 34 75 30 39 43 59 31 63 80 40 22 25 50 56 60 69 44 30 56 31 55 41 26 28 56 45 72 61 35 72 0 50 54 
65 33 77 78 31 36 77 36 76 61 57 46 75 48 49 34 68 77 48 59 21 70 69 59 65 66 49 54 40 30 63 21 32 74 57 42 70 39 80 49 78 29 27 45 56 48 51 50 0 39 
73 36 27 61 54 51 52 63 23 59 52 58 47 62 66 42 32 41 41 77 45 29 22 69 22 30 69 67 32 26 59 75 34 40 54 60 77 36 20 73 32 51 27 73 35 57 75 54 39 0 
BBBBRRBBRBRBRRBBRRRRBBBRRRBBRBBRRBBBRRRRBRBRRBBRRB