40
0 18 3 14 68 6 37 15 4 32 19 36 2 35 23 40 21 27 12 29 34 10 47 12 44 40 55 21 41 11 3 0 69 17 34 8 22 67 20 6
18 0 77 8 49 9 22 5 16 6 10 0 42 38 21 8 9 33 28 21 24 24 63 4 45 30 44 16 46 54 0 7 16 28 38 56 6 46 21 4
3 77 0 13 44 2 62 7 15 30 9 40 76 25 5 39 48 26 23 51 45 28 26 1 8 24 58 6 20 55 2 12 23 19 0 8 59 19 7 8
14 8 13 0 4 3 9 15 5 8 15 19 2 3 7 8 4 20 11 6 18 13 14 3 4 10 1 5 17 2 1 2 8 3 13 20 7 9 15 3
68 49 44 4 0 2 39 11 4 13 15 0 71 24 32 47 62 39 6 10 51 5 16 9 40 4 28 17 31 47 3 6 20 18 0 24 44 66 8 3
6 9 2 3 2 0 6 8 1 2 4 7 6 3 4 6 7 2 1 5 9 1 9 3 1 4 2 5 6 8 3 6 2 5 1 5 2 5 2 7
37 22 62 9 39 6 0 1 4 30 1 39 39 39 37 23 27 25 11 11 6 17 46 9 19 59 31 13 54 17 5 4 46 17 4 53 5 40 4 5
15 5 7 15 11 8 1 0 4 16 2 22 11 6 11 7 0 16 21 19 11 7 4 0 7 17 19 17 6 5 3 13 4 9 8 18 3 19 15 3
4 16 15 5 4 1 4 4 0 11 16 5 14 17 20 8 4 12 19 16 3 6 11 10 18 17 7 21 10 20 3 10 13 18 6 12 20 9 12 7
32 6 30 8 13 2 30 16 11 0 13 31 15 18 3 31 9 29 24 29 19 16 22 5 4 26 20 25 19 17 6 3 10 18 12 26 10 25 19 2
19 10 9 15 15 4 1 2 16 13 0 13 2 4 9 9 17 4 19 15 14 4 19 0 16 15 1 8 9 3 5 8 9 10 5 18 8 3 5 9
36 0 40 19 0 7 39 22 5 31 13 0 15 27 30 23 31 5 51 41 8 20 27 6 39 43 8 23 5 12 3 12 47 4 16 46 33 3 4 2
2 42 76 2 71 6 39 11 14 15 2 15 0 2 11 28 23 0 85 58 58 2 50 10 27 47 58 24 54 59 5 8 19 11 17 20 61 32 10 1
35 38 25 3 24 3 39 6 17 18 4 27 2 0 24 37 11 6 6 28 16 1 27 13 10 38 8 5 1 22 0 11 0 17 25 21 30 32 11 1
23 21 5 7 32 4 37 11 20 3 9 30 11 24 0 13 25 21 56 40 52 8 54 14 4 6 48 19 25 17 5 13 53 27 32 46 22 22 18 8
40 8 39 8 47 6 23 7 8 31 9 23 28 37 13 0 55 20 32 20 19 2 9 14 31 24 21 12 2 38 2 12 41 30 11 12 12 59 3 8
21 9 48 4 62 7 27 0 4 9 17 31 23 11 25 55 0 15 5 38 4 26 29 13 1 30 47 22 69 51 1 2 37 42 35 53 46 43 1 7
27 33 26 20 39 2 25 16 12 29 4 5 0 6 21 20 15 0 12 35 9 25 12 12 2 10 2 36 21 11 5 3 21 37 30 19 0 14 14 8
12 28 23 11 6 1 11 21 19 24 19 51 85 6 56 32 5 12 0 5 6 11 56 11 6 2 51 16 66 35 2 2 9 4 34 50 21 80 1 10
29 21 51 6 10 5 11 19 16 29 15 41 58 28 40 20 38 35 5 0 71 5 71 8 23 59 35 1 28 32 1 0 86 40 7 24 48 83 3 5
34 24 45 18 51 9 6 11 3 19 14 8 58 16 52 19 4 9 6 71 0 12 37 6 34 44 66 35 65 59 0 0 27 7 3 6 44 64 16 8
10 24 28 13 5 1 17 7 6 16 4 20 2 1 8 2 26 25 11 5 12 0 23 2 25 4 8 27 7 4 6 8 18 28 18 9 9 7 12 4
47 63 26 14 16 9 46 4 11 22 19 27 50 27 54 9 29 12 56 71 37 23 0 9 25 9 26 14 66 72 4 9 31 25 29 73 74 23 12 9
12 4 1 3 9 3 9 0 10 5 0 6 10 13 14 14 13 12 11 8 6 2 9 0 1 10 2 4 13 4 5 13 0 3 2 7 2 11 11 0
44 45 8 4 40 1 19 7 18 4 16 39 27 10 4 31 1 2 6 23 34 25 25 1 0 19 48 30 20 25 6 10 27 3 4 13 37 35 18 10
40 30 24 10 4 4 59 17 17 26 15 43 47 38 6 24 30 10 2 59 44 4 9 10 19 0 26 19 38 48 4 4 31 13 25 47 10 30 12 6
55 44 58 1 28 2 31 19 7 20 1 8 58 8 48 21 47 2 51 35 66 8 26 2 48 26 0 21 40 47 6 7 17 34 33 54 30 68 6 3
21 16 6 5 17 5 13 17 21 25 8 23 24 5 19 12 22 36 16 1 35 27 14 4 30 19 21 0 34 6 2 4 2 3 31 1 32 18 3 6
41 46 20 17 31 6 54 6 10 19 9 5 54 1 25 2 69 21 66 28 65 7 66 13 20 38 40 34 0 51 5 10 61 15 4 64 26 73 20 3
11 54 55 2 47 8 17 5 20 17 3 12 59 22 17 38 51 11 35 32 59 4 72 4 25 48 47 6 51 0 6 2 4 6 30 71 6 44 22 2
3 0 2 1 3 3 5 3 3 6 5 3 5 0 5 2 1 5 2 1 0 6 4 5 6 4 6 2 5 6 0 4 2 1 5 2 3 3 6 4
0 7 12 2 6 6 4 13 10 3 8 12 8 11 13 12 2 3 2 0 0 8 9 13 10 4 7 4 10 2 4 0 11 1 6 9 4 11 9 7
69 16 23 8 20 2 46 4 13 10 9 47 19 0 53 41 37 21 9 86 27 18 31 0 27 31 17 2 61 4 2 11 0 29 3 25 10 33 2 8
17 28 19 3 18 5 17 9 18 18 10 4 11 17 27 30 42 37 4 40 7 28 25 3 3 13 34 3 15 6 1 1 29 0 10 39 29 19 2 3
34 38 0 13 0 1 4 8 6 12 5 16 17 25 32 11 35 30 34 7 3 18 29 2 4 25 33 31 4 30 5 6 3 10 0 12 20 5 4 3
8 56 8 20 24 5 53 18 12 26 18 46 20 21 46 12 53 19 50 24 6 9 73 7 13 47 54 1 64 71 2 9 25 39 12 0 14 73 1 3
22 6 59 7 44 2 5 3 20 10 8 33 61 30 22 12 46 0 21 48 44 9 74 2 37 10 30 32 26 6 3 4 10 29 20 14 0 42 17 3
67 46 19 9 66 5 40 19 9 25 3 3 32 32 22 59 43 14 80 83 64 7 23 11 35 30 68 18 73 44 3 11 33 19 5 73 42 0 3 9
20 21 7 15 8 2 4 15 12 19 5 4 10 11 18 3 1 14 1 3 16 12 12 11 18 12 6 3 20 22 6 9 2 2 4 1 17 3 0 8
6 4 8 3 3 7 5 3 7 2 9 2 1 1 8 8 7 8 10 5 8 4 9 0 10 6 3 6 3 2 4 7 8 3 3 3 3 9 8 0
RBBRRBBRBRRBRBBRBBRBRRBRRRRBRRBRBRRBBBBB