24
0 1 1 1 90 90 90 16 90 19 90 18 90 90 90 90 90 90 90 90 90 90 69 90
1 0 1 1 90 90 90 90 17 90 90 90 45 90 90 90 90 90 90 90 90 90 48 90
1 1 0 1 90 90 90 90 90 20 90 90 48 67 90 20 90 90 90 90 90 90 85 90
1 1 1 0 21 90 90 90 90 90 90 90 90 51 90 90 90 90 90 90 22 90 90 90
90 90 90 21 0 90 90 90 90 90 90 90 90 90 90 10 90 90 90 90 90 90 90 90
90 90 90 90 90 0 90 90 90 90 90 90 90 90 90 90 90 90 90 90 90 90 90 90
90 90 90 90 90 90 0 90 90 90 90 90 90 90 90 90 90 90 90 90 90 90 68 90
16 90 90 90 90 90 90 0 16 90 90 90 90 90 90 90 90 90 90 90 90 90 90 90
90 17 90 90 90 90 90 16 0 90 90 90 90 90 90 90 90 78 67 90 90 90 90 90
19 90 20 90 90 90 90 90 90 0 90 90 90 90 90 90 90 90 90 90 90 90 90 90
90 90 90 90 90 90 90 90 90 90 0 90 90 90 90 90 90 90 90 90 90 90 90 90
18 90 90 90 90 90 90 90 90 90 90 0 90 90 90 90 90 90 90 84 90 90 90 90
90 45 48 90 90 90 90 90 90 90 90 90 0 90 90 90 90 90 90 90 90 90 64 90
90 90 67 51 90 90 90 90 90 90 90 90 90 0 90 90 90 90 90 90 90 90 90 90
90 90 90 90 90 90 90 90 90 90 90 90 90 90 0 90 90 90 90 90 90 90 90 90
90 90 20 90 10 90 90 90 90 90 90 90 90 90 90 0 90 90 90 90 90 90 90 90
90 90 90 90 90 90 90 90 90 90 90 90 90 90 90 90 0 90 90 90 65 90 90 90
90 90 90 90 90 90 90 90 78 90 90 90 90 90 90 90 90 0 90 90 90 90 90 90
90 90 90 90 90 90 90 90 67 90 90 90 90 90 90 90 90 90 0 90 90 90 90 90
90 90 90 90 90 90 90 90 90 90 90 84 90 90 90 90 90 90 90 0 90 90 90 90
90 90 90 22 90 90 90 90 90 90 90 90 90 90 90 90 65 90 90 90 0 90 90 90
90 90 90 90 90 90 90 90 90 90 90 90 90 90 90 90 90 90 90 90 90 0 90 90
69 48 85 90 90 90 68 90 90 90 90 90 64 90 90 90 90 90 90 90 90 90 0 90
90 90 90 90 90 90 90 90 90 90 90 90 90 90 90 90 90 90 90 90 90 90 90 0
RBRBRBRBRBRBRBRBRBRBRBRB