30
0 1 30 30 30 30 30 30 30 30 100 100 100 100 100 100 100 100 100 100 100 100 100 100 100 100 100 100 100 100 
1 0 2 30 30 30 30 30 30 30 100 100 100 100 100 100 100 100 100 100 100 100 100 100 100 100 100 100 100 100 
30 2 0 4 30 6 30 30 30 30 100 100 100 100 100 100 100 100 100 100 100 100 100 100 100 100 100 100 100 100 
30 30 4 0 5 30 7 30 30 8 100 100 100 100 100 100 100 100 100 100 100 100 100 100 100 100 100 100 100 100 
30 30 30 5 0 33 10 30 30 30 66 100 100 100 100 100 100 100 100 100 100 100 100 100 100 100 100 100 100 100 	  
30 30 6 30 33 0 2 1 30 2 100 100 100 100 100 100 100 100 100 100 100 100 100 100 100 100 100 100 100 100 
30 30 30 7 10 2 0 30 33 30 100 100 100 100 100 100 100 100 100 100 100 100 100 100 100 100 100 100 100 100 
30 30 30 30 30 1 30 0 1 30 66 100 100 100 100 100 100 100 100 100 100 100 100 100 100 100 100 100 100 100 
30 30 30 30 30 30 33 1 0 1 100 100 100 100 100 100 100 100 100 100 100 100 100 100 100 100 100 100 100 100 
30 30 30 8 30 2 30 30 1 0 100 100 100 100 100 100 100 100 100 100 100 100 100 100 100 100 100 100 100 100 
100 100 100 100 66 100 100 66 100 100 0 1 60 60 60 60 60 60 60 60 100 100 100 100 100 100 100 100 100 100 		
100 100 100 100 100 100 100 100 100 100 1 0 2 60 60 60 60 60 60 60 100 100 100 100 100 100 100 100 100 100
100 100 100 100 100 100 100 100 100 100 60 2 0 4 60 6 60 60 60 60 100 100 100 100 100 100 100 100 100 100 
100 100 100 100 100 100 100 100 100 100 60 60 4 0 5 60 7 60 60 8 100 100 100 100 100 100 100 100 100 100
100 100 100 100 100 100 100 100 100 100 60 60 60 5 0 33 10 60 60 60 99 100 100 100 100 100 100 100 100 100	  
100 100 100 100 100 100 100 100 100 100 60 60 6 60 33 0 2 1 60 2 100 100 100 100 100 100 100 100 100 100 
100 100 100 100 100 100 100 100 100 100 60 60 60 7 10 2 0 60 33 60 100 100 100 100 100 100 100 100 100 100
100 100 100 100 100 100 100 100 100 100 60 60 60 60 60 1 60 0 1 60 99 100 100 100 100 100 100 100 100 100
100 100 100 100 100 100 100 100 100 100 60 60 60 60 60 60 33 1 0 1 100 100 100 100 100 100 100 100 100 100
100 100 100 100 100 100 100 100 100 100 60 60 60 8 60 2 60 60 1 0 100 100 100 100 100 100 100 100 100 100
100 100 100 100 100 100 100 100 100 100 100 100 100 100 99 100 100 99 100 100 0 1 90 90 90 90 90 90 90 90  		
100 100 100 100 100 100 100 100 100 100 100 100 100 100 100 100 100 100 100 100 1 0 2 90 90 90 90 90 90 90 
100 100 100 100 100 100 100 100 100 100 100 100 100 100 100 100 100 100 100 100 90 2 0 4 90 6 90 90 90 90 
100 100 100 100 100 100 100 100 100 100 100 100 100 100 100 100 100 100 100 100 90 90 4 0 5 90 7 90 90 8 
100 100 100 100 100 100 100 100 100 100 100 100 100 100 100 100 100 100 100 100 90 90 90 5 0 33 10 90 90 90 	  
100 100 100 100 100 100 100 100 100 100 100 100 100 100 100 100 100 100 100 100 90 90 6 90 33 0 2 1 90 2
100 100 100 100 100 100 100 100 100 100 100 100 100 100 100 100 100 100 100 100 90 90 90 7 10 2 0 90 33 90 
100 100 100 100 100 100 100 100 100 100 100 100 100 100 100 100 100 100 100 100 90 90 90 90 90 1 90 0 1 90 
100 100 100 100 100 100 100 100 100 100 100 100 100 100 100 100 100 100 100 100 90 90 90 90 90 90 33 1 0 1 
100 100 100 100 100 100 100 100 100 100 100 100 100 100 100 100 100 100 100 100 90 90 90 8 90 2 90 90 1 0
RRRBRBRBBBRRRBRBRBBBRRRBRBRBBB