50
0 43 52 3 88 79 2 20 20 93 70 15 62 77 44 45 3 24 77 44 26 14 52 100 6 43 43 39 37 28 70 23 62 23 29 72 62 96 39 28 39 72 64 96 0 57 70 20 34 52 
43 0 55 87 19 78 20 16 93 7 65 5 83 59 67 59 93 27 37 83 99 86 22 12 43 73 53 30 96 54 26 29 60 84 78 26 16 66 95 4 3 63 97 42 43 28 83 20 91 95 
52 55 0 77 2 12 65 76 39 45 58 1 44 55 13 13 78 72 3 83 59 93 34 63 66 21 52 11 27 51 54 20 74 1 9 3 1 84 1 22 49 13 70 66 66 72 54 0 7 37 
3 87 77 0 92 40 68 32 71 31 23 76 73 7 0 1 61 62 49 32 35 84 74 4 55 70 64 66 44 46 37 99 63 31 17 14 93 45 3 41 65 14 23 57 87 15 11 14 80 25 
88 19 2 92 0 47 96 37 27 89 30 79 84 50 43 42 20 71 49 9 3 6 45 79 90 13 2 83 78 58 98 74 23 5 15 58 84 73 38 0 65 20 66 98 10 29 10 63 32 72 
79 78 12 40 47 0 59 14 39 74 54 93 24 73 61 12 37 17 59 53 94 65 15 35 46 12 96 99 77 81 79 8 26 65 61 5 51 84 32 20 68 52 57 80 50 64 17 91 12 17 
2 20 65 68 96 59 0 38 50 30 17 17 70 79 71 21 76 75 97 58 16 91 56 14 39 45 47 59 5 92 44 58 20 85 97 36 53 56 41 26 34 44 43 34 2 22 92 25 7 5 
20 16 76 32 37 14 38 0 20 30 90 8 44 54 1 87 66 60 99 17 40 1 56 31 62 7 37 51 9 88 23 93 84 50 47 5 14 50 95 45 1 7 28 60 22 86 73 72 32 71 
20 93 39 71 27 39 50 20 0 80 81 55 3 82 70 34 66 99 62 22 39 9 60 16 26 91 36 35 3 7 95 6 73 44 58 9 81 54 26 2 70 69 44 42 11 17 1 79 54 91 
93 7 45 31 89 74 30 30 80 0 82 52 49 14 75 56 45 23 53 79 66 87 26 41 11 87 74 11 31 98 48 42 18 88 98 0 77 37 64 30 14 33 33 44 66 16 10 63 66 46 
70 65 58 23 30 54 17 90 81 82 0 54 43 92 63 49 24 71 18 39 36 55 91 56 43 16 81 13 9 23 26 46 79 11 50 45 80 95 96 60 79 54 48 18 13 30 79 28 55 65 
15 5 1 76 79 93 17 8 55 52 54 0 33 19 38 69 81 81 22 3 69 74 88 86 5 14 27 91 20 11 2 77 44 77 66 4 65 15 55 86 100 70 71 66 41 25 68 83 73 2 
62 83 44 73 84 24 70 44 3 49 43 33 0 58 57 61 82 97 29 41 40 41 74 39 63 76 97 81 24 58 59 5 55 55 41 17 23 47 76 83 46 48 86 26 18 82 69 2 7 99 
77 59 55 7 50 73 79 54 82 14 92 19 58 0 34 89 63 42 99 79 78 22 76 31 22 4 38 27 34 98 32 15 2 49 86 66 15 51 46 25 8 86 47 78 76 8 27 82 27 92 
44 67 13 0 43 61 71 1 70 75 63 38 57 34 0 89 17 47 87 39 89 39 21 51 96 77 62 41 4 52 31 61 36 34 87 67 26 3 17 21 14 31 75 22 58 2 68 80 35 50 
45 59 13 1 42 12 21 87 34 56 49 69 61 89 89 0 90 89 39 6 87 21 83 44 81 16 83 77 72 53 71 99 94 20 73 86 23 83 12 95 69 31 74 74 84 49 50 11 78 97 
3 93 78 61 20 37 76 66 66 45 24 81 82 63 17 90 0 95 70 53 92 70 19 38 76 85 21 24 22 77 46 52 6 60 31 14 89 19 80 21 44 55 8 8 1 20 26 61 41 95 
24 27 72 62 71 17 75 60 99 23 71 81 97 42 47 89 95 0 24 82 36 84 67 46 10 27 80 89 19 44 99 19 44 23 68 7 57 5 97 91 59 59 85 79 47 51 48 72 82 69 
77 37 3 49 49 59 97 99 62 53 18 22 29 99 87 39 70 24 0 52 76 94 75 22 87 9 42 6 16 50 79 60 57 20 80 36 89 75 94 55 19 98 11 1 95 64 95 81 45 27 
44 83 83 32 9 53 58 17 22 79 39 3 41 79 39 6 53 82 52 0 15 26 8 74 20 69 28 4 42 38 92 32 42 67 14 37 63 62 76 38 67 34 30 85 98 90 1 55 50 96 
26 99 59 35 3 94 16 40 39 66 36 69 40 78 89 87 92 36 76 15 0 90 23 52 100 61 33 30 68 19 68 74 55 62 14 35 89 14 21 11 19 59 12 12 31 44 22 64 32 25 
14 86 93 84 6 65 91 1 9 87 55 74 41 22 39 21 70 84 94 26 90 0 100 92 23 62 47 15 37 84 23 87 81 21 99 91 37 78 92 79 100 16 89 85 35 95 60 12 0 62 
52 22 34 74 45 15 56 56 60 26 91 88 74 76 21 83 19 67 75 8 23 100 0 51 7 36 55 9 63 47 79 4 83 97 37 12 14 27 21 100 50 31 64 98 22 19 23 13 95 36 
100 12 63 4 79 35 14 31 16 41 56 86 39 31 51 44 38 46 22 74 52 92 51 0 61 29 54 50 92 72 36 99 56 25 65 77 44 0 79 58 26 11 43 82 26 14 15 90 47 94 
6 43 66 55 90 46 39 62 26 11 43 5 63 22 96 81 76 10 87 20 100 23 7 61 0 30 39 75 5 2 79 39 37 62 32 35 44 23 38 90 83 15 52 74 87 14 87 43 47 63 
43 73 21 70 13 12 45 7 91 87 16 14 76 4 77 16 85 27 9 69 61 62 36 29 30 0 40 10 13 1 30 47 52 93 36 65 15 71 72 92 86 50 34 26 24 84 3 64 98 98 
43 53 52 64 2 96 47 37 36 74 81 27 97 38 62 83 21 80 42 28 33 47 55 54 39 40 0 24 17 47 78 61 39 70 93 23 90 31 11 1 11 0 13 6 93 3 11 69 5 62 
39 30 11 66 83 99 59 51 35 11 13 91 81 27 41 77 24 89 6 4 30 15 9 50 75 10 24 0 63 37 99 69 37 40 12 42 64 64 30 32 67 84 4 16 25 4 9 99 88 39 
37 96 27 44 78 77 5 9 3 31 9 20 24 34 4 72 22 19 16 42 68 37 63 92 5 13 17 63 0 78 100 34 55 10 15 38 72 0 69 50 2 22 84 20 87 0 3 84 71 15 
28 54 51 46 58 81 92 88 7 98 23 11 58 98 52 53 77 44 50 38 19 84 47 72 2 1 47 37 78 0 77 8 49 15 2 49 50 27 87 30 6 84 2 47 39 40 41 70 40 38 
70 26 54 37 98 79 44 23 95 48 26 2 59 32 31 71 46 99 79 92 68 23 79 36 79 30 78 99 100 77 0 84 21 79 11 13 29 18 37 34 79 66 17 98 29 71 84 80 1 60 
23 29 20 99 74 8 58 93 6 42 46 77 5 15 61 99 52 19 60 32 74 87 4 99 39 47 61 69 34 8 84 0 25 58 93 74 23 100 7 94 4 81 24 30 42 39 70 24 81 70 
62 60 74 63 23 26 20 84 73 18 79 44 55 2 36 94 6 44 57 42 55 81 83 56 37 52 39 37 55 49 21 25 0 77 98 26 69 24 66 45 89 8 63 72 0 99 25 95 78 42 
23 84 1 31 5 65 85 50 44 88 11 77 55 49 34 20 60 23 20 67 62 21 97 25 62 93 70 40 10 15 79 58 77 0 18 31 4 72 74 6 56 63 19 53 70 96 93 38 6 92 
29 78 9 17 15 61 97 47 58 98 50 66 41 86 87 73 31 68 80 14 14 99 37 65 32 36 93 12 15 2 11 93 98 18 0 49 73 37 62 52 97 10 72 54 19 75 18 63 87 65 
72 26 3 14 58 5 36 5 9 0 45 4 17 66 67 86 14 7 36 37 35 91 12 77 35 65 23 42 38 49 13 74 26 31 49 0 0 95 56 28 37 38 77 58 34 11 3 10 17 28 
62 16 1 93 84 51 53 14 81 77 80 65 23 15 26 23 89 57 89 63 89 37 14 44 44 15 90 64 72 50 29 23 69 4 73 0 0 55 30 53 30 24 71 63 16 75 36 14 39 20 
96 66 84 45 73 84 56 50 54 37 95 15 47 51 3 83 19 5 75 62 14 78 27 0 23 71 31 64 0 27 18 100 24 72 37 95 55 0 10 99 61 100 6 77 23 29 62 68 72 35 
39 95 1 3 38 32 41 95 26 64 96 55 76 46 17 12 80 97 94 76 21 92 21 79 38 72 11 30 69 87 37 7 66 74 62 56 30 10 0 23 12 42 33 47 22 93 24 59 82 86 
28 4 22 41 0 20 26 45 2 30 60 86 83 25 21 95 21 91 55 38 11 79 100 58 90 92 1 32 50 30 34 94 45 6 52 28 53 99 23 0 64 0 7 74 82 30 93 12 72 13 
39 3 49 65 65 68 34 1 70 14 79 100 46 8 14 69 44 59 19 67 19 100 50 26 83 86 11 67 2 6 79 4 89 56 97 37 30 61 12 64 0 31 34 3 4 40 46 43 39 46 
72 63 13 14 20 52 44 7 69 33 54 70 48 86 31 31 55 59 98 34 59 16 31 11 15 50 0 84 22 84 66 81 8 63 10 38 24 100 42 0 31 0 95 11 45 71 4 27 71 61 
64 97 70 23 66 57 43 28 44 33 48 71 86 47 75 74 8 85 11 30 12 89 64 43 52 34 13 4 84 2 17 24 63 19 72 77 71 6 33 7 34 95 0 30 68 72 34 34 23 5 
96 42 66 57 98 80 34 60 42 44 18 66 26 78 22 74 8 79 1 85 12 85 98 82 74 26 6 16 20 47 98 30 72 53 54 58 63 77 47 74 3 11 30 0 43 83 34 2 57 34 
0 43 66 87 10 50 2 22 11 66 13 41 18 76 58 84 1 47 95 98 31 35 22 26 87 24 93 25 87 39 29 42 0 70 19 34 16 23 22 82 4 45 68 43 0 74 10 87 16 2 
57 28 72 15 29 64 22 86 17 16 30 25 82 8 2 49 20 51 64 90 44 95 19 14 14 84 3 4 0 40 71 39 99 96 75 11 75 29 93 30 40 71 72 83 74 0 81 48 86 80 
70 83 54 11 10 17 92 73 1 10 79 68 69 27 68 50 26 48 95 1 22 60 23 15 87 3 11 9 3 41 84 70 25 93 18 3 36 62 24 93 46 4 34 34 10 81 0 43 63 17 
20 20 0 14 63 91 25 72 79 63 28 83 2 82 80 11 61 72 81 55 64 12 13 90 43 64 69 99 84 70 80 24 95 38 63 10 14 68 59 12 43 27 34 2 87 48 43 0 2 77 
34 91 7 80 32 12 7 32 54 66 55 73 7 27 35 78 41 82 45 50 32 0 95 47 47 98 5 88 71 40 1 81 78 6 87 17 39 72 82 72 39 71 23 57 16 86 63 2 0 22 
52 95 37 25 72 17 5 71 91 46 65 2 99 92 50 97 95 69 27 96 25 62 36 94 63 98 62 39 15 38 60 70 42 92 65 28 20 35 86 13 46 61 5 34 2 80 17 77 22 0 
RBRRRBBBBBBBBBRBBBRRBRBBBRBBRRBRRBBRRRBRRRBRRRRRRB