48
0 83 93 86 100 87 85 90 96 80 81 86 99 85 94 84 88 91 87 93 85 1 85 90 89 100 86 92 85 99 90 88 100 1 95 88 86 89 93 89 84 88 83 89 91 84 97 96
83 0 82 92 98 93 91 83 81 85 100 92 91 99 80 82 99 87 91 95 82 99 93 86 83 84 82 82 1 96 90 97 1 82 86 80 94 80 94 81 87 85 99 97 95 80 80 95
93 82 0 92 94 93 84 95 100 88 80 83 1 92 94 100 95 84 88 81 95 97 81 82 0 83 99 94 93 1 92 83 87 91 91 90 90 98 96 85 80 87 85 97 100 89 93 90
86 92 92 0 1 95 85 0 99 95 84 90 80 85 97 80 97 93 96 96 84 89 90 91 83 84 82 81 1 97 80 88 80 93 84 99 97 81 94 87 98 88 81 85 99 90 96 99
100 98 94 1 0 87 98 85 86 91 89 90 80 92 88 88 95 88 99 86 95 93 84 84 87 85 93 84 84 89 83 85 0 83 96 81 80 91 92 99 85 93 84 84 84 86 1 84
87 93 93 95 87 0 96 97 81 90 91 85 88 100 100 84 91 93 90 98 93 85 91 81 97 90 98 99 88 99 87 84 89 98 80 97 1 1 94 0 89 81 84 97 80 84 96 82
85 91 84 85 98 96 0 1 96 90 89 81 98 85 87 84 96 98 85 88 85 98 81 92 82 98 87 95 94 87 100 99 89 82 87 89 100 95 80 85 85 84 92 91 100 86 1 99
90 83 95 0 85 97 1 0 1 91 95 98 80 88 97 86 90 93 80 81 99 82 91 90 87 97 96 85 84 99 96 87 100 92 81 91 89 90 91 92 98 91 87 83 93 85 97 85
96 81 100 99 86 81 96 1 0 92 82 92 100 96 94 90 81 82 96 90 98 80 97 0 94 92 85 95 94 83 93 82 85 91 97 1 98 98 96 87 80 98 89 90 91 93 99 97
80 85 88 95 91 90 90 91 92 0 86 100 88 0 99 84 92 83 0 92 97 0 0 97 80 95 0 89 0 0 84 97 83 84 99 1 92 0 85 91 85 85 0 93 86 0 0 1
81 100 80 84 89 91 89 95 82 86 0 93 85 85 93 88 87 1 1 89 92 82 100 86 82 91 97 96 96 80 80 89 82 95 87 95 85 98 81 80 100 81 80 86 83 94 91 89
86 92 83 90 90 85 81 98 92 100 93 0 83 95 95 98 1 84 86 92 95 99 88 85 80 92 100 97 81 95 93 92 87 95 92 89 96 83 94 81 0 89 1 91 95 84 97 87
99 91 1 80 80 88 98 80 100 88 85 83 0 91 87 99 82 87 90 95 100 96 86 85 86 92 1 98 86 99 94 0 100 91 92 100 85 100 86 98 97 97 94 99 85 95 100 99
85 99 92 85 92 100 85 88 96 0 85 95 91 0 1 96 85 88 0 93 93 0 0 1 99 100 0 94 0 0 83 90 83 80 89 94 91 0 89 85 98 99 0 85 85 0 0 88
94 80 94 97 88 100 87 97 94 99 93 95 87 1 0 1 84 98 86 85 89 82 86 86 80 93 89 80 81 98 97 85 97 83 85 98 100 84 84 98 84 95 96 94 97 82 96 90
84 82 100 80 88 84 84 86 90 84 88 98 99 96 1 0 95 1 97 91 86 95 84 83 90 94 89 89 81 84 83 87 97 95 98 93 82 82 82 95 94 89 81 100 90 95 96 0
88 99 95 97 95 91 96 90 81 92 87 1 82 85 84 95 0 87 98 95 86 87 100 91 87 99 88 97 83 93 84 89 93 82 82 97 83 85 80 97 98 93 96 0 84 1 99 85
91 87 84 93 88 93 98 93 82 83 1 84 87 88 98 1 87 0 80 91 0 86 94 100 81 89 88 90 83 83 81 82 99 99 80 92 100 91 96 97 89 86 88 80 81 88 93 97
87 91 88 96 99 90 85 80 96 0 1 86 90 0 86 97 98 80 0 1 85 0 0 81 87 88 0 99 0 0 90 80 84 93 100 92 87 0 97 88 86 92 0 97 94 0 0 95
93 95 81 96 86 98 88 81 90 92 89 92 95 93 85 91 95 91 1 0 1 83 94 85 98 90 94 98 86 91 86 91 92 0 89 86 95 87 85 84 85 85 97 90 98 86 84 96
85 82 95 84 95 93 85 99 98 97 92 95 100 93 89 86 86 0 85 1 0 1 97 89 97 98 84 95 81 92 98 100 90 92 85 86 83 92 92 81 98 83 91 90 83 100 86 94
1 99 97 89 93 85 98 82 80 0 82 99 96 0 82 95 87 86 0 83 1 0 0 94 89 98 0 95 0 0 89 96 81 95 94 93 98 0 100 90 100 90 0 97 87 0 0 95
85 93 81 90 84 91 81 91 97 0 100 88 86 0 86 84 100 94 0 94 97 0 0 85 97 92 0 87 0 0 93 88 84 92 1 83 1 0 82 88 99 81 0 89 90 0 0 98
90 86 82 91 84 81 92 90 0 97 86 85 85 1 86 83 91 100 81 85 89 94 85 0 96 88 98 81 92 81 93 85 98 100 93 97 85 82 91 97 94 84 82 90 83 96 93 1
89 83 0 83 87 97 82 87 94 80 82 80 86 99 80 90 87 81 87 98 97 89 97 96 0 1 92 92 90 98 87 86 86 1 90 97 82 95 94 83 85 97 93 97 81 98 83 100
100 84 83 84 85 90 98 97 92 95 91 92 92 100 93 94 99 89 88 90 98 98 92 88 1 0 1 83 93 95 96 90 89 82 87 86 97 83 98 83 80 84 84 93 87 94 89 97
86 82 99 82 93 98 87 96 85 0 97 100 1 0 89 89 88 88 0 94 84 0 0 98 92 1 0 97 0 0 98 87 99 94 81 85 98 0 94 96 97 80 0 93 90 0 0 84
92 82 94 81 84 99 95 85 95 89 96 97 98 94 80 89 97 90 99 98 95 95 87 81 92 83 97 0 86 81 84 95 81 92 89 86 91 96 83 97 1 85 82 83 80 1 87 89
85 1 93 1 84 88 94 84 94 0 96 81 86 0 81 81 83 83 0 86 81 0 0 92 90 93 0 86 0 0 96 86 94 96 94 86 89 0 100 100 100 98 57 96 97 46 0 95
99 96 1 97 89 99 87 99 83 0 80 95 99 0 98 84 93 83 0 91 92 0 0 81 98 95 0 81 0 0 1 88 90 99 81 87 91 0 86 97 90 100 0 80 100 0 0 99
90 90 92 80 83 87 100 96 93 84 80 93 94 83 97 83 84 81 90 86 98 89 93 93 87 96 98 84 96 1 0 1 91 84 90 95 96 82 100 85 83 86 91 80 87 83 84 83
88 97 83 88 85 84 99 87 82 97 89 92 0 90 85 87 89 82 80 91 100 96 88 85 86 90 87 95 86 88 1 0 82 97 100 88 93 100 1 87 90 91 88 95 85 85 94 83
100 1 87 80 0 89 89 100 85 83 82 87 100 83 97 97 93 99 84 92 90 81 84 98 86 89 99 81 94 90 91 82 0 80 87 84 82 98 96 100 1 100 81 96 91 100 96 86
1 82 91 93 83 98 82 92 91 84 95 95 91 80 83 95 82 99 93 0 92 95 92 100 1 82 94 92 96 99 84 97 80 0 89 89 99 85 99 95 90 97 91 84 86 91 95 93
95 86 91 84 96 80 87 81 97 99 87 92 92 89 85 98 82 80 100 89 85 94 1 93 90 87 81 89 94 81 90 100 87 89 0 86 100 91 99 1 92 86 92 89 87 85 92 100
88 80 90 99 81 97 89 91 1 1 95 89 100 94 98 93 97 92 92 86 86 93 83 97 97 86 85 86 86 87 95 88 84 89 86 0 100 87 94 95 91 100 88 95 80 87 83 97
86 94 90 97 80 1 100 89 98 92 85 96 85 91 100 82 83 100 87 95 83 98 1 85 82 97 98 91 89 91 96 93 82 99 100 100 0 97 0 97 89 92 80 94 95 81 89 92
89 80 98 81 91 1 95 90 98 0 98 83 100 0 84 82 85 91 0 87 92 0 0 82 95 83 0 96 0 0 82 100 98 85 91 87 97 0 89 80 96 87 0 95 1 0 0 85
93 94 96 94 92 94 80 91 96 85 81 94 86 89 84 82 80 96 97 85 92 100 82 91 94 98 94 83 100 86 100 1 96 99 99 94 0 89 0 85 81 99 89 94 1 99 98 93
89 81 85 87 99 0 85 92 87 91 80 81 98 85 98 95 97 97 88 84 81 90 88 97 83 83 96 97 100 97 85 87 100 95 1 95 97 80 85 0 93 85 81 1 92 90 100 89
84 87 80 98 85 89 85 98 80 85 100 0 97 98 84 94 98 89 86 85 98 100 99 94 85 80 97 1 100 90 83 90 1 90 92 91 89 96 81 93 0 82 90 95 98 85 88 99
88 85 87 88 93 81 84 91 98 85 81 89 97 99 95 89 93 86 92 85 83 90 81 84 97 84 80 85 98 100 86 91 100 97 86 100 92 87 99 85 82 0 1 1 80 87 100 85
83 99 85 81 84 84 92 87 89 0 80 1 94 0 96 81 96 88 0 97 91 0 0 82 93 84 0 82 57 0 91 88 81 91 92 88 80 0 89 81 90 1 0 80 95 0 0 84
89 97 97 85 84 97 91 83 90 93 86 91 99 85 94 100 0 80 97 90 90 97 89 90 97 93 93 83 96 80 80 95 96 84 89 95 94 95 94 1 95 1 80 0 95 88 86 86
91 95 100 99 84 80 100 93 91 86 83 95 85 85 97 90 84 81 94 98 83 87 90 83 81 87 90 80 97 100 87 85 91 86 87 80 95 1 1 92 98 80 95 95 0 85 95 99
84 80 89 90 86 84 86 85 93 0 94 84 95 0 82 95 1 88 0 86 100 0 0 96 98 94 0 1 46 0 83 85 100 91 85 87 81 0 99 90 85 87 0 88 85 0 0 87
97 80 93 96 1 96 1 97 99 0 91 97 100 0 96 96 99 93 0 84 86 0 0 93 83 89 0 87 0 0 84 94 96 95 92 83 89 0 98 100 88 100 0 86 95 0 0 93
96 95 90 99 84 82 99 85 97 1 89 87 99 88 90 0 85 97 95 96 94 95 98 1 100 97 84 89 95 99 83 83 86 93 100 97 92 85 93 89 99 85 84 86 99 87 93 0
BBBBRBRBRRRRBRBBRRBBRRRRRRRBRBRRRBRBRBRBBBRBBBBB