50
0 20 68 87 60 41 17 83 89 21 14 38 59 49 20 17 38 30 35 64 28 99 20 47 19 56 82 87 66 79 88 68 38 92 25 47 22 88 73 97 21 6 44 24 97 71 39 87 17 94 
20 0 11 13 60 53 14 23 17 9 15 93 51 78 52 100 13 100 99 73 90 66 28 13 90 63 49 78 44 49 93 20 11 37 98 99 44 56 80 90 9 97 6 65 52 98 17 70 53 82 
68 11 0 7 58 1 81 47 98 62 1 86 7 26 69 86 92 98 84 33 0 6 64 40 88 7 54 49 58 7 29 12 65 49 41 15 85 85 68 97 77 35 12 47 51 77 5 42 79 37 
87 13 7 0 68 68 62 48 88 1 82 23 80 80 28 22 94 26 44 24 7 39 13 22 95 12 50 80 83 68 80 68 67 67 56 85 55 6 15 44 67 14 15 46 79 33 6 98 64 11 
60 60 58 68 0 96 25 96 38 64 13 73 20 52 64 24 2 24 88 82 91 31 78 34 74 22 1 19 42 13 70 45 90 57 45 23 81 23 59 43 92 97 54 24 42 42 2 25 39 98 
41 53 1 68 96 0 84 15 7 29 59 14 70 29 31 76 15 23 61 7 93 32 75 28 0 35 61 89 88 38 37 39 100 20 88 21 65 18 64 44 56 40 8 53 82 65 52 2 7 59 
17 14 81 62 25 84 0 67 37 99 25 74 47 92 12 68 7 4 60 9 93 81 79 64 82 31 1 28 47 22 31 55 56 98 38 47 93 58 83 78 8 26 62 78 30 48 34 30 23 57 
83 23 47 48 96 15 67 0 65 30 69 31 38 19 57 49 50 27 69 60 31 9 13 77 19 34 54 53 36 54 64 4 69 93 67 82 58 55 8 78 18 8 3 55 51 29 85 75 55 8 
89 17 98 88 38 7 37 65 0 43 3 3 86 31 2 72 3 56 31 76 46 24 79 74 41 99 23 81 5 80 61 91 54 28 52 49 62 30 72 69 32 37 65 24 36 65 87 19 47 17 
21 9 62 1 64 29 99 30 43 0 36 11 89 9 77 44 74 51 39 21 100 56 9 1 14 77 39 47 15 3 27 83 41 31 37 88 60 39 85 62 14 34 4 5 9 55 58 98 34 7 
14 15 1 82 13 59 25 69 3 36 0 62 74 82 46 29 58 20 30 98 68 83 59 54 18 26 64 20 87 100 78 55 80 65 11 92 61 37 22 74 43 97 16 74 99 33 53 62 44 55 
38 93 86 23 73 14 74 31 3 11 62 0 25 45 53 56 73 99 95 35 91 38 100 74 12 54 2 56 42 66 44 81 90 79 25 19 100 47 99 26 100 1 27 32 95 98 23 60 62 99 
59 51 7 80 20 70 47 38 86 89 74 25 0 29 17 70 46 60 45 92 80 15 6 47 10 85 14 49 76 17 28 55 35 92 2 71 40 14 12 40 43 39 28 52 44 88 66 86 29 16 
49 78 26 80 52 29 92 19 31 9 82 45 29 0 67 24 0 22 50 4 84 92 13 82 39 68 3 82 63 29 79 61 43 35 45 50 40 34 65 69 86 34 87 55 96 49 96 7 28 78 
20 52 69 28 64 31 12 57 2 77 46 53 17 67 0 85 20 67 55 3 54 46 61 1 90 3 78 31 100 67 99 49 12 83 47 53 43 63 28 15 85 29 43 43 64 5 12 66 98 53 
17 100 86 22 24 76 68 49 72 44 29 56 70 24 85 0 82 5 27 97 73 44 31 0 3 35 67 13 45 49 94 29 13 25 88 59 99 60 7 64 60 78 38 50 19 34 48 51 55 88 
38 13 92 94 2 15 7 50 3 74 58 73 46 0 20 82 0 18 29 91 0 34 21 67 55 38 21 27 90 93 43 48 17 81 89 88 100 64 56 10 96 52 57 71 22 51 17 96 75 76 
30 100 98 26 24 23 4 27 56 51 20 99 60 22 67 5 18 0 68 20 50 91 73 29 89 75 30 79 88 56 13 13 67 59 27 0 38 74 88 18 41 73 93 48 2 47 84 87 32 71 
35 99 84 44 88 61 60 69 31 39 30 95 45 50 55 27 29 68 0 94 88 24 83 42 45 46 39 68 59 65 10 63 66 55 72 41 83 50 4 88 24 37 29 5 52 7 62 34 23 49 
64 73 33 24 82 7 9 60 76 21 98 35 92 4 3 97 91 20 94 0 94 20 13 90 23 38 87 76 83 0 25 40 28 35 83 24 11 92 35 28 81 82 90 23 6 55 13 100 26 60 
28 90 0 7 91 93 93 31 46 100 68 91 80 84 54 73 0 50 88 94 0 59 58 18 70 41 94 57 59 43 22 9 69 56 52 87 7 20 48 63 91 5 7 75 8 55 75 86 8 67 
99 66 6 39 31 32 81 9 24 56 83 38 15 92 46 44 34 91 24 20 59 0 48 10 75 100 14 68 55 60 32 90 86 77 73 37 83 64 92 31 38 42 80 99 53 59 7 84 81 26 
20 28 64 13 78 75 79 13 79 9 59 100 6 13 61 31 21 73 83 13 58 48 0 7 22 52 19 75 54 77 46 84 49 77 59 0 12 79 21 75 13 53 18 42 71 28 46 67 19 36 
47 13 40 22 34 28 64 77 74 1 54 74 47 82 1 0 67 29 42 90 18 10 7 0 29 95 4 41 77 99 38 43 60 51 93 95 36 29 70 98 59 45 96 15 54 34 78 4 50 46 
19 90 88 95 74 0 82 19 41 14 18 12 10 39 90 3 55 89 45 23 70 75 22 29 0 21 96 64 49 84 7 29 73 35 24 70 55 54 84 28 96 66 28 25 8 85 74 89 52 65 
56 63 7 12 22 35 31 34 99 77 26 54 85 68 3 35 38 75 46 38 41 100 52 95 21 0 13 61 40 56 66 44 79 30 41 37 91 79 89 38 88 53 86 51 27 40 71 95 70 88 
82 49 54 50 1 61 1 54 23 39 64 2 14 3 78 67 21 30 39 87 94 14 19 4 96 13 0 5 51 37 31 16 9 0 23 35 20 70 7 94 0 73 98 24 71 81 51 29 34 55 
87 78 49 80 19 89 28 53 81 47 20 56 49 82 31 13 27 79 68 76 57 68 75 41 64 61 5 0 60 26 96 91 37 41 37 95 53 95 81 32 96 42 98 25 35 40 7 11 75 56 
66 44 58 83 42 88 47 36 5 15 87 42 76 63 100 45 90 88 59 83 59 55 54 77 49 40 51 60 0 86 63 87 84 99 71 37 42 35 60 50 3 96 32 63 74 21 69 38 21 40 
79 49 7 68 13 38 22 54 80 3 100 66 17 29 67 49 93 56 65 0 43 60 77 99 84 56 37 26 86 0 51 45 23 72 92 26 15 43 26 80 41 10 75 14 21 12 98 88 76 14 
88 93 29 80 70 37 31 64 61 27 78 44 28 79 99 94 43 13 10 25 22 32 46 38 7 66 31 96 63 51 0 2 55 76 21 71 45 38 96 4 31 91 45 18 11 95 29 38 18 68 
68 20 12 68 45 39 55 4 91 83 55 81 55 61 49 29 48 13 63 40 9 90 84 43 29 44 16 91 87 45 2 0 79 53 95 68 34 85 27 96 89 95 87 88 68 31 78 75 18 14 
38 11 65 67 90 100 56 69 54 41 80 90 35 43 12 13 17 67 66 28 69 86 49 60 73 79 9 37 84 23 55 79 0 51 49 77 69 95 35 54 90 91 7 66 10 88 58 66 85 98 
92 37 49 67 57 20 98 93 28 31 65 79 92 35 83 25 81 59 55 35 56 77 77 51 35 30 0 41 99 72 76 53 51 0 64 85 83 86 41 23 8 16 60 70 82 66 67 80 39 89 
25 98 41 56 45 88 38 67 52 37 11 25 2 45 47 88 89 27 72 83 52 73 59 93 24 41 23 37 71 92 21 95 49 64 0 76 51 54 72 44 32 12 49 55 53 84 39 6 82 96 
47 99 15 85 23 21 47 82 49 88 92 19 71 50 53 59 88 0 41 24 87 37 0 95 70 37 35 95 37 26 71 68 77 85 76 0 71 7 34 69 88 64 91 87 39 75 91 25 7 13 
22 44 85 55 81 65 93 58 62 60 61 100 40 40 43 99 100 38 83 11 7 83 12 36 55 91 20 53 42 15 45 34 69 83 51 71 0 34 96 22 22 10 74 59 63 31 84 35 82 65 
88 56 85 6 23 18 58 55 30 39 37 47 14 34 63 60 64 74 50 92 20 64 79 29 54 79 70 95 35 43 38 85 95 86 54 7 34 0 36 38 39 82 88 34 18 86 100 36 66 16 
73 80 68 15 59 64 83 8 72 85 22 99 12 65 28 7 56 88 4 35 48 92 21 70 84 89 7 81 60 26 96 27 35 41 72 34 96 36 0 10 28 78 47 73 47 54 61 3 91 52 
97 90 97 44 43 44 78 78 69 62 74 26 40 69 15 64 10 18 88 28 63 31 75 98 28 38 94 32 50 80 4 96 54 23 44 69 22 38 10 0 20 95 25 44 62 18 50 62 9 27 
21 9 77 67 92 56 8 18 32 14 43 100 43 86 85 60 96 41 24 81 91 38 13 59 96 88 0 96 3 41 31 89 90 8 32 88 22 39 28 20 0 54 40 6 17 27 97 59 83 47 
6 97 35 14 97 40 26 8 37 34 97 1 39 34 29 78 52 73 37 82 5 42 53 45 66 53 73 42 96 10 91 95 91 16 12 64 10 82 78 95 54 0 70 61 88 50 96 5 100 49 
44 6 12 15 54 8 62 3 65 4 16 27 28 87 43 38 57 93 29 90 7 80 18 96 28 86 98 98 32 75 45 87 7 60 49 91 74 88 47 25 40 70 0 68 5 32 76 64 10 92 
24 65 47 46 24 53 78 55 24 5 74 32 52 55 43 50 71 48 5 23 75 99 42 15 25 51 24 25 63 14 18 88 66 70 55 87 59 34 73 44 6 61 68 0 87 55 12 55 39 37 
97 52 51 79 42 82 30 51 36 9 99 95 44 96 64 19 22 2 52 6 8 53 71 54 8 27 71 35 74 21 11 68 10 82 53 39 63 18 47 62 17 88 5 87 0 21 83 85 81 92 
71 98 77 33 42 65 48 29 65 55 33 98 88 49 5 34 51 47 7 55 55 59 28 34 85 40 81 40 21 12 95 31 88 66 84 75 31 86 54 18 27 50 32 55 21 0 27 8 64 56 
39 17 5 6 2 52 34 85 87 58 53 23 66 96 12 48 17 84 62 13 75 7 46 78 74 71 51 7 69 98 29 78 58 67 39 91 84 100 61 50 97 96 76 12 83 27 0 86 73 38 
87 70 42 98 25 2 30 75 19 98 62 60 86 7 66 51 96 87 34 100 86 84 67 4 89 95 29 11 38 88 38 75 66 80 6 25 35 36 3 62 59 5 64 55 85 8 86 0 80 93 
17 53 79 64 39 7 23 55 47 34 44 62 29 28 98 55 75 32 23 26 8 81 19 50 52 70 34 75 21 76 18 18 85 39 82 7 82 66 91 9 83 100 10 39 81 64 73 80 0 89 
94 82 37 11 98 59 57 8 17 7 55 99 16 78 53 88 76 71 49 60 67 26 36 46 65 88 55 56 40 14 68 14 98 89 96 13 65 16 52 27 47 49 92 37 92 56 38 93 89 0 
BRBBRBBBBRRBRRRBRRRRRRBRRRBRBRRBBBRRBBRBBRBBBRBBRB