28
0 57 37 56 41 52 17 80 59 62 37 29 42 73 50 52 61 71 69 51 78 60 70 54 56 70 51 59
57 0 28 66 36 15 43 26 19 41 24 74 18 56 47 36 39 60 55 57 65 46 63 60 51 55 44 49
37 28 0 40 10 16 31 55 22 58 4 47 26 42 23 17 26 42 39 31 50 29 44 35 29 40 21 30
56 66 40 0 30 51 62 93 51 98 45 39 67 29 18 31 33 23 25 9 29 25 20 6 17 27 22 21
41 36 10 30 0 22 38 63 25 68 14 43 37 33 13 11 20 33 30 21 40 20 34 24 19 31 12 20
52 15 16 51 22 0 42 41 7 54 15 64 25 42 32 20 24 45 40 41 51 31 47 44 36 40 29 34
17 43 31 62 38 42 0 63 49 45 29 45 26 72 51 48 57 72 69 55 79 59 72 58 57 70 50 59
80 26 55 93 63 41 63 0 42 38 51 100 37 79 74 62 63 84 79 83 88 71 87 86 77 78 70 74
59 19 22 51 25 7 49 42 0 60 21 68 32 37 32 20 21 42 37 42 47 28 44 44 34 37 28 32
62 41 58 98 68 54 45 38 60 0 53 90 31 96 81 73 78 98 94 89 100 84 100 93 87 94 79 86
37 24 4 45 14 15 29 51 21 53 0 49 22 45 28 21 29 46 43 36 54 32 48 39 34 43 26 34
29 74 47 39 43 64 45 100 68 90 49 0 65 66 44 53 60 61 61 39 68 56 59 41 49 63 47 53
42 18 26 67 37 25 26 37 32 31 22 65 0 66 50 42 48 67 63 58 74 53 69 61 55 64 48 55
73 56 42 29 33 42 72 79 37 96 45 66 66 0 23 24 17 6 4 26 9 13 10 25 17 2 22 13
50 47 23 18 13 32 51 74 32 81 28 44 50 23 0 12 17 21 19 9 28 11 21 12 6 20 3 9
52 36 17 31 11 20 48 62 20 73 21 53 42 24 12 0 9 25 21 22 32 11 27 24 15 22 8 13
61 39 26 33 20 24 57 63 21 78 29 60 48 17 17 9 0 20 16 25 26 8 23 27 16 16 13 12
71 60 42 23 33 45 72 84 42 98 46 61 67 6 21 25 20 0 5 21 7 14 3 20 14 5 21 12
69 55 39 25 30 40 69 79 37 94 43 61 63 4 19 21 16 5 0 22 10 10 8 21 13 1 18 10
51 57 31 9 21 41 55 83 42 89 36 39 58 26 9 22 25 21 22 0 28 18 20 3 10 23 13 14
78 65 50 29 40 51 79 88 47 100 54 68 74 9 28 32 26 7 10 28 0 21 8 27 22 10 28 20
60 46 29 25 20 31 59 71 28 84 32 56 53 13 11 11 8 14 10 18 21 0 16 19 8 11 9 4
70 63 44 20 34 47 72 87 44 100 48 59 69 10 21 27 23 3 8 20 8 16 0 18 15 9 22 14
54 60 35 6 24 44 58 86 44 93 39 41 61 25 12 24 27 20 21 3 27 19 18 0 11 22 16 15
56 51 29 17 19 36 57 77 34 87 34 49 55 17 6 15 16 14 13 10 22 8 15 11 0 14 7 4
70 55 40 27 31 40 70 78 37 94 43 63 64 2 20 22 16 5 1 23 10 11 9 22 14 0 19 11
51 44 21 22 12 29 50 70 28 79 26 47 48 22 3 8 13 21 18 13 28 9 22 16 7 19 0 8
59 49 30 21 20 34 59 74 32 86 34 53 55 13 9 13 12 12 10 14 20 4 14 15 4 11 8 0
RRRRRRRRRRRRRRBBBBBBBBBBBBBB