50
0 6 4 2 10 22 22 10 25 1 22 7 15 11 13 9 22 7 19 19 7 18 7 5 13 75 84 89 93 100 77 64 68 85 94 86 82 76 66 89 94 95 89 65 91 70 84 58 95 72
6 0 9 3 10 23 11 4 11 7 11 19 23 14 4 20 6 23 10 17 4 11 16 15 17 94 69 55 95 68 96 79 82 78 89 53 73 66 79 67 87 51 75 69 99 64 50 68 71 62
4 9 0 7 8 8 5 23 20 2 8 14 3 21 23 22 21 22 20 6 8 6 22 11 25 62 58 92 89 70 69 98 73 60 96 87 86 63 86 88 63 55 69 78 95 56 95 52 56 89
2 3 7 0 7 15 24 3 2 18 7 5 24 9 19 23 6 8 25 2 9 5 3 20 19 73 83 67 51 61 91 74 91 81 66 60 81 80 59 61 67 72 84 80 57 94 85 86 90 77
10 10 8 7 0 15 13 21 14 20 16 17 24 21 7 16 19 2 24 10 3 2 4 17 13 73 80 95 82 94 65 99 53 61 98 82 60 74 79 59 77 86 62 87 84 82 53 74 80 96
22 23 8 15 15 0 20 9 17 8 23 4 3 10 10 12 21 13 18 23 1 10 4 11 18 76 71 57 62 72 56 76 57 75 96 61 67 54 77 58 57 95 82 98 93 50 83 56 68 70
22 11 5 24 13 20 0 15 20 6 9 17 25 6 24 9 5 12 1 13 22 11 12 20 7 84 80 51 55 79 51 100 100 92 85 82 77 64 63 64 97 97 99 69 82 60 97 69 86 56
10 4 23 3 21 9 15 0 1 12 18 17 14 20 1 9 23 14 11 3 5 3 8 19 17 56 84 50 71 67 56 61 64 96 86 89 82 61 100 57 67 81 73 83 92 95 65 79 54 77
25 11 20 2 14 17 20 1 0 8 22 15 21 2 7 16 21 19 21 9 2 21 24 20 10 73 57 50 87 52 100 51 98 87 67 97 84 87 57 64 79 99 55 75 65 77 55 83 61 75
1 7 2 18 20 8 6 12 8 0 14 20 20 1 12 5 12 24 9 1 5 21 14 5 9 70 70 95 94 83 80 90 100 66 84 64 95 53 74 60 55 68 51 84 97 79 71 58 100 62
22 11 8 7 16 23 9 18 22 14 0 10 12 8 20 4 16 12 17 16 10 24 8 10 1 87 83 97 93 85 77 91 68 83 63 96 88 71 62 96 79 59 67 96 64 60 52 54 78 73
7 19 14 5 17 4 17 17 15 20 10 0 1 10 2 16 18 7 16 11 21 23 17 22 15 80 95 61 83 61 77 58 57 100 50 66 70 62 50 93 98 67 77 100 98 58 71 85 74 76
15 23 3 24 24 3 25 14 21 20 12 1 0 19 21 14 6 23 16 10 10 7 3 18 3 91 61 91 94 97 88 93 75 70 52 83 64 78 61 73 65 56 86 75 81 96 71 82 72 54
11 14 21 9 21 10 6 20 2 1 8 10 19 0 14 9 25 19 7 20 19 12 20 23 12 83 95 58 100 73 87 86 88 99 85 74 63 68 77 50 97 97 97 73 63 88 92 91 62 61
13 4 23 19 7 10 24 1 7 12 20 2 21 14 0 4 12 15 2 15 22 14 9 23 3 87 69 98 75 84 50 89 90 68 63 50 88 96 55 86 83 58 97 68 60 59 95 77 50 57
9 20 22 23 16 12 9 9 16 5 4 16 14 9 4 0 13 6 9 13 11 6 13 12 1 68 99 54 80 82 92 80 68 85 55 73 86 87 53 56 82 69 59 65 92 99 63 64 94 70
22 6 21 6 19 21 5 23 21 12 16 18 6 25 12 13 0 22 19 21 21 24 13 25 4 87 75 69 89 62 55 59 93 88 68 62 72 60 58 63 81 95 55 76 58 64 88 86 68 72
7 23 22 8 2 13 12 14 19 24 12 7 23 19 15 6 22 0 14 18 2 19 21 1 21 58 50 67 74 68 55 99 97 70 94 61 68 100 58 98 78 71 92 86 74 84 65 61 50 51
19 10 20 25 24 18 1 11 21 9 17 16 16 7 2 9 19 14 0 6 3 23 15 18 10 89 58 85 54 73 77 80 89 53 96 76 50 72 98 70 89 82 83 90 69 81 60 83 70 59
19 17 6 2 10 23 13 3 9 1 16 11 10 20 15 13 21 18 6 0 13 15 2 6 13 81 85 50 51 86 64 86 88 60 85 72 68 60 83 65 81 93 87 62 94 59 94 83 84 96
7 4 8 9 3 1 22 5 2 5 10 21 10 19 22 11 21 2 3 13 0 11 8 10 10 88 51 88 63 80 71 62 69 97 97 96 85 76 59 68 63 96 93 62 86 94 68 85 98 60
18 11 6 5 2 10 11 3 21 21 24 23 7 12 14 6 24 19 23 15 11 0 18 3 18 98 70 77 86 87 73 57 77 86 98 78 87 93 76 77 62 90 98 72 59 91 84 83 88 99
7 16 22 3 4 4 12 8 24 14 8 17 3 20 9 13 13 21 15 2 8 18 0 13 3 87 79 70 84 100 84 95 96 97 78 84 51 75 71 57 50 55 71 64 100 58 61 92 90 55
5 15 11 20 17 11 20 19 20 5 10 22 18 23 23 12 25 1 18 6 10 3 13 0 17 94 92 62 57 62 51 80 62 80 62 95 64 59 52 63 57 84 61 67 94 67 57 65 57 79
13 17 25 19 13 18 7 17 10 9 1 15 3 12 3 1 4 21 10 13 10 18 3 17 0 96 80 65 70 50 80 86 72 54 57 80 93 61 63 56 51 56 97 81 95 86 56 52 87 66
75 94 62 73 73 76 84 56 73 70 87 80 91 83 87 68 87 58 89 81 88 98 87 94 96 0 5 16 16 6 22 3 3 5 22 12 1 21 10 7 18 4 24 25 9 9 19 15 18 18
84 69 58 83 80 71 80 84 57 70 83 95 61 95 69 99 75 50 58 85 51 70 79 92 80 5 0 25 11 7 11 11 20 9 15 11 15 15 2 22 16 12 19 12 11 24 23 13 8 24
89 55 92 67 95 57 51 50 50 95 97 61 91 58 98 54 69 67 85 50 88 77 70 62 65 16 25 0 21 22 20 8 8 24 4 17 7 16 2 3 9 11 12 14 15 24 21 14 4 15
93 95 89 51 82 62 55 71 87 94 93 83 94 100 75 80 89 74 54 51 63 86 84 57 70 16 11 21 0 20 10 14 8 5 11 3 9 10 25 25 20 9 22 11 6 2 8 6 15 24
100 68 70 61 94 72 79 67 52 83 85 61 97 73 84 82 62 68 73 86 80 87 100 62 50 6 7 22 20 0 18 4 23 3 24 23 23 24 4 21 24 6 2 22 25 4 25 11 3 12
77 96 69 91 65 56 51 56 100 80 77 77 88 87 50 92 55 55 77 64 71 73 84 51 80 22 11 20 10 18 0 3 15 19 25 20 25 24 19 6 21 16 8 12 2 9 2 2 13 19
64 79 98 74 99 76 100 61 51 90 91 58 93 86 89 80 59 99 80 86 62 57 95 80 86 3 11 8 14 4 3 0 15 15 9 16 4 7 25 25 11 16 4 15 3 12 25 20 20 1
68 82 73 91 53 57 100 64 98 100 68 57 75 88 90 68 93 97 89 88 69 77 96 62 72 3 20 8 8 23 15 15 0 18 17 11 2 14 7 6 24 20 15 24 15 16 25 3 21 8
85 78 60 81 61 75 92 96 87 66 83 100 70 99 68 85 88 70 53 60 97 86 97 80 54 5 9 24 5 3 19 15 18 0 6 17 13 3 17 23 2 19 2 24 19 19 5 17 9 21
94 89 96 66 98 96 85 86 67 84 63 50 52 85 63 55 68 94 96 85 97 98 78 62 57 22 15 4 11 24 25 9 17 6 0 1 22 14 12 8 12 24 3 25 19 19 24 15 3 4
86 53 87 60 82 61 82 89 97 64 96 66 83 74 50 73 62 61 76 72 96 78 84 95 80 12 11 17 3 23 20 16 11 17 1 0 1 6 13 15 19 1 16 3 13 23 18 13 11 3
82 73 86 81 60 67 77 82 84 95 88 70 64 63 88 86 72 68 50 68 85 87 51 64 93 1 15 7 9 23 25 4 2 13 22 1 0 24 6 10 14 4 5 24 15 13 2 18 20 16
76 66 63 80 74 54 64 61 87 53 71 62 78 68 96 87 60 100 72 60 76 93 75 59 61 21 15 16 10 24 24 7 14 3 14 6 24 0 15 7 16 18 14 3 16 14 9 6 15 1
66 79 86 59 79 77 63 100 57 74 62 50 61 77 55 53 58 58 98 83 59 76 71 52 63 10 2 2 25 4 19 25 7 17 12 13 6 15 0 4 21 9 6 20 23 17 16 11 25 19
89 67 88 61 59 58 64 57 64 60 96 93 73 50 86 56 63 98 70 65 68 77 57 63 56 7 22 3 25 21 6 25 6 23 8 15 10 7 4 0 14 16 5 2 11 13 4 4 5 18
94 87 63 67 77 57 97 67 79 55 79 98 65 97 83 82 81 78 89 81 63 62 50 57 51 18 16 9 20 24 21 11 24 2 12 19 14 16 21 14 0 16 18 12 13 1 17 21 16 12
95 51 55 72 86 95 97 81 99 68 59 67 56 97 58 69 95 71 82 93 96 90 55 84 56 4 12 11 9 6 16 16 20 19 24 1 4 18 9 16 16 0 23 20 4 8 20 8 18 15
89 75 69 84 62 82 99 73 55 51 67 77 86 97 97 59 55 92 83 87 93 98 71 61 97 24 19 12 22 2 8 4 15 2 3 16 5 14 6 5 18 23 0 17 14 11 18 1 24 10
65 69 78 80 87 98 69 83 75 84 96 100 75 73 68 65 76 86 90 62 62 72 64 67 81 25 12 14 11 22 12 15 24 24 25 3 24 3 20 2 12 20 17 0 23 21 11 20 15 1
91 99 95 57 84 93 82 92 65 97 64 98 81 63 60 92 58 74 69 94 86 59 100 94 95 9 11 15 6 25 2 3 15 19 19 13 15 16 23 11 13 4 14 23 0 23 13 8 6 21
70 64 56 94 82 50 60 95 77 79 60 58 96 88 59 99 64 84 81 59 94 91 58 67 86 9 24 24 2 4 9 12 16 19 19 23 13 14 17 13 1 8 11 21 23 0 7 20 12 15
84 50 95 85 53 83 97 65 55 71 52 71 71 92 95 63 88 65 60 94 68 84 61 57 56 19 23 21 8 25 2 25 25 5 24 18 2 9 16 4 17 20 18 11 13 7 0 15 20 25
58 68 52 86 74 56 69 79 83 58 54 85 82 91 77 64 86 61 83 83 85 83 92 65 52 15 13 14 6 11 2 20 3 17 15 13 18 6 11 4 21 8 1 20 8 20 15 0 12 1
95 71 56 90 80 68 86 54 61 100 78 74 72 62 50 94 68 50 70 84 98 88 90 57 87 18 8 4 15 3 13 20 21 9 3 11 20 15 25 5 16 18 24 15 6 12 20 12 0 11
72 62 89 77 96 70 56 77 75 62 73 76 54 61 57 70 72 51 59 96 60 99 55 79 66 18 24 15 24 12 19 1 8 21 4 3 16 1 19 18 12 15 10 1 21 15 25 1 11 0
RRRRRRRRRRRRRRRRRRRRRRRRRBBBBBBBBBBBBBBBBBBBBBBBBB