50
0 40 72 6 100 28 65 9 44 58 93 86 12 7 39 96 25 61 59 7 65 100 72 3 18 54 93 3 67 4 47 52 39 6 59 96 28 15 62 33 46 100 45 91 24 36 97 50 39 43 
40 0 10 60 72 26 89 32 52 75 49 82 2 61 47 35 70 11 24 20 68 78 88 93 72 65 85 98 92 66 52 82 32 100 89 19 67 73 50 71 92 69 2 25 74 22 99 80 72 75 
72 10 0 76 54 19 29 44 26 85 54 39 74 39 27 91 73 92 44 2 86 54 87 98 93 57 32 49 60 96 46 4 60 21 4 28 65 46 47 0 37 3 10 45 62 89 18 8 64 22 
6 60 76 0 80 1 31 26 18 24 35 7 64 18 5 64 86 47 5 48 47 30 30 40 71 44 27 86 36 50 55 94 63 49 28 23 55 83 57 52 30 3 79 81 75 90 48 62 3 33 
100 72 54 80 0 69 5 95 63 36 62 65 66 94 10 27 29 35 14 8 4 17 22 44 97 11 71 1 92 27 52 82 58 90 82 25 3 59 4 40 36 89 54 40 53 46 7 54 65 9 
28 26 19 1 69 0 8 5 54 44 25 71 75 74 5 100 51 81 8 77 95 52 22 77 80 29 68 7 35 70 18 95 2 18 23 11 60 21 82 65 98 1 6 95 28 67 54 5 52 70 
65 89 29 31 5 8 0 26 99 95 80 66 94 46 20 11 44 25 63 62 45 15 51 37 21 73 98 59 97 94 68 37 48 83 60 35 59 44 3 84 70 18 91 77 64 90 19 55 100 72 
9 32 44 26 95 5 26 0 78 74 99 3 6 46 19 79 36 74 12 67 32 77 97 33 39 88 59 89 99 15 10 84 51 65 52 43 25 82 50 16 7 46 7 79 37 22 22 74 73 51 
44 52 26 18 63 54 99 78 0 60 27 24 52 2 5 55 63 17 95 60 30 76 20 52 7 50 99 41 27 6 85 43 34 3 73 50 68 56 37 34 43 74 1 34 84 8 79 88 89 95 
58 75 85 24 36 44 95 74 60 0 29 7 47 32 26 44 6 83 42 9 45 89 30 44 23 94 44 47 35 45 50 57 65 25 24 87 21 14 16 10 29 83 73 99 69 18 62 56 42 100 
93 49 54 35 62 25 80 99 27 29 0 54 4 96 55 72 40 55 86 90 18 32 1 50 97 15 89 41 23 51 61 54 0 52 78 33 41 25 82 81 13 87 87 73 45 42 59 35 94 55 
86 82 39 7 65 71 66 3 24 7 54 0 98 68 82 55 46 8 37 99 96 44 33 32 15 19 0 6 63 77 88 1 23 53 74 60 48 32 5 30 52 78 8 37 41 34 9 85 71 25 
12 2 74 64 66 75 94 6 52 47 4 98 0 12 30 65 6 25 64 27 67 95 22 89 53 18 87 81 85 0 94 33 100 32 51 93 16 53 27 44 34 64 3 59 8 37 43 75 73 26 
7 61 39 18 94 74 46 46 2 32 96 68 12 0 78 67 12 37 94 66 30 79 52 98 13 84 92 99 14 12 61 63 60 26 26 30 93 22 40 46 89 0 28 20 65 8 4 93 35 0 
39 47 27 5 10 5 20 19 5 26 55 82 30 78 0 92 76 17 6 66 40 2 95 37 26 86 79 35 9 70 63 87 60 45 16 75 17 60 71 76 98 43 87 7 73 22 40 79 13 94 
96 35 91 64 27 100 11 79 55 44 72 55 65 67 92 0 87 26 54 3 89 8 37 33 14 64 5 39 13 33 21 47 31 38 15 78 87 44 95 19 74 0 84 25 66 32 30 63 86 21 
25 70 73 86 29 51 44 36 63 6 40 46 6 12 76 87 0 83 24 47 28 86 96 25 92 38 21 25 11 60 90 18 28 2 81 83 13 64 98 46 5 99 71 0 95 70 76 26 0 14 
61 11 92 47 35 81 25 74 17 83 55 8 25 37 17 26 83 0 7 93 71 13 58 14 29 89 47 76 53 87 5 56 0 6 1 51 34 90 6 30 25 1 87 64 19 66 5 39 1 25 
59 24 44 5 14 8 63 12 95 42 86 37 64 94 6 54 24 7 0 94 44 69 73 73 43 5 66 32 2 91 95 73 94 59 67 67 55 45 45 73 99 39 0 67 35 53 37 28 85 91 
7 20 2 48 8 77 62 67 60 9 90 99 27 66 66 3 47 93 94 0 46 65 90 79 31 4 18 27 91 43 44 36 2 6 62 98 78 15 93 45 0 74 22 24 3 16 70 71 27 15 
65 68 86 47 4 95 45 32 30 45 18 96 67 30 40 89 28 71 44 46 0 85 59 1 29 69 61 22 68 28 42 26 89 71 72 9 37 84 11 31 32 1 53 87 73 39 29 66 67 28 
100 78 54 30 17 52 15 77 76 89 32 44 95 79 2 8 86 13 69 65 85 0 66 39 48 1 74 25 54 88 38 47 27 74 20 61 26 79 94 96 85 1 87 20 78 78 99 10 48 60 
72 88 87 30 22 22 51 97 20 30 1 33 22 52 95 37 96 58 73 90 59 66 0 86 84 78 82 17 79 32 84 95 63 90 40 63 57 92 10 100 77 68 45 15 28 42 56 34 100 66 
3 93 98 40 44 77 37 33 52 44 50 32 89 98 37 33 25 14 73 79 1 39 86 0 51 38 7 84 44 9 88 88 68 31 40 95 90 97 58 59 68 20 33 76 5 85 58 31 54 23 
18 72 93 71 97 80 21 39 7 23 97 15 53 13 26 14 92 29 43 31 29 48 84 51 0 77 25 45 25 71 40 41 1 55 76 25 12 36 93 93 94 50 76 20 14 87 72 27 85 27 
54 65 57 44 11 29 73 88 50 94 15 19 18 84 86 64 38 89 5 4 69 1 78 38 77 0 87 97 10 25 58 77 91 21 51 51 44 99 23 43 64 49 9 19 23 41 60 37 66 39 
93 85 32 27 71 68 98 59 99 44 89 0 87 92 79 5 21 47 66 18 61 74 82 7 25 87 0 62 99 16 5 15 97 72 57 21 91 28 79 52 77 73 79 30 24 11 83 42 47 45 
3 98 49 86 1 7 59 89 41 47 41 6 81 99 35 39 25 76 32 27 22 25 17 84 45 97 62 0 29 23 72 96 20 76 58 87 67 63 73 62 52 94 78 98 16 57 56 55 93 97 
67 92 60 36 92 35 97 99 27 35 23 63 85 14 9 13 11 53 2 91 68 54 79 44 25 10 99 29 0 40 20 10 91 14 71 38 61 60 39 36 96 74 79 75 28 18 19 14 42 24 
4 66 96 50 27 70 94 15 6 45 51 77 0 12 70 33 60 87 91 43 28 88 32 9 71 25 16 23 40 0 9 69 43 96 76 6 83 30 42 9 20 14 29 63 90 74 85 31 43 33 
47 52 46 55 52 18 68 10 85 50 61 88 94 61 63 21 90 5 95 44 42 38 84 88 40 58 5 72 20 9 0 67 53 41 97 100 7 96 49 53 29 7 2 33 86 33 85 65 78 47 
52 82 4 94 82 95 37 84 43 57 54 1 33 63 87 47 18 56 73 36 26 47 95 88 41 77 15 96 10 69 67 0 29 56 39 61 13 22 40 10 97 19 42 39 33 53 73 63 35 30 
39 32 60 63 58 2 48 51 34 65 0 23 100 60 60 31 28 0 94 2 89 27 63 68 1 91 97 20 91 43 53 29 0 5 55 79 91 5 70 11 58 82 43 90 78 14 12 50 42 68 
6 100 21 49 90 18 83 65 3 25 52 53 32 26 45 38 2 6 59 6 71 74 90 31 55 21 72 76 14 96 41 56 5 0 82 39 76 37 21 18 24 87 84 22 49 78 92 7 46 64 
59 89 4 28 82 23 60 52 73 24 78 74 51 26 16 15 81 1 67 62 72 20 40 40 76 51 57 58 71 76 97 39 55 82 0 45 31 19 88 71 15 78 44 84 6 97 51 28 4 29 
96 19 28 23 25 11 35 43 50 87 33 60 93 30 75 78 83 51 67 98 9 61 63 95 25 51 21 87 38 6 100 61 79 39 45 0 44 5 28 79 75 21 43 66 26 12 31 44 13 82 
28 67 65 55 3 60 59 25 68 21 41 48 16 93 17 87 13 34 55 78 37 26 57 90 12 44 91 67 61 83 7 13 91 76 31 44 0 82 72 16 68 2 23 36 96 64 3 54 36 98 
15 73 46 83 59 21 44 82 56 14 25 32 53 22 60 44 64 90 45 15 84 79 92 97 36 99 28 63 60 30 96 22 5 37 19 5 82 0 23 99 17 100 51 19 21 32 43 19 96 92 
62 50 47 57 4 82 3 50 37 16 82 5 27 40 71 95 98 6 45 93 11 94 10 58 93 23 79 73 39 42 49 40 70 21 88 28 72 23 0 84 53 71 15 36 33 31 45 14 83 54 
33 71 0 52 40 65 84 16 34 10 81 30 44 46 76 19 46 30 73 45 31 96 100 59 93 43 52 62 36 9 53 10 11 18 71 79 16 99 84 0 64 10 89 65 54 24 42 96 49 51 
46 92 37 30 36 98 70 7 43 29 13 52 34 89 98 74 5 25 99 0 32 85 77 68 94 64 77 52 96 20 29 97 58 24 15 75 68 17 53 64 0 91 98 88 96 3 26 57 54 98 
100 69 3 3 89 1 18 46 74 83 87 78 64 0 43 0 99 1 39 74 1 1 68 20 50 49 73 94 74 14 7 19 82 87 78 21 2 100 71 10 91 0 23 67 60 74 94 90 56 39 
45 2 10 79 54 6 91 7 1 73 87 8 3 28 87 84 71 87 0 22 53 87 45 33 76 9 79 78 79 29 2 42 43 84 44 43 23 51 15 89 98 23 0 84 48 14 47 13 22 65 
91 25 45 81 40 95 77 79 34 99 73 37 59 20 7 25 0 64 67 24 87 20 15 76 20 19 30 98 75 63 33 39 90 22 84 66 36 19 36 65 88 67 84 0 31 13 96 79 42 0 
24 74 62 75 53 28 64 37 84 69 45 41 8 65 73 66 95 19 35 3 73 78 28 5 14 23 24 16 28 90 86 33 78 49 6 26 96 21 33 54 96 60 48 31 0 30 76 3 2 16 
36 22 89 90 46 67 90 22 8 18 42 34 37 8 22 32 70 66 53 16 39 78 42 85 87 41 11 57 18 74 33 53 14 78 97 12 64 32 31 24 3 74 14 13 30 0 51 27 34 65 
97 99 18 48 7 54 19 22 79 62 59 9 43 4 40 30 76 5 37 70 29 99 56 58 72 60 83 56 19 85 85 73 12 92 51 31 3 43 45 42 26 94 47 96 76 51 0 15 57 88 
50 80 8 62 54 5 55 74 88 56 35 85 75 93 79 63 26 39 28 71 66 10 34 31 27 37 42 55 14 31 65 63 50 7 28 44 54 19 14 96 57 90 13 79 3 27 15 0 93 100 
39 72 64 3 65 52 100 73 89 42 94 71 73 35 13 86 0 1 85 27 67 48 100 54 85 66 47 93 42 43 78 35 42 46 4 13 36 96 83 49 54 56 22 42 2 34 57 93 0 41 
43 75 22 33 9 70 72 51 95 100 55 25 26 0 94 21 14 25 91 15 28 60 66 23 27 39 45 97 24 33 47 30 68 64 29 82 98 92 54 51 98 39 65 0 16 65 88 100 41 0 
RRRRRRRBBBBBBBBBBBBBBBBBBBBBBBBBRRRRRRRRRRRRRRRRRR
