50
0 34 93 74 45 5 2 57 25 92 13 9 29 94 64 42 89 37 37 45 4 42 33 75 7 94 83 0 37 74 41 5 72 80 95 87 69 93 99 83 84 3 78 67 45 82 27 90 11 46 
34 0 44 31 35 54 51 0 65 53 82 64 3 13 8 45 6 97 54 85 97 24 19 47 56 31 52 76 31 70 53 84 11 18 41 35 26 74 96 87 93 42 74 15 56 53 28 87 62 17 
93 44 0 10 21 81 8 24 68 95 76 27 76 28 28 2 91 60 18 86 92 95 60 22 39 39 40 90 99 46 68 99 80 85 80 81 42 62 22 23 35 7 7 85 47 52 46 49 76 83 
74 31 10 0 1 9 75 8 85 0 72 40 77 43 17 38 84 28 51 14 71 23 29 69 8 65 49 11 64 44 10 18 79 90 58 4 97 83 96 30 54 13 93 67 0 61 77 92 31 93 
45 35 21 1 0 81 75 45 19 17 24 61 16 33 65 71 27 12 15 23 35 62 5 7 32 67 76 27 19 62 34 77 68 35 58 2 32 63 14 56 22 52 18 28 10 85 71 60 23 13 
5 54 81 9 81 0 23 30 90 48 7 32 89 40 48 21 80 40 87 96 76 14 42 61 68 32 10 49 68 51 69 49 29 74 60 89 38 74 74 8 52 89 55 20 62 79 4 52 89 26 
2 51 8 75 75 23 0 81 90 36 43 71 40 63 79 52 86 57 49 76 45 99 2 63 96 82 9 53 89 32 8 79 88 9 83 88 72 70 99 83 67 79 43 22 87 81 8 97 95 43 
57 0 24 8 45 30 81 0 31 96 47 73 34 98 8 7 30 71 1 98 22 49 8 55 37 90 37 43 56 14 50 5 7 77 58 43 80 76 44 29 60 20 8 10 34 15 9 32 98 3 
25 65 68 85 19 90 90 31 0 80 38 90 34 8 74 23 32 97 33 21 62 59 34 61 98 61 76 59 65 75 69 83 78 39 80 19 35 36 78 40 79 26 72 33 56 99 56 10 50 85 
92 53 95 0 17 48 36 96 80 0 24 51 23 7 50 47 47 28 78 8 36 86 51 99 24 76 51 12 18 46 69 3 98 93 87 90 15 73 24 6 98 77 52 24 51 58 30 24 55 88 
13 82 76 72 24 7 43 47 38 24 0 59 69 62 49 12 40 18 12 50 9 70 21 65 52 83 68 7 89 19 55 76 53 14 96 60 44 46 76 29 32 62 85 49 20 6 81 31 39 10 
9 64 27 40 61 32 71 73 90 51 59 0 37 63 69 55 63 34 93 14 71 96 1 31 77 62 43 74 41 60 18 68 91 82 32 16 63 34 41 92 40 6 60 38 75 24 50 0 14 13 
29 3 76 77 16 89 40 34 34 23 69 37 0 78 30 71 65 0 80 14 83 54 48 10 59 49 53 95 12 91 64 22 94 97 21 43 83 58 39 78 8 33 26 80 46 18 49 7 31 6 
94 13 28 43 33 40 63 98 8 7 62 63 78 0 44 54 50 21 62 6 73 42 95 15 28 67 27 86 81 68 72 55 9 35 36 6 77 96 73 20 87 91 70 21 8 20 60 87 49 54 
64 8 28 17 65 48 79 8 74 50 49 69 30 44 0 1 36 82 56 0 6 47 20 19 89 51 80 47 62 48 98 10 97 95 92 83 50 43 8 30 3 38 3 69 23 66 42 48 27 55 
42 45 2 38 71 21 52 7 23 47 12 55 71 54 1 0 7 64 42 6 51 30 97 40 54 29 98 68 20 7 87 25 64 20 66 70 46 13 6 9 21 27 12 49 28 92 14 72 29 15 
89 6 91 84 27 80 86 30 32 47 40 63 65 50 36 7 0 36 20 70 9 76 40 90 86 46 11 57 75 56 24 83 83 27 97 32 25 81 83 34 57 25 34 72 51 45 73 30 55 20 
37 97 60 28 12 40 57 71 97 28 18 34 0 21 82 64 36 0 91 86 50 60 98 3 85 81 24 84 65 80 4 70 78 51 9 93 9 64 80 65 71 53 11 12 19 93 23 1 41 46 
37 54 18 51 15 87 49 1 33 78 12 93 80 62 56 42 20 91 0 29 78 29 84 11 10 73 53 40 99 86 6 53 4 45 3 55 81 58 48 6 86 50 10 48 62 59 84 40 20 16 
45 85 86 14 23 96 76 98 21 8 50 14 14 6 0 6 70 86 29 0 54 88 79 66 26 55 87 98 47 48 51 9 76 41 14 35 34 25 29 59 41 63 74 87 95 80 34 20 52 94 
4 97 92 71 35 76 45 22 62 36 9 71 83 73 6 51 9 50 78 54 0 51 12 68 75 60 96 12 46 9 25 25 55 84 26 60 34 96 80 28 41 35 59 53 55 52 38 52 46 19 
42 24 95 23 62 14 99 49 59 86 70 96 54 42 47 30 76 60 29 88 51 0 1 19 0 82 86 79 69 30 68 72 75 64 73 7 26 63 36 64 12 59 11 84 67 28 6 22 46 93 
33 19 60 29 5 42 2 8 34 51 21 1 48 95 20 97 40 98 84 79 12 1 0 88 77 29 25 0 51 9 69 75 77 78 52 32 32 26 43 58 45 46 19 36 86 9 18 45 14 38 
75 47 22 69 7 61 63 55 61 99 65 31 10 15 19 40 90 3 11 66 68 19 88 0 50 32 70 82 24 0 38 77 99 13 98 49 91 37 73 98 59 65 1 75 76 68 9 84 52 68 
7 56 39 8 32 68 96 37 98 24 52 77 59 28 89 54 86 85 10 26 75 0 77 50 0 65 2 38 34 31 9 52 8 54 53 66 14 71 26 29 50 42 80 14 51 18 93 75 74 80 
94 31 39 65 67 32 82 90 61 76 83 62 49 67 51 29 46 81 73 55 60 82 29 32 65 0 82 28 85 1 33 43 19 40 24 74 29 75 77 9 43 84 22 46 26 16 99 78 63 12 
83 52 40 49 76 10 9 37 76 51 68 43 53 27 80 98 11 24 53 87 96 86 25 70 2 82 0 13 77 59 66 64 9 19 57 18 98 16 50 39 84 5 53 10 87 43 22 78 51 8 
0 76 90 11 27 49 53 43 59 12 7 74 95 86 47 68 57 84 40 98 12 79 0 82 38 28 13 0 45 92 0 95 22 77 70 8 2 18 3 0 97 22 29 81 67 60 93 37 94 84 
37 31 99 64 19 68 89 56 65 18 89 41 12 81 62 20 75 65 99 47 46 69 51 24 34 85 77 45 0 14 99 27 0 72 41 8 49 22 17 1 80 81 50 51 35 93 17 81 61 42 
74 70 46 44 62 51 32 14 75 46 19 60 91 68 48 7 56 80 86 48 9 30 9 0 31 1 59 92 14 0 9 85 66 27 72 0 48 90 72 26 7 73 85 42 46 23 19 51 66 83 
41 53 68 10 34 69 8 50 69 69 55 18 64 72 98 87 24 4 6 51 25 68 69 38 9 33 66 0 99 9 0 44 99 86 55 22 48 84 14 60 74 24 38 14 80 65 70 51 46 50 
5 84 99 18 77 49 79 5 83 3 76 68 22 55 10 25 83 70 53 9 25 72 75 77 52 43 64 95 27 85 44 0 52 46 49 38 54 68 82 11 49 49 56 53 48 37 71 62 90 40 
72 11 80 79 68 29 88 7 78 98 53 91 94 9 97 64 83 78 4 76 55 75 77 99 8 19 9 22 0 66 99 52 0 2 11 69 75 81 60 63 74 57 6 49 55 99 34 88 73 11 
80 18 85 90 35 74 9 77 39 93 14 82 97 35 95 20 27 51 45 41 84 64 78 13 54 40 19 77 72 27 86 46 2 0 13 24 97 81 64 74 30 24 57 34 2 59 65 57 24 25 
95 41 80 58 58 60 83 58 80 87 96 32 21 36 92 66 97 9 3 14 26 73 52 98 53 24 57 70 41 72 55 49 11 13 0 63 85 83 2 35 45 30 1 60 36 46 51 97 50 92 
87 35 81 4 2 89 88 43 19 90 60 16 43 6 83 70 32 93 55 35 60 7 32 49 66 74 18 8 8 0 22 38 69 24 63 0 96 69 92 2 83 98 16 69 37 94 52 43 94 75 
69 26 42 97 32 38 72 80 35 15 44 63 83 77 50 46 25 9 81 34 34 26 32 91 14 29 98 2 49 48 48 54 75 97 85 96 0 89 86 83 69 56 55 62 29 45 66 0 74 29 
93 74 62 83 63 74 70 76 36 73 46 34 58 96 43 13 81 64 58 25 96 63 26 37 71 75 16 18 22 90 84 68 81 81 83 69 89 0 29 86 18 79 68 92 77 67 60 60 73 8 
99 96 22 96 14 74 99 44 78 24 76 41 39 73 8 6 83 80 48 29 80 36 43 73 26 77 50 3 17 72 14 82 60 64 2 92 86 29 0 3 96 20 69 85 53 28 78 49 51 56 
83 87 23 30 56 8 83 29 40 6 29 92 78 20 30 9 34 65 6 59 28 64 58 98 29 9 39 0 1 26 60 11 63 74 35 2 83 86 3 0 43 12 86 56 43 19 97 71 71 65 
84 93 35 54 22 52 67 60 79 98 32 40 8 87 3 21 57 71 86 41 41 12 45 59 50 43 84 97 80 7 74 49 74 30 45 83 69 18 96 43 0 8 55 10 93 31 93 80 22 87 
3 42 7 13 52 89 79 20 26 77 62 6 33 91 38 27 25 53 50 63 35 59 46 65 42 84 5 22 81 73 24 49 57 24 30 98 56 79 20 12 8 0 35 99 32 27 95 98 33 60 
78 74 7 93 18 55 43 8 72 52 85 60 26 70 3 12 34 11 10 74 59 11 19 1 80 22 53 29 50 85 38 56 6 57 1 16 55 68 69 86 55 35 0 45 46 66 76 80 28 24 
67 15 85 67 28 20 22 10 33 24 49 38 80 21 69 49 72 12 48 87 53 84 36 75 14 46 10 81 51 42 14 53 49 34 60 69 62 92 85 56 10 99 45 0 64 20 32 57 12 69 
45 56 47 0 10 62 87 34 56 51 20 75 46 8 23 28 51 19 62 95 55 67 86 76 51 26 87 67 35 46 80 48 55 2 36 37 29 77 53 43 93 32 46 64 0 76 24 78 66 28 
82 53 52 61 85 79 81 15 99 58 6 24 18 20 66 92 45 93 59 80 52 28 9 68 18 16 43 60 93 23 65 37 99 59 46 94 45 67 28 19 31 27 66 20 76 0 84 38 38 28 
27 28 46 77 71 4 8 9 56 30 81 50 49 60 42 14 73 23 84 34 38 6 18 9 93 99 22 93 17 19 70 71 34 65 51 52 66 60 78 97 93 95 76 32 24 84 0 11 78 12 
90 87 49 92 60 52 97 32 10 24 31 0 7 87 48 72 30 1 40 20 52 22 45 84 75 78 78 37 81 51 51 62 88 57 97 43 0 60 49 71 80 98 80 57 78 38 11 0 29 9 
11 62 76 31 23 89 95 98 50 55 39 14 31 49 27 29 55 41 20 52 46 46 14 52 74 63 51 94 61 66 46 90 73 24 50 94 74 73 51 71 22 33 28 12 66 38 78 29 0 56 
46 17 83 93 13 26 43 3 85 88 10 13 6 54 55 15 20 46 16 94 19 93 38 68 80 12 8 84 42 83 50 40 11 25 92 75 29 8 56 65 87 60 24 69 28 28 12 9 56 0 
BBRBBRRBRRBBBBBRBBBRRBRRRRBRRBRRRBBBRBBRBBRRBRRRRB