50
0 89 95 61 9 97 49 68 18 28 68 13 55 62 14 33 56 58 26 55 51 74 86 78 88 64 20 34 32 98 26 39 52 45 88 21 89 55 47 93 72 91 71 5 48 98 40 2 2 50 
89 0 18 56 78 99 84 45 38 52 22 98 84 21 19 50 62 88 38 41 46 28 45 71 10 12 8 65 26 41 68 11 2 15 69 90 82 35 87 67 8 83 68 22 31 22 63 58 90 8 
95 18 0 53 32 46 66 22 5 25 51 50 62 37 32 13 34 53 79 93 83 4 15 34 30 64 96 90 73 51 48 32 72 56 22 65 35 7 16 31 13 1 74 3 95 45 22 90 96 18 
61 56 53 0 4 74 87 66 29 27 83 91 24 56 72 57 58 1 64 78 86 9 42 99 5 33 73 2 21 29 13 70 98 77 81 63 52 94 58 70 1 53 44 97 78 3 16 28 79 40 
9 78 32 4 0 48 59 99 71 17 31 70 82 62 79 54 76 33 44 69 39 24 42 73 94 35 2 57 52 74 32 51 34 71 79 63 90 65 61 36 33 81 85 93 56 14 40 77 34 1 
97 99 46 74 48 0 99 10 86 36 84 43 86 11 66 32 10 65 16 60 70 66 58 56 61 45 31 7 89 92 36 44 31 16 100 21 57 25 71 49 6 64 90 21 66 42 91 62 74 52 
49 84 66 87 59 99 0 36 11 34 67 59 88 2 93 22 45 69 67 58 19 35 73 41 2 40 55 19 38 20 45 6 99 61 70 64 87 69 75 98 80 6 93 24 22 60 2 89 67 1 
68 45 22 66 99 10 36 0 63 14 38 10 29 8 29 100 49 72 24 33 100 82 69 99 61 61 23 89 32 97 38 46 5 12 37 50 39 23 41 51 98 87 24 17 10 59 83 4 58 66 
18 38 5 29 71 86 11 63 0 76 88 98 74 50 44 6 14 16 47 18 89 26 77 35 37 76 79 39 75 73 77 60 28 65 72 65 23 57 24 24 79 53 77 31 53 87 5 49 96 18 
28 52 25 27 17 36 34 14 76 0 76 27 99 99 5 58 32 99 92 93 59 18 98 38 8 21 32 75 98 58 67 40 13 22 50 98 87 8 52 52 30 95 53 64 87 63 36 86 92 14 
68 22 51 83 31 84 67 38 88 76 0 98 55 9 92 92 22 3 46 93 60 4 82 64 78 90 49 28 58 11 98 81 93 96 28 9 34 87 100 30 81 47 79 96 50 99 28 67 49 80 
13 98 50 91 70 43 59 10 98 27 98 0 29 91 97 3 72 51 89 98 52 4 25 28 57 35 34 69 49 68 46 64 20 76 56 33 48 52 98 36 94 64 18 73 39 37 82 6 99 81 
55 84 62 24 82 86 88 29 74 99 55 29 0 32 71 29 74 22 77 27 97 17 96 75 47 4 46 68 64 7 59 98 28 40 99 86 31 43 7 98 27 89 37 66 9 66 92 30 74 70 
62 21 37 56 62 11 2 8 50 99 9 91 32 0 81 54 59 45 79 31 86 60 50 46 20 14 56 13 34 76 92 76 98 93 49 41 90 35 70 47 23 79 92 7 19 45 89 59 30 52 
14 19 32 72 79 66 93 29 44 5 92 97 71 81 0 48 16 39 94 88 72 27 69 99 46 81 12 18 100 96 19 86 61 84 43 64 55 12 56 64 95 13 90 58 20 72 18 72 36 40 
33 50 13 57 54 32 22 100 6 58 92 3 29 54 48 0 16 38 70 28 95 43 45 20 54 67 99 64 27 25 50 89 93 27 37 64 15 44 82 39 19 83 46 71 10 100 21 64 33 90 
56 62 34 58 76 10 45 49 14 32 22 72 74 59 16 16 0 6 81 78 42 57 43 10 75 81 36 63 73 38 62 76 2 62 89 76 74 93 35 59 84 34 24 63 36 78 31 32 34 23 
58 88 53 1 33 65 69 72 16 99 3 51 22 45 39 38 6 0 49 54 54 29 97 47 5 35 59 67 5 48 68 47 79 89 59 1 75 44 45 30 14 54 78 45 17 46 85 50 50 2 
26 38 79 64 44 16 67 24 47 92 46 89 77 79 94 70 81 49 0 5 17 94 93 81 94 38 99 84 77 53 24 10 90 88 100 53 78 92 26 77 82 91 24 18 27 82 61 92 8 53 
55 41 93 78 69 60 58 33 18 93 93 98 27 31 88 28 78 54 5 0 83 65 80 22 95 12 73 60 35 42 51 88 41 46 6 11 6 18 51 88 12 40 80 76 57 95 97 60 85 24 
51 46 83 86 39 70 19 100 89 59 60 52 97 86 72 95 42 54 17 83 0 15 25 4 21 88 45 5 36 74 42 92 63 67 60 68 23 78 41 42 50 47 92 33 36 28 28 79 22 46 
74 28 4 9 24 66 35 82 26 18 4 4 17 60 27 43 57 29 94 65 15 0 35 14 3 62 23 72 73 12 42 12 90 65 54 34 63 92 36 71 41 49 52 18 40 61 76 86 72 81 
86 45 15 42 42 58 73 69 77 98 82 25 96 50 69 45 43 97 93 80 25 35 0 14 91 58 98 98 11 69 88 26 42 7 35 55 48 1 79 100 33 43 32 100 52 19 96 81 31 48 
78 71 34 99 73 56 41 99 35 38 64 28 75 46 99 20 10 47 81 22 4 14 14 0 34 9 52 74 56 28 92 80 19 85 16 31 7 31 100 86 83 39 37 39 60 40 66 69 92 70 
88 10 30 5 94 61 2 61 37 8 78 57 47 20 46 54 75 5 94 95 21 3 91 34 0 30 72 49 81 18 92 3 39 14 50 58 100 77 40 26 31 80 81 43 27 13 66 16 79 82 
64 12 64 33 35 45 40 61 76 21 90 35 4 14 81 67 81 35 38 12 88 62 58 9 30 0 17 59 22 25 80 22 60 27 2 1 35 36 89 96 56 84 93 34 31 60 97 66 17 91 
20 8 96 73 2 31 55 23 79 32 49 34 46 56 12 99 36 59 99 73 45 23 98 52 72 17 0 57 1 24 51 38 30 26 54 33 1 92 92 84 30 2 78 97 14 62 28 25 44 2 
34 65 90 2 57 7 19 89 39 75 28 69 68 13 18 64 63 67 84 60 5 72 98 74 49 59 57 0 73 5 12 10 38 33 63 69 96 61 78 65 46 3 45 95 26 85 70 35 43 42 
32 26 73 21 52 89 38 32 75 98 58 49 64 34 100 27 73 5 77 35 36 73 11 56 81 22 1 73 0 17 42 96 63 22 55 17 17 48 99 17 45 67 73 32 25 53 21 90 58 96 
98 41 51 29 74 92 20 97 73 58 11 68 7 76 96 25 38 48 53 42 74 12 69 28 18 25 24 5 17 0 75 87 25 58 74 63 70 78 65 32 19 76 68 83 33 49 8 1 90 44 
26 68 48 13 32 36 45 38 77 67 98 46 59 92 19 50 62 68 24 51 42 42 88 92 92 80 51 12 42 75 0 20 9 61 87 1 41 94 81 62 53 28 25 36 99 86 34 41 90 12 
39 11 32 70 51 44 6 46 60 40 81 64 98 76 86 89 76 47 10 88 92 12 26 80 3 22 38 10 96 87 20 0 1 99 34 67 49 17 4 40 69 29 49 96 99 74 67 72 36 47 
52 2 72 98 34 31 99 5 28 13 93 20 28 98 61 93 2 79 90 41 63 90 42 19 39 60 30 38 63 25 9 1 0 71 12 65 68 46 49 86 69 20 44 39 76 35 73 49 17 16 
45 15 56 77 71 16 61 12 65 22 96 76 40 93 84 27 62 89 88 46 67 65 7 85 14 27 26 33 22 58 61 99 71 0 36 43 93 16 75 94 8 61 63 50 60 36 76 51 43 58 
88 69 22 81 79 100 70 37 72 50 28 56 99 49 43 37 89 59 100 6 60 54 35 16 50 2 54 63 55 74 87 34 12 36 0 12 53 33 16 5 36 4 47 70 70 65 84 32 65 3 
21 90 65 63 63 21 64 50 65 98 9 33 86 41 64 64 76 1 53 11 68 34 55 31 58 1 33 69 17 63 1 67 65 43 12 0 60 28 74 84 41 1 51 50 53 47 56 100 66 84 
89 82 35 52 90 57 87 39 23 87 34 48 31 90 55 15 74 75 78 6 23 63 48 7 100 35 1 96 17 70 41 49 68 93 53 60 0 5 20 100 92 71 95 41 17 25 76 97 56 79 
55 35 7 94 65 25 69 23 57 8 87 52 43 35 12 44 93 44 92 18 78 92 1 31 77 36 92 61 48 78 94 17 46 16 33 28 5 0 78 28 92 32 55 26 55 82 2 46 72 1 
47 87 16 58 61 71 75 41 24 52 100 98 7 70 56 82 35 45 26 51 41 36 79 100 40 89 92 78 99 65 81 4 49 75 16 74 20 78 0 51 54 77 23 43 59 57 16 3 96 65 
93 67 31 70 36 49 98 51 24 52 30 36 98 47 64 39 59 30 77 88 42 71 100 86 26 96 84 65 17 32 62 40 86 94 5 84 100 28 51 0 46 74 74 92 99 15 5 43 6 37 
72 8 13 1 33 6 80 98 79 30 81 94 27 23 95 19 84 14 82 12 50 41 33 83 31 56 30 46 45 19 53 69 69 8 36 41 92 92 54 46 0 21 5 53 87 53 2 93 98 20 
91 83 1 53 81 64 6 87 53 95 47 64 89 79 13 83 34 54 91 40 47 49 43 39 80 84 2 3 67 76 28 29 20 61 4 1 71 32 77 74 21 0 13 24 75 29 39 42 19 60 
71 68 74 44 85 90 93 24 77 53 79 18 37 92 90 46 24 78 24 80 92 52 32 37 81 93 78 45 73 68 25 49 44 63 47 51 95 55 23 74 5 13 0 40 85 97 72 100 37 82 
5 22 3 97 93 21 24 17 31 64 96 73 66 7 58 71 63 45 18 76 33 18 100 39 43 34 97 95 32 83 36 96 39 50 70 50 41 26 43 92 53 24 40 0 27 65 24 63 1 62 
48 31 95 78 56 66 22 10 53 87 50 39 9 19 20 10 36 17 27 57 36 40 52 60 27 31 14 26 25 33 99 99 76 60 70 53 17 55 59 99 87 75 85 27 0 50 72 11 91 42 
98 22 45 3 14 42 60 59 87 63 99 37 66 45 72 100 78 46 82 95 28 61 19 40 13 60 62 85 53 49 86 74 35 36 65 47 25 82 57 15 53 29 97 65 50 0 65 62 8 44 
40 63 22 16 40 91 2 83 5 36 28 82 92 89 18 21 31 85 61 97 28 76 96 66 66 97 28 70 21 8 34 67 73 76 84 56 76 2 16 5 2 39 72 24 72 65 0 5 12 75 
2 58 90 28 77 62 89 4 49 86 67 6 30 59 72 64 32 50 92 60 79 86 81 69 16 66 25 35 90 1 41 72 49 51 32 100 97 46 3 43 93 42 100 63 11 62 5 0 59 15 
2 90 96 79 34 74 67 58 96 92 49 99 74 30 36 33 34 50 8 85 22 72 31 92 79 17 44 43 58 90 90 36 17 43 65 66 56 72 96 6 98 19 37 1 91 8 12 59 0 37 
50 8 18 40 1 52 1 66 18 14 80 81 70 52 40 90 23 2 53 24 46 81 48 70 82 91 2 42 96 44 12 47 16 58 3 84 79 1 65 37 20 60 82 62 42 44 75 15 37 0 
RRRRRRRRRRRRRRRRRRRRRRRRRBBBBBBBBBBBBBBBBBBBBBBBBB
