50
0 21 77 31 6 95 16 91 87 44 22 3 17 93 61 31 8 13 32 39 43 74 92 32 57 83 81 21 17 25 100 26 77 93 55 14 9 93 58 24 64 30 93 84 94 20 95 74 19 8
21 0 89 66 77 3 90 50 36 40 34 74 54 3 80 21 33 35 46 29 11 63 15 90 56 39 91 6 74 46 5 98 52 72 78 22 87 85 19 29 9 58 75 93 50 67 39 35 57 62
77 89 0 67 38 99 16 99 42 46 10 65 35 29 15 62 46 90 18 69 89 69 5 100 60 63 83 34 85 24 81 56 46 98 2 63 30 26 60 91 20 10 9 85 90 30 7 75 34 47
31 66 67 0 47 60 35 25 34 86 33 58 43 64 70 28 66 93 0 16 68 64 64 99 41 87 75 23 38 83 10 50 37 22 99 38 2 4 55 24 7 83 15 74 52 91 0 13 83 54
6 77 38 47 0 29 28 5 83 53 20 5 32 16 48 90 10 95 36 11 14 58 72 66 5 17 88 10 12 83 83 71 76 91 75 19 46 19 66 91 91 22 35 1 94 1 83 100 88 31
95 3 99 60 29 0 42 84 69 16 77 41 84 8 27 47 0 38 92 15 40 40 9 43 14 75 6 66 47 79 53 1 75 39 16 37 97 45 11 20 91 99 56 72 99 65 16 89 62 59
16 90 16 35 28 42 0 37 83 83 5 38 11 15 91 32 94 57 16 11 27 36 91 98 87 38 40 74 46 33 62 0 50 70 33 43 56 100 74 70 55 24 98 19 47 87 100 12 62 86
91 50 99 25 5 84 37 0 29 24 22 9 44 44 56 72 76 23 85 91 38 12 59 85 100 7 83 18 68 68 75 57 45 12 27 41 100 88 7 13 18 26 23 79 29 27 46 79 98 27
87 36 42 34 83 69 83 29 0 30 47 22 95 24 60 4 95 74 55 60 85 63 99 37 94 36 88 96 50 94 79 91 61 6 14 0 79 24 63 2 62 1 99 28 25 28 32 33 86 90
44 40 46 86 53 16 83 24 30 0 29 85 15 41 11 3 22 52 32 48 41 95 99 3 25 77 7 40 91 60 40 26 64 18 69 5 2 27 26 15 87 31 69 5 59 98 38 88 30 62
22 34 10 33 20 77 5 22 47 29 0 51 75 61 82 31 100 14 79 39 62 34 90 5 88 20 94 95 19 57 44 71 40 27 32 21 2 24 97 59 26 7 38 49 39 13 56 85 61 95
3 74 65 58 5 41 38 9 22 85 51 0 7 17 86 47 0 94 69 93 35 38 73 44 79 5 75 32 53 84 72 11 64 0 81 44 23 9 59 71 12 88 97 22 76 39 29 62 44 41
17 54 35 43 32 84 11 44 95 15 75 7 0 22 49 21 14 57 85 81 56 67 22 45 59 88 68 38 62 98 8 88 71 98 3 80 87 5 18 71 48 40 38 19 99 60 61 12 20 19
93 3 29 64 16 8 15 44 24 41 61 17 22 0 2 19 63 82 36 93 12 86 22 17 57 51 97 78 26 66 92 23 37 40 74 38 0 47 5 13 94 34 18 15 96 20 7 46 48 41
61 80 15 70 48 27 91 56 60 11 82 86 49 2 0 19 31 12 37 3 34 4 26 46 70 33 20 91 83 65 68 32 52 12 71 0 57 20 29 90 69 61 22 24 26 90 45 20 13 63
31 21 62 28 90 47 32 72 4 3 31 47 21 19 19 0 89 86 47 6 0 74 94 37 92 92 85 78 29 41 76 96 61 30 39 82 40 32 8 54 56 2 14 84 61 9 44 66 22 40
8 33 46 66 10 0 94 76 95 22 100 0 14 63 31 89 0 12 28 71 43 76 80 81 7 76 7 89 2 3 26 83 6 86 54 16 84 59 21 29 35 5 72 70 55 77 81 35 11 87
13 35 90 93 95 38 57 23 74 52 14 94 57 82 12 86 12 0 25 34 79 57 13 65 41 71 17 13 19 99 100 59 15 24 49 12 79 26 39 25 78 99 48 62 29 80 8 69 24 26
32 46 18 0 36 92 16 85 55 32 79 69 85 36 37 47 28 25 0 58 8 10 78 68 86 17 17 3 46 48 69 13 12 58 41 92 37 10 30 56 10 26 77 89 59 48 58 19 31 87
39 29 69 16 11 15 11 91 60 48 39 93 81 93 3 6 71 34 58 0 21 60 16 90 60 44 34 17 85 99 72 48 100 51 22 3 74 89 66 68 71 54 66 64 34 0 40 80 0 76
43 11 89 68 14 40 27 38 85 41 62 35 56 12 34 0 43 79 8 21 0 31 24 59 94 44 16 92 8 60 1 42 76 94 0 55 54 74 20 9 95 55 87 76 85 54 50 24 56 6
74 63 69 64 58 40 36 12 63 95 34 38 67 86 4 74 76 57 10 60 31 0 69 73 67 24 0 20 0 65 28 64 46 48 99 79 70 49 72 84 35 82 28 46 83 21 59 43 82 98
92 15 5 64 72 9 91 59 99 99 90 73 22 22 26 94 80 13 78 16 24 69 0 16 74 28 54 46 90 73 58 31 86 51 30 7 40 82 38 71 34 78 68 38 46 60 60 41 63 46
32 90 100 99 66 43 98 85 37 3 5 44 45 17 46 37 81 65 68 90 59 73 16 0 56 47 90 43 60 43 99 16 78 2 71 79 28 61 88 85 41 40 51 27 63 30 56 3 53 2
57 56 60 41 5 14 87 100 94 25 88 79 59 57 70 92 7 41 86 60 94 67 74 56 0 21 76 56 30 76 26 47 81 2 75 24 10 45 82 39 94 15 6 12 42 35 95 8 79 32
83 39 63 87 17 75 38 7 36 77 20 5 88 51 33 92 76 71 17 44 44 24 28 47 21 0 68 2 49 84 82 53 60 62 52 2 85 49 33 47 76 84 92 46 90 59 33 31 43 9
81 91 83 75 88 6 40 83 88 7 94 75 68 97 20 85 7 17 17 34 16 0 54 90 76 68 0 18 27 85 37 40 93 39 88 34 42 47 38 78 43 99 90 3 23 81 88 40 91 20
21 6 34 23 10 66 74 18 96 40 95 32 38 78 91 78 89 13 3 17 92 20 46 43 56 2 18 0 70 13 9 34 90 14 3 98 34 1 51 25 56 49 16 71 59 12 90 44 44 3
17 74 85 38 12 47 46 68 50 91 19 53 62 26 83 29 2 19 46 85 8 0 90 60 30 49 27 70 0 75 36 4 74 38 30 12 27 55 7 31 82 62 66 55 82 83 29 66 29 65
25 46 24 83 83 79 33 68 94 60 57 84 98 66 65 41 3 99 48 99 60 65 73 43 76 84 85 13 75 0 28 54 22 46 42 17 49 28 40 59 32 65 11 90 62 49 3 64 42 25
100 5 81 10 83 53 62 75 79 40 44 72 8 92 68 76 26 100 69 72 1 28 58 99 26 82 37 9 36 28 0 33 83 56 66 95 34 69 19 6 77 75 87 68 4 53 4 4 60 43
26 98 56 50 71 1 0 57 91 26 71 11 88 23 32 96 83 59 13 48 42 64 31 16 47 53 40 34 4 54 33 0 8 24 19 66 79 47 2 63 12 55 19 66 70 74 61 33 29 86
77 52 46 37 76 75 50 45 61 64 40 64 71 37 52 61 6 15 12 100 76 46 86 78 81 60 93 90 74 22 83 8 0 18 37 23 47 9 90 22 38 13 82 3 36 2 78 79 91 34
93 72 98 22 91 39 70 12 6 18 27 0 98 40 12 30 86 24 58 51 94 48 51 2 2 62 39 14 38 46 56 24 18 0 76 16 88 5 98 15 73 39 1 6 27 80 12 50 30 78
55 78 2 99 75 16 33 27 14 69 32 81 3 74 71 39 54 49 41 22 0 99 30 71 75 52 88 3 30 42 66 19 37 76 0 52 6 28 8 68 1 72 34 56 53 27 93 1 9 31
14 22 63 38 19 37 43 41 0 5 21 44 80 38 0 82 16 12 92 3 55 79 7 79 24 2 34 98 12 17 95 66 23 16 52 0 91 7 93 86 42 28 74 28 5 95 26 80 53 55
9 87 30 2 46 97 56 100 79 2 2 23 87 0 57 40 84 79 37 74 54 70 40 28 10 85 42 34 27 49 34 79 47 88 6 91 0 20 100 98 99 44 90 43 41 84 96 89 24 69
93 85 26 4 19 45 100 88 24 27 24 9 5 47 20 32 59 26 10 89 74 49 82 61 45 49 47 1 55 28 69 47 9 5 28 7 20 0 74 80 78 8 87 27 79 3 93 65 3 27
58 19 60 55 66 11 74 7 63 26 97 59 18 5 29 8 21 39 30 66 20 72 38 88 82 33 38 51 7 40 19 2 90 98 8 93 100 74 0 44 32 67 52 64 79 96 93 74 14 77
24 29 91 24 91 20 70 13 2 15 59 71 71 13 90 54 29 25 56 68 9 84 71 85 39 47 78 25 31 59 6 63 22 15 68 86 98 80 44 0 86 27 77 92 16 45 78 69 16 95
64 9 20 7 91 91 55 18 62 87 26 12 48 94 69 56 35 78 10 71 95 35 34 41 94 76 43 56 82 32 77 12 38 73 1 42 99 78 32 86 0 35 87 50 48 42 26 37 70 32
30 58 10 83 22 99 24 26 1 31 7 88 40 34 61 2 5 99 26 54 55 82 78 40 15 84 99 49 62 65 75 55 13 39 72 28 44 8 67 27 35 0 3 2 97 14 50 55 28 95
93 75 9 15 35 56 98 23 99 69 38 97 38 18 22 14 72 48 77 66 87 28 68 51 6 92 90 16 66 11 87 19 82 1 34 74 90 87 52 77 87 3 0 37 38 74 88 74 28 73
84 93 85 74 1 72 19 79 28 5 49 22 19 15 24 84 70 62 89 64 76 46 38 27 12 46 3 71 55 90 68 66 3 6 56 28 43 27 64 92 50 2 37 0 17 10 92 32 96 82
94 50 90 52 94 99 47 29 25 59 39 76 99 96 26 61 55 29 59 34 85 83 46 63 42 90 23 59 82 62 4 70 36 27 53 5 41 79 79 16 48 97 38 17 0 0 34 30 56 65
20 67 30 91 1 65 87 27 28 98 13 39 60 20 90 9 77 80 48 0 54 21 60 30 35 59 81 12 83 49 53 74 2 80 27 95 84 3 96 45 42 14 74 10 0 0 78 97 38 11
95 39 7 0 83 16 100 46 32 38 56 29 61 7 45 44 81 8 58 40 50 59 60 56 95 33 88 90 29 3 4 61 78 12 93 26 96 93 93 78 26 50 88 92 34 78 0 79 71 93
74 35 75 13 100 89 12 79 33 88 85 62 12 46 20 66 35 69 19 80 24 43 41 3 8 31 40 44 66 64 4 33 79 50 1 80 89 65 74 69 37 55 74 32 30 97 79 0 73 62
19 57 34 83 88 62 62 98 86 30 61 44 20 48 13 22 11 24 31 0 56 82 63 53 79 43 91 44 29 42 60 29 91 30 9 53 24 3 14 16 70 28 28 96 56 38 71 73 0 65
8 62 47 54 31 59 86 27 90 62 95 41 19 41 63 40 87 26 87 76 6 98 46 2 32 9 20 3 65 25 43 86 34 78 31 55 69 27 77 95 32 95 73 82 65 11 93 62 65 0
RBRRBRRRBRBBBBRBBRRBRBBRBBRRRBRBBBRRRRBBRRBRRBBBRB