16
0 1 100 100 0 100 100 100 100 100 100 100 100 100 100 2
1 0 1 100 100 100 100 100 100 100 100 100 100 100 100 100
100 1 0 1 100 50 100 100 100 100 50 100 100 50 100 100
100 100 1 0	1 100 100 0 100 100 100	100	100	100	100	100
0 100 100 1	0 1 100 100	100	100	100	100	100	100	100	100
100	100	50 100 1 0 1 100 100 100 0 100 100 0 100 100
100	100	100	100	100	1 0	1 100 100 100 100 100 100 100 100
100	100	100	0 100 100 1	0 1	100	100	100	100	100	100	100
100	100	100	100	100	100	100	1 0	1 100 100 0	100	100	100
100	100	100	100	100	100	100	100	1 0 1 100 100 100 100 100
100	100	50 100 100 0 100 100 100 1 0 1 100 100 100 100
100	100	100	100	100	100	100	100	100	100	1 0	1 100 100 0
100	100	100	100	100	100	100	100	0 100 100 1	0 1 100 100
100	100	50 100 100 0 100 100 100 100 100 100 1 0 1 100
100	100	100	100	100	100	100	100	100	100	100	100	100	1 0	1
2 100 100 100 100 100 100 100 100 100 100 0	100	100	1 0
RBRBRBRBRBRBRBRB