50
0 94 37 64 43 55 62 34 95 56 42 76 54 62 98 40 52 46 61 53 54 87 53 37 76 71 55 65 73 97 89 76 99 63 100 75 54 96 55 81 87 88 36 97 84 80 50 87 75 79 
94 0 43 38 63 59 42 34 71 34 59 69 66 44 82 47 38 55 58 45 50 74 35 54 80 83 58 55 94 100 91 67 90 45 80 90 41 68 48 100 93 80 65 88 81 81 58 90 69 86 
37 43 0 5 13 20 13 7 44 22 1 64 21 23 35 19 29 14 17 24 3 54 7 23 60 40 19 31 56 65 42 64 66 9 37 46 12 66 19 50 43 41 30 48 34 62 24 56 63 37 
64 38 5 0 6 20 0 24 56 17 20 61 14 5 59 29 33 30 28 32 17 53 16 14 53 41 15 7 46 36 63 64 62 25 51 50 19 40 7 52 46 37 7 34 55 54 32 64 63 46 
43 63 13 6 0 5 7 7 34 9 0 55 15 8 54 33 18 26 2 15 19 47 10 1 50 57 16 15 59 64 60 46 47 17 48 62 11 61 25 41 48 52 8 62 55 66 0 51 42 64 
55 59 20 20 5 0 28 27 38 8 10 63 1 12 62 25 5 23 8 28 26 52 32 20 43 40 13 7 43 59 56 42 61 1 34 55 28 37 32 37 62 48 6 51 43 63 2 50 57 38 
62 42 13 0 7 28 0 31 41 4 27 39 31 30 63 33 27 25 7 3 6 34 4 18 66 63 16 21 38 37 36 63 47 6 66 50 31 50 19 40 49 56 13 50 63 37 29 57 48 38 
34 34 7 24 7 27 31 0 35 31 14 54 19 33 59 26 14 4 23 14 19 50 23 19 64 58 9 0 40 36 55 52 58 20 55 41 23 37 26 38 65 39 7 54 45 63 8 37 54 45 
95 71 44 56 34 38 41 35 0 36 64 93 54 52 88 65 39 65 51 47 56 69 52 47 71 76 61 55 97 75 90 82 83 46 84 95 38 87 52 68 94 91 53 89 92 93 40 89 84 87 
56 34 22 17 9 8 4 31 36 0 2 66 26 17 53 29 29 18 12 14 13 40 0 19 35 47 33 1 35 49 38 63 46 13 62 50 0 52 31 66 59 41 10 36 58 36 17 45 47 34 
42 59 1 20 0 10 27 14 64 2 0 58 25 8 64 11 5 4 6 33 10 36 25 29 60 37 16 19 56 44 63 46 64 11 58 52 32 35 29 57 34 34 23 55 42 34 0 38 59 54 
76 69 64 61 55 63 39 54 93 66 58 0 63 34 80 51 35 36 49 50 59 100 45 50 77 78 61 41 92 85 67 86 80 55 100 89 58 90 49 80 90 89 48 73 67 68 54 89 100 81 
54 66 21 14 15 1 31 19 54 26 25 63 0 11 39 11 27 2 9 4 25 34 31 29 63 56 31 29 42 42 46 47 49 21 49 55 12 40 23 40 40 43 14 66 63 58 8 48 62 38 
62 44 23 5 8 12 30 33 52 17 8 34 11 0 54 19 25 31 0 12 17 66 22 0 49 46 2 16 61 51 60 48 36 9 40 45 21 64 3 65 48 62 7 38 37 37 22 37 43 57 
98 82 35 59 54 62 63 59 88 53 64 80 39 54 0 45 36 54 56 54 38 85 50 43 79 75 47 42 76 72 68 88 72 50 89 75 48 87 54 88 83 88 55 80 90 89 39 96 82 78 
40 47 19 29 33 25 33 26 65 29 11 51 11 19 45 0 17 19 16 12 33 50 3 32 49 61 7 25 44 39 46 52 49 21 59 44 19 40 2 39 36 41 8 40 52 65 17 54 65 40 
52 38 29 33 18 5 27 14 39 29 5 35 27 25 36 17 0 19 11 30 17 37 31 12 42 39 24 28 51 39 44 54 62 9 51 48 12 53 8 36 50 64 25 48 50 60 17 41 44 38 
46 55 14 30 26 23 25 4 65 18 4 36 2 31 54 19 19 0 13 28 14 36 11 13 52 40 10 30 36 61 64 49 37 13 40 58 10 54 13 51 49 62 24 57 62 49 23 56 41 53 
61 58 17 28 2 8 7 23 51 12 6 49 9 0 56 16 11 13 0 6 20 65 21 18 65 66 0 1 48 61 37 57 42 29 42 34 19 65 23 43 54 60 28 50 42 54 13 46 63 46 
53 45 24 32 15 28 3 14 47 14 33 50 4 12 54 12 30 28 6 0 3 53 4 12 46 66 4 14 53 54 62 52 54 9 51 48 14 49 12 52 59 47 11 49 44 38 33 47 55 58 
54 50 3 17 19 26 6 19 56 13 10 59 25 17 38 33 17 14 20 3 0 60 21 29 49 54 30 33 51 36 56 37 55 6 59 34 31 64 8 45 65 51 4 52 62 42 5 57 55 49 
87 74 54 53 47 52 34 50 69 40 36 100 34 66 85 50 37 36 65 53 60 0 60 53 72 79 54 35 87 68 88 71 95 42 92 78 58 95 45 91 69 83 57 81 73 94 34 93 73 95 
53 35 7 16 10 32 4 23 52 0 25 45 31 22 50 3 31 11 21 4 21 60 0 19 56 36 1 28 39 51 64 49 49 7 45 34 30 43 2 50 42 59 12 44 48 34 6 59 53 42 
37 54 23 14 1 20 18 19 47 19 29 50 29 0 43 32 12 13 18 12 29 53 19 0 60 65 30 6 46 34 38 36 45 33 44 66 5 50 28 55 38 35 25 36 37 37 17 38 47 38 
76 80 60 53 50 43 66 64 71 35 60 77 63 49 79 49 42 52 65 46 49 72 56 60 0 70 41 40 71 69 68 90 91 56 91 90 55 82 51 80 95 89 39 89 88 71 50 94 87 71 
71 83 40 41 57 40 63 58 76 47 37 78 56 46 75 61 39 40 66 66 54 79 36 65 70 0 58 58 79 76 86 78 84 51 98 70 38 99 40 97 87 100 46 78 74 90 61 82 82 95 
55 58 19 15 16 13 16 9 61 33 16 61 31 2 47 7 24 10 0 4 30 54 1 30 41 58 0 7 58 40 60 44 57 27 66 36 31 65 19 50 66 56 31 66 59 53 8 47 47 64 
65 55 31 7 15 7 21 0 55 1 19 41 29 16 42 25 28 30 1 14 33 35 28 6 40 58 7 0 54 47 41 63 66 6 51 37 13 58 32 47 39 66 18 45 37 39 21 49 65 47 
73 94 56 46 59 43 38 40 97 35 56 92 42 61 76 44 51 36 48 53 51 87 39 46 71 79 58 54 0 97 85 75 71 60 90 96 48 96 57 95 92 91 61 85 82 84 34 98 79 87 
97 100 65 36 64 59 37 36 75 49 44 85 42 51 72 39 39 61 61 54 36 68 51 34 69 76 40 47 97 0 94 77 73 50 96 78 51 89 46 92 94 86 48 76 70 75 38 79 92 93 
89 91 42 63 60 56 36 55 90 38 63 67 46 60 68 46 44 64 37 62 56 88 64 38 68 86 60 41 85 94 0 91 78 66 99 72 57 67 38 82 89 90 56 75 91 96 36 95 68 80 
76 67 64 64 46 42 63 52 82 63 46 86 47 48 88 52 54 49 57 52 37 71 49 36 90 78 44 63 75 77 91 0 96 34 82 72 64 93 34 69 90 79 60 83 79 86 35 80 93 82 
99 90 66 62 47 61 47 58 83 46 64 80 49 36 72 49 62 37 42 54 55 95 49 45 91 84 57 66 71 73 78 96 0 57 87 97 63 98 38 91 94 96 41 68 72 77 47 77 90 80 
63 45 9 25 17 1 6 20 46 13 11 55 21 9 50 21 9 13 29 9 6 42 7 33 56 51 27 6 60 50 66 34 57 0 55 58 31 38 26 57 43 53 27 48 53 44 12 62 46 65 
100 80 37 51 48 34 66 55 84 62 58 100 49 40 89 59 51 40 42 51 59 92 45 44 91 98 66 51 90 96 99 82 87 55 0 67 38 84 42 87 86 82 36 97 85 80 43 92 85 100 
75 90 46 50 62 55 50 41 95 50 52 89 55 45 75 44 48 58 34 48 34 78 34 66 90 70 36 37 96 78 72 72 97 58 67 0 60 78 41 70 71 78 35 95 68 92 41 90 76 85 
54 41 12 19 11 28 31 23 38 0 32 58 12 21 48 19 12 10 19 14 31 58 30 5 55 38 31 13 48 51 57 64 63 31 38 60 0 45 24 62 49 52 32 40 63 51 26 40 39 65 
96 68 66 40 61 37 50 37 87 52 35 90 40 64 87 40 53 54 65 49 64 95 43 50 82 99 65 58 96 89 67 93 98 38 84 78 45 0 59 80 79 100 56 75 98 88 41 92 100 72 
55 48 19 7 25 32 19 26 52 31 29 49 23 3 54 2 8 13 23 12 8 45 2 28 51 40 19 32 57 46 38 34 38 26 42 41 24 59 0 38 47 64 20 36 42 47 12 52 46 41 
81 100 50 52 41 37 40 38 68 66 57 80 40 65 88 39 36 51 43 52 45 91 50 55 80 97 50 47 95 92 82 69 91 57 87 70 62 80 38 0 74 79 54 75 82 76 41 89 93 76 
87 93 43 46 48 62 49 65 94 59 34 90 40 48 83 36 50 49 54 59 65 69 42 38 95 87 66 39 92 94 89 90 94 43 86 71 49 79 47 74 0 75 60 83 86 96 62 72 76 68 
88 80 41 37 52 48 56 39 91 41 34 89 43 62 88 41 64 62 60 47 51 83 59 35 89 100 56 66 91 86 90 79 96 53 82 78 52 100 64 79 75 0 35 95 85 83 38 96 87 83 
36 65 30 7 8 6 13 7 53 10 23 48 14 7 55 8 25 24 28 11 4 57 12 25 39 46 31 18 61 48 56 60 41 27 36 35 32 56 20 54 60 35 0 60 36 48 23 47 62 47 
97 88 48 34 62 51 50 54 89 36 55 73 66 38 80 40 48 57 50 49 52 81 44 36 89 78 66 45 85 76 75 83 68 48 97 95 40 75 36 75 83 95 60 0 89 92 51 90 69 96 
84 81 34 55 55 43 63 45 92 58 42 67 63 37 90 52 50 62 42 44 62 73 48 37 88 74 59 37 82 70 91 79 72 53 85 68 63 98 42 82 86 85 36 89 0 92 58 71 79 95 
80 81 62 54 66 63 37 63 93 36 34 68 58 37 89 65 60 49 54 38 42 94 34 37 71 90 53 39 84 75 96 86 77 44 80 92 51 88 47 76 96 83 48 92 92 0 46 87 75 77 
50 58 24 32 0 2 29 8 40 17 0 54 8 22 39 17 17 23 13 33 5 34 6 17 50 61 8 21 34 38 36 35 47 12 43 41 26 41 12 41 62 38 23 51 58 46 0 45 48 40 
87 90 56 64 51 50 57 37 89 45 38 89 48 37 96 54 41 56 46 47 57 93 59 38 94 82 47 49 98 79 95 80 77 62 92 90 40 92 52 89 72 96 47 90 71 87 45 0 88 78 
75 69 63 63 42 57 48 54 84 47 59 100 62 43 82 65 44 41 63 55 55 73 53 47 87 82 47 65 79 92 68 93 90 46 85 76 39 100 46 93 76 87 62 69 79 75 48 88 0 83 
79 86 37 46 64 38 38 45 87 34 54 81 38 57 78 40 38 53 46 58 49 95 42 38 71 95 64 47 87 93 80 82 80 65 100 85 65 72 41 76 68 83 47 96 95 77 40 78 83 0 
BBRRRRRRBRRBRRBRRRRRRBRRBBRRBBBBBRBBRBRBBBRBBBRBBB