50
0 67 3 62 85 77 63 55 48 1 74 44 24 76 56 51 56 77 91 95 12 59 86 39 41 48 0 75 82 3 71 59 61 35 84 3 61 3 66 48 33 48 77 92 77 82 23 48 31 8
67 0 62 56 4 37 41 88 76 90 67 28 94 56 85 4 32 21 37 2 41 91 23 80 40 79 76 79 23 80 87 28 46 68 40 99 36 97 86 67 9 15 89 95 91 13 53 76 6 20
3 62 0 6 60 3 38 43 44 90 52 93 18 91 92 40 88 60 74 87 61 52 45 38 64 98 7 9 44 35 2 44 91 58 74 98 16 38 44 18 20 66 78 50 41 32 85 26 11 81
62 56 6 0 16 20 91 75 12 79 25 30 73 98 55 7 34 10 40 2 96 62 91 3 74 26 5 54 4 91 60 14 52 35 28 27 55 20 15 44 93 67 59 57 37 40 74 51 74 98
85 4 60 16 0 9 80 74 68 99 74 47 93 96 23 33 42 39 99 51 75 1 10 76 85 38 45 44 84 20 22 46 41 33 4 100 24 31 22 52 48 26 15 82 50 16 27 8 8 0
77 37 3 20 9 0 22 6 22 10 47 83 84 25 52 29 8 12 40 97 98 9 88 5 1 98 46 26 81 70 88 0 26 97 44 40 36 85 33 47 27 95 20 76 77 11 13 42 100 66
63 41 38 91 80 22 0 77 43 17 59 16 98 14 84 17 16 76 30 86 38 9 47 31 37 44 48 65 55 54 29 98 53 71 22 76 20 45 83 11 55 47 35 81 100 98 53 0 86 9
55 88 43 75 74 6 77 0 32 58 9 19 35 64 77 65 59 47 80 17 16 28 3 24 3 36 93 65 86 57 58 93 4 58 29 51 82 63 15 60 65 20 52 35 68 0 12 25 65 36
48 76 44 12 68 22 43 32 0 99 14 33 14 80 20 89 67 88 7 84 35 76 88 79 55 80 84 11 2 52 47 71 38 66 49 30 64 50 9 60 49 10 43 61 23 87 61 63 46 57
1 90 90 79 99 10 17 58 99 0 42 69 85 59 2 55 23 85 33 29 84 8 94 30 11 35 1 13 44 72 80 62 100 54 42 62 95 93 31 16 85 12 44 92 17 89 41 51 28 42
74 67 52 25 74 47 59 9 14 42 0 27 99 52 45 87 89 93 41 44 60 79 93 13 28 4 56 71 69 14 38 37 36 56 57 2 16 63 59 15 73 36 48 99 64 51 49 47 83 54
44 28 93 30 47 83 16 19 33 69 27 0 23 28 40 54 10 75 36 24 98 27 79 52 4 95 67 66 91 85 12 98 86 71 2 73 19 6 26 30 96 42 83 10 60 15 92 93 24 76
24 94 18 73 93 84 98 35 14 85 99 23 0 21 51 6 91 34 31 82 51 82 27 71 82 26 88 53 93 86 43 14 12 85 9 23 84 23 78 19 77 70 23 5 82 12 51 54 47 3
76 56 91 98 96 25 14 64 80 59 52 28 21 0 45 23 7 64 63 64 97 52 15 80 69 37 55 52 86 58 34 94 30 91 57 29 9 52 64 92 24 86 51 85 28 37 7 61 44 5
56 85 92 55 23 52 84 77 20 2 45 40 51 45 0 10 59 55 71 34 92 49 2 14 9 50 93 86 22 5 13 90 79 65 38 6 10 74 41 20 58 70 75 22 4 92 10 66 83 22
51 4 40 7 33 29 17 65 89 55 87 54 6 23 10 0 10 95 67 56 17 76 46 5 85 13 96 64 5 86 3 23 41 5 5 88 17 76 25 40 2 51 96 48 100 57 33 45 22 56
56 32 88 34 42 8 16 59 67 23 89 10 91 7 59 10 0 1 60 47 42 66 62 90 5 28 86 11 60 93 16 39 56 23 88 97 83 77 0 92 46 10 37 82 36 79 11 30 45 100
77 21 60 10 39 12 76 47 88 85 93 75 34 64 55 95 1 0 82 40 73 82 48 33 47 67 93 85 60 29 32 100 26 46 5 26 95 37 53 9 91 46 16 71 60 13 33 95 42 0
91 37 74 40 99 40 30 80 7 33 41 36 31 63 71 67 60 82 0 88 85 10 75 54 7 55 66 78 28 30 76 87 78 61 86 55 41 60 71 60 52 31 57 0 0 26 3 49 74 17
95 2 87 2 51 97 86 17 84 29 44 24 82 64 34 56 47 40 88 0 75 20 65 4 4 82 14 2 11 34 76 71 14 54 29 13 35 72 67 30 89 17 99 5 29 97 49 80 18 77
12 41 61 96 75 98 38 16 35 84 60 98 51 97 92 17 42 73 85 75 0 26 19 15 50 21 67 17 45 89 53 37 3 12 57 44 31 78 21 57 23 87 6 94 20 51 88 82 3 80
59 91 52 62 1 9 9 28 76 8 79 27 82 52 49 76 66 82 10 20 26 0 0 47 1 97 94 67 17 67 33 12 15 31 29 91 8 94 71 41 13 95 82 43 39 77 74 81 67 6
86 23 45 91 10 88 47 3 88 94 93 79 27 15 2 46 62 48 75 65 19 0 0 37 76 89 42 5 25 51 7 32 33 85 0 96 54 9 20 46 90 57 40 62 65 85 99 97 28 94
39 80 38 3 76 5 31 24 79 30 13 52 71 80 14 5 90 33 54 4 15 47 37 0 11 8 70 8 76 37 32 12 7 36 57 61 6 40 12 81 83 10 48 90 48 70 51 6 46 11
41 40 64 74 85 1 37 3 55 11 28 4 82 69 9 85 5 47 7 4 50 1 76 11 0 70 92 51 75 50 76 39 60 93 35 43 69 21 84 46 90 10 38 30 96 58 66 26 81 83
48 79 98 26 38 98 44 36 80 35 4 95 26 37 50 13 28 67 55 82 21 97 89 8 70 0 31 3 72 18 89 13 41 83 79 29 55 12 28 95 45 17 35 5 12 64 39 34 18 78
0 76 7 5 45 46 48 93 84 1 56 67 88 55 93 96 86 93 66 14 67 94 42 70 92 31 0 86 16 85 83 37 67 41 91 80 47 93 64 12 30 62 100 36 45 7 57 64 37 0
75 79 9 54 44 26 65 65 11 13 71 66 53 52 86 64 11 85 78 2 17 67 5 8 51 3 86 0 54 25 3 4 3 27 51 48 23 43 91 40 62 100 7 60 78 4 74 12 82 2
82 23 44 4 84 81 55 86 2 44 69 91 93 86 22 5 60 60 28 11 45 17 25 76 75 72 16 54 0 33 52 80 9 51 52 90 20 81 8 62 53 0 13 84 100 1 13 20 20 59
3 80 35 91 20 70 54 57 52 72 14 85 86 58 5 86 93 29 30 34 89 67 51 37 50 18 85 25 33 0 27 32 72 16 93 88 38 70 4 21 22 65 31 54 4 85 82 33 19 98
71 87 2 60 22 88 29 58 47 80 38 12 43 34 13 3 16 32 76 76 53 33 7 32 76 89 83 3 52 27 0 12 19 37 1 63 17 68 18 1 25 23 99 45 58 69 47 20 45 100
59 28 44 14 46 0 98 93 71 62 37 98 14 94 90 23 39 100 87 71 37 12 32 12 39 13 37 4 80 32 12 0 97 87 7 60 46 8 20 41 81 4 80 66 19 64 53 82 32 6
61 46 91 52 41 26 53 4 38 100 36 86 12 30 79 41 56 26 78 14 3 15 33 7 60 41 67 3 9 72 19 97 0 54 49 12 4 14 96 27 53 34 21 79 76 15 63 22 98 62
35 68 58 35 33 97 71 58 66 54 56 71 85 91 65 5 23 46 61 54 12 31 85 36 93 83 41 27 51 16 37 87 54 0 5 65 87 91 0 22 88 83 93 76 96 6 71 82 36 55
84 40 74 28 4 44 22 29 49 42 57 2 9 57 38 5 88 5 86 29 57 29 0 57 35 79 91 51 52 93 1 7 49 5 0 26 89 5 49 13 90 18 93 24 98 69 92 16 62 82
3 99 98 27 100 40 76 51 30 62 2 73 23 29 6 88 97 26 55 13 44 91 96 61 43 29 80 48 90 88 63 60 12 65 26 0 28 82 79 12 53 44 51 96 64 100 53 72 14 55
61 36 16 55 24 36 20 82 64 95 16 19 84 9 10 17 83 95 41 35 31 8 54 6 69 55 47 23 20 38 17 46 4 87 89 28 0 88 53 26 3 61 62 80 40 84 43 96 93 53
3 97 38 20 31 85 45 63 50 93 63 6 23 52 74 76 77 37 60 72 78 94 9 40 21 12 93 43 81 70 68 8 14 91 5 82 88 0 76 78 24 52 84 1 52 87 42 98 62 64
66 86 44 15 22 33 83 15 9 31 59 26 78 64 41 25 0 53 71 67 21 71 20 12 84 28 64 91 8 4 18 20 96 0 49 79 53 76 0 26 6 42 32 14 86 15 44 3 2 57
48 67 18 44 52 47 11 60 60 16 15 30 19 92 20 40 92 9 60 30 57 41 46 81 46 95 12 40 62 21 1 41 27 22 13 12 26 78 26 0 61 84 79 73 22 96 19 63 71 84
33 9 20 93 48 27 55 65 49 85 73 96 77 24 58 2 46 91 52 89 23 13 90 83 90 45 30 62 53 22 25 81 53 88 90 53 3 24 6 61 0 69 0 82 51 18 78 3 78 34
48 15 66 67 26 95 47 20 10 12 36 42 70 86 70 51 10 46 31 17 87 95 57 10 10 17 62 100 0 65 23 4 34 83 18 44 61 52 42 84 69 0 49 91 50 4 18 55 82 36
77 89 78 59 15 20 35 52 43 44 48 83 23 51 75 96 37 16 57 99 6 82 40 48 38 35 100 7 13 31 99 80 21 93 93 51 62 84 32 79 0 49 0 23 27 1 84 3 41 63
92 95 50 57 82 76 81 35 61 92 99 10 5 85 22 48 82 71 0 5 94 43 62 90 30 5 36 60 84 54 45 66 79 76 24 96 80 1 14 73 82 91 23 0 67 9 9 25 99 21
77 91 41 37 50 77 100 68 23 17 64 60 82 28 4 100 36 60 0 29 20 39 65 48 96 12 45 78 100 4 58 19 76 96 98 64 40 52 86 22 51 50 27 67 0 62 62 98 75 30
82 13 32 40 16 11 98 0 87 89 51 15 12 37 92 57 79 13 26 97 51 77 85 70 58 64 7 4 1 85 69 64 15 6 69 100 84 87 15 96 18 4 1 9 62 0 6 74 90 87
23 53 85 74 27 13 53 12 61 41 49 92 51 7 10 33 11 33 3 49 88 74 99 51 66 39 57 74 13 82 47 53 63 71 92 53 43 42 44 19 78 18 84 9 62 6 0 67 56 26
48 76 26 51 8 42 0 25 63 51 47 93 54 61 66 45 30 95 49 80 82 81 97 6 26 34 64 12 20 33 20 82 22 82 16 72 96 98 3 63 3 55 3 25 98 74 67 0 30 76
31 6 11 74 8 100 86 65 46 28 83 24 47 44 83 22 45 42 74 18 3 67 28 46 81 18 37 82 20 19 45 32 98 36 62 14 93 62 2 71 78 82 41 99 75 90 56 30 0 27
8 20 81 98 0 66 9 36 57 42 54 76 3 5 22 56 100 0 17 77 80 6 94 11 83 78 0 2 59 98 100 6 62 55 82 55 53 64 57 84 34 36 63 21 30 87 26 76 27 0
BBBBRBRBBRRBBRRRRBBBRRRBBBRBBBRRBRRRBBRRBBRBRBRRRR