50
0 9 43 31 5 37 23 54 36 58 8 46 50 25 76 33 20 83 67 8 27 66 62 33 90 41 50 60 19 81 19 51 34 98 99 65 63 77 21 63 15 47 36 7 29 77 67 90 39 75
9 0 66 79 87 40 93 9 27 46 56 3 97 43 63 95 4 8 37 37 10 5 22 56 65 18 69 9 84 81 61 65 92 40 29 80 95 16 26 15 61 42 68 77 23 89 61 17 49 48
43 66 0 46 78 63 19 95 66 77 31 82 50 55 12 68 86 70 16 88 62 91 5 91 73 21 61 12 70 25 38 41 32 21 31 20 53 40 98 61 55 40 13 94 27 48 76 52 49 46
31 79 46 0 68 44 69 91 82 63 92 35 39 5 21 26 76 96 15 92 82 57 77 76 9 3 98 7 28 66 43 37 87 75 92 81 72 32 69 44 45 41 90 57 29 31 59 93 96 32
5 87 78 68 0 77 3 73 12 8 88 85 55 80 63 17 6 65 72 10 83 40 62 2 42 30 74 13 10 36 45 93 51 21 60 41 96 44 95 61 95 99 46 40 11 77 24 13 45 84
37 40 63 44 77 0 33 63 34 46 33 79 53 69 61 10 49 88 84 91 94 97 94 14 45 76 29 46 68 22 39 93 97 72 84 56 30 28 27 94 87 15 7 11 43 35 73 16 10 76
23 93 19 69 3 33 0 14 52 7 38 98 10 72 61 4 97 93 56 53 29 15 100 61 96 70 73 7 34 100 64 37 52 31 89 24 48 93 92 34 98 18 69 26 91 80 5 74 84 72
54 9 95 91 73 63 14 0 90 40 77 33 17 0 51 39 28 85 81 13 53 55 98 45 45 7 54 61 26 2 41 19 73 82 37 80 38 1 40 56 86 73 5 14 22 0 3 52 55 85
36 27 66 82 12 34 52 90 0 40 85 13 96 82 59 57 50 10 13 84 76 57 19 3 43 31 51 44 88 20 99 23 61 33 29 36 79 26 29 22 90 99 55 33 15 50 17 16 16 73
58 46 77 63 8 46 7 40 40 0 6 31 54 25 92 69 35 72 87 84 95 92 1 30 1 9 99 36 79 12 34 70 44 89 9 68 3 80 93 2 26 4 28 42 38 15 77 86 84 94
8 56 31 92 88 33 38 77 85 6 0 25 32 14 23 44 75 55 74 77 97 55 63 71 0 87 65 2 93 26 65 29 81 75 97 88 71 43 5 69 46 96 82 12 59 68 43 95 60 77
46 3 82 35 85 79 98 33 13 31 25 0 52 7 23 2 9 88 12 96 100 58 96 69 63 7 78 82 4 74 59 100 54 4 54 94 30 73 11 57 70 16 69 0 84 55 72 60 23 24
50 97 50 39 55 53 10 17 96 54 32 52 0 80 54 80 37 68 11 79 54 77 42 97 95 87 59 40 36 99 67 95 72 12 1 77 37 12 64 54 88 96 90 60 56 46 58 21 9 43
25 43 55 5 80 69 72 0 82 25 14 7 80 0 87 20 12 14 67 66 23 35 35 24 44 46 78 93 6 23 22 64 60 62 96 42 50 79 3 29 22 82 0 52 97 70 85 95 26 7
76 63 12 21 63 61 61 51 59 92 23 23 54 87 0 76 36 4 52 12 59 72 23 13 68 83 20 3 3 19 6 84 14 66 84 62 62 68 89 40 50 26 33 20 44 52 73 32 15 67
33 95 68 26 17 10 4 39 57 69 44 2 80 20 76 0 7 16 71 17 61 69 65 9 29 47 68 89 72 8 5 49 17 46 52 9 42 86 69 7 65 77 67 2 57 80 39 59 40 30
20 4 86 76 6 49 97 28 50 35 75 9 37 12 36 7 0 68 77 8 91 23 1 0 82 78 60 77 40 18 63 20 0 42 27 62 51 64 94 2 39 93 38 44 77 12 82 40 48 46
83 8 70 96 65 88 93 85 10 72 55 88 68 14 4 16 68 0 79 17 56 48 66 6 21 2 16 40 97 53 4 26 97 41 90 3 41 91 96 81 2 18 3 0 25 1 83 4 81 48
67 37 16 15 72 84 56 81 13 87 74 12 11 67 52 71 77 79 0 51 75 13 18 70 78 85 9 49 33 48 52 86 89 10 51 100 56 96 38 22 83 16 44 16 79 50 76 83 32 97
8 37 88 92 10 91 53 13 84 84 77 96 79 66 12 17 8 17 51 0 54 99 87 54 28 81 70 53 89 5 62 96 92 87 47 16 41 70 60 66 98 77 53 32 20 31 60 66 37 65
27 10 62 82 83 94 29 53 76 95 97 100 54 23 59 61 91 56 75 54 0 14 60 28 58 72 92 3 46 4 86 63 40 9 62 83 83 92 15 67 49 14 88 92 31 55 28 55 99 32
66 5 91 57 40 97 15 55 57 92 55 58 77 35 72 69 23 48 13 99 14 0 35 26 55 61 16 82 65 96 91 93 41 4 82 69 15 52 36 46 9 92 45 52 52 8 89 100 95 41
62 22 5 77 62 94 100 98 19 1 63 96 42 35 23 65 1 66 18 87 60 35 0 28 82 92 10 13 21 4 49 62 46 5 32 86 2 44 9 12 95 6 4 75 99 94 77 49 44 48
33 56 91 76 2 14 61 45 3 30 71 69 97 24 13 9 0 6 70 54 28 26 28 0 50 30 5 39 64 70 3 14 59 80 76 3 100 94 36 91 45 50 3 17 82 43 37 8 0 10
90 65 73 9 42 45 96 45 43 1 0 63 95 44 68 29 82 21 78 28 58 55 82 50 0 84 84 65 92 24 55 79 69 29 18 83 55 98 100 67 74 9 13 47 91 44 99 71 80 41
41 18 21 3 30 76 70 7 31 9 87 7 87 46 83 47 78 2 85 81 72 61 92 30 84 0 77 57 58 43 49 0 22 65 50 16 14 82 71 26 51 85 89 65 57 28 92 64 1 74
50 69 61 98 74 29 73 54 51 99 65 78 59 78 20 68 60 16 9 70 92 16 10 5 84 77 0 69 36 51 85 0 76 86 89 51 39 47 17 83 100 74 65 33 64 3 33 72 8 24
60 9 12 7 13 46 7 61 44 36 2 82 40 93 3 89 77 40 49 53 3 82 13 39 65 57 69 0 22 98 61 33 6 53 31 12 91 79 48 92 95 8 71 1 56 20 45 66 100 60
19 84 70 28 10 68 34 26 88 79 93 4 36 6 3 72 40 97 33 89 46 65 21 64 92 58 36 22 0 100 78 78 62 45 31 21 38 13 40 45 66 8 93 39 30 79 80 32 74 15
81 81 25 66 36 22 100 2 20 12 26 74 99 23 19 8 18 53 48 5 4 96 4 70 24 43 51 98 100 0 8 47 11 53 76 56 77 36 39 67 50 57 93 15 47 63 54 21 88 79
19 61 38 43 45 39 64 41 99 34 65 59 67 22 6 5 63 4 52 62 86 91 49 3 55 49 85 61 78 8 0 9 83 81 87 98 94 4 98 77 99 0 12 16 10 89 20 76 53 20
51 65 41 37 93 93 37 19 23 70 29 100 95 64 84 49 20 26 86 96 63 93 62 14 79 0 0 33 78 47 9 0 76 64 90 61 13 90 61 28 97 26 19 18 69 23 19 15 17 65
34 92 32 87 51 97 52 73 61 44 81 54 72 60 14 17 0 97 89 92 40 41 46 59 69 22 76 6 62 11 83 76 0 64 59 51 54 33 54 27 32 64 1 8 62 46 4 49 43 72
98 40 21 75 21 72 31 82 33 89 75 4 12 62 66 46 42 41 10 87 9 4 5 80 29 65 86 53 45 53 81 64 64 0 43 54 43 41 86 1 37 83 32 16 76 22 3 3 36 24
99 29 31 92 60 84 89 37 29 9 97 54 1 96 84 52 27 90 51 47 62 82 32 76 18 50 89 31 31 76 87 90 59 43 0 49 61 93 64 25 85 51 19 53 32 23 48 53 63 21
65 80 20 81 41 56 24 80 36 68 88 94 77 42 62 9 62 3 100 16 83 69 86 3 83 16 51 12 21 56 98 61 51 54 49 0 86 20 60 8 32 31 67 14 8 1 30 76 88 21
63 95 53 72 96 30 48 38 79 3 71 30 37 50 62 42 51 41 56 41 83 15 2 100 55 14 39 91 38 77 94 13 54 43 61 86 0 95 57 27 26 43 41 36 88 13 66 52 96 50
77 16 40 32 44 28 93 1 26 80 43 73 12 79 68 86 64 91 96 70 92 52 44 94 98 82 47 79 13 36 4 90 33 41 93 20 95 0 31 68 81 92 74 73 77 36 9 13 3 82
21 26 98 69 95 27 92 40 29 93 5 11 64 3 89 69 94 96 38 60 15 36 9 36 100 71 17 48 40 39 98 61 54 86 64 60 57 31 0 21 3 94 29 71 70 55 34 52 27 34
63 15 61 44 61 94 34 56 22 2 69 57 54 29 40 7 2 81 22 66 67 46 12 91 67 26 83 92 45 67 77 28 27 1 25 8 27 68 21 0 10 78 96 18 26 65 94 54 78 30
15 61 55 45 95 87 98 86 90 26 46 70 88 22 50 65 39 2 83 98 49 9 95 45 74 51 100 95 66 50 99 97 32 37 85 32 26 81 3 10 0 26 73 68 87 76 55 71 98 50
47 42 40 41 99 15 18 73 99 4 96 16 96 82 26 77 93 18 16 77 14 92 6 50 9 85 74 8 8 57 0 26 64 83 51 31 43 92 94 78 26 0 98 71 12 89 40 92 67 72
36 68 13 90 46 7 69 5 55 28 82 69 90 0 33 67 38 3 44 53 88 45 4 3 13 89 65 71 93 93 12 19 1 32 19 67 41 74 29 96 73 98 0 62 46 75 3 21 17 55
7 77 94 57 40 11 26 14 33 42 12 0 60 52 20 2 44 0 16 32 92 52 75 17 47 65 33 1 39 15 16 18 8 16 53 14 36 73 71 18 68 71 62 0 0 64 15 33 19 30
29 23 27 29 11 43 91 22 15 38 59 84 56 97 44 57 77 25 79 20 31 52 99 82 91 57 64 56 30 47 10 69 62 76 32 8 88 77 70 26 87 12 46 0 0 76 57 30 1 84
77 89 48 31 77 35 80 0 50 15 68 55 46 70 52 80 12 1 50 31 55 8 94 43 44 28 3 20 79 63 89 23 46 22 23 1 13 36 55 65 76 89 75 64 76 0 17 70 34 98
67 61 76 59 24 73 5 3 17 77 43 72 58 85 73 39 82 83 76 60 28 89 77 37 99 92 33 45 80 54 20 19 4 3 48 30 66 9 34 94 55 40 3 15 57 17 0 54 10 95
90 17 52 93 13 16 74 52 16 86 95 60 21 95 32 59 40 4 83 66 55 100 49 8 71 64 72 66 32 21 76 15 49 3 53 76 52 13 52 54 71 92 21 33 30 70 54 0 82 99
39 49 49 96 45 10 84 55 16 84 60 23 9 26 15 40 48 81 32 37 99 95 44 0 80 1 8 100 74 88 53 17 43 36 63 88 96 3 27 78 98 67 17 19 1 34 10 82 0 22
75 48 46 32 84 76 72 85 73 94 77 24 43 7 67 30 46 48 97 65 32 41 48 10 41 74 24 60 15 79 20 65 72 24 21 21 50 82 34 30 50 72 55 30 84 98 95 99 22 0
RRBRRBBBRRBBRRBRBRRBRRBRBBBRBBRBBBBRBRRBRRBRBBBRRR