50
0 36 67 36 80 4 24 87 90 54 87 35 37 11 88 51 35 44 52 32 38 94 47 4 68 11 61 88 78 40 68 74 2 53 74 82 36 6 27 97 36 71 96 21 67 30 29 16 35 82
36 0 57 92 58 0 38 61 20 86 82 22 95 2 49 13 35 25 75 85 27 43 73 33 61 29 30 95 40 35 80 12 3 69 51 37 1 61 84 28 15 3 99 34 93 37 5 35 75 97
67 57 0 34 29 19 95 89 20 74 23 30 33 68 74 83 48 64 91 71 19 16 45 54 3 52 30 81 36 25 3 35 43 98 8 41 27 6 20 100 29 18 37 98 38 83 60 33 2 77
36 92 34 0 5 87 81 8 29 27 51 21 23 29 37 41 19 3 41 29 83 44 42 98 42 70 92 16 100 71 64 2 79 87 37 86 41 45 32 58 41 57 14 71 9 15 96 15 35 98
80 58 29 5 0 54 23 14 98 25 35 0 54 96 13 35 40 23 38 11 66 45 28 12 86 70 5 49 81 91 20 74 1 5 4 92 19 82 84 45 15 3 91 56 62 96 54 80 56 65
4 0 19 87 54 0 71 76 54 77 40 89 75 77 79 22 53 69 42 83 45 58 86 14 7 51 23 81 50 63 53 10 76 8 56 49 84 41 49 69 8 10 30 53 40 74 86 21 21 54
24 38 95 81 23 71 0 36 68 84 18 7 47 59 22 98 27 53 44 63 80 87 40 42 76 79 85 78 34 70 94 2 12 10 40 75 51 48 88 98 93 0 35 15 30 58 60 66 31 17
87 61 89 8 14 76 36 0 70 58 41 69 4 98 49 16 25 30 81 80 20 13 20 61 56 79 19 81 81 90 1 9 91 13 5 72 31 81 81 20 42 58 33 58 20 50 39 32 57 23
90 20 20 29 98 54 68 70 0 26 44 19 36 72 23 31 33 33 6 18 79 97 79 78 36 70 2 30 86 33 7 61 6 27 56 18 57 95 7 57 98 32 37 62 91 63 37 72 84 32
54 86 74 27 25 77 84 58 26 0 75 95 39 95 28 64 32 44 82 63 83 96 25 10 60 89 6 53 68 95 35 40 48 14 94 25 95 76 92 10 62 1 41 39 55 30 96 32 67 86
87 82 23 51 35 40 18 41 44 75 0 30 97 37 3 42 11 76 3 17 52 9 47 97 78 9 82 12 7 34 32 27 66 20 33 98 20 14 71 94 61 40 2 21 15 75 31 73 64 53
35 22 30 21 0 89 7 69 19 95 30 0 69 76 58 66 47 45 41 63 4 99 61 76 95 29 33 98 55 79 9 45 86 77 44 51 94 97 9 98 46 8 6 0 4 67 72 27 72 29
37 95 33 23 54 75 47 4 36 39 97 69 0 56 39 87 0 94 61 66 90 85 27 11 81 23 78 31 16 59 1 66 9 18 24 43 21 62 27 49 47 3 67 34 71 74 6 61 4 79
11 2 68 29 96 77 59 98 72 95 37 76 56 0 75 41 20 43 40 80 57 83 39 25 85 65 19 58 62 19 86 27 6 100 50 99 15 54 77 27 45 27 82 90 3 72 59 17 51 79
88 49 74 37 13 79 22 49 23 28 3 58 39 75 0 28 6 58 63 57 8 64 69 79 4 24 86 12 44 22 88 45 69 84 81 48 41 89 49 55 12 56 15 63 91 17 85 15 32 6
51 13 83 41 35 22 98 16 31 64 42 66 87 41 28 0 57 36 6 88 7 85 45 65 26 50 82 27 72 97 64 35 30 7 58 67 67 98 44 99 71 70 88 20 17 13 34 79 89 77
35 35 48 19 40 53 27 25 33 32 11 47 0 20 6 57 0 98 35 12 84 94 73 98 64 30 63 49 81 80 35 99 13 60 51 8 83 24 100 44 60 94 30 29 63 75 6 1 6 62
44 25 64 3 23 69 53 30 33 44 76 45 94 43 58 36 98 0 12 11 82 80 94 28 25 18 15 1 29 57 83 60 33 86 6 7 11 73 18 83 52 52 12 5 52 55 87 52 98 77
52 75 91 41 38 42 44 81 6 82 3 41 61 40 63 6 35 12 0 32 69 70 15 15 80 92 76 72 15 20 9 48 27 38 27 1 39 6 11 22 97 14 63 76 37 6 64 36 42 20
32 85 71 29 11 83 63 80 18 63 17 63 66 80 57 88 12 11 32 0 97 70 3 31 97 66 76 78 33 4 23 65 76 24 94 95 49 80 71 97 69 0 52 14 66 66 22 75 18 30
38 27 19 83 66 45 80 20 79 83 52 4 90 57 8 7 84 82 69 97 0 22 51 38 31 97 82 51 5 69 91 4 11 58 99 75 87 3 11 99 35 68 64 79 9 51 88 6 49 18
94 43 16 44 45 58 87 13 97 96 9 99 85 83 64 85 94 80 70 70 22 0 2 48 95 5 78 44 36 43 12 51 62 92 2 35 98 32 24 86 42 69 50 37 85 30 100 16 78 92
47 73 45 42 28 86 40 20 79 25 47 61 27 39 69 45 73 94 15 3 51 2 0 95 96 81 33 98 57 84 36 94 6 35 98 76 10 52 27 81 64 88 0 32 58 85 51 96 28 15
4 33 54 98 12 14 42 61 78 10 97 76 11 25 79 65 98 28 15 31 38 48 95 0 17 19 14 14 100 73 17 11 4 64 28 26 89 90 50 63 58 49 34 6 81 17 73 74 49 27
68 61 3 42 86 7 76 56 36 60 78 95 81 85 4 26 64 25 80 97 31 95 96 17 0 37 79 49 70 39 82 47 20 92 11 79 65 11 31 60 47 77 80 72 67 67 24 29 78 86
11 29 52 70 70 51 79 79 70 89 9 29 23 65 24 50 30 18 92 66 97 5 81 19 37 0 100 27 83 15 24 45 61 100 38 64 63 58 82 14 73 62 6 99 1 72 58 76 100 95
61 30 30 92 5 23 85 19 2 6 82 33 78 19 86 82 63 15 76 76 82 78 33 14 79 100 0 86 65 97 46 33 59 76 65 91 24 66 44 51 0 22 9 46 0 16 76 70 4 94
88 95 81 16 49 81 78 81 30 53 12 98 31 58 12 27 49 1 72 78 51 44 98 14 49 27 86 0 66 44 86 16 63 51 8 75 86 35 45 96 36 32 58 72 83 25 62 89 61 73
78 40 36 100 81 50 34 81 86 68 7 55 16 62 44 72 81 29 15 33 5 36 57 100 70 83 65 66 0 4 49 60 16 37 38 64 67 44 88 46 15 55 60 7 16 61 40 63 41 41
40 35 25 71 91 63 70 90 33 95 34 79 59 19 22 97 80 57 20 4 69 43 84 73 39 15 97 44 4 0 87 12 45 10 49 35 48 2 91 95 76 88 25 26 89 35 67 87 4 99
68 80 3 64 20 53 94 1 7 35 32 9 1 86 88 64 35 83 9 23 91 12 36 17 82 24 46 86 49 87 0 35 19 24 9 46 80 40 41 18 91 77 30 37 67 71 32 37 28 99
74 12 35 2 74 10 2 9 61 40 27 45 66 27 45 35 99 60 48 65 4 51 94 11 47 45 33 16 60 12 35 0 54 7 16 94 15 96 12 59 29 49 11 40 72 68 46 88 21 54
2 3 43 79 1 76 12 91 6 48 66 86 9 6 69 30 13 33 27 76 11 62 6 4 20 61 59 63 16 45 19 54 0 37 91 90 68 66 77 34 76 76 90 1 79 6 73 32 20 5
53 69 98 87 5 8 10 13 27 14 20 77 18 100 84 7 60 86 38 24 58 92 35 64 92 100 76 51 37 10 24 7 37 0 99 78 91 18 61 12 81 22 57 52 85 37 68 22 22 69
74 51 8 37 4 56 40 5 56 94 33 44 24 50 81 58 51 6 27 94 99 2 98 28 11 38 65 8 38 49 9 16 91 99 0 85 48 68 53 25 54 60 50 78 77 87 36 79 64 6
82 37 41 86 92 49 75 72 18 25 98 51 43 99 48 67 8 7 1 95 75 35 76 26 79 64 91 75 64 35 46 94 90 78 85 0 6 50 26 16 32 57 0 66 30 46 37 94 27 2
36 1 27 41 19 84 51 31 57 95 20 94 21 15 41 67 83 11 39 49 87 98 10 89 65 63 24 86 67 48 80 15 68 91 48 6 0 89 65 87 60 67 53 78 16 3 9 44 52 30
6 61 6 45 82 41 48 81 95 76 14 97 62 54 89 98 24 73 6 80 3 32 52 90 11 58 66 35 44 2 40 96 66 18 68 50 89 0 59 4 19 42 44 54 53 78 74 48 9 67
27 84 20 32 84 49 88 81 7 92 71 9 27 77 49 44 100 18 11 71 11 24 27 50 31 82 44 45 88 91 41 12 77 61 53 26 65 59 0 61 71 68 1 0 89 0 11 78 5 26
97 28 100 58 45 69 98 20 57 10 94 98 49 27 55 99 44 83 22 97 99 86 81 63 60 14 51 96 46 95 18 59 34 12 25 16 87 4 61 0 11 68 43 44 41 37 5 69 50 90
36 15 29 41 15 8 93 42 98 62 61 46 47 45 12 71 60 52 97 69 35 42 64 58 47 73 0 36 15 76 91 29 76 81 54 32 60 19 71 11 0 93 78 50 22 50 21 89 19 99
71 3 18 57 3 10 0 58 32 1 40 8 3 27 56 70 94 52 14 0 68 69 88 49 77 62 22 32 55 88 77 49 76 22 60 57 67 42 68 68 93 0 6 30 85 6 59 71 12 93
96 99 37 14 91 30 35 33 37 41 2 6 67 82 15 88 30 12 63 52 64 50 0 34 80 6 9 58 60 25 30 11 90 57 50 0 53 44 1 43 78 6 0 8 77 72 14 81 31 58
21 34 98 71 56 53 15 58 62 39 21 0 34 90 63 20 29 5 76 14 79 37 32 6 72 99 46 72 7 26 37 40 1 52 78 66 78 54 0 44 50 30 8 0 61 32 76 67 65 28
67 93 38 9 62 40 30 20 91 55 15 4 71 3 91 17 63 52 37 66 9 85 58 81 67 1 0 83 16 89 67 72 79 85 77 30 16 53 89 41 22 85 77 61 0 68 30 0 70 46
30 37 83 15 96 74 58 50 63 30 75 67 74 72 17 13 75 55 6 66 51 30 85 17 67 72 16 25 61 35 71 68 6 37 87 46 3 78 0 37 50 6 72 32 68 0 13 52 78 63
29 5 60 96 54 86 60 39 37 96 31 72 6 59 85 34 6 87 64 22 88 100 51 73 24 58 76 62 40 67 32 46 73 68 36 37 9 74 11 5 21 59 14 76 30 13 0 80 89 100
16 35 33 15 80 21 66 32 72 32 73 27 61 17 15 79 1 52 36 75 6 16 96 74 29 76 70 89 63 87 37 88 32 22 79 94 44 48 78 69 89 71 81 67 0 52 80 0 35 56
35 75 2 35 56 21 31 57 84 67 64 72 4 51 32 89 6 98 42 18 49 78 28 49 78 100 4 61 41 4 28 21 20 22 64 27 52 9 5 50 19 12 31 65 70 78 89 35 0 84
82 97 77 98 65 54 17 23 32 86 53 29 79 79 6 77 62 77 20 30 18 92 15 27 86 95 94 73 41 99 99 54 5 69 6 2 30 67 26 90 99 93 58 28 46 63 100 56 84 0
BBRRBBBBBBRBRRRRBBBRBBRRRRBRRRRRRBRRRBBRRRRBBBBBBB
