50
0 72 4 0 27 94 75 31 64 70 60 51 32 58 93 85 60 89 52 80 72 95 77 87 22 97 83 59 29 85 20 78 17 63 11 24 53 6 30 8 77 23 63 64 17 100 60 84 54 96
72 0 51 79 5 59 40 88 67 65 62 85 3 55 93 86 68 30 37 43 78 98 24 73 20 82 37 34 98 99 83 89 37 6 98 4 82 26 26 23 3 94 14 4 98 50 17 55 16 60
4 51 0 81 100 37 14 31 29 21 68 94 74 26 50 47 28 24 61 62 56 24 80 45 97 48 15 64 11 16 17 7 12 95 63 74 29 92 48 1 1 97 54 54 94 64 44 86 83 73
0 79 81 0 35 71 68 41 11 84 2 17 69 5 49 70 67 57 29 23 48 81 49 20 92 12 49 20 34 11 26 72 27 40 35 17 34 42 42 17 40 7 44 66 8 83 23 33 22 64
27 5 100 35 0 77 27 45 49 100 97 55 64 35 61 90 64 52 27 9 50 64 78 74 12 38 24 30 58 94 66 87 26 72 32 5 50 20 21 62 40 26 64 6 43 82 4 0 90 67
94 59 37 71 77 0 73 63 43 97 58 97 22 7 12 52 64 11 20 85 81 20 52 0 83 57 17 37 59 22 30 3 50 24 4 87 32 68 83 31 29 9 64 86 39 48 36 92 96 97
75 40 14 68 27 73 0 71 67 28 24 70 43 47 64 87 86 75 94 84 0 63 69 50 38 99 43 40 38 64 47 13 100 50 97 3 47 76 61 41 76 92 87 55 74 56 91 3 21 10
31 88 31 41 45 63 71 0 88 51 91 42 7 98 23 11 12 18 51 26 77 54 57 59 53 70 9 56 36 43 47 58 65 75 48 31 90 49 50 18 96 83 98 45 23 78 33 3 82 12
64 67 29 11 49 43 67 88 0 42 1 96 27 67 79 47 7 73 59 9 89 11 49 88 49 21 78 56 13 97 91 19 83 71 44 45 57 10 53 87 39 85 56 65 57 69 3 24 9 100
70 65 21 84 100 97 28 51 42 0 29 81 63 68 91 86 23 21 93 79 87 16 83 100 84 5 75 52 82 81 78 16 46 17 66 69 19 46 96 12 76 56 44 94 13 42 73 47 28 17
60 62 68 2 97 58 24 91 1 29 0 92 21 36 10 50 44 28 11 85 87 90 88 95 25 45 22 35 43 88 86 85 58 95 95 8 98 50 72 73 61 42 31 22 13 75 11 11 34 77
51 85 94 17 55 97 70 42 96 81 92 0 8 58 96 49 88 63 14 22 12 9 79 93 86 95 95 62 43 28 66 8 42 34 36 33 84 36 29 58 73 41 42 50 30 55 74 43 74 38
32 3 74 69 64 22 43 7 27 63 21 8 0 56 9 14 91 23 6 32 29 5 14 16 27 76 78 48 70 55 13 25 9 53 88 39 75 92 11 29 45 93 5 98 28 60 6 23 24 56
58 55 26 5 35 7 47 98 67 68 36 58 56 0 34 45 94 69 14 95 17 2 98 9 76 69 50 92 25 73 49 24 17 56 4 93 23 50 5 13 7 9 18 10 31 25 72 80 25 1
93 93 50 49 61 12 64 23 79 91 10 96 9 34 0 4 71 98 9 15 32 62 10 97 92 88 33 77 53 39 28 80 22 5 55 23 84 85 100 54 68 39 89 3 95 75 56 72 88 39
85 86 47 70 90 52 87 11 47 86 50 49 14 45 4 0 19 94 89 13 9 73 24 18 68 75 15 82 25 90 64 56 3 35 99 69 56 77 17 43 28 26 2 36 5 76 52 90 26 44
60 68 28 67 64 64 86 12 7 23 44 88 91 94 71 19 0 12 78 22 8 70 2 98 78 34 97 60 74 95 97 11 44 14 14 75 80 3 81 1 75 60 3 24 0 87 86 53 94 3
89 30 24 57 52 11 75 18 73 21 28 63 23 69 98 94 12 0 2 26 79 40 66 89 34 9 90 48 72 9 53 63 5 12 84 42 70 75 45 82 81 43 23 85 49 68 60 80 15 35
52 37 61 29 27 20 94 51 59 93 11 14 6 14 9 89 78 2 0 78 53 21 68 14 74 15 55 2 89 5 24 61 72 86 62 10 56 53 97 27 28 62 21 68 22 97 47 70 82 41
80 43 62 23 9 85 84 26 9 79 85 22 32 95 15 13 22 26 78 0 74 96 78 100 83 46 67 36 75 1 77 69 18 68 0 39 17 11 68 49 49 20 28 71 22 20 82 73 82 69
72 78 56 48 50 81 0 77 89 87 87 12 29 17 32 9 8 79 53 74 0 86 84 100 72 63 28 91 89 38 8 82 90 55 10 53 66 79 30 67 0 57 87 10 22 15 67 1 32 2
95 98 24 81 64 20 63 54 11 16 90 9 5 2 62 73 70 40 21 96 86 0 65 83 75 68 53 67 33 70 42 37 55 16 82 79 93 23 61 12 77 55 39 7 57 30 34 15 27 17
77 24 80 49 78 52 69 57 49 83 88 79 14 98 10 24 2 66 68 78 84 65 0 27 45 13 7 82 48 72 79 55 29 78 23 20 96 44 90 9 10 56 1 22 64 85 97 94 27 93
87 73 45 20 74 0 50 59 88 100 95 93 16 9 97 18 98 89 14 100 100 83 27 0 84 14 16 75 47 21 66 54 69 8 87 74 92 42 63 54 85 80 23 15 20 11 56 41 57 85
22 20 97 92 12 83 38 53 49 84 25 86 27 76 92 68 78 34 74 83 72 75 45 84 0 62 85 2 17 51 59 8 84 84 42 46 63 57 11 36 23 100 14 57 92 51 4 75 93 13
97 82 48 12 38 57 99 70 21 5 45 95 76 69 88 75 34 9 15 46 63 68 13 14 62 0 32 37 62 56 45 21 62 85 65 86 87 82 73 34 44 80 46 43 84 35 95 30 88 61
83 37 15 49 24 17 43 9 78 75 22 95 78 50 33 15 97 90 55 67 28 53 7 16 85 32 0 80 46 65 97 45 20 28 88 38 49 27 20 77 94 54 36 3 61 13 42 32 57 42
59 34 64 20 30 37 40 56 56 52 35 62 48 92 77 82 60 48 2 36 91 67 82 75 2 37 80 0 49 77 37 38 14 35 40 30 95 96 21 62 7 93 80 52 79 88 66 10 4 41
29 98 11 34 58 59 38 36 13 82 43 43 70 25 53 25 74 72 89 75 89 33 48 47 17 62 46 49 0 58 89 60 19 9 53 21 59 63 30 92 48 95 69 35 80 34 51 19 34 15
85 99 16 11 94 22 64 43 97 81 88 28 55 73 39 90 95 9 5 1 38 70 72 21 51 56 65 77 58 0 6 38 97 3 50 36 48 91 57 31 49 84 90 48 2 100 79 27 24 69
20 83 17 26 66 30 47 47 91 78 86 66 13 49 28 64 97 53 24 77 8 42 79 66 59 45 97 37 89 6 0 33 65 74 34 59 33 91 92 86 16 36 31 55 93 99 62 19 23 40
78 89 7 72 87 3 13 58 19 16 85 8 25 24 80 56 11 63 61 69 82 37 55 54 8 21 45 38 60 38 33 0 60 12 61 67 5 0 62 35 100 68 5 98 51 37 19 61 26 100
17 37 12 27 26 50 100 65 83 46 58 42 9 17 22 3 44 5 72 18 90 55 29 69 84 62 20 14 19 97 65 60 0 87 6 74 91 58 91 84 1 66 56 77 18 45 62 82 32 95
63 6 95 40 72 24 50 75 71 17 95 34 53 56 5 35 14 12 86 68 55 16 78 8 84 85 28 35 9 3 74 12 87 0 38 34 41 95 7 93 72 61 93 28 76 80 15 0 89 35
11 98 63 35 32 4 97 48 44 66 95 36 88 4 55 99 14 84 62 0 10 82 23 87 42 65 88 40 53 50 34 61 6 38 0 85 90 84 95 60 94 79 63 56 2 62 59 23 29 64
24 4 74 17 5 87 3 31 45 69 8 33 39 93 23 69 75 42 10 39 53 79 20 74 46 86 38 30 21 36 59 67 74 34 85 0 16 17 18 84 26 67 67 13 50 3 65 23 86 15
53 82 29 34 50 32 47 90 57 19 98 84 75 23 84 56 80 70 56 17 66 93 96 92 63 87 49 95 59 48 33 5 91 41 90 16 0 72 99 85 12 70 96 83 40 94 5 45 52 14
6 26 92 42 20 68 76 49 10 46 50 36 92 50 85 77 3 75 53 11 79 23 44 42 57 82 27 96 63 91 91 0 58 95 84 17 72 0 1 30 47 80 49 14 6 6 86 0 52 3
30 26 48 42 21 83 61 50 53 96 72 29 11 5 100 17 81 45 97 68 30 61 90 63 11 73 20 21 30 57 92 62 91 7 95 18 99 1 0 6 21 38 30 6 77 7 22 98 68 49
8 23 1 17 62 31 41 18 87 12 73 58 29 13 54 43 1 82 27 49 67 12 9 54 36 34 77 62 92 31 86 35 84 93 60 84 85 30 6 0 96 61 25 55 29 31 88 14 48 14
77 3 1 40 40 29 76 96 39 76 61 73 45 7 68 28 75 81 28 49 0 77 10 85 23 44 94 7 48 49 16 100 1 72 94 26 12 47 21 96 0 62 42 100 7 86 22 2 86 34
23 94 97 7 26 9 92 83 85 56 42 41 93 9 39 26 60 43 62 20 57 55 56 80 100 80 54 93 95 84 36 68 66 61 79 67 70 80 38 61 62 0 85 52 84 85 61 91 57 87
63 14 54 44 64 64 87 98 56 44 31 42 5 18 89 2 3 23 21 28 87 39 1 23 14 46 36 80 69 90 31 5 56 93 63 67 96 49 30 25 42 85 0 60 52 89 30 74 13 98
64 4 54 66 6 86 55 45 65 94 22 50 98 10 3 36 24 85 68 71 10 7 22 15 57 43 3 52 35 48 55 98 77 28 56 13 83 14 6 55 100 52 60 0 55 57 51 5 68 34
17 98 94 8 43 39 74 23 57 13 13 30 28 31 95 5 0 49 22 22 22 57 64 20 92 84 61 79 80 2 93 51 18 76 2 50 40 6 77 29 7 84 52 55 0 85 66 54 2 37
100 50 64 83 82 48 56 78 69 42 75 55 60 25 75 76 87 68 97 20 15 30 85 11 51 35 13 88 34 100 99 37 45 80 62 3 94 6 7 31 86 85 89 57 85 0 1 77 46 68
60 17 44 23 4 36 91 33 3 73 11 74 6 72 56 52 86 60 47 82 67 34 97 56 4 95 42 66 51 79 62 19 62 15 59 65 5 86 22 88 22 61 30 51 66 1 0 68 18 31
84 55 86 33 0 92 3 3 24 47 11 43 23 80 72 90 53 80 70 73 1 15 94 41 75 30 32 10 19 27 19 61 82 0 23 23 45 0 98 14 2 91 74 5 54 77 68 0 77 19
54 16 83 22 90 96 21 82 9 28 34 74 24 25 88 26 94 15 82 82 32 27 27 57 93 88 57 4 34 24 23 26 32 89 29 86 52 52 68 48 86 57 13 68 2 46 18 77 0 71
96 60 73 64 67 97 10 12 100 17 77 38 56 1 39 44 3 35 41 69 2 17 93 85 13 61 42 41 15 69 40 100 95 35 64 15 14 3 49 14 34 87 98 34 37 68 31 19 71 0
BBRRRRBRRBRBBBBBRRBBBBRRRBBRBRBBRRRBBBBRBRRRRRBBRR
