20
0 0 93 11 14 99 14 22 96 16 21 91 24 24 85 79 68 58 79 85
0 0 0 13 17 89 17 25 79 15 22 92 24 24 98 88 77 87 34 87
93 0 0 0 99 25 95 94 33 93 93 23 99 93 13 27 10 11 16 23
11 13 0 0 0 97 13 22 87 11 15 89 32 27 93 89 10 68 97 68
14 17 99 0 0 0 13 16 89 24 36 94 33 31 77 88 99 88 66 77
99 89 25 97 0 0 0 96 24 90 94 35 95 92 17 23 13 15 19 99
14 17 95 13 13 0 0 0 78 32 35 97 22 29 78 68 95 84 86 78
22 25 94 22 16 96 0 0 0 32 26 99 29 39 65 88 84 87 95 78
96 79 33 87 89 24 78 0 0 0 89 26 79 84 14 11 21 32 22 13
16 15 93 11 24 90 32 32 0 0 0 57 37 40 68 74 45 46 51 62
21 22 93 15 36 94 35 26 89 0 0 0 67 55 99 87 36 44 55 54
91 92 23 89 94 35 97 99 26 57 0 0 0 69 69 69 79 69 69 69
24 24 99 32 33 95 22 29 79 37 67 0 0 0 56 48 49 69 44 52
24 24 93 27 31 92 29 39 84 40 55 69 0 0 0 67 54 55 54 87
85 98 13 93 77 17 78 65 14 68 99 69 56 0 0 0 91 69 48 69
79 88 27 89 88 23 68 88 11 74 87 69 48 67 0 0 0 64 53 43
68 77 10 10 99 13 95 84 21 45 36 79 49 54 91 0 0 0 53 67
58 87 11 68 88 15 84 87 32 46 44 69 69 55 69 64 0 0 0 76
79 34 16 97 66 19 86 95 22 51 55 69 44 54 48 53 53 0 0 0
85 87 23 68 77 99 78 78 13 62 54 69 52 87 69 43 67 76 0 0
RRBRRBRRBRRBRRBBBBBB