50
0 59 38 15 28 6 39 43 59 46 78 94 93 70 97 71 96 79 73 90 81 73 92 88 74 81 88 76 83 95 84 99 92 81 98 71 77 86 91 86 75 79 96 87 80 71 87 72 97 100
59 0 45 46 9 10 22 36 38 11 91 85 87 97 90 82 94 73 88 92 10 100 74 88 98 74 81 71 71 95 70 78 80 92 76 91 74 85 95 71 92 75 87 84 76 72 98 74 71 85
38 45 0 23 58 9 32 12 29 59 83 96 89 96 79 86 79 84 78 94 94 72 85 76 99 76 72 80 91 88 89 76 73 99 76 71 87 95 87 70 98 83 72 74 83 86 90 74 100 93
15 46 23 0 25 43 19 14 17 41 78 94 82 81 83 78 77 91 82 78 95 88 77 82 85 86 87 99 88 78 74 86 85 97 75 89 79 86 97 93 71 85 85 84 75 89 93 82 82 88
28 9 58 25 0 51 7 13 4 9 78 97 100 84 88 96 70 98 99 86 88 95 76 73 91 92 89 76 94 82 71 79 92 80 81 71 96 76 80 76 92 77 100 78 79 82 72 87 95 93
6 10 9 43 51 0 10 40 40 11 98 75 84 92 97 82 78 98 92 93 88 71 83 77 96 84 99 75 79 86 70 95 75 82 74 86 92 70 84 78 95 93 71 97 82 84 94 93 99 71
39 22 32 19 7 10 0 43 45 43 79 72 77 74 74 95 82 85 95 96 82 76 82 76 77 99 94 90 98 10 70 93 78 75 98 87 70 86 76 78 76 99 96 90 98 84 81 71 71 91
43 36 12 14 13 40 43 0 59 17 73 86 73 82 94 100 97 78 83 71 94 88 93 82 93 73 92 70 76 83 78 100 96 83 86 71 89 89 90 75 91 82 94 75 97 98 71 91 82 96
59 38 29 17 4 40 45 59 0 55 73 91 91 92 71 73 95 79 85 94 81 91 87 86 99 97 98 93 75 85 92 87 95 80 86 88 82 84 78 70 74 90 80 86 94 75 94 92 73 96
46 11 59 41 9 11 43 17 55 0 80 70 83 84 80 98 100 92 95 70 97 92 98 97 91 75 87 75 82 81 93 100 97 87 81 88 78 89 78 93 76 79 93 85 75 92 74 79 94 95
78 91 83 78 78 98 79 73 73 80 0 36 42 5 11 4 51 41 34 6 96 81 79 80 94 79 82 93 84 76 70 83 74 92 87 73 77 90 83 100 74 72 96 95 91 87 91 98 70 72
94 85 96 94 97 75 72 86 91 70 36 0 41 57 23 28 46 40 21 19 89 97 91 82 91 93 87 91 85 10 84 71 90 97 84 92 84 87 80 85 93 70 88 79 75 79 99 88 90 92
93 87 89 82 100 84 77 73 91 83 42 41 0 42 6 37 14 6 34 23 93 74 84 91 98 71 76 77 99 80 94 74 84 77 71 77 80 88 76 87 70 95 89 70 97 72 88 73 84 80
70 97 96 81 84 92 74 82 92 84 5 57 42 0 11 8 47 33 48 50 100 92 91 96 77 72 93 88 99 99 80 82 89 85 79 93 78 88 100 72 90 77 75 100 73 97 86 81 88 84
97 90 79 83 88 97 74 94 71 80 11 23 6 11 0 3 59 28 12 12 79 87 78 76 82 79 81 78 84 77 93 73 85 83 80 83 82 95 95 79 82 91 87 83 85 93 95 84 76 76
71 82 86 78 96 82 95 100 73 98 4 28 37 8 3 0 39 14 48 37 92 81 87 96 83 77 86 84 85 86 82 84 70 100 85 89 98 86 81 91 83 74 74 70 89 96 97 99 95 74
96 94 79 77 70 78 82 97 95 100 51 46 14 47 59 39 0 34 30 49 92 78 88 84 75 71 73 89 95 81 97 83 99 90 88 81 74 90 84 86 94 10 96 99 94 79 81 75 84 83
79 73 84 91 98 98 85 78 79 92 41 40 6 33 28 14 34 0 7 13 81 97 99 72 73 94 84 88 75 90 94 78 82 84 97 90 74 92 70 74 98 78 78 97 93 76 72 84 87 93
73 88 78 82 99 92 95 83 85 95 34 21 34 48 12 48 30 7 0 44 88 92 96 99 96 73 74 79 78 81 89 79 81 96 80 85 78 72 79 84 100 71 75 99 70 72 71 77 81 98
90 92 94 78 86 93 96 71 94 70 6 19 23 50 12 37 49 13 44 0 94 77 83 76 91 95 97 89 88 78 89 79 88 84 88 90 98 70 71 76 86 93 83 79 74 88 84 75 79 78
81 10 94 95 88 88 82 94 81 97 96 89 93 100 79 92 92 81 88 94 0 96 89 99 100 93 88 95 10 89 93 95 90 89 94 98 77 77 93 87 79 77 93 93 77 79 81 94 78 77
73 100 72 88 95 71 76 88 91 92 81 97 74 92 87 81 78 97 92 77 96 0 49 37 16 33 33 18 48 76 82 77 70 92 97 93 71 82 79 79 82 85 96 97 100 90 97 89 88 91
92 74 85 77 76 83 82 93 87 98 79 91 84 91 78 87 88 99 96 83 89 49 0 29 35 12 27 29 60 78 85 86 87 80 79 92 77 85 87 73 74 97 83 80 75 73 84 92 91 88
88 88 76 82 73 77 76 82 86 97 80 82 91 96 76 96 84 72 99 76 99 37 29 0 19 13 12 37 51 87 100 82 72 90 72 90 92 84 86 89 71 79 74 75 70 76 83 99 92 72
74 98 99 85 91 96 77 93 99 91 94 91 98 77 82 83 75 73 96 91 100 16 35 19 0 52 52 51 39 99 72 95 79 75 78 70 85 83 99 91 79 89 85 84 86 88 93 88 80 85
81 74 76 86 92 84 99 73 97 75 79 93 71 72 79 77 71 94 73 95 93 33 12 13 52 0 43 57 3 89 73 100 73 85 73 97 92 97 84 75 84 98 93 78 79 81 86 76 93 92
88 81 72 87 89 99 94 92 98 87 82 87 76 93 81 86 73 84 74 97 88 33 27 12 52 43 0 33 57 87 93 80 98 73 100 86 71 92 72 89 78 96 83 100 97 83 97 78 71 84
76 71 80 99 76 75 90 70 93 75 93 91 77 88 78 84 89 88 79 89 95 18 29 37 51 57 33 0 38 84 95 78 88 86 90 79 82 97 78 83 86 70 98 80 76 100 70 83 86 92
83 71 91 88 94 79 98 76 75 82 84 85 99 99 84 85 95 75 78 88 10 48 60 51 39 3 57 38 0 97 76 89 96 73 92 74 80 87 75 73 84 78 81 99 79 74 95 71 73 98
95 95 88 78 82 86 10 83 85 81 76 10 80 99 77 86 81 90 81 78 89 76 78 87 99 89 87 84 97 0 83 80 95 98 100 97 80 92 79 88 82 93 98 88 76 86 91 85 93 90
84 70 89 74 71 70 70 78 92 93 70 84 94 80 93 82 97 94 89 89 93 82 85 100 72 73 93 95 76 83 0 6 30 49 26 30 60 17 53 41 92 73 89 98 74 86 77 72 90 72
99 78 76 86 79 95 93 100 87 100 83 71 74 82 73 84 83 78 79 79 95 77 86 82 95 100 80 78 89 80 6 0 25 35 55 12 19 34 32 40 76 79 89 73 87 70 71 98 96 83
92 80 73 85 92 75 78 96 95 97 74 90 84 89 85 70 99 82 81 88 90 70 87 72 79 73 98 88 96 95 30 25 0 52 6 60 39 27 38 60 91 93 99 79 80 95 78 74 92 10
81 92 99 97 80 82 75 83 80 87 92 97 77 85 83 100 90 84 96 84 89 92 80 90 75 85 73 86 73 98 49 35 52 0 31 6 51 25 45 12 75 99 72 92 74 71 95 81 72 87
98 76 76 75 81 74 98 86 86 81 87 84 71 79 80 85 88 97 80 88 94 97 79 72 78 73 100 90 92 100 26 55 6 31 0 41 48 14 29 57 100 77 82 97 91 94 94 97 99 93
71 91 71 89 71 86 87 71 88 88 73 92 77 93 83 89 81 90 85 90 98 93 92 90 70 97 86 79 74 97 30 12 60 6 41 0 57 36 54 45 79 78 95 88 77 79 83 90 84 85
77 74 87 79 96 92 70 89 82 78 77 84 80 78 82 98 74 74 78 98 77 71 77 92 85 92 71 82 80 80 60 19 39 51 48 57 0 25 51 26 84 94 74 75 92 91 82 89 98 85
86 85 95 86 76 70 86 89 84 89 90 87 88 88 95 86 90 92 72 70 77 82 85 84 83 97 92 97 87 92 17 34 27 25 14 36 25 0 56 31 83 94 83 82 81 72 77 99 79 97
91 95 87 97 80 84 76 90 78 78 83 80 76 100 95 81 84 70 79 71 93 79 87 86 99 84 72 78 75 79 53 32 38 45 29 54 51 56 0 8 80 72 77 96 79 85 75 87 93 77
86 71 70 93 76 78 78 75 70 93 100 85 87 72 79 91 86 74 84 76 87 79 73 89 91 75 89 83 73 88 41 40 60 12 57 45 26 31 8 0 78 88 94 96 76 89 86 78 96 96
75 92 98 71 92 95 76 91 74 76 74 93 70 90 82 83 94 98 100 86 79 82 74 71 79 84 78 86 84 82 92 76 91 75 100 79 84 83 80 78 0 59 58 3 3 32 19 18 7 7
79 75 83 85 77 93 99 82 90 79 72 70 95 77 91 74 10 78 71 93 77 85 97 79 89 98 96 70 78 93 73 79 93 99 77 78 94 94 72 88 59 0 48 23 5 22 14 42 45 56
96 87 72 85 100 71 96 94 80 93 96 88 89 75 87 74 96 78 75 83 93 96 83 74 85 93 83 98 81 98 89 89 99 72 82 95 74 83 77 94 58 48 0 32 11 46 8 3 11 23
87 84 74 84 78 97 90 75 86 85 95 79 70 100 83 70 99 97 99 79 93 97 80 75 84 78 100 80 99 88 98 73 79 92 97 88 75 82 96 96 3 23 32 0 42 53 30 10 33 12
80 76 83 75 79 82 98 97 94 75 91 75 97 73 85 89 94 93 70 74 77 100 75 70 86 79 97 76 79 76 74 87 80 74 91 77 92 81 79 76 3 5 11 42 0 52 34 29 33 13
71 72 86 89 82 84 84 98 75 92 87 79 72 97 93 96 79 76 72 88 79 90 73 76 88 81 83 100 74 86 86 70 95 71 94 79 91 72 85 89 32 22 46 53 52 0 3 28 16 20
87 98 90 93 72 94 81 71 94 74 91 99 88 86 95 97 81 72 71 84 81 97 84 83 93 86 97 70 95 91 77 71 78 95 94 83 82 77 75 86 19 14 8 30 34 3 0 30 44 47
72 74 74 82 87 93 71 91 92 79 98 88 73 81 84 99 75 84 77 75 94 89 92 99 88 76 78 83 71 85 72 98 74 81 97 90 89 99 87 78 18 42 3 10 29 28 30 0 38 15
97 71 100 82 95 99 71 82 73 94 70 90 84 88 76 95 84 87 81 79 78 88 91 92 80 93 71 86 73 93 90 96 92 72 99 84 98 79 93 96 7 45 11 33 33 16 44 38 0 32
100 85 93 88 93 71 91 96 96 95 72 92 80 84 76 74 83 93 98 78 77 91 88 72 85 92 84 92 98 90 72 83 10 87 93 85 85 97 77 96 7 56 23 12 13 20 47 15 32 0
RBRBRBRBRBRBRBRBRBRBRRBRBRBRBBRBRBRBRBRBRBRBRBRBRB
