50
0 42 50 76 59 59 33 35 60 47 82 79 15 8 11 78 24 38 20 21 20 16 16 28 9 16 62 20 55 95 79 53 81 93 41 56 21 71 47 38 64 60 96 65 45 76 64 86 86 78
42 0 13 59 64 93 23 36 60 28 95 68 39 33 10 80 39 6 1 44 44 29 45 26 25 38 73 12 51 83 86 99 95 77 38 66 48 68 6 32 90 97 81 82 26 67 57 91 74 78
50 13 0 62 74 71 5 46 54 37 64 67 17 2 41 60 34 1 27 1 27 20 48 21 46 27 74 11 96 81 97 70 57 61 6 68 37 91 46 34 79 81 53 57 27 61 95 62 87 92
76 59 62 0 10 9 58 94 30 65 0 20 64 69 90 1 56 98 59 65 86 82 84 75 73 66 30 78 14 16 42 50 43 50 75 27 83 21 61 79 31 43 47 43 53 13 9 28 3 4
59 64 74 10 0 23 58 59 26 54 1 3 87 72 81 23 86 89 86 90 71 95 63 74 100 58 4 52 50 32 35 37 30 8 94 40 81 23 88 89 27 37 31 42 92 2 40 38 42 30
59 93 71 9 23 0 96 96 2 96 34 13 87 81 58 13 69 78 64 63 88 72 60 60 76 72 27 54 44 37 5 50 8 15 68 32 70 19 92 72 26 13 1 24 52 40 1 3 3 35
33 23 5 58 58 96 0 21 75 45 84 58 49 4 22 59 36 46 13 5 45 29 26 36 35 35 67 45 78 85 80 61 80 89 22 97 22 70 8 7 94 91 58 55 11 83 68 99 57 60
35 36 46 94 59 96 21 0 64 22 60 98 2 10 37 72 10 49 47 5 48 46 5 39 16 24 85 40 97 73 87 78 82 83 46 64 10 70 37 6 64 91 63 63 15 62 66 97 63 88
60 60 54 30 26 2 75 64 0 86 3 29 98 80 91 12 51 71 82 60 96 87 93 55 84 62 35 60 43 17 39 7 29 20 87 24 53 3 85 59 21 4 46 13 58 9 22 2 34 21
47 28 37 65 54 96 45 22 86 0 74 73 26 45 25 93 38 33 17 6 30 19 16 40 15 12 94 12 85 58 59 51 71 58 17 68 1 60 32 7 85 97 85 69 39 85 53 89 77 68
82 95 64 0 1 34 84 60 3 74 0 1 55 93 79 35 55 58 67 85 63 97 69 80 54 77 28 71 7 12 30 4 18 2 81 23 61 40 54 54 20 10 5 31 79 50 5 45 28 45
79 68 67 20 3 13 58 98 29 73 1 0 65 51 80 27 71 52 75 56 60 77 63 52 88 55 49 63 40 8 36 5 39 49 63 39 81 26 73 76 41 1 36 9 61 31 35 10 17 48
15 39 17 64 87 87 49 2 98 26 55 65 0 9 24 70 4 7 19 13 3 30 7 24 34 47 93 39 59 72 93 62 84 98 8 57 0 64 2 37 76 65 88 75 39 54 74 87 77 85
8 33 2 69 72 81 4 10 80 45 93 51 9 0 8 59 37 27 42 41 1 21 44 25 29 8 73 44 97 66 76 71 51 67 50 82 49 60 0 44 63 76 64 88 38 80 68 58 60 95
11 10 41 90 81 58 22 37 91 25 79 80 24 8 0 71 18 27 17 1 24 38 22 7 34 44 62 26 89 53 76 85 61 65 25 53 36 72 29 30 88 95 56 78 45 62 83 68 88 51
78 80 60 1 23 13 59 72 12 93 35 27 70 59 71 0 62 77 93 58 83 81 69 72 55 62 36 97 34 50 29 20 13 24 55 36 87 40 52 68 10 46 24 4 65 39 37 24 22 0
24 39 34 56 86 69 36 10 51 38 55 71 4 37 18 62 0 16 45 47 45 7 31 40 48 42 98 12 52 58 52 92 85 75 17 78 7 59 35 37 93 83 55 78 46 99 52 58 90 63
38 6 1 98 89 78 46 49 71 33 58 52 7 27 27 77 16 0 24 22 13 11 40 20 11 7 51 4 100 69 86 70 66 89 14 52 43 51 41 11 74 86 62 95 27 96 65 66 92 70
20 1 27 59 86 64 13 47 82 17 67 75 19 42 17 93 45 24 0 1 21 10 20 21 37 50 91 43 58 84 98 65 75 62 39 63 12 88 28 7 88 65 75 58 45 69 55 68 73 73
21 44 1 65 90 63 5 5 60 6 85 56 13 41 1 58 47 22 1 0 2 45 30 49 3 46 99 37 54 56 76 95 93 63 27 93 28 69 31 7 77 91 97 75 26 55 68 79 76 72
20 44 27 86 71 88 45 48 96 30 63 60 3 1 24 83 45 13 21 2 0 13 16 8 23 6 96 19 89 64 90 60 74 61 43 90 13 61 44 22 56 51 61 65 4 68 88 78 72 56
16 29 20 82 95 72 29 46 87 19 97 77 30 21 38 81 7 11 10 45 13 0 11 48 14 13 90 18 62 75 83 83 71 52 24 81 22 52 47 37 77 68 96 98 6 92 65 73 92 94
16 45 48 84 63 60 26 5 93 16 69 63 7 44 22 69 31 40 20 30 16 11 0 24 47 23 91 39 99 95 95 65 58 87 33 93 46 62 37 25 77 76 100 75 25 82 61 96 74 94
28 26 21 75 74 60 36 39 55 40 80 52 24 25 7 72 40 20 21 49 8 48 24 0 50 17 51 9 83 92 88 64 76 73 19 88 19 54 17 35 69 97 54 78 25 61 90 84 55 79
9 25 46 73 100 76 35 16 84 15 54 88 34 29 34 55 48 11 37 3 23 14 47 50 0 39 77 22 95 96 98 86 97 71 48 61 49 64 7 28 75 78 87 68 11 78 59 63 82 74
16 38 27 66 58 72 35 24 62 12 77 55 47 8 44 62 42 7 50 46 6 13 23 17 39 0 69 39 95 92 69 68 93 97 46 95 40 91 15 27 90 62 88 91 4 80 90 91 62 83
62 73 74 30 4 27 67 85 35 94 28 49 93 73 62 36 98 51 91 99 96 90 91 51 77 69 0 81 14 37 4 7 30 41 93 14 63 30 93 60 38 23 0 23 80 8 12 37 8 44
20 12 11 78 52 54 45 40 60 12 71 63 39 44 26 97 12 4 43 37 19 18 39 9 22 39 81 0 98 97 95 66 51 79 28 68 18 88 48 15 79 86 64 77 10 66 92 99 52 86
55 51 96 14 50 44 78 97 43 85 7 40 59 97 89 34 52 100 58 54 89 62 99 83 95 95 14 98 0 6 24 28 19 26 75 35 57 16 75 64 47 38 33 20 81 37 41 35 23 21
95 83 81 16 32 37 85 73 17 58 12 8 72 66 53 50 58 69 84 56 64 75 95 92 96 92 37 97 6 0 4 49 34 23 98 13 53 8 82 64 32 25 7 30 82 28 33 10 26 46
79 86 97 42 35 5 80 87 39 59 30 36 93 76 76 29 52 86 98 76 90 83 95 88 98 69 4 95 24 4 0 38 50 1 76 8 87 43 72 62 29 15 50 2 97 37 23 30 10 32
53 99 70 50 37 50 61 78 7 51 4 5 62 71 85 20 92 70 65 95 60 83 65 64 86 68 7 66 28 49 38 0 1 35 75 23 52 16 71 97 47 39 35 34 53 32 29 34 48 33
81 95 57 43 30 8 80 82 29 71 18 39 84 51 61 13 85 66 75 93 74 71 58 76 97 93 30 51 19 34 50 1 0 44 77 37 73 44 74 80 11 39 9 47 81 25 13 49 13 47
93 77 61 50 8 15 89 83 20 58 2 49 98 67 65 24 75 89 62 63 61 52 87 73 71 97 41 79 26 23 1 35 44 0 57 1 91 13 91 91 43 21 10 19 56 22 18 11 36 30
41 38 6 75 94 68 22 46 87 17 81 63 8 50 25 55 17 14 39 27 43 24 33 19 48 46 93 28 75 98 76 75 77 57 0 58 35 81 34 18 67 68 97 55 23 72 100 94 93 61
56 66 68 27 40 32 97 64 24 68 23 39 57 82 53 36 78 52 63 93 90 81 93 88 61 95 14 68 35 13 8 23 37 1 58 0 79 46 67 58 43 17 5 44 86 21 15 36 28 6
21 48 37 83 81 70 22 10 53 1 61 81 0 49 36 87 7 43 12 28 13 22 46 19 49 40 63 18 57 53 87 52 73 91 35 79 0 95 6 13 77 77 81 76 24 75 66 88 66 53
71 68 91 21 23 19 70 70 3 60 40 26 64 60 72 40 59 51 88 69 61 52 62 54 64 91 30 88 16 8 43 16 44 13 81 46 95 0 54 95 48 0 22 47 73 34 1 15 46 44
47 6 46 61 88 92 8 37 85 32 54 73 2 0 29 52 35 41 28 31 44 47 37 17 7 15 93 48 75 82 72 71 74 91 34 67 6 54 0 30 88 74 60 99 8 56 78 96 64 78
38 32 34 79 89 72 7 6 59 7 54 76 37 44 30 68 37 11 7 7 22 37 25 35 28 27 60 15 64 64 62 97 80 91 18 58 13 95 30 0 99 55 100 88 47 74 64 59 78 76
64 90 79 31 27 26 94 64 21 85 20 41 76 63 88 10 93 74 88 77 56 77 77 69 75 90 38 79 47 32 29 47 11 43 67 43 77 48 88 99 0 46 10 39 100 35 47 5 50 30
60 97 81 43 37 13 91 91 4 97 10 1 65 76 95 46 83 86 65 91 51 68 76 97 78 62 23 86 38 25 15 39 39 21 68 17 77 0 74 55 46 0 15 45 70 49 19 12 37 40
96 81 53 47 31 1 58 63 46 85 5 36 88 64 56 24 55 62 75 97 61 96 100 54 87 88 0 64 33 7 50 35 9 10 97 5 81 22 60 100 10 15 0 47 82 19 4 36 26 6
65 82 57 43 42 24 55 63 13 69 31 9 75 88 78 4 78 95 58 75 65 98 75 78 68 91 23 77 20 30 2 34 47 19 55 44 76 47 99 88 39 45 47 0 89 36 27 37 42 21
45 26 27 53 92 52 11 15 58 39 79 61 39 38 45 65 46 27 45 26 4 6 25 25 11 4 80 10 81 82 97 53 81 56 23 86 24 73 8 47 100 70 82 89 0 53 82 82 94 84
76 67 61 13 2 40 83 62 9 85 50 31 54 80 62 39 99 96 69 55 68 92 82 61 78 80 8 66 37 28 37 32 25 22 72 21 75 34 56 74 35 49 19 36 53 0 4 47 32 9
64 57 95 9 40 1 68 66 22 53 5 35 74 68 83 37 52 65 55 68 88 65 61 90 59 90 12 92 41 33 23 29 13 18 100 15 66 1 78 64 47 19 4 27 82 4 0 33 19 0
86 91 62 28 38 3 99 97 2 89 45 10 87 58 68 24 58 66 68 79 78 73 96 84 63 91 37 99 35 10 30 34 49 11 94 36 88 15 96 59 5 12 36 37 82 47 33 0 7 34
86 74 87 3 42 3 57 63 34 77 28 17 77 60 88 22 90 92 73 76 72 92 74 55 82 62 8 52 23 26 10 48 13 36 93 28 66 46 64 78 50 37 26 42 94 32 19 7 0 27
78 78 92 4 30 35 60 88 21 68 45 48 85 95 51 0 63 70 73 72 56 94 94 79 74 83 44 86 21 46 32 33 47 30 61 6 53 44 78 76 30 40 6 21 84 9 0 34 27 0
BBBRRRBBRBRRBBBRBBBBBBBBBBRBRRRRRRBRBRBBRRRRBRRRRR
