50
0 71 65 81 91 71 66 98 75 72 78 67 86 89 95 78 85 61 63 81 96 96 67 64 67 83 99 81 69 65 79 61 94 82 67 82 81 77 88 65 61 91 86 68 61 79 77 97 74 77
71 0 86 83 77 78 93 87 89 74 77 100 94 100 76 84 83 86 90 80 63 72 62 99 69 62 95 75 91 88 73 92 99 85 77 63 69 91 68 60 74 83 87 79 68 89 81 87 82 62
65 86 0 97 92 73 84 84 79 84 63 76 72 62 93 82 78 77 80 94 99 74 79 91 66 83 96 78 71 85 90 91 84 66 69 72 100 73 96 87 80 100 67 70 91 76 75 63 78 70
81 83 97 0 99 86 62 69 78 93 98 90 67 83 72 93 66 80 60 71 76 73 88 80 67 90 92 86 76 85 76 66 72 65 77 79 94 77 90 99 86 98 71 93 75 97 87 74 72 95
91 77 92 99 0 88 96 81 71 67 83 86 79 69 77 81 98 65 96 64 84 61 77 100 100 66 79 61 85 86 76 84 69 75 65 89 98 70 76 62 95 80 71 73 70 62 66 76 75 61
71 78 73 86 88 0 96 93 91 88 75 62 93 87 78 69 96 100 60 76 97 86 96 75 73 91 66 66 92 76 77 65 62 85 72 76 89 85 78 60 64 88 94 63 63 64 100 73 69 85
66 93 84 62 96 96 0 84 86 75 66 80 74 78 79 89 63 90 86 66 79 84 87 93 84 69 94 78 96 60 88 60 83 69 91 98 96 80 74 70 64 81 92 67 61 78 79 88 74 67
98 87 84 69 81 93 84 0 66 70 82 64 86 86 100 89 73 62 74 79 83 96 98 63 62 84 69 96 74 96 80 95 81 93 79 89 83 79 98 79 83 94 96 70 97 64 99 79 60 62
75 89 79 78 71 91 86 66 0 100 100 82 90 65 93 94 95 99 82 81 92 85 72 73 79 76 68 84 93 72 63 68 94 64 80 60 82 75 73 99 92 73 74 99 61 74 73 79 95 84
72 74 84 93 67 88 75 70 100 0 89 65 60 86 84 87 86 65 60 64 61 63 99 68 72 68 80 74 99 98 96 92 95 66 66 62 100 100 76 80 74 62 84 72 87 100 84 86 95 75
78 77 63 98 83 75 66 82 100 89 0 88 80 72 91 81 94 72 63 89 85 61 83 99 89 70 71 77 99 69 89 98 98 100 98 85 100 70 60 83 97 81 61 89 65 79 84 92 62 62
67 100 76 90 86 62 80 64 82 65 88 0 68 87 76 97 68 94 97 100 94 63 66 75 63 82 81 72 63 81 80 72 84 83 85 77 77 91 94 100 83 97 66 98 88 74 77 62 98 82
86 94 72 67 79 93 74 86 90 60 80 68 0 99 91 60 72 90 78 95 75 91 64 72 63 84 73 92 67 76 63 100 70 65 89 97 66 88 81 83 94 71 92 90 76 83 87 95 75 85
89 100 62 83 69 87 78 86 65 86 72 87 99 0 68 72 96 99 72 64 74 90 67 75 69 60 80 86 77 70 70 93 82 99 80 64 100 64 66 62 97 61 99 76 100 92 92 63 88 63
95 76 93 72 77 78 79 100 93 84 91 76 91 68 0 76 92 95 86 71 68 87 84 79 99 76 62 96 82 95 62 99 60 65 61 75 92 84 75 74 87 64 93 69 94 88 100 77 88 66
78 84 82 93 81 69 89 89 94 87 81 97 60 72 76 0 78 89 71 83 88 90 81 78 71 72 75 64 72 68 79 62 81 84 96 75 86 82 78 79 64 98 88 93 62 97 99 66 81 75
85 83 78 66 98 96 63 73 95 86 94 68 72 96 92 78 0 80 70 78 78 69 62 88 77 100 76 99 100 86 62 69 99 63 79 71 70 91 71 87 71 84 83 90 99 75 75 81 93 71
61 86 77 80 65 100 90 62 99 65 72 94 90 99 95 89 80 0 99 97 97 71 67 76 80 70 77 80 70 74 89 72 94 70 76 82 66 66 60 70 85 69 86 60 82 93 88 90 67 99
63 90 80 60 96 60 86 74 82 60 63 97 78 72 86 71 70 99 0 60 79 65 62 67 85 93 78 63 75 61 74 63 100 95 96 86 74 97 87 69 77 64 75 90 83 60 64 61 76 80
81 80 94 71 64 76 66 79 81 64 89 100 95 64 71 83 78 97 60 0 71 89 85 93 62 77 82 91 77 73 78 61 76 91 84 74 93 89 85 91 93 83 98 64 85 85 76 96 78 99
96 63 99 76 84 97 79 83 92 61 85 94 75 74 68 88 78 97 79 71 0 85 63 99 100 64 88 75 69 100 93 79 89 66 91 97 77 66 90 83 94 94 95 96 72 99 90 97 60 60
96 72 74 73 61 86 84 96 85 63 61 63 91 90 87 90 69 71 65 89 85 0 76 100 67 74 82 70 61 91 77 75 82 67 62 72 100 76 76 98 72 98 82 91 68 82 69 65 73 90
67 62 79 88 77 96 87 98 72 99 83 66 64 67 84 81 62 67 62 85 63 76 0 80 74 67 78 79 74 89 76 95 72 100 99 69 94 96 84 65 88 99 92 76 97 89 68 60 71 63
64 99 91 80 100 75 93 63 73 68 99 75 72 75 79 78 88 76 67 93 99 100 80 0 88 65 77 75 90 69 97 77 81 70 89 64 97 98 61 82 77 83 68 64 86 82 73 70 93 61
67 69 66 67 100 73 84 62 79 72 89 63 63 69 99 71 77 80 85 62 100 67 74 88 0 87 72 89 80 74 98 73 70 77 66 68 84 91 74 89 98 77 69 64 96 70 92 80 79 89
83 62 83 90 66 91 69 84 76 68 70 82 84 60 76 72 100 70 93 77 64 74 67 65 87 0 79 66 79 68 70 79 68 67 64 73 93 97 74 65 66 75 76 98 75 96 100 85 77 61
99 95 96 92 79 66 94 69 68 80 71 81 73 80 62 75 76 77 78 82 88 82 78 77 72 79 0 100 70 67 88 97 71 89 62 80 65 88 88 68 76 82 82 62 78 73 64 80 70 86
81 75 78 86 61 66 78 96 84 74 77 72 92 86 96 64 99 80 63 91 75 70 79 75 89 66 100 0 99 90 70 92 67 79 60 63 73 81 97 77 87 99 94 61 98 62 91 92 79 76
69 91 71 76 85 92 96 74 93 99 99 63 67 77 82 72 100 70 75 77 69 61 74 90 80 79 70 99 0 91 72 71 80 66 81 86 70 64 91 60 69 61 74 99 88 84 89 72 91 100
65 88 85 85 86 76 60 96 72 98 69 81 76 70 95 68 86 74 61 73 100 91 89 69 74 68 67 90 91 0 63 75 88 86 89 63 82 63 87 95 91 74 69 98 88 82 81 74 63 83
79 73 90 76 76 77 88 80 63 96 89 80 63 70 62 79 62 89 74 78 93 77 76 97 98 70 88 70 72 63 0 65 90 100 68 63 69 82 87 87 92 99 82 74 94 61 79 74 90 63
61 92 91 66 84 65 60 95 68 92 98 72 100 93 99 62 69 72 63 61 79 75 95 77 73 79 97 92 71 75 65 0 88 79 75 81 93 88 62 72 97 97 82 69 66 89 79 86 74 92
94 99 84 72 69 62 83 81 94 95 98 84 70 82 60 81 99 94 100 76 89 82 72 81 70 68 71 67 80 88 90 88 0 86 88 73 90 88 96 96 85 64 81 70 85 60 63 89 71 93
82 85 66 65 75 85 69 93 64 66 100 83 65 99 65 84 63 70 95 91 66 67 100 70 77 67 89 79 66 86 100 79 86 0 98 69 100 71 61 64 99 71 61 77 93 90 85 94 69 74
67 77 69 77 65 72 91 79 80 66 98 85 89 80 61 96 79 76 96 84 91 62 99 89 66 64 62 60 81 89 68 75 88 98 0 88 93 81 94 83 95 96 66 87 61 100 86 77 91 96
82 63 72 79 89 76 98 89 60 62 85 77 97 64 75 75 71 82 86 74 97 72 69 64 68 73 80 63 86 63 63 81 73 69 88 0 99 70 63 91 85 63 63 95 93 74 81 84 82 88
81 69 100 94 98 89 96 83 82 100 100 77 66 100 92 86 70 66 74 93 77 100 94 97 84 93 65 73 70 82 69 93 90 100 93 99 0 74 73 63 74 99 77 77 76 100 89 68 77 94
77 91 73 77 70 85 80 79 75 100 70 91 88 64 84 82 91 66 97 89 66 76 96 98 91 97 88 81 64 63 82 88 88 71 81 70 74 0 99 92 87 88 62 93 77 88 78 92 94 66
88 68 96 90 76 78 74 98 73 76 60 94 81 66 75 78 71 60 87 85 90 76 84 61 74 74 88 97 91 87 87 62 96 61 94 63 73 99 0 94 86 73 81 60 93 79 86 67 86 85
65 60 87 99 62 60 70 79 99 80 83 100 83 62 74 79 87 70 69 91 83 98 65 82 89 65 68 77 60 95 87 72 96 64 83 91 63 92 94 0 83 89 61 78 76 88 68 95 68 70
61 74 80 86 95 64 64 83 92 74 97 83 94 97 87 64 71 85 77 93 94 72 88 77 98 66 76 87 69 91 92 97 85 99 95 85 74 87 86 83 0 89 75 85 65 88 93 87 69 79
91 83 100 98 80 88 81 94 73 62 81 97 71 61 64 98 84 69 64 83 94 98 99 83 77 75 82 99 61 74 99 97 64 71 96 63 99 88 73 89 89 0 62 85 62 92 77 74 67 69
86 87 67 71 71 94 92 96 74 84 61 66 92 99 93 88 83 86 75 98 95 82 92 68 69 76 82 94 74 69 82 82 81 61 66 63 77 62 81 61 75 62 0 94 77 84 75 82 76 72
68 79 70 93 73 63 67 70 99 72 89 98 90 76 69 93 90 60 90 64 96 91 76 64 64 98 62 61 99 98 74 69 70 77 87 95 77 93 60 78 85 85 94 0 100 91 77 66 74 96
61 68 91 75 70 63 61 97 61 87 65 88 76 100 94 62 99 82 83 85 72 68 97 86 96 75 78 98 88 88 94 66 85 93 61 93 76 77 93 76 65 62 77 100 0 68 74 79 73 97
79 89 76 97 62 64 78 64 74 100 79 74 83 92 88 97 75 93 60 85 99 82 89 82 70 96 73 62 84 82 61 89 60 90 100 74 100 88 79 88 88 92 84 91 68 0 97 80 95 69
77 81 75 87 66 100 79 99 73 84 84 77 87 92 100 99 75 88 64 76 90 69 68 73 92 100 64 91 89 81 79 79 63 85 86 81 89 78 86 68 93 77 75 77 74 97 0 78 83 89
97 87 63 74 76 73 88 79 79 86 92 62 95 63 77 66 81 90 61 96 97 65 60 70 80 85 80 92 72 74 74 86 89 94 77 84 68 92 67 95 87 74 82 66 79 80 78 0 73 71
74 82 78 72 75 69 74 60 95 95 62 98 75 88 88 81 93 67 76 78 60 73 71 93 79 77 70 79 91 63 90 74 71 69 91 82 77 94 86 68 69 67 76 74 73 95 83 73 0 86
77 62 70 95 61 85 67 62 84 75 62 82 85 63 66 75 71 99 80 99 60 90 63 61 89 61 86 76 100 83 63 92 93 74 96 88 94 66 85 70 79 69 72 96 97 69 89 71 86 0
RBBBRRRRBRBBBBRBBBRBRBBBBRRRRRRRRRBBRRBRBRRBRBBRBB
