50
0 92 30 0 66 15 68 54 53 16 19 30 28 30 74 40 62 86 29 31 4 26 70 99 94 85 51 56 46 8 99 11 57 11 67 47 32 39 27 37 39 68 50 97 86 64 1 68 10 59
92 0 41 37 96 78 0 26 3 82 15 80 81 99 86 70 75 95 4 75 49 89 75 94 75 50 91 68 54 74 79 39 24 52 55 29 21 76 9 20 28 64 96 88 19 10 34 86 51 56
30 41 0 95 99 22 86 51 58 81 57 14 100 8 73 50 15 94 23 47 32 30 61 49 80 15 4 17 41 17 5 12 100 33 84 81 5 61 57 91 59 52 98 80 91 47 30 29 94 59
0 37 95 0 45 85 43 94 71 64 97 29 98 5 64 2 95 20 53 54 49 4 75 34 27 49 99 3 81 86 57 57 47 62 59 95 60 63 21 3 80 75 22 31 83 0 74 24 74 70
66 96 99 45 0 14 48 67 47 58 61 29 90 36 16 91 42 79 63 41 88 71 98 94 52 80 89 97 54 9 5 100 10 79 97 66 51 48 80 72 22 57 50 38 61 32 2 48 89 3
15 78 22 85 14 0 53 68 21 97 21 77 79 67 33 69 94 18 85 68 94 12 19 50 48 23 61 14 50 79 11 91 30 58 40 58 0 37 96 91 3 14 71 3 31 63 17 86 34 2
68 0 86 43 48 53 0 32 80 67 66 62 74 21 47 36 26 54 68 96 16 82 37 86 17 63 63 15 93 2 3 49 22 85 48 100 51 31 83 31 97 40 69 2 72 3 54 100 42 10
54 26 51 94 67 68 32 0 8 97 75 44 100 86 53 76 59 33 19 91 13 7 20 65 76 86 63 95 9 54 23 82 49 41 16 4 79 60 13 34 1 37 80 12 33 69 99 36 100 87
53 3 58 71 47 21 80 8 0 13 82 43 16 58 42 63 3 89 83 93 99 31 58 47 69 83 18 72 14 92 98 34 93 85 72 52 51 52 61 62 31 49 37 85 52 12 80 35 43 26
16 82 81 64 58 97 67 97 13 0 21 58 10 60 2 99 86 17 51 78 11 87 43 30 86 15 86 23 92 46 27 66 78 12 48 47 20 17 52 58 87 78 14 20 51 33 30 12 75 100
19 15 57 97 61 21 66 75 82 21 0 44 98 43 89 59 76 85 15 85 52 0 87 32 87 87 31 46 59 24 31 64 42 47 61 90 4 5 4 62 69 47 97 64 69 93 89 38 39 47
30 80 14 29 29 77 62 44 43 58 44 0 65 78 26 31 72 49 94 31 59 51 72 57 41 69 9 78 14 24 6 20 58 13 66 67 69 40 80 45 47 21 18 4 49 15 17 47 97 59
28 81 100 98 90 79 74 100 16 10 98 65 0 15 5 42 80 65 79 57 41 70 26 92 83 7 4 29 65 33 22 52 59 45 89 97 72 22 95 59 15 56 26 5 88 0 11 61 18 74
30 99 8 5 36 67 21 86 58 60 43 78 15 0 85 13 7 4 47 30 95 29 46 46 89 14 55 36 64 6 86 54 85 63 14 46 18 33 52 98 8 90 5 52 76 37 18 16 10 9
74 86 73 64 16 33 47 53 42 2 89 26 5 85 0 48 92 68 13 37 96 2 8 37 44 89 92 14 53 55 57 15 81 2 80 25 58 81 39 78 24 51 5 25 21 24 97 30 36 10
40 70 50 2 91 69 36 76 63 99 59 31 42 13 48 0 77 8 67 43 48 46 90 60 15 19 46 32 56 43 7 96 15 75 7 67 96 53 39 27 91 81 20 98 62 94 39 23 78 29
62 75 15 95 42 94 26 59 3 86 76 72 80 7 92 77 0 12 76 47 26 56 64 81 14 76 47 88 59 50 81 96 12 25 58 43 27 3 60 64 46 4 4 43 5 37 88 31 96 50
86 95 94 20 79 18 54 33 89 17 85 49 65 4 68 8 12 0 94 30 74 18 33 88 75 63 70 47 29 40 88 7 66 72 58 79 10 42 73 16 65 56 98 86 7 72 90 19 60 10
29 4 23 53 63 85 68 19 83 51 15 94 79 47 13 67 76 94 0 26 67 49 30 38 5 69 37 51 97 65 96 62 99 70 72 85 46 76 72 5 45 0 26 75 71 92 32 2 58 30
31 75 47 54 41 68 96 91 93 78 85 31 57 30 37 43 47 30 26 0 43 21 19 75 14 69 98 79 89 90 49 35 2 19 2 51 99 33 84 84 12 52 90 56 15 79 7 59 29 42
4 49 32 49 88 94 16 13 99 11 52 59 41 95 96 48 26 74 67 43 0 89 91 92 62 24 75 18 64 23 78 16 84 48 84 49 32 60 88 58 32 98 49 81 22 45 54 0 3 97
26 89 30 4 71 12 82 7 31 87 0 51 70 29 2 46 56 18 49 21 89 0 14 67 78 38 1 44 83 98 90 25 75 65 33 27 46 23 84 100 32 5 72 9 40 97 26 6 80 61
70 75 61 75 98 19 37 20 58 43 87 72 26 46 8 90 64 33 30 19 91 14 0 90 62 69 40 0 55 32 0 87 22 35 29 65 96 19 78 83 7 49 67 27 34 16 52 16 17 76
99 94 49 34 94 50 86 65 47 30 32 57 92 46 37 60 81 88 38 75 92 67 90 0 11 70 54 16 5 96 95 40 72 15 54 75 54 51 8 3 90 88 60 97 52 99 43 45 2 80
94 75 80 27 52 48 17 76 69 86 87 41 83 89 44 15 14 75 5 14 62 78 62 11 0 49 64 47 46 83 58 16 95 66 58 37 95 31 45 76 74 95 29 56 24 17 72 84 63 10
85 50 15 49 80 23 63 86 83 15 87 69 7 14 89 19 76 63 69 69 24 38 69 70 49 0 16 22 70 10 94 18 38 34 42 82 18 52 93 82 92 85 9 99 63 99 99 43 45 39
51 91 4 99 89 61 63 63 18 86 31 9 4 55 92 46 47 70 37 98 75 1 40 54 64 16 0 90 79 44 90 2 55 1 97 31 100 39 88 65 3 66 43 11 39 5 79 82 41 65
56 68 17 3 97 14 15 95 72 23 46 78 29 36 14 32 88 47 51 79 18 44 0 16 47 22 90 0 74 45 95 18 43 53 27 38 59 61 3 3 19 1 62 93 14 47 25 56 58 84
46 54 41 81 54 50 93 9 14 92 59 14 65 64 53 56 59 29 97 89 64 83 55 5 46 70 79 74 0 10 82 36 16 54 10 80 59 69 58 78 29 91 19 24 100 100 59 97 39 54
8 74 17 86 9 79 2 54 92 46 24 24 33 6 55 43 50 40 65 90 23 98 32 96 83 10 44 45 10 0 38 15 87 80 34 59 33 36 65 77 25 78 9 6 15 63 93 26 51 99
99 79 5 57 5 11 3 23 98 27 31 6 22 86 57 7 81 88 96 49 78 90 0 95 58 94 90 95 82 38 0 57 92 87 17 23 35 68 14 51 23 42 28 13 24 54 31 29 19 1
11 39 12 57 100 91 49 82 34 66 64 20 52 54 15 96 96 7 62 35 16 25 87 40 16 18 2 18 36 15 57 0 82 10 4 4 6 20 95 67 5 78 83 58 23 31 70 81 25 44
57 24 100 47 10 30 22 49 93 78 42 58 59 85 81 15 12 66 99 2 84 75 22 72 95 38 55 43 16 87 92 82 0 61 74 73 39 55 96 15 15 41 87 39 88 57 79 20 14 8
11 52 33 62 79 58 85 41 85 12 47 13 45 63 2 75 25 72 70 19 48 65 35 15 66 34 1 53 54 80 87 10 61 0 60 92 26 11 72 52 4 78 58 41 34 18 40 35 73 25
67 55 84 59 97 40 48 16 72 48 61 66 89 14 80 7 58 58 72 2 84 33 29 54 58 42 97 27 10 34 17 4 74 60 0 45 78 21 47 95 55 31 71 57 91 18 9 33 61 73
47 29 81 95 66 58 100 4 52 47 90 67 97 46 25 67 43 79 85 51 49 27 65 75 37 82 31 38 80 59 23 4 73 92 45 0 21 66 47 58 15 93 0 83 78 1 49 57 90 6
32 21 5 60 51 0 51 79 51 20 4 69 72 18 58 96 27 10 46 99 32 46 96 54 95 18 100 59 59 33 35 6 39 26 78 21 0 41 23 13 63 48 84 94 17 51 90 94 93 44
39 76 61 63 48 37 31 60 52 17 5 40 22 33 81 53 3 42 76 33 60 23 19 51 31 52 39 61 69 36 68 20 55 11 21 66 41 0 12 41 54 34 92 89 78 42 63 86 61 33
27 9 57 21 80 96 83 13 61 52 4 80 95 52 39 39 60 73 72 84 88 84 78 8 45 93 88 3 58 65 14 95 96 72 47 47 23 12 0 21 98 77 6 50 57 48 89 42 24 56
37 20 91 3 72 91 31 34 62 58 62 45 59 98 78 27 64 16 5 84 58 100 83 3 76 82 65 3 78 77 51 67 15 52 95 58 13 41 21 0 93 50 4 51 32 41 24 67 60 48
39 28 59 80 22 3 97 1 31 87 69 47 15 8 24 91 46 65 45 12 32 32 7 90 74 92 3 19 29 25 23 5 15 4 55 15 63 54 98 93 0 90 9 70 79 60 79 95 44 80
68 64 52 75 57 14 40 37 49 78 47 21 56 90 51 81 4 56 0 52 98 5 49 88 95 85 66 1 91 78 42 78 41 78 31 93 48 34 77 50 90 0 96 35 11 60 20 2 77 4
50 96 98 22 50 71 69 80 37 14 97 18 26 5 5 20 4 98 26 90 49 72 67 60 29 9 43 62 19 9 28 83 87 58 71 0 84 92 6 4 9 96 0 22 78 70 16 72 81 78
97 88 80 31 38 3 2 12 85 20 64 4 5 52 25 98 43 86 75 56 81 9 27 97 56 99 11 93 24 6 13 58 39 41 57 83 94 89 50 51 70 35 22 0 43 58 68 14 31 76
86 19 91 83 61 31 72 33 52 51 69 49 88 76 21 62 5 7 71 15 22 40 34 52 24 63 39 14 100 15 24 23 88 34 91 78 17 78 57 32 79 11 78 43 0 39 93 7 82 94
64 10 47 0 32 63 3 69 12 33 93 15 0 37 24 94 37 72 92 79 45 97 16 99 17 99 5 47 100 63 54 31 57 18 18 1 51 42 48 41 60 60 70 58 39 0 78 30 14 26
1 34 30 74 2 17 54 99 80 30 89 17 11 18 97 39 88 90 32 7 54 26 52 43 72 99 79 25 59 93 31 70 79 40 9 49 90 63 89 24 79 20 16 68 93 78 0 32 44 27
68 86 29 24 48 86 100 36 35 12 38 47 61 16 30 23 31 19 2 59 0 6 16 45 84 43 82 56 97 26 29 81 20 35 33 57 94 86 42 67 95 2 72 14 7 30 32 0 80 58
10 51 94 74 89 34 42 100 43 75 39 97 18 10 36 78 96 60 58 29 3 80 17 2 63 45 41 58 39 51 19 25 14 73 61 90 93 61 24 60 44 77 81 31 82 14 44 80 0 26
59 56 59 70 3 2 10 87 26 100 47 59 74 9 10 29 50 10 30 42 97 61 76 80 10 39 65 84 54 99 1 44 8 25 73 6 44 33 56 48 80 4 78 76 94 26 27 58 26 0
BRBBBRBRBRRBRBRRRRRBBBBBBRRBRRBBRBRRRRRRBBRRBBBBBR