50
0 0 52 1 3 12 18 58 51 98 52 6 14 96 35 64 36 74 56 53 93 21 19 34 65 80 78 14 0 33 84 54 36 33 80 2 33 26 97 56 74 57 76 32 63 86 69 84 50 59 
0 0 77 97 62 9 71 12 0 34 98 29 3 34 66 60 92 36 44 57 40 68 37 2 54 50 16 46 38 35 93 68 61 95 43 3 37 74 58 75 96 3 79 80 86 31 98 60 36 1 
52 77 0 14 46 56 52 89 82 23 89 56 66 61 59 92 65 36 64 49 7 93 54 68 15 47 52 6 54 71 81 82 40 36 68 61 38 54 52 82 79 40 55 31 28 14 6 31 46 51 
1 97 14 0 27 90 13 8 87 20 1 44 99 7 48 6 41 98 28 8 2 19 68 78 44 24 59 33 64 91 27 79 25 89 22 80 46 19 17 29 22 70 61 28 15 32 32 71 10 98 
3 62 46 27 0 61 34 59 74 79 16 88 58 93 30 20 46 75 14 27 36 54 20 53 22 40 62 66 4 29 31 98 27 47 21 21 98 60 8 82 33 87 10 8 39 55 58 62 19 95 
12 9 56 90 61 0 24 49 21 92 66 47 31 64 99 62 83 28 79 21 81 52 80 86 20 78 90 14 89 84 6 43 84 97 35 67 19 64 74 57 23 83 52 47 20 98 68 82 75 39 
18 71 52 13 34 24 0 53 10 72 69 64 4 61 78 38 45 54 77 5 80 19 33 45 82 54 75 32 94 93 67 2 43 93 36 16 61 88 19 55 52 90 58 53 80 40 67 55 33 52 
58 12 89 8 59 49 53 0 11 52 0 53 15 54 2 84 40 62 35 95 0 90 6 67 29 29 63 63 10 89 59 66 16 47 30 65 27 87 18 1 28 21 39 42 72 9 50 70 59 89 
51 0 82 87 74 21 10 11 0 76 10 97 9 11 84 14 92 50 72 56 2 19 0 21 68 5 4 27 25 42 1 49 65 15 28 10 55 13 24 88 65 80 46 28 60 28 26 94 46 89 
98 34 23 20 79 92 72 52 76 0 81 70 29 93 7 40 95 41 85 27 55 31 19 53 99 39 29 23 65 95 77 43 14 74 42 63 88 89 2 91 65 30 47 61 25 33 12 55 59 54 
52 98 89 1 16 66 69 0 10 81 0 83 10 29 49 42 96 74 78 30 78 0 17 84 10 27 38 92 53 71 41 7 57 8 76 15 19 59 58 6 78 98 19 91 25 50 62 38 95 63 
6 29 56 44 88 47 64 53 97 70 83 0 23 43 85 72 59 67 28 55 32 67 10 47 53 36 85 15 14 44 82 12 35 82 20 67 3 67 8 67 59 9 75 62 94 30 59 48 98 81 
14 3 66 99 58 31 4 15 9 29 10 23 0 87 7 82 21 53 61 23 42 67 29 77 70 4 86 12 34 95 60 93 12 45 79 7 90 13 21 92 79 41 71 24 64 92 30 56 82 32 
96 34 61 7 93 64 61 54 11 93 29 43 87 0 94 58 21 0 94 12 96 72 75 25 7 83 89 49 95 35 8 26 34 94 66 4 87 32 62 91 66 97 41 41 87 43 33 89 43 98 
35 66 59 48 30 99 78 2 84 7 49 85 7 94 0 87 25 96 21 16 33 45 89 30 7 73 53 83 88 68 83 46 19 24 34 52 45 66 17 10 56 62 42 63 17 41 62 84 4 90 
64 60 92 6 20 62 38 84 14 40 42 72 82 58 87 0 4 4 61 82 91 95 55 4 23 68 39 68 19 24 51 19 63 25 67 19 76 26 88 9 0 93 85 41 58 9 74 11 8 78 
36 92 65 41 46 83 45 40 92 95 96 59 21 21 25 4 0 78 68 36 7 52 11 13 63 19 53 59 67 17 52 3 41 46 39 61 70 61 36 37 88 90 76 43 2 74 39 33 2 22 
74 36 36 98 75 28 54 62 50 41 74 67 53 0 96 4 78 0 1 66 87 37 78 7 3 82 6 41 82 64 13 77 5 20 19 19 16 57 86 26 85 62 32 85 86 4 61 42 72 18 
56 44 64 28 14 79 77 35 72 85 78 28 61 94 21 61 68 1 0 92 96 32 58 36 83 39 74 19 78 39 27 47 83 23 19 6 75 83 72 9 94 1 5 46 47 74 7 40 77 31 
53 57 49 8 27 21 5 95 56 27 30 55 23 12 16 82 36 66 92 0 59 42 32 51 86 81 69 27 5 74 69 2 25 84 98 46 82 94 18 64 71 36 27 6 33 9 71 52 6 66 
93 40 7 2 36 81 80 0 2 55 78 32 42 96 33 91 7 87 96 59 0 88 35 76 27 41 52 10 55 8 45 92 19 22 71 62 98 96 67 20 79 14 49 88 34 8 54 13 57 84 
21 68 93 19 54 52 19 90 19 31 0 67 67 72 45 95 52 37 32 42 88 0 81 90 77 4 63 76 72 83 98 37 55 12 67 24 99 45 83 48 38 39 69 84 84 74 31 40 77 6 
19 37 54 68 20 80 33 6 0 19 17 10 29 75 89 55 11 78 58 32 35 81 0 36 62 40 16 26 77 64 98 48 64 17 99 97 64 83 13 25 61 83 57 74 75 87 61 18 25 93 
34 2 68 78 53 86 45 67 21 53 84 47 77 25 30 4 13 7 36 51 76 90 36 0 80 66 32 95 63 81 73 87 10 57 36 33 81 14 52 8 95 97 81 95 98 99 0 35 55 7 
65 54 15 44 22 20 82 29 68 99 10 53 70 7 7 23 63 3 83 86 27 77 62 80 0 83 84 51 78 35 72 87 3 17 78 21 82 66 80 99 6 10 94 95 68 58 2 22 24 65 
80 50 47 24 40 78 54 29 5 39 27 36 4 83 73 68 19 82 39 81 41 4 40 66 83 0 12 32 12 12 98 61 9 36 73 36 31 67 10 90 79 56 60 77 46 61 16 50 99 94 
78 16 52 59 62 90 75 63 4 29 38 85 86 89 53 39 53 6 74 69 52 63 16 32 84 12 0 92 21 56 41 46 63 1 59 42 23 0 27 30 0 67 86 84 99 38 63 23 94 36 
14 46 6 33 66 14 32 63 27 23 92 15 12 49 83 68 59 41 19 27 10 76 26 95 51 32 92 0 9 14 18 42 0 54 80 32 37 37 28 43 37 24 42 23 56 50 42 19 81 30 
0 38 54 64 4 89 94 10 25 65 53 14 34 95 88 19 67 82 78 5 55 72 77 63 78 12 21 9 0 5 25 3 82 16 70 36 81 90 85 64 64 95 0 14 79 16 60 45 31 28 
33 35 71 91 29 84 93 89 42 95 71 44 95 35 68 24 17 64 39 74 8 83 64 81 35 12 56 14 5 0 78 88 97 82 23 21 78 45 11 28 48 65 98 5 28 19 26 90 29 92 
84 93 81 27 31 6 67 59 1 77 41 82 60 8 83 51 52 13 27 69 45 98 98 73 72 98 41 18 25 78 0 81 0 69 50 98 61 10 89 25 63 9 68 24 64 9 21 23 53 60 
54 68 82 79 98 43 2 66 49 43 7 12 93 26 46 19 3 77 47 2 92 37 48 87 87 61 46 42 3 88 81 0 8 44 52 87 25 60 14 42 21 64 81 83 76 16 74 73 29 42 
36 61 40 25 27 84 43 16 65 14 57 35 12 34 19 63 41 5 83 25 19 55 64 10 3 9 63 0 82 97 0 8 0 5 60 36 66 4 3 84 38 34 74 1 19 66 86 74 33 20 
33 95 36 89 47 97 93 47 15 74 8 82 45 94 24 25 46 20 23 84 22 12 17 57 17 36 1 54 16 82 69 44 5 0 72 47 75 4 52 32 95 64 79 12 88 70 2 30 73 70 
80 43 68 22 21 35 36 30 28 42 76 20 79 66 34 67 39 19 19 98 71 67 99 36 78 73 59 80 70 23 50 52 60 72 0 51 56 78 71 36 35 9 47 79 15 66 43 86 42 52 
2 3 61 80 21 67 16 65 10 63 15 67 7 4 52 19 61 19 6 46 62 24 97 33 21 36 42 32 36 21 98 87 36 47 51 0 85 39 83 10 8 49 88 77 65 35 39 42 82 43 
33 37 38 46 98 19 61 27 55 88 19 3 90 87 45 76 70 16 75 82 98 99 64 81 82 31 23 37 81 78 61 25 66 75 56 85 0 7 71 53 31 22 34 88 76 57 29 74 90 8 
26 74 54 19 60 64 88 87 13 89 59 67 13 32 66 26 61 57 83 94 96 45 83 14 66 67 0 37 90 45 10 60 4 4 78 39 7 0 75 23 83 33 48 64 80 38 0 67 98 90 
97 58 52 17 8 74 19 18 24 2 58 8 21 62 17 88 36 86 72 18 67 83 13 52 80 10 27 28 85 11 89 14 3 52 71 83 71 75 0 91 48 67 5 38 6 1 25 45 64 25 
56 75 82 29 82 57 55 1 88 91 6 67 92 91 10 9 37 26 9 64 20 48 25 8 99 90 30 43 64 28 25 42 84 32 36 10 53 23 91 0 39 31 67 78 45 92 37 77 94 15 
74 96 79 22 33 23 52 28 65 65 78 59 79 66 56 0 88 85 94 71 79 38 61 95 6 79 0 37 64 48 63 21 38 95 35 8 31 83 48 39 0 22 58 24 29 84 12 48 48 46 
57 3 40 70 87 83 90 21 80 30 98 9 41 97 62 93 90 62 1 36 14 39 83 97 10 56 67 24 95 65 9 64 34 64 9 49 22 33 67 31 22 0 62 5 21 96 1 5 62 77 
76 79 55 61 10 52 58 39 46 47 19 75 71 41 42 85 76 32 5 27 49 69 57 81 94 60 86 42 0 98 68 81 74 79 47 88 34 48 5 67 58 62 0 88 25 19 84 97 50 16 
32 80 31 28 8 47 53 42 28 61 91 62 24 41 63 41 43 85 46 6 88 84 74 95 95 77 84 23 14 5 24 83 1 12 79 77 88 64 38 78 24 5 88 0 25 91 17 32 77 69 
63 86 28 15 39 20 80 72 60 25 25 94 64 87 17 58 2 86 47 33 34 84 75 98 68 46 99 56 79 28 64 76 19 88 15 65 76 80 6 45 29 21 25 25 0 20 0 32 68 42 
86 31 14 32 55 98 40 9 28 33 50 30 92 43 41 9 74 4 74 9 8 74 87 99 58 61 38 50 16 19 9 16 66 70 66 35 57 38 1 92 84 96 19 91 20 0 93 91 75 17 
69 98 6 32 58 68 67 50 26 12 62 59 30 33 62 74 39 61 7 71 54 31 61 0 2 16 63 42 60 26 21 74 86 2 43 39 29 0 25 37 12 1 84 17 0 93 0 23 69 30 
84 60 31 71 62 82 55 70 94 55 38 48 56 89 84 11 33 42 40 52 13 40 18 35 22 50 23 19 45 90 23 73 74 30 86 42 74 67 45 77 48 5 97 32 32 91 23 0 31 73 
50 36 46 10 19 75 33 59 46 59 95 98 82 43 4 8 2 72 77 6 57 77 25 55 24 99 94 81 31 29 53 29 33 73 42 82 90 98 64 94 48 62 50 77 68 75 69 31 0 90 
59 1 51 98 95 39 52 89 89 54 63 81 32 98 90 78 22 18 31 66 84 6 93 7 65 94 36 30 28 92 60 42 20 70 52 43 8 90 25 15 46 77 16 69 42 17 30 73 90 0 
BRBRBRBRBRBRBRBRBRBRBRBRBRBRBRBRBRBRBRBRBRBRBRBRBR