28
0	61	12	83	74	5	78	25	70	67	88	77	97	59	56	87	90	78	82	74	81	86	69	90	72	87	94	79
61	0	10	50	70	75	68	93	31	85	83	76	72	94	74	92	84	98	73	56	99	76	76	93	77	95	83	85
12	10	0	15	85	78	74	85	94	96	97	76	83	92	75	83	91	74	65	83	85	91	75	78	66	82	75	92
83	50	15	0	11	68	69	85	94	81	66	82	91	86	87	95	73	82	95	74	85	76	78	67	89	86	98	66
74	70	85	11	0	20	100	89	87	68	98	57	78	98	76	78	56	98	88	88	87	76	98	67	95	85	85	96
5	75	78	68	20	0	87	69	87	65	87	58	87	96	78	58	98	75	94	84	98	76	75	87	68	84	81	76
78	68	74	69	100	87	0	85	59	87	87	67	54	87	76	69	78	95	87	72	89	95	75	81	87	58	72	63
25	93	85	85	89	69	85	0	20	87	69	57	52	87	56	87	56	96	79	87	67	92	99	85	78	95	87	57
70	31	94	94	87	87	59	20	0	10	76	86	74	96	56	86	73	96	86	74	82	85	98	87	82	86	81	85
67	85	96	81	68	65	87	87	10	0	13	58	87	77	93	96	82	75	87	93	86	92	87	82	65	86	92	67
88	83	97	66	98	87	87	69	76	13	0	6	60	59	68	67	86	98	75	83	96	78	87	75	74	96	82	66
77	76	76	82	57	58	67	57	86	58	6	0	3	68	86	92	76	95	64	86	77	68	76	96	83	96	74	83
97	72	83	91	78	87	54	52	74	87	60	3	0	4	68	95	74	65	97	73	61	86	89	68	96	86	83	76
59	94	92	86	98	96	87	87	96	77	59	68	4	0	6	98	74	83	91	97	93	74	76	92	68	69	67	83
56	74	75	87	76	78	76	56	56	93	68	86	68	6	0	4	56	88	85	97	86	56	16	83	74	96	97	45
87	92	83	95	78	58	69	87	86	96	67	92	95	98	4	0	14	75	96	73	96	74	67	86	45	13	57	86
90	84	91	73	56	98	78	56	73	82	86	76	74	74	56	14	0	12	45	86	83	94	73	92	87	89	69	11
78	98	74	82	98	75	95	96	96	75	98	95	65	83	88	75	12	0	15	86	49	59	75	84	85	74	87	88
82	73	65	95	88	94	87	79	86	87	75	64	97	91	85	96	45	15	0	10	68	89	83	56	75	82	75	14
74	56	83	74	88	84	72	87	74	93	83	86	73	97	97	73	86	86	10	0	18	45	75	20	78	86	94	85
81	99	85	85	87	98	89	67	82	86	96	77	61	93	86	96	83	49	68	18	0	20	75	85	87	98	85	66
86	76	91	76	76	76	95	92	85	92	78	68	86	74	56	74	94	59	89	45	20	0	48	98	92	95	88	73
69	76	75	78	98	75	75	99	98	87	87	76	89	76	16	67	73	75	83	75	75	48	0	12	58	11	57	76
90	93	78	67	67	87	81	85	87	82	75	96	68	92	83	86	92	84	56	20	85	98	12	0	10	57	98	66
72	77	66	89	95	68	87	78	82	65	74	83	96	68	74	45	87	85	75	78	87	92	58	10	0	57	97	73
87	95	82	86	85	84	58	95	86	86	96	96	86	69	96	13	89	74	82	86	98	95	11	57	57	0	10	57
94	83	75	98	85	81	72	87	81	92	82	74	83	67	97	57	69	87	75	94	85	88	57	98	97	10	0	13
79	85	92	66	96	76	63	57	85	67	66	83	76	83	45	86	11	88	14	85	66	73	76	66	73	57	13	0
RBRRRBBBRRRBBBBRBBRRRRBBRBBR
