50
0 40 78 38 95 32 86 38 77 34 89 29 92 40 97 37 85 30 92 26 80 34 78 39 84 30 75 36 90 33 97 34 81 28 77 38 94 35 97 27 81 37 94 39 82 37 91 31 76 36 
40 0 57 5 54 18 41 15 57 5 45 3 47 4 52 1 59 23 57 2 47 3 53 17 48 14 40 6 54 10 42 3 47 13 43 12 47 6 59 2 60 7 46 21 48 16 60 25 58 15 
78 57 0 33 99 31 81 39 92 40 92 36 82 26 79 38 75 32 76 29 88 34 97 27 85 29 81 33 97 29 75 34 76 33 97 26 85 26 91 33 100 29 89 28 82 30 84 36 77 34 
38 5 33 0 60 7 42 8 41 15 48 16 49 19 58 7 51 11 58 16 56 1 57 24 56 25 46 14 51 16 41 5 54 6 40 3 58 9 55 21 59 6 45 20 55 23 48 23 51 13 
95 54 99 60 0 34 88 32 83 28 83 29 89 28 99 36 96 30 80 30 96 37 84 36 99 26 83 30 87 25 95 30 76 40 92 38 78 39 86 28 87 31 77 38 80 30 78 29 99 40 
32 18 31 7 34 0 45 6 54 24 45 19 52 2 51 13 52 15 52 7 50 19 52 20 49 16 42 21 49 8 50 9 42 3 48 8 43 1 59 1 56 19 59 12 47 4 56 12 40 21 
86 41 81 42 88 45 0 31 76 32 75 28 88 33 82 25 93 34 75 34 87 35 93 34 85 29 78 40 85 40 82 27 98 25 84 30 94 29 89 25 99 33 81 38 90 31 81 27 86 36 
38 15 39 8 32 6 31 0 47 23 52 18 60 22 46 10 58 22 59 11 54 18 51 5 47 25 45 13 46 20 40 9 59 18 51 24 49 13 53 14 57 1 52 23 44 12 52 5 57 6 
77 57 92 41 83 54 76 47 0 30 99 30 82 26 88 33 78 38 94 34 79 37 96 27 91 26 91 33 92 39 85 30 83 33 86 33 99 27 88 25 87 27 77 37 83 34 81 33 84 34 
34 5 40 15 28 24 32 23 30 0 49 4 60 25 46 5 51 6 50 10 56 3 47 25 59 6 40 6 51 3 51 14 40 20 40 9 54 8 50 6 54 25 51 7 50 14 48 14 52 12 
89 45 92 48 83 45 75 52 99 49 0 40 87 37 89 34 91 36 85 32 90 36 77 39 94 35 76 28 88 35 98 38 78 32 76 27 86 35 98 36 77 36 89 25 79 25 100 35 96 32 
29 3 36 16 29 19 28 18 30 4 40 0 53 2 55 18 58 2 55 24 58 6 41 16 41 21 46 19 41 20 54 22 45 17 41 24 41 13 42 22 57 13 41 9 48 8 59 1 44 16 
92 47 82 49 89 52 88 60 82 60 87 53 0 37 97 25 99 28 96 38 84 38 84 38 80 38 90 36 88 37 95 37 83 37 99 31 78 30 76 36 94 40 80 34 97 40 88 35 86 32 
40 4 26 19 28 2 33 22 26 25 37 2 37 0 44 15 56 23 58 10 50 16 60 13 40 21 55 18 54 2 52 20 51 19 41 18 49 11 49 9 47 17 55 21 55 20 41 10 40 11 
97 52 79 58 99 51 82 46 88 46 89 55 97 44 0 33 94 34 92 37 99 33 76 38 97 37 77 38 88 37 75 32 85 39 94 26 79 36 91 31 93 27 96 39 82 26 82 35 93 36 
37 1 38 7 36 13 25 10 33 5 34 18 25 15 33 0 54 22 52 13 52 23 44 6 44 10 48 16 51 4 49 17 40 17 53 8 49 11 55 19 51 15 58 10 55 12 46 2 59 6 
85 59 75 51 96 52 93 58 78 51 91 58 99 56 94 54 0 40 79 27 81 38 98 40 75 40 83 40 82 30 77 39 99 37 78 30 97 35 98 40 92 35 90 28 86 33 88 36 86 36 
30 23 32 11 30 15 34 22 38 6 36 2 28 23 34 22 40 0 44 1 47 10 48 17 60 21 56 10 42 12 46 25 52 2 48 10 46 11 43 7 52 23 59 1 45 8 60 20 51 11 
92 57 76 58 80 52 75 59 94 50 85 55 96 58 92 52 79 44 0 26 94 29 84 33 82 33 94 29 97 38 82 36 91 29 89 32 78 36 92 31 91 40 91 31 92 36 99 31 76 32 
26 2 29 16 30 7 34 11 34 10 32 24 38 10 37 13 27 1 26 0 52 25 41 12 56 6 50 22 46 22 52 16 41 18 40 24 56 25 52 22 47 23 51 21 45 7 52 12 47 21 
80 47 88 56 96 50 87 54 79 56 90 58 84 50 99 52 81 47 94 52 0 33 89 31 78 28 85 35 91 29 99 28 83 30 96 39 84 26 89 28 78 32 78 38 75 39 100 28 95 28 
34 3 34 1 37 19 35 18 37 3 36 6 38 16 33 23 38 10 29 25 33 0 46 21 47 24 45 10 47 19 44 18 44 6 50 3 58 9 45 9 44 11 48 10 51 21 42 18 51 10 
78 53 97 57 84 52 93 51 96 47 77 41 84 60 76 44 98 48 84 41 89 46 0 30 97 35 91 30 76 33 98 25 86 25 84 34 87 27 80 38 83 29 89 38 76 28 77 35 93 33 
39 17 27 24 36 20 34 5 27 25 39 16 38 13 38 6 40 17 33 12 31 21 30 0 40 2 44 12 41 25 48 19 59 22 41 21 47 7 54 13 59 19 43 24 55 8 54 7 57 22 
84 48 85 56 99 49 85 47 91 59 94 41 80 40 97 44 75 60 82 56 78 47 97 40 0 34 98 37 81 36 97 34 96 27 78 28 97 39 91 30 85 27 85 36 88 35 83 30 78 39 
30 14 29 25 26 16 29 25 26 6 35 21 38 21 37 10 40 21 33 6 28 24 35 2 34 0 40 25 52 4 58 3 51 21 56 5 52 23 51 5 44 8 55 2 42 2 42 20 47 23 
75 40 81 46 83 42 78 45 91 40 76 46 90 55 77 48 83 56 94 50 85 45 91 44 98 40 0 40 78 34 88 39 94 37 100 40 84 34 85 33 86 32 78 33 89 27 93 33 91 31 
36 6 33 14 30 21 40 13 33 6 28 19 36 18 38 16 40 10 29 22 35 10 30 12 37 25 40 0 43 3 48 11 40 25 52 22 58 19 51 8 56 1 58 8 53 6 57 13 56 21 
90 54 97 51 87 49 85 46 92 51 88 41 88 54 88 51 82 42 97 46 91 47 76 41 81 52 78 43 0 32 95 39 86 34 76 28 92 35 80 35 90 37 80 35 90 32 98 30 89 29 
33 10 29 16 25 8 40 20 39 3 35 20 37 2 37 4 30 12 38 22 29 19 33 25 36 4 34 3 32 0 50 8 41 11 41 7 53 21 55 21 50 15 42 21 51 12 58 17 59 8 
97 42 75 41 95 50 82 40 85 51 98 54 95 52 75 49 77 46 82 52 99 44 98 48 97 58 88 48 95 50 0 27 95 27 86 40 80 39 88 38 76 36 83 31 92 29 89 34 85 32 
34 3 34 5 30 9 27 9 30 14 38 22 37 20 32 17 39 25 36 16 28 18 25 19 34 3 39 11 39 8 27 0 47 9 57 5 47 17 45 8 55 5 48 1 58 10 53 5 48 24 
81 47 76 54 76 42 98 59 83 40 78 45 83 51 85 40 99 52 91 41 83 44 86 59 96 51 94 40 86 41 95 47 0 29 95 25 94 37 91 25 91 39 89 30 84 37 94 34 86 36 
28 13 33 6 40 3 25 18 33 20 32 17 37 19 39 17 37 2 29 18 30 6 25 22 27 21 37 25 34 11 27 9 29 0 46 2 56 19 41 21 57 7 60 6 48 4 51 14 42 5 
77 43 97 40 92 48 84 51 86 40 76 41 99 41 94 53 78 48 89 40 96 50 84 41 78 56 100 52 76 41 86 57 95 46 0 29 88 28 98 26 88 33 82 28 98 39 79 40 86 36 
38 12 26 3 38 8 30 24 33 9 27 24 31 18 26 8 30 10 32 24 39 3 34 21 28 5 40 22 28 7 40 5 25 2 29 0 44 3 59 17 46 20 59 14 50 16 49 10 53 24 
94 47 85 58 78 43 94 49 99 54 86 41 78 49 79 49 97 46 78 56 84 58 87 47 97 52 84 58 92 53 80 47 94 56 88 44 0 32 81 25 92 38 100 32 91 39 85 25 99 30 
35 6 26 9 39 1 29 13 27 8 35 13 30 11 36 11 35 11 36 25 26 9 27 7 39 23 34 19 35 21 39 17 37 19 28 3 32 0 55 11 59 14 47 18 49 24 43 10 42 19 
97 59 91 55 86 59 89 53 88 50 98 42 76 49 91 55 98 43 92 52 89 45 80 54 91 51 85 51 80 55 88 45 91 41 98 59 81 55 0 27 95 31 94 31 75 38 85 32 96 39 
27 2 33 21 28 1 25 14 25 6 36 22 36 9 31 19 40 7 31 22 28 9 38 13 30 5 33 8 35 21 38 8 25 21 26 17 25 11 27 0 49 5 58 24 43 18 52 3 43 1 
81 60 100 59 87 56 99 57 87 54 77 57 94 47 93 51 92 52 91 47 78 44 83 59 85 44 86 56 90 50 76 55 91 57 88 46 92 59 95 49 0 34 85 27 98 26 77 25 85 33 
37 7 29 6 31 19 33 1 27 25 36 13 40 17 27 15 35 23 40 23 32 11 29 19 27 8 32 1 37 15 36 5 39 7 33 20 38 14 31 5 34 0 41 1 49 13 46 23 44 4 
94 46 89 45 77 59 81 52 77 51 89 41 80 55 96 58 90 59 91 51 78 48 89 43 85 55 78 58 80 42 83 48 89 60 82 59 100 47 94 58 85 41 0 35 83 27 89 33 97 28 
39 21 28 20 38 12 38 23 37 7 25 9 34 21 39 10 28 1 31 21 38 10 38 24 36 2 33 8 35 21 31 1 30 6 28 14 32 18 31 24 27 1 35 0 55 12 42 13 47 25 
82 48 82 55 80 47 90 44 83 50 79 48 97 55 82 55 86 45 92 45 75 51 76 55 88 42 89 53 90 51 92 58 84 48 98 50 91 49 75 43 98 49 83 55 0 40 99 37 98 35 
37 16 30 23 30 4 31 12 34 14 25 8 40 20 26 12 33 8 36 7 39 21 28 8 35 2 27 6 32 12 29 10 37 4 39 16 39 24 38 18 26 13 27 12 40 0 49 3 56 24 
91 60 84 48 78 56 81 52 81 48 100 59 88 41 82 46 88 60 99 52 100 42 77 54 83 42 93 57 98 58 89 53 94 51 79 49 85 43 85 52 77 46 89 42 99 49 0 31 86 36 
31 25 36 23 29 12 27 5 33 14 35 1 35 10 35 2 36 20 31 12 28 18 35 7 30 20 33 13 30 17 34 5 34 14 40 10 25 10 32 3 25 23 33 13 37 3 31 0 60 10 
76 58 77 51 99 40 86 57 84 52 96 44 86 40 93 59 86 51 76 47 95 51 93 57 78 47 91 56 89 59 85 48 86 42 86 53 99 42 96 43 85 44 97 47 98 56 86 60 0 40 
36 15 34 13 40 21 36 6 34 12 32 16 32 11 36 6 36 11 32 21 28 10 33 22 39 23 31 21 29 8 32 24 36 5 36 24 30 19 39 1 33 4 28 25 35 24 36 10 40 0 
RBRBRBRBRBRBRBRBRBRBRBRBRBRBRBRBRBRBRBRBRBRBRBRBRB