50
0 71 62 40 50 92 73 90 99 70 50 31 83 22 71 38 39 36 21 95 72 99 42 71 33 93 73 82 71 80 100 15 30 81 16 64 95 74 77 5 72 24 58 15 67 60 26 63 68 61 
71 0 74 77 100 67 70 83 69 6 76 68 87 69 25 40 78 86 65 92 94 59 83 62 91 100 85 80 58 74 97 1 16 80 64 58 65 51 80 78 6 78 47 98 73 96 74 74 74 73 
62 74 0 26 83 18 68 87 30 47 1 24 12 63 80 36 41 91 65 63 97 71 80 79 93 94 68 93 43 3 65 53 78 3 64 65 48 33 8 66 64 84 16 74 92 15 46 31 66 42 
40 77 26 0 91 79 26 47 63 98 21 89 87 52 46 83 97 48 37 56 68 42 40 46 61 77 69 87 10 94 68 100 84 52 68 10 68 18 62 92 63 50 92 93 33 45 15 97 51 85 
50 100 83 91 0 70 14 82 8 77 27 26 81 77 67 18 66 73 97 87 10 69 76 14 23 29 77 56 47 69 97 100 77 11 25 24 32 66 18 67 72 32 73 4 27 84 77 55 58 44 
92 67 18 79 70 0 54 57 5 74 78 100 95 65 80 48 81 1 57 78 89 56 48 18 78 79 94 85 77 54 23 53 31 75 35 19 76 21 22 92 94 91 26 68 54 69 86 12 69 51 
73 70 68 26 14 54 0 61 16 82 9 70 95 88 73 46 80 56 37 78 64 9 42 83 15 91 74 93 28 49 92 68 5 71 7 52 82 16 59 44 57 54 10 34 66 34 63 18 51 97 
90 83 87 47 82 57 61 0 16 83 44 6 85 62 81 60 52 82 26 66 71 24 43 62 85 5 35 69 87 100 91 91 54 93 78 75 37 41 91 94 30 35 6 13 75 89 72 53 46 68 
99 69 30 63 8 5 16 16 0 43 80 68 40 85 90 38 98 90 34 84 81 77 5 68 18 59 87 42 71 96 92 96 41 90 39 19 27 10 68 99 97 82 6 27 76 63 5 76 47 78 
70 6 47 98 77 74 82 83 43 0 82 93 93 75 14 82 46 91 91 28 100 53 54 90 84 52 9 50 94 74 83 60 85 99 46 69 73 76 94 61 44 73 63 72 18 61 15 35 96 65 
50 76 1 21 27 78 9 44 80 82 0 8 37 88 93 76 5 98 38 19 86 83 63 40 7 19 72 85 8 27 83 70 96 85 81 20 48 27 98 67 5 75 69 15 59 52 55 71 47 97 
31 68 24 89 26 100 70 6 68 93 8 0 63 13 6 5 98 76 28 99 44 12 82 2 60 66 73 46 61 45 34 47 40 11 94 85 76 73 9 95 93 60 87 58 93 62 52 76 76 64 
83 87 12 87 81 95 95 85 40 93 37 63 0 74 67 65 46 26 48 75 17 78 57 80 94 84 37 13 67 100 63 8 67 64 47 70 6 17 37 35 55 50 100 44 53 26 18 37 68 94 
22 69 63 52 77 65 88 62 85 75 88 13 74 0 19 98 48 12 36 1 98 96 61 95 75 32 15 70 40 77 68 55 58 83 87 68 53 17 61 41 14 40 81 79 7 9 48 19 35 84 
71 25 80 46 67 80 73 81 90 14 93 6 67 19 0 80 98 5 4 55 66 57 54 53 42 18 63 64 82 75 25 40 1 81 67 8 30 38 65 93 8 88 84 95 1 73 84 82 63 87 
38 40 36 83 18 48 46 60 38 82 76 5 65 98 80 0 70 23 86 100 14 48 80 90 78 31 79 60 98 22 52 99 29 89 24 100 97 80 52 80 79 9 54 41 40 75 80 76 46 50 
39 78 41 97 66 81 80 52 98 46 5 98 46 48 98 70 0 57 69 86 21 4 70 35 7 32 67 68 63 64 98 87 91 38 37 42 87 55 85 44 51 70 53 61 72 78 70 51 91 80 
36 86 91 48 73 1 56 82 90 91 98 76 26 12 5 23 57 0 46 66 43 91 84 53 50 37 63 82 95 81 75 56 33 87 62 7 89 51 66 52 68 26 87 93 89 65 89 29 36 92 
21 65 65 37 97 57 37 26 34 91 38 28 48 36 4 86 69 46 0 87 45 23 61 86 98 64 27 61 66 93 51 99 51 78 66 3 74 82 39 96 85 14 93 31 11 91 43 97 92 45 
95 92 63 56 87 78 78 66 84 28 19 99 75 1 55 100 86 66 87 0 100 91 69 36 63 40 96 99 98 87 81 57 38 72 41 95 23 15 100 76 70 54 74 53 74 83 21 67 71 3 
72 94 97 68 10 89 64 71 81 100 86 44 17 98 66 14 21 43 45 100 0 39 73 90 96 90 74 89 64 56 55 74 77 68 46 23 59 71 77 29 98 99 6 64 50 73 73 43 34 72 
99 59 71 42 69 56 9 24 77 53 83 12 78 96 57 48 4 91 23 91 39 0 4 66 65 11 8 63 11 55 86 2 93 37 80 43 59 71 97 97 37 71 75 77 87 86 95 88 85 75 
42 83 80 40 76 48 42 43 5 54 63 82 57 61 54 80 70 84 61 69 73 4 0 33 78 87 36 89 90 95 87 6 31 63 82 34 99 43 45 12 43 54 17 67 81 15 89 60 52 82 
71 62 79 46 14 18 83 62 68 90 40 2 80 95 53 90 35 53 86 36 90 66 33 0 18 31 20 47 62 71 4 7 94 37 81 45 85 22 76 71 46 29 80 65 21 89 7 36 64 22 
33 91 93 61 23 78 15 85 18 84 7 60 94 75 42 78 7 50 98 63 96 65 78 18 0 89 97 95 67 83 84 82 97 100 52 59 90 51 10 94 27 59 76 39 57 70 71 80 92 49 
93 100 94 77 29 79 91 5 59 52 19 66 84 32 18 31 32 37 64 40 90 11 87 31 89 0 50 24 99 33 82 64 24 82 90 93 42 72 91 82 35 100 85 5 70 76 36 88 93 58 
73 85 68 69 77 94 74 35 87 9 72 73 37 15 63 79 67 63 27 96 74 8 36 20 97 50 0 99 74 98 36 4 72 54 83 95 65 99 62 17 78 37 77 96 52 81 34 84 41 39 
82 80 93 87 56 85 93 69 42 50 85 46 13 70 64 60 68 82 61 99 89 63 89 47 95 24 99 0 77 18 60 87 97 87 64 6 46 47 70 82 98 88 5 82 38 80 33 66 77 76 
71 58 43 10 47 77 28 87 71 94 8 61 67 40 82 98 63 95 66 98 64 11 90 62 67 99 74 77 0 44 47 16 62 16 73 73 85 73 89 4 9 28 17 57 38 92 86 74 80 66 
80 74 3 94 69 54 49 100 96 74 27 45 100 77 75 22 64 81 93 87 56 55 95 71 83 33 98 18 44 0 29 100 86 58 86 78 68 98 16 25 45 10 57 29 70 14 38 95 23 94 
100 97 65 68 97 23 92 91 92 83 83 34 63 68 25 52 98 75 51 81 55 86 87 4 84 82 36 60 47 29 0 100 62 99 95 50 55 94 21 51 45 75 97 85 76 4 49 50 67 73 
15 1 53 100 100 53 68 91 96 60 70 47 8 55 40 99 87 56 99 57 74 2 6 7 82 64 4 87 16 100 100 0 99 98 36 21 87 56 91 25 12 98 74 10 11 5 75 30 86 43 
30 16 78 84 77 31 5 54 41 85 96 40 67 58 1 29 91 33 51 38 77 93 31 94 97 24 72 97 62 86 62 99 0 73 39 71 68 86 49 75 12 33 15 33 94 79 26 81 74 99 
81 80 3 52 11 75 71 93 90 99 85 11 64 83 81 89 38 87 78 72 68 37 63 37 100 82 54 87 16 58 99 98 73 0 11 74 18 66 42 97 92 52 44 86 86 88 89 4 16 8 
16 64 64 68 25 35 7 78 39 46 81 94 47 87 67 24 37 62 66 41 46 80 82 81 52 90 83 64 73 86 95 36 39 11 0 66 56 73 39 71 98 61 63 83 73 6 28 17 9 94 
64 58 65 10 24 19 52 75 19 69 20 85 70 68 8 100 42 7 3 95 23 43 34 45 59 93 95 6 73 78 50 21 71 74 66 0 64 59 32 71 75 10 86 57 92 57 65 39 88 91 
95 65 48 68 32 76 82 37 27 73 48 76 6 53 30 97 87 89 74 23 59 59 99 85 90 42 65 46 85 68 55 87 68 18 56 64 0 91 3 10 74 80 98 32 84 6 84 32 10 16 
74 51 33 18 66 21 16 41 10 76 27 73 17 17 38 80 55 51 82 15 71 71 43 22 51 72 99 47 73 98 94 56 86 66 73 59 91 0 78 55 86 33 70 20 54 25 70 90 54 69 
77 80 8 62 18 22 59 91 68 94 98 9 37 61 65 52 85 66 39 100 77 97 45 76 10 91 62 70 89 16 21 91 49 42 39 32 3 78 0 9 47 63 44 76 34 39 90 75 58 44 
5 78 66 92 67 92 44 94 99 61 67 95 35 41 93 80 44 52 96 76 29 97 12 71 94 82 17 82 4 25 51 25 75 97 71 71 10 55 9 0 92 76 83 23 63 76 21 31 21 1 
72 6 64 63 72 94 57 30 97 44 5 93 55 14 8 79 51 68 85 70 98 37 43 46 27 35 78 98 9 45 45 12 12 92 98 75 74 86 47 92 0 96 68 77 64 81 12 3 100 27 
24 78 84 50 32 91 54 35 82 73 75 60 50 40 88 9 70 26 14 54 99 71 54 29 59 100 37 88 28 10 75 98 33 52 61 10 80 33 63 76 96 0 90 76 84 91 84 13 28 83 
58 47 16 92 73 26 10 6 6 63 69 87 100 81 84 54 53 87 93 74 6 75 17 80 76 85 77 5 17 57 97 74 15 44 63 86 98 70 44 83 68 90 0 34 53 52 97 33 43 73 
15 98 74 93 4 68 34 13 27 72 15 58 44 79 95 41 61 93 31 53 64 77 67 65 39 5 96 82 57 29 85 10 33 86 83 57 32 20 76 23 77 76 34 0 49 44 27 67 81 61 
67 73 92 33 27 54 66 75 76 18 59 93 53 7 1 40 72 89 11 74 50 87 81 21 57 70 52 38 38 70 76 11 94 86 73 92 84 54 34 63 64 84 53 49 0 41 29 61 22 35 
60 96 15 45 84 69 34 89 63 61 52 62 26 9 73 75 78 65 91 83 73 86 15 89 70 76 81 80 92 14 4 5 79 88 6 57 6 25 39 76 81 91 52 44 41 0 64 37 89 71 
26 74 46 15 77 86 63 72 5 15 55 52 18 48 84 80 70 89 43 21 73 95 89 7 71 36 34 33 86 38 49 75 26 89 28 65 84 70 90 21 12 84 97 27 29 64 0 1 3 49 
63 74 31 97 55 12 18 53 76 35 71 76 37 19 82 76 51 29 97 67 43 88 60 36 80 88 84 66 74 95 50 30 81 4 17 39 32 90 75 31 3 13 33 67 61 37 1 0 57 21 
68 74 66 51 58 69 51 46 47 96 47 76 68 35 63 46 91 36 92 71 34 85 52 64 92 93 41 77 80 23 67 86 74 16 9 88 10 54 58 21 100 28 43 81 22 89 3 57 0 85 
61 73 42 85 44 51 97 68 78 65 97 64 94 84 87 50 80 92 45 3 72 75 82 22 49 58 39 76 66 94 73 43 99 8 94 91 16 69 44 1 27 83 73 61 35 71 49 21 85 0 
BRBBBRBBBBBBRRBBRBBRRRBRBBBRBRBRBRBBBBRRRRRRRRRRRR