48
0 1 100 100 100 100 100 50 0 100 100 100 100 100 100 0 0 100 100 100 100 100 100 0 0 100 100 100 100 100 100 0 0 100 100 100 100 100 100 0 0 100 100 100 100 100 100 1 
1 0 1 100 100 100 100 100 100 100 100 100 100 100 100 100 100 100 100 100 100 100 100 100 100 100 100 100 100 100 100 100 100 100 100 100 100 100 100 100 100 100 100 100 100 100 100 100 
100 1 0 1 100 100 100 100 100 100 100 100 100 100 100 100 100 100 100 100 100 100 100 100 100 100 100 100 100 100 100 100 100 100 100 100 100 100 100 100 100 100 100 100 100 100 100 100 
100 100 1 0 1 100 100 100 100 100 100 100 100 100 100 100 100 100 100 100 100 100 100 100 100 100 100 100 100 100 100 100 100 100 100 100 100 100 100 100 100 100 100 100 100 100 100 100 
100 100 100 1 0 1 100 100 100 100 100 100 100 100 100 100 100 100 100 100 100 100 100 100 100 100 100 100 100 100 100 100 100 100 100 100 100 100 100 100 100 100 100 100 100 100 100 100 
100 100 100 100 1 0 1 100 100 100 100 100 100 100 100 100 100 100 100 100 100 100 100 100 100 100 100 100 100 100 100 100 100 100 100 100 100 100 100 100 100 100 100 100 100 100 100 100 
100 100 100 100 100 1 0 1 100 100 100 100 100 100 100 100 100 100 100 100 100 100 100 100 100 100 100 100 100 100 100 100 100 100 100 100 100 100 100 100 100 100 100 100 100 100 100 100 
50 100 100 100 100 100 1 0 1 100 100 100 100 100 100 50 50 100 100 100 100 100 100 50 50 100 100 100 100 100 100 50 50 100 100 100 100 100 100 50 50 100 100 100 100 100 100 50 
0 100 100 100 100 100 100 1 0 1 100 100 100 100 100 100 0 100 100 100 100 100 100 0 0 100 100 100 100 100 100 0 0 100 100 100 100 100 100 0 0 100 100 100 100 100 100 0 
100 100 100 100 100 100 100 100 1 0 1 100 100 100 100 100 100 100 100 100 100 100 100 100 100 100 100 100 100 100 100 100 100 100 100 100 100 100 100 100 100 100 100 100 100 100 100 100 
100 100 100 100 100 100 100 100 100 1 0 1 100 100 100 100 100 100 100 100 100 100 100 100 100 100 100 100 100 100 100 100 100 100 100 100 100 100 100 100 100 100 100 100 100 100 100 100 
100 100 100 100 100 100 100 100 100 100 1 0 1 100 100 100 100 100 100 100 100 100 100 100 100 100 100 100 100 100 100 100 100 100 100 100 100 100 100 100 100 100 100 100 100 100 100 100 
100 100 100 100 100 100 100 100 100 100 100 1 0 1 100 100 100 100 100 100 100 100 100 100 100 100 100 100 100 100 100 100 100 100 100 100 100 100 100 100 100 100 100 100 100 100 100 100 
100 100 100 100 100 100 100 100 100 100 100 100 1 0 1 100 100 100 100 100 100 100 100 100 100 100 100 100 100 100 100 100 100 100 100 100 100 100 100 100 100 100 100 100 100 100 100 100 
100 100 100 100 100 100 100 100 100 100 100 100 100 1 0 1 100 100 100 100 100 100 100 100 100 100 100 100 100 100 100 100 100 100 100 100 100 100 100 100 100 100 100 100 100 100 100 100 
0 100 100 100 100 100 100 50 100 100 100 100 100 100 1 0 1 100 100 100 100 100 100 0 0 100 100 100 100 100 100 0 0 100 100 100 100 100 100 0 0 100 100 100 100 100 100 0 
0 100 100 100 100 100 100 50 0 100 100 100 100 100 100 1 0 1 100 100 100 100 100 100 0 100 100 100 100 100 100 0 0 100 100 100 100 100 100 0 0 100 100 100 100 100 100 0 
100 100 100 100 100 100 100 100 100 100 100 100 100 100 100 100 1 0 1 100 100 100 100 100 100 100 100 100 100 100 100 100 100 100 100 100 100 100 100 100 100 100 100 100 100 100 100 100 
100 100 100 100 100 100 100 100 100 100 100 100 100 100 100 100 100 1 0 1 100 100 100 100 100 100 100 100 100 100 100 100 100 100 100 100 100 100 100 100 100 100 100 100 100 100 100 100 
100 100 100 100 100 100 100 100 100 100 100 100 100 100 100 100 100 100 1 0 1 100 100 100 100 100 100 100 100 100 100 100 100 100 100 100 100 100 100 100 100 100 100 100 100 100 100 100 
100 100 100 100 100 100 100 100 100 100 100 100 100 100 100 100 100 100 100 1 0 1 100 100 100 100 100 100 100 100 100 100 100 100 100 100 100 100 100 100 100 100 100 100 100 100 100 100 
100 100 100 100 100 100 100 100 100 100 100 100 100 100 100 100 100 100 100 100 1 0 1 100 100 100 100 100 100 100 100 100 100 100 100 100 100 100 100 100 100 100 100 100 100 100 100 100 
100 100 100 100 100 100 100 100 100 100 100 100 100 100 100 100 100 100 100 100 100 1 0 1 100 100 100 100 100 100 100 100 100 100 100 100 100 100 100 100 100 100 100 100 100 100 100 100 
0 100 100 100 100 100 100 50 0 100 100 100 100 100 100 0 100 100 100 100 100 100 1 0 1 100 100 100 100 100 100 0 0 100 100 100 100 100 100 0 0 100 100 100 100 100 100 0 
0 100 100 100 100 100 100 50 0 100 100 100 100 100 100 0 0 100 100 100 100 100 100 1 0 1 100 100 100 100 100 100 0 100 100 100 100 100 100 0 0 100 100 100 100 100 100 0 
100 100 100 100 100 100 100 100 100 100 100 100 100 100 100 100 100 100 100 100 100 100 100 100 1 0 1 100 100 100 100 100 100 100 100 100 100 100 100 100 100 100 100 100 100 100 100 100 
100 100 100 100 100 100 100 100 100 100 100 100 100 100 100 100 100 100 100 100 100 100 100 100 100 1 0 1 100 100 100 100 100 100 100 100 100 100 100 100 100 100 100 100 100 100 100 100 
100 100 100 100 100 100 100 100 100 100 100 100 100 100 100 100 100 100 100 100 100 100 100 100 100 100 1 0 1 100 100 100 100 100 100 100 100 100 100 100 100 100 100 100 100 100 100 100 
100 100 100 100 100 100 100 100 100 100 100 100 100 100 100 100 100 100 100 100 100 100 100 100 100 100 100 1 0 1 100 100 100 100 100 100 100 100 100 100 100 100 100 100 100 100 100 100 
100 100 100 100 100 100 100 100 100 100 100 100 100 100 100 100 100 100 100 100 100 100 100 100 100 100 100 100 1 0 1 100 100 100 100 100 100 100 100 100 100 100 100 100 100 100 100 100 
100 100 100 100 100 100 100 100 100 100 100 100 100 100 100 100 100 100 100 100 100 100 100 100 100 100 100 100 100 1 0 1 100 100 100 100 100 100 100 100 100 100 100 100 100 100 100 100 
0 100 100 100 100 100 100 50 0 100 100 100 100 100 100 0 0 100 100 100 100 100 100 0 100 100 100 100 100 100 1 0 1 100 100 100 100 100 100 0 0 100 100 100 100 100 100 0 
0 100 100 100 100 100 100 50 0 100 100 100 100 100 100 0 0 100 100 100 100 100 100 0 0 100 100 100 100 100 100 1 0 1 100 100 100 100 100 100 0 100 100 100 100 100 100 0 
100 100 100 100 100 100 100 100 100 100 100 100 100 100 100 100 100 100 100 100 100 100 100 100 100 100 100 100 100 100 100 100 1 0 1 100 100 100 100 100 100 100 100 100 100 100 100 100 
100 100 100 100 100 100 100 100 100 100 100 100 100 100 100 100 100 100 100 100 100 100 100 100 100 100 100 100 100 100 100 100 100 1 0 1 100 100 100 100 100 100 100 100 100 100 100 100 
100 100 100 100 100 100 100 100 100 100 100 100 100 100 100 100 100 100 100 100 100 100 100 100 100 100 100 100 100 100 100 100 100 100 1 0 1 100 100 100 100 100 100 100 100 100 100 100 
100 100 100 100 100 100 100 100 100 100 100 100 100 100 100 100 100 100 100 100 100 100 100 100 100 100 100 100 100 100 100 100 100 100 100 1 0 1 100 100 100 100 100 100 100 100 100 100 
100 100 100 100 100 100 100 100 100 100 100 100 100 100 100 100 100 100 100 100 100 100 100 100 100 100 100 100 100 100 100 100 100 100 100 100 1 0 1 100 100 100 100 100 100 100 100 100 
100 100 100 100 100 100 100 100 100 100 100 100 100 100 100 100 100 100 100 100 100 100 100 100 100 100 100 100 100 100 100 100 100 100 100 100 100 1 0 1 100 100 100 100 100 100 100 100 
0 100 100 100 100 100 100 50 0 100 100 100 100 100 100 0 0 100 100 100 100 100 100 0 0 100 100 100 100 100 100 0 100 100 100 100 100 100 1 0 1 100 100 100 100 100 100 0 
0 100 100 100 100 100 100 50 0 100 100 100 100 100 100 0 0 100 100 100 100 100 100 0 0 100 100 100 100 100 100 0 0 100 100 100 100 100 100 1 0 1 100 100 100 100 100 100 
100 100 100 100 100 100 100 100 100 100 100 100 100 100 100 100 100 100 100 100 100 100 100 100 100 100 100 100 100 100 100 100 100 100 100 100 100 100 100 100 1 0 1 100 100 100 100 100 
100 100 100 100 100 100 100 100 100 100 100 100 100 100 100 100 100 100 100 100 100 100 100 100 100 100 100 100 100 100 100 100 100 100 100 100 100 100 100 100 100 1 0 1 100 100 100 100 
100 100 100 100 100 100 100 100 100 100 100 100 100 100 100 100 100 100 100 100 100 100 100 100 100 100 100 100 100 100 100 100 100 100 100 100 100 100 100 100 100 100 1 0 1 100 100 100 
100 100 100 100 100 100 100 100 100 100 100 100 100 100 100 100 100 100 100 100 100 100 100 100 100 100 100 100 100 100 100 100 100 100 100 100 100 100 100 100 100 100 100 1 0 1 100 100 
100 100 100 100 100 100 100 100 100 100 100 100 100 100 100 100 100 100 100 100 100 100 100 100 100 100 100 100 100 100 100 100 100 100 100 100 100 100 100 100 100 100 100 100 1 0 1 100 
100 100 100 100 100 100 100 100 100 100 100 100 100 100 100 100 100 100 100 100 100 100 100 100 100 100 100 100 100 100 100 100 100 100 100 100 100 100 100 100 100 100 100 100 100 1 0 1 
1 100 100 100 100 100 100 50 0 100 100 100 100 100 100 0 0 100 100 100 100 100 100 0 0 100 100 100 100 100 100 0 0 100 100 100 100 100 100 0 100 100 100 100 100 100 1 0 
RRRBRRRBRBBBRRBBRRBBBBRBRBBRBBBBBBBRRBRRRRBRRBRR