50
0 19 38 57 11 72 14 24 75 26 42 13 31 4 1 78 90 37 77 39 80 84 71 58 27 86 71 22 40 95 31 39 32 89 85 60 51 55 80 33 64 39 83 37 18 90 3 64 74 38 
19 0 71 82 73 61 36 27 87 78 32 97 31 96 90 49 96 16 67 59 2 40 62 91 4 61 66 39 79 6 36 24 49 0 98 76 7 90 39 36 29 20 74 39 43 3 96 6 43 40 
38 71 0 79 87 25 93 21 33 57 16 95 39 47 54 90 7 14 84 8 7 18 4 49 38 8 21 89 82 49 97 66 77 56 88 71 80 94 78 37 2 38 67 20 36 99 23 36 44 82 
57 82 79 0 56 72 46 53 65 89 38 6 47 48 70 86 40 82 9 55 91 61 75 23 77 33 3 71 59 41 13 97 68 14 48 58 83 52 46 54 78 77 10 49 93 52 2 89 85 6 
11 73 87 56 0 91 5 93 77 24 20 0 31 86 42 26 3 85 34 51 94 45 97 97 50 68 13 21 68 53 32 1 56 66 10 22 80 53 69 55 19 72 21 2 51 2 50 63 58 84 
72 61 25 72 91 0 64 2 78 35 50 79 81 54 91 37 98 39 15 82 11 63 15 65 3 84 32 14 66 67 47 18 90 29 17 90 38 29 60 79 36 89 69 16 73 81 94 82 82 84 
14 36 93 46 5 64 0 38 13 54 80 54 3 26 74 45 37 92 32 55 38 58 10 9 68 12 2 88 53 69 38 84 20 10 33 37 76 19 60 4 94 56 70 18 21 66 60 21 77 93 
24 27 21 53 93 2 38 0 78 4 38 52 44 38 62 37 59 63 3 39 33 11 73 18 96 33 73 96 6 2 79 68 4 31 56 98 36 31 11 40 24 3 71 46 44 63 81 36 35 35 
75 87 33 65 77 78 13 78 0 94 16 49 28 31 88 38 61 42 98 66 77 69 46 32 86 75 44 5 67 55 12 57 53 67 94 95 52 80 0 40 45 35 99 62 6 6 64 63 60 2 
26 78 57 89 24 35 54 4 94 0 83 49 89 36 28 96 78 13 17 94 94 65 76 35 60 98 38 3 95 43 10 29 44 66 1 15 64 78 77 87 70 20 70 10 18 64 56 2 85 32 
42 32 16 38 20 50 80 38 16 83 0 95 70 92 3 54 8 5 38 79 95 29 51 81 86 85 30 19 59 64 16 0 26 70 86 58 46 55 67 57 23 47 68 73 9 6 51 59 76 60 
13 97 95 6 0 79 54 52 49 49 95 0 77 92 95 65 57 7 87 47 45 47 95 0 69 99 17 5 20 29 62 78 93 6 45 53 6 55 35 16 62 14 85 23 32 47 62 49 56 51 
31 31 39 47 31 81 3 44 28 89 70 77 0 84 65 4 47 85 85 4 36 11 68 10 44 4 75 15 48 30 53 48 78 75 39 84 81 42 14 55 97 15 72 25 44 20 5 67 83 86 
4 96 47 48 86 54 26 38 31 36 92 92 84 0 47 53 86 30 74 29 77 55 46 18 10 92 97 66 50 24 16 6 38 30 91 31 34 79 61 77 82 31 24 45 54 49 57 43 96 36 
1 90 54 70 42 91 74 62 88 28 3 95 65 47 0 50 70 6 75 93 36 41 1 37 99 97 12 16 18 49 55 51 60 99 69 55 75 23 76 49 83 62 85 91 83 69 3 74 44 72 
78 49 90 86 26 37 45 37 38 96 54 65 4 53 50 0 62 65 52 98 30 32 26 70 6 57 55 67 16 37 17 49 90 8 62 17 65 73 24 35 81 56 84 88 58 47 89 56 39 83 
90 96 7 40 3 98 37 59 61 78 8 57 47 86 70 62 0 80 24 98 90 30 46 17 97 83 13 54 48 60 68 57 98 14 0 73 42 48 52 37 85 68 24 38 45 85 22 36 89 41 
37 16 14 82 85 39 92 63 42 13 5 7 85 30 6 65 80 0 78 15 59 60 2 79 65 22 10 71 34 12 20 18 17 65 89 1 99 1 22 98 92 4 81 61 50 58 29 47 76 64 
77 67 84 9 34 15 32 3 98 17 38 87 85 74 75 52 24 78 0 80 1 6 59 58 86 54 47 90 25 92 81 91 51 64 99 82 28 75 37 96 99 99 48 77 87 80 58 74 2 71 
39 59 8 55 51 82 55 39 66 94 79 47 4 29 93 98 98 15 80 0 22 55 17 10 17 15 54 76 30 60 82 69 4 62 67 99 96 20 18 19 90 65 97 30 57 32 75 17 21 71 
80 2 7 91 94 11 38 33 77 94 95 45 36 77 36 30 90 59 1 22 0 31 28 67 30 3 48 4 82 27 93 55 45 40 46 26 16 80 92 72 91 43 84 10 81 79 53 72 60 22 
84 40 18 61 45 63 58 11 69 65 29 47 11 55 41 32 30 60 6 55 31 0 93 24 80 34 1 64 24 59 33 31 61 43 32 66 16 64 68 47 46 72 77 24 57 47 74 64 30 22 
71 62 4 75 97 15 10 73 46 76 51 95 68 46 1 26 46 2 59 17 28 93 0 31 0 66 13 52 59 52 65 8 60 68 67 27 53 38 19 38 4 39 94 12 92 59 69 42 58 29 
58 91 49 23 97 65 9 18 32 35 81 0 10 18 37 70 17 79 58 10 67 24 31 0 76 72 96 75 37 90 68 28 56 84 48 5 45 26 67 13 48 12 47 75 29 96 8 50 19 74 
27 4 38 77 50 3 68 96 86 60 86 69 44 10 99 6 97 65 86 17 30 80 0 76 0 67 61 9 12 73 9 88 59 26 40 36 5 59 17 93 64 36 26 57 42 82 23 64 9 0 
86 61 8 33 68 84 12 33 75 98 85 99 4 92 97 57 83 22 54 15 3 34 66 72 67 0 40 20 98 59 38 65 95 17 99 48 35 89 30 51 5 5 51 65 90 38 87 59 81 53 
71 66 21 3 13 32 2 73 44 38 30 17 75 97 12 55 13 10 47 54 48 1 13 96 61 40 0 44 82 8 47 8 55 74 22 16 36 91 19 30 71 1 60 9 67 47 3 81 87 72 
22 39 89 71 21 14 88 96 5 3 19 5 15 66 16 67 54 71 90 76 4 64 52 75 9 20 44 0 4 40 6 71 84 25 3 85 71 4 96 68 76 8 62 5 76 86 12 6 20 95 
40 79 82 59 68 66 53 6 67 95 59 20 48 50 18 16 48 34 25 30 82 24 59 37 12 98 82 4 0 66 3 31 93 58 30 61 52 33 91 12 95 33 48 38 63 44 26 7 6 95 
95 6 49 41 53 67 69 2 55 43 64 29 30 24 49 37 60 12 92 60 27 59 52 90 73 59 8 40 66 0 83 6 60 17 93 34 20 37 24 2 23 61 32 47 63 95 30 96 16 43 
31 36 97 13 32 47 38 79 12 10 16 62 53 16 55 17 68 20 81 82 93 33 65 68 9 38 47 6 3 83 0 69 10 64 54 9 84 72 67 66 61 41 46 38 37 82 58 3 72 15 
39 24 66 97 1 18 84 68 57 29 0 78 48 6 51 49 57 18 91 69 55 31 8 28 88 65 8 71 31 6 69 0 14 51 46 89 57 66 93 33 32 84 51 56 75 10 96 6 71 99 
32 49 77 68 56 90 20 4 53 44 26 93 78 38 60 90 98 17 51 4 45 61 60 56 59 95 55 84 93 60 10 14 0 9 52 14 47 71 34 48 44 20 64 41 90 29 28 61 59 67 
89 0 56 14 66 29 10 31 67 66 70 6 75 30 99 8 14 65 64 62 40 43 68 84 26 17 74 25 58 17 64 51 9 0 9 91 20 44 62 61 81 23 5 82 15 2 26 51 94 6 
85 98 88 48 10 17 33 56 94 1 86 45 39 91 69 62 0 89 99 67 46 32 67 48 40 99 22 3 30 93 54 46 52 9 0 8 64 57 19 81 3 45 77 47 89 51 90 79 29 39 
60 76 71 58 22 90 37 98 95 15 58 53 84 31 55 17 73 1 82 99 26 66 27 5 36 48 16 85 61 34 9 89 14 91 8 0 76 45 94 23 60 92 79 96 79 25 90 15 58 59 
51 7 80 83 80 38 76 36 52 64 46 6 81 34 75 65 42 99 28 96 16 16 53 45 5 35 36 71 52 20 84 57 47 20 64 76 0 43 36 43 35 72 34 19 22 48 29 73 22 5 
55 90 94 52 53 29 19 31 80 78 55 55 42 79 23 73 48 1 75 20 80 64 38 26 59 89 91 4 33 37 72 66 71 44 57 45 43 0 17 41 28 50 91 92 58 69 38 6 67 8 
80 39 78 46 69 60 60 11 0 77 67 35 14 61 76 24 52 22 37 18 92 68 19 67 17 30 19 96 91 24 67 93 34 62 19 94 36 17 0 68 23 92 10 48 80 7 84 82 25 35 
33 36 37 54 55 79 4 40 40 87 57 16 55 77 49 35 37 98 96 19 72 47 38 13 93 51 30 68 12 2 66 33 48 61 81 23 43 41 68 0 11 77 88 62 32 31 69 99 44 49 
64 29 2 78 19 36 94 24 45 70 23 62 97 82 83 81 85 92 99 90 91 46 4 48 64 5 71 76 95 23 61 32 44 81 3 60 35 28 23 11 0 89 81 73 53 30 29 21 29 35 
39 20 38 77 72 89 56 3 35 20 47 14 15 31 62 56 68 4 99 65 43 72 39 12 36 5 1 8 33 61 41 84 20 23 45 92 72 50 92 77 89 0 78 96 81 95 78 91 88 8 
83 74 67 10 21 69 70 71 99 70 68 85 72 24 85 84 24 81 48 97 84 77 94 47 26 51 60 62 48 32 46 51 64 5 77 79 34 91 10 88 81 78 0 68 62 8 15 92 14 66 
37 39 20 49 2 16 18 46 62 10 73 23 25 45 91 88 38 61 77 30 10 24 12 75 57 65 9 5 38 47 38 56 41 82 47 96 19 92 48 62 73 96 68 0 2 93 4 1 1 39 
18 43 36 93 51 73 21 44 6 18 9 32 44 54 83 58 45 50 87 57 81 57 92 29 42 90 67 76 63 63 37 75 90 15 89 79 22 58 80 32 53 81 62 2 0 93 69 36 17 35 
90 3 99 52 2 81 66 63 6 64 6 47 20 49 69 47 85 58 80 32 79 47 59 96 82 38 47 86 44 95 82 10 29 2 51 25 48 69 7 31 30 95 8 93 93 0 47 85 72 82 
3 96 23 2 50 94 60 81 64 56 51 62 5 57 3 89 22 29 58 75 53 74 69 8 23 87 3 12 26 30 58 96 28 26 90 90 29 38 84 69 29 78 15 4 69 47 0 99 88 83 
64 6 36 89 63 82 21 36 63 2 59 49 67 43 74 56 36 47 74 17 72 64 42 50 64 59 81 6 7 96 3 6 61 51 79 15 73 6 82 99 21 91 92 1 36 85 99 0 84 21 
74 43 44 85 58 82 77 35 60 85 76 56 83 96 44 39 89 76 2 21 60 30 58 19 9 81 87 20 6 16 72 71 59 94 29 58 22 67 25 44 29 88 14 1 17 72 88 84 0 48 
38 40 82 6 84 84 93 35 2 32 60 51 86 36 72 83 41 64 71 71 22 22 29 74 0 53 72 95 95 43 15 99 67 6 39 59 5 8 35 49 35 8 66 39 35 82 83 21 48 0 
BRRBBBRRRRRBRBRRBRRRBRBBRBRBBRBBBRRBBRBBRRBBBRRRBB
