48
0 1 92 92 93 98 91 93 93 91 99 92 96 99 97 99 91 90 97 92 96 96 93 96 95 97 93 93 93 92 91 96 94 97 93 91 97 96 94 93 94 98 93 94 99 94 96 94
1 0 1 97 99 98 96 91 93 94 90 94 92 91 96 92 95 98 94 99 92 97 97 91 93 91 90 97 95 91 95 95 91 90 97 93 96 96 97 92 93 93 96 91 96 95 99 90
92 1 0 1 95 70 99 95 91 98 70 90 90 70 90 95 93 99 70 98 95 70 97 95 94 91 70 92 98 70 95 93 97 91 70 99 92 70 98 96 98 97 70 92 92 70 94 97
92 97 1 0 1 98 95 90 99 90 98 92 96 90 99 96 91 93 95 98 98 96 91 94 97 98 91 99 91 93 98 94 92 97 94 96 93 98 99 90 95 91 97 96 94 93 97 92
93 99 95 1 0 1 96 99 94 95 96 96 97 91 94 92 96 95 96 91 98 91 94 92 95 96 91 97 92 99 90 91 90 95 91 99 95 98 97 95 97 91 96 93 90 92 98 92
98 98 70 98 1 0 1 96 96 92 70 97 96 70 93 95 97 90 70 96 93 70 99 92 96 98 70 96 94 70 94 90 97 96 70 92 96 70 98 92 96 95 70 96 98 70 90 95
91 96 99 95 96 1 0 1 98 99 91 93 90 98 98 91 90 94 90 97 98 92 99 99 96 97 98 90 90 98 98 98 98 90 96 96 98 92 98 94 93 94 97 93 93 96 99 94
93 91 95 90 99 96 1 0 1 95 99 98 92 97 97 99 99 91 99 98 92 95 98 90 99 91 96 99 90 96 92 96 93 95 99 91 92 99 91 97 92 96 94 98 97 91 95 99
93 93 91 99 94 96 98 1 0 1 97 96 96 99 90 93 97 90 94 95 98 99 98 95 91 93 99 99 96 90 93 95 90 95 99 93 91 96 97 98 96 97 95 91 98 92 93 94
91 94 98 90 95 92 99 95 1 0 1 97 92 96 94 92 92 98 97 94 92 95 93 96 96 91 93 95 93 95 97 97 99 92 94 98 91 91 93 93 90 96 94 96 99 91 99 91
99 90 70 98 96 70 91 99 97 1 0 1 90 0 98 91 95 93 0 92 90 0 95 93 93 93 0 92 94 0 95 90 90 94 0 96 96 0 98 92 95 98 0 95 99 0 97 99
92 94 90 92 96 97 93 98 96 97 1 0 1 98 92 92 99 94 93 94 94 98 99 90 91 90 94 95 91 93 95 92 95 99 90 90 93 91 91 96 99 94 96 99 91 99 91 94
96 92 90 96 97 96 90 92 96 92 90 1 0 1 92 94 93 96 98 96 97 96 96 98 92 90 93 99 94 96 98 95 91 99 98 93 94 94 96 96 92 91 97 98 98 98 95 99
99 91 70 90 91 70 98 97 99 96 0 98 1 0 1 91 91 98 0 92 92 0 98 91 96 95 0 97 92 0 98 99 96 93 0 91 91 0 93 91 92 94 0 92 93 0 96 90
97 96 90 99 94 93 98 97 90 94 98 92 92 1 0 1 99 98 97 95 91 90 96 97 94 92 91 96 94 98 91 99 96 91 98 96 94 97 91 98 92 90 97 94 96 97 98 95
99 92 95 96 92 95 91 99 93 92 91 92 94 91 1 0 1 92 96 99 90 91 90 95 97 94 92 93 92 93 97 94 90 97 92 94 90 99 97 99 97 97 95 93 93 95 98 93
91 95 93 91 96 97 90 99 97 92 95 99 93 91 99 1 0 1 92 93 91 98 90 90 90 99 95 94 91 94 99 92 94 97 95 96 97 91 94 91 95 90 90 93 97 97 92 95
90 98 99 93 95 90 94 91 90 98 93 94 96 98 98 92 1 0 1 92 92 97 94 90 92 99 98 97 92 91 95 99 96 94 92 99 97 96 90 94 97 96 97 96 96 94 98 98
97 94 70 95 96 70 90 99 94 97 0 93 98 0 97 96 92 1 0 1 95 0 94 92 98 99 0 92 92 0 95 91 91 94 0 93 94 0 98 95 92 97 0 94 90 0 98 98
92 99 98 98 91 96 97 98 95 94 92 94 96 92 95 99 93 92 1 0 1 93 99 98 90 95 91 93 96 92 96 92 98 95 93 93 92 96 95 91 92 94 95 99 91 94 95 97
96 92 95 98 98 93 98 92 98 92 90 94 97 92 91 90 91 92 95 1 0 1 96 98 91 93 93 95 93 97 91 90 94 92 98 99 90 91 90 93 92 98 97 94 93 95 91 97
96 97 70 96 91 70 92 95 99 95 0 98 96 0 90 91 98 97 0 93 1 0 1 93 93 93 0 92 96 0 90 97 92 95 0 95 92 0 98 93 98 97 0 95 98 0 93 96
93 97 97 91 94 99 99 98 98 93 95 99 96 98 96 90 90 94 94 99 96 1 0 1 97 90 96 90 92 90 90 99 95 97 99 95 96 96 96 90 97 97 99 97 98 96 93 94
96 91 95 94 92 92 99 90 95 96 93 90 98 91 97 95 90 90 92 98 98 93 1 0 1 95 98 96 96 91 98 91 90 95 91 97 94 94 97 94 96 95 99 99 95 90 94 91
95 93 94 97 95 96 96 99 91 96 93 91 92 96 94 97 90 92 98 90 91 93 97 1 0 1 99 92 99 93 99 90 96 91 95 98 95 98 90 97 95 95 96 92 93 95 92 97
97 91 91 98 96 98 97 91 93 91 93 90 90 95 92 94 99 99 99 95 93 93 90 95 1 0 1 95 96 92 96 99 94 99 90 94 90 90 93 91 95 93 93 91 90 99 93 91
93 90 70 91 91 70 98 96 99 93 0 94 93 0 91 92 95 98 0 91 93 0 96 98 99 1 0 1 96 0 98 99 98 91 0 94 95 0 94 90 97 99 0 91 97 0 98 97
93 97 92 99 97 96 90 99 99 95 92 95 99 97 96 93 94 97 92 93 95 92 90 96 92 95 1 0 1 97 98 94 93 95 90 91 93 92 91 94 98 96 98 98 96 96 94 92
93 95 98 91 92 94 90 90 96 93 94 91 94 92 94 92 91 92 92 96 93 96 92 96 99 96 96 1 0 1 92 95 97 98 92 93 90 92 90 99 98 97 93 97 98 96 96 97
92 91 70 93 99 70 98 96 90 95 0 93 96 0 98 93 94 91 0 92 97 0 90 91 93 92 0 97 1 0 1 96 90 92 0 91 94 0 96 99 98 97 0 92 90 0 93 93
91 95 95 98 90 94 98 92 93 97 95 95 98 98 91 97 99 95 95 96 91 90 90 98 99 96 98 98 92 1 0 1 98 99 99 95 94 98 97 90 97 98 90 90 99 97 96 97
96 95 93 94 91 90 98 96 95 97 90 92 95 99 99 94 92 99 91 92 90 97 99 91 90 99 99 94 95 96 1 0 1 98 97 96 93 95 96 91 95 92 91 95 95 98 97 91
94 91 97 92 90 97 98 93 90 99 90 95 91 96 96 90 94 96 91 98 94 92 95 90 96 94 98 93 97 90 98 1 0 1 92 97 97 91 91 96 93 92 96 93 93 91 94 96
97 90 91 97 95 96 90 95 95 92 94 99 99 93 91 97 97 94 94 95 92 95 97 95 91 99 91 95 98 92 99 98 1 0 1 98 91 93 93 93 94 96 94 98 96 96 96 91
93 97 70 94 91 70 96 99 99 94 0 90 98 0 98 92 95 92 0 93 98 0 99 91 95 90 0 90 92 0 99 97 92 1 0 1 98 0 93 90 91 90 0 92 94 0 96 97
91 93 99 96 99 92 96 91 93 98 96 90 93 91 96 94 96 99 93 93 99 95 95 97 98 94 94 91 93 91 95 96 97 98 1 0 1 90 94 95 97 96 98 97 93 93 91 94
97 96 92 93 95 96 98 92 91 91 96 93 94 91 94 90 97 97 94 92 90 92 96 94 95 90 95 93 90 94 94 93 97 91 98 1 0 1 96 96 94 95 98 94 98 93 90 95
96 96 70 98 98 70 92 99 96 91 0 91 94 0 97 99 91 96 0 96 91 0 96 94 98 90 0 92 92 0 98 95 91 93 0 90 1 0 1 92 93 95 0 98 93 0 96 93
94 97 98 99 97 98 98 91 97 93 98 91 96 93 91 97 94 90 98 95 90 98 96 97 90 93 94 91 90 96 97 96 91 93 93 94 96 1 0 1 97 98 95 91 98 98 94 92
93 92 96 90 95 92 94 97 98 93 92 96 96 91 98 99 91 94 95 91 93 93 90 94 97 91 90 94 99 99 90 91 96 93 90 95 96 92 1 0 1 97 92 90 94 97 97 96
94 93 98 95 97 96 93 92 96 90 95 99 92 92 92 97 95 97 92 92 92 98 97 96 95 95 97 98 98 98 97 95 93 94 91 97 94 93 97 1 0 1 90 96 91 95 97 99
98 93 97 91 91 95 94 96 97 96 98 94 91 94 90 97 90 96 97 94 98 97 97 95 95 93 99 96 97 97 98 92 92 96 90 96 95 95 98 97 1 0 1 96 91 90 94 97
93 96 70 97 96 70 97 94 95 94 0 96 97 0 97 95 90 97 0 95 97 0 99 99 96 93 0 98 93 0 90 91 96 94 0 98 98 0 95 92 90 1 0 1 97 0 99 93
94 91 92 96 93 96 93 98 91 96 95 99 98 92 94 93 93 96 94 99 94 95 97 99 92 91 91 98 97 92 90 95 93 98 92 97 94 98 91 90 96 96 1 0 1 99 91 96
99 96 92 94 90 98 93 97 98 99 99 91 98 93 96 93 97 96 90 91 93 98 98 95 93 90 97 96 98 90 99 95 93 96 94 93 98 93 98 94 91 91 97 1 0 1 95 92
94 95 70 93 92 70 96 91 92 91 0 99 98 0 97 95 97 94 0 94 95 0 96 90 95 99 0 96 96 0 97 98 91 96 0 93 93 0 98 97 95 90 0 99 1 0 1 95
96 99 94 97 98 90 99 95 93 99 97 91 95 96 98 98 92 98 98 95 91 93 93 94 92 93 98 94 96 93 96 97 94 96 96 91 90 96 94 97 97 94 99 91 95 1 0 1
94 90 97 92 92 95 94 99 94 91 99 94 99 90 95 93 95 98 98 97 97 96 94 91 97 91 97 92 97 93 97 91 96 91 97 94 95 93 92 96 99 97 93 96 92 95 1 0
RBRBRBRBRBRBRBRBRBRBRBRBRBRBRBRBRBRBRBRBRBRBRBRB