50
0 51 6 24 99 86 75 68 62 33 42 12 1 27 43 32 33 57 72 32 10 90 69 60 41 21 53 31 21 19 49 34 33 32 45 48 3 34 65 99 65 96 93 36 41 21 15 93 56 72
51 0 15 30 99 95 45 50 33 1 80 99 9 89 63 64 44 7 16 84 9 17 46 65 73 95 0 42 62 12 69 38 36 23 43 29 26 3 34 21 40 75 34 31 45 66 21 36 12 83
6 15 0 67 20 12 94 61 62 8 64 13 65 30 88 48 26 0 54 77 10 45 41 70 1 26 57 46 15 25 99 94 38 8 94 82 80 11 66 71 41 71 36 78 66 27 14 76 98 1
24 30 67 0 21 98 2 95 29 76 93 76 32 65 41 81 39 10 33 80 98 76 8 64 3 62 99 93 55 68 7 31 29 45 62 98 60 51 28 83 52 20 45 26 92 35 10 89 95 38
99 99 20 21 0 90 29 80 51 88 93 93 29 15 80 93 83 93 60 2 8 69 4 82 55 4 87 17 67 63 91 9 68 31 17 33 52 45 31 64 9 33 8 54 16 46 52 50 75 85
86 95 12 98 90 0 28 48 16 72 62 65 40 82 86 56 36 41 95 34 23 67 93 76 91 69 17 39 83 25 36 41 40 8 6 37 87 2 77 31 1 7 18 44 60 90 51 6 3 92
75 45 94 2 29 28 0 4 25 14 94 49 13 84 67 56 75 80 30 97 39 99 13 77 60 64 72 9 0 64 53 76 94 41 77 20 71 85 15 87 28 31 72 45 54 81 71 47 72 41
68 50 61 95 80 48 4 0 91 2 22 36 56 70 81 22 67 87 94 47 47 85 64 83 73 28 81 76 95 58 33 15 77 74 67 5 88 55 92 3 28 57 2 24 10 49 74 61 39 3
62 33 62 29 51 16 25 91 0 34 65 85 41 51 12 48 67 78 46 96 41 86 57 49 26 99 92 79 75 58 76 86 69 18 69 42 37 61 64 29 8 83 23 6 31 5 38 61 17 90
33 1 8 76 88 72 14 2 34 0 91 25 88 5 67 25 58 26 14 36 16 14 0 99 10 38 74 22 74 51 44 72 56 58 91 11 15 59 50 48 42 80 29 15 57 0 95 32 54 85
42 80 64 93 93 62 94 22 65 91 0 96 50 25 87 37 25 48 91 67 83 1 8 42 3 70 42 19 92 6 25 24 77 14 60 62 49 83 32 62 89 55 63 49 78 43 11 53 59 19
12 99 13 76 93 65 49 36 85 25 96 0 20 0 76 82 48 51 92 98 3 6 80 40 3 24 28 45 47 29 73 28 89 91 2 67 12 58 88 25 44 81 89 87 5 14 31 8 3 6
1 9 65 32 29 40 13 56 41 88 50 20 0 18 20 18 53 76 72 73 61 38 11 0 19 93 24 39 4 63 47 25 85 75 64 19 89 35 72 63 68 69 92 37 1 42 39 90 78 55
27 89 30 65 15 82 84 70 51 5 25 0 18 0 59 90 32 66 12 48 83 5 16 26 67 98 64 86 32 88 68 20 65 61 70 17 27 45 9 86 10 10 1 43 20 74 24 72 49 91
43 63 88 41 80 86 67 81 12 67 87 76 20 59 0 0 46 9 39 39 5 97 92 88 9 6 22 88 47 0 43 65 40 81 72 92 2 91 52 65 42 39 25 20 77 12 19 75 78 33
32 64 48 81 93 56 56 22 48 25 37 82 18 90 0 0 80 22 54 70 74 9 0 0 46 20 60 63 42 49 75 68 62 4 20 48 70 19 47 24 56 90 83 93 17 49 77 31 7 57
33 44 26 39 83 36 75 67 67 58 25 48 53 32 46 80 0 3 94 47 69 15 33 24 81 99 6 37 6 15 11 86 66 38 83 22 63 84 78 86 11 4 67 70 94 58 24 86 47 2
57 7 0 10 93 41 80 87 78 26 48 51 76 66 9 22 3 0 20 87 98 53 93 80 19 56 57 71 52 75 35 37 85 90 74 27 53 71 69 92 90 61 83 96 86 94 31 26 77 53
72 16 54 33 60 95 30 94 46 14 91 92 72 12 39 54 94 20 0 45 66 38 50 56 5 1 3 51 6 76 23 35 15 10 69 78 33 25 40 22 29 40 42 57 9 49 88 37 3 14
32 84 77 80 2 34 97 47 96 36 67 98 73 48 39 70 47 87 45 0 69 77 24 91 3 95 60 96 23 14 22 4 92 15 51 36 80 55 17 8 10 51 83 60 48 85 28 92 56 45
10 9 10 98 8 23 39 47 41 16 83 3 61 83 5 74 69 98 66 69 0 32 62 75 88 34 40 11 56 68 51 58 96 49 1 97 47 94 32 77 37 57 20 89 2 51 3 56 46 60
90 17 45 76 69 67 99 85 86 14 1 6 38 5 97 9 15 53 38 77 32 0 89 23 3 22 23 9 14 26 52 59 54 2 46 62 98 37 7 10 88 72 10 1 59 83 26 94 31 0
69 46 41 8 4 93 13 64 57 0 8 80 11 16 92 0 33 93 50 24 62 89 0 33 49 54 28 13 85 63 20 34 76 10 66 9 54 54 70 35 96 27 48 47 16 21 40 85 92 62
60 65 70 64 82 76 77 83 49 99 42 40 0 26 88 0 24 80 56 91 75 23 33 0 74 58 56 76 16 77 74 19 85 53 8 69 35 42 95 61 33 6 52 46 32 43 9 89 48 35
41 73 1 3 55 91 60 73 26 10 3 3 19 67 9 46 81 19 5 3 88 3 49 74 0 27 6 83 9 1 2 82 88 4 99 72 79 51 49 80 87 30 14 63 80 24 11 3 86 62
21 95 26 62 4 69 64 28 99 38 70 24 93 98 6 20 99 56 1 95 34 22 54 58 27 0 45 67 85 95 34 64 9 45 95 13 3 38 3 67 93 85 95 87 24 27 10 74 44 67
53 0 57 99 87 17 72 81 92 74 42 28 24 64 22 60 6 57 3 60 40 23 28 56 6 45 0 89 84 83 42 68 76 3 63 23 91 15 31 59 0 91 13 25 73 75 2 49 49 43
31 42 46 93 17 39 9 76 79 22 19 45 39 86 88 63 37 71 51 96 11 9 13 76 83 67 89 0 39 73 2 28 80 24 41 17 94 99 97 24 16 55 73 44 36 93 54 53 13 92
21 62 15 55 67 83 0 95 75 74 92 47 4 32 47 42 6 52 6 23 56 14 85 16 9 85 84 39 0 96 86 28 11 32 56 60 19 73 59 47 63 65 54 48 85 87 20 67 14 67
19 12 25 68 63 25 64 58 58 51 6 29 63 88 0 49 15 75 76 14 68 26 63 77 1 95 83 73 96 0 22 68 45 12 1 72 98 86 96 45 64 81 19 84 13 38 51 2 30 85
49 69 99 7 91 36 53 33 76 44 25 73 47 68 43 75 11 35 23 22 51 52 20 74 2 34 42 2 86 22 0 22 48 91 95 79 85 59 31 83 75 44 9 75 20 46 11 10 83 26
34 38 94 31 9 41 76 15 86 72 24 28 25 20 65 68 86 37 35 4 58 59 34 19 82 64 68 28 28 68 22 0 40 51 90 12 89 44 89 72 62 3 46 50 91 2 3 85 45 50
33 36 38 29 68 40 94 77 69 56 77 89 85 65 40 62 66 85 15 92 96 54 76 85 88 9 76 80 11 45 48 40 0 77 94 21 52 85 52 72 3 14 66 77 7 90 61 19 67 86
32 23 8 45 31 8 41 74 18 58 14 91 75 61 81 4 38 90 10 15 49 2 10 53 4 45 3 24 32 12 91 51 77 0 45 26 95 41 99 1 52 25 79 98 8 23 83 79 36 81
45 43 94 62 17 6 77 67 69 91 60 2 64 70 72 20 83 74 69 51 1 46 66 8 99 95 63 41 56 1 95 90 94 45 0 32 62 85 65 71 96 3 64 9 50 80 80 64 64 20
48 29 82 98 33 37 20 5 42 11 62 67 19 17 92 48 22 27 78 36 97 62 9 69 72 13 23 17 60 72 79 12 21 26 32 0 0 0 19 67 51 2 63 32 64 4 62 41 28 39
3 26 80 60 52 87 71 88 37 15 49 12 89 27 2 70 63 53 33 80 47 98 54 35 79 3 91 94 19 98 85 89 52 95 62 0 0 36 64 89 47 20 32 96 36 8 27 27 94 6
34 3 11 51 45 2 85 55 61 59 83 58 35 45 91 19 84 71 25 55 94 37 54 42 51 38 15 99 73 86 59 44 85 41 85 0 36 0 29 62 2 7 97 55 0 32 67 16 53 79
65 34 66 28 31 77 15 92 64 50 32 88 72 9 52 47 78 69 40 17 32 7 70 95 49 3 31 97 59 96 31 89 52 99 65 19 64 29 0 44 49 19 59 71 55 32 22 59 1 28
99 21 71 83 64 31 87 3 29 48 62 25 63 86 65 24 86 92 22 8 77 10 35 61 80 67 59 24 47 45 83 72 72 1 71 67 89 62 44 0 93 75 69 63 77 74 15 82 9 70
65 40 41 52 9 1 28 28 8 42 89 44 68 10 42 56 11 90 29 10 37 88 96 33 87 93 0 16 63 64 75 62 3 52 96 51 47 2 49 93 0 55 39 95 50 16 32 89 89 22
96 75 71 20 33 7 31 57 83 80 55 81 69 10 39 90 4 61 40 51 57 72 27 6 30 85 91 55 65 81 44 3 14 25 3 2 20 7 19 75 55 0 41 38 35 73 10 6 16 51
93 34 36 45 8 18 72 2 23 29 63 89 92 1 25 83 67 83 42 83 20 10 48 52 14 95 13 73 54 19 9 46 66 79 64 63 32 97 59 69 39 41 0 59 82 64 29 19 12 5
36 31 78 26 54 44 45 24 6 15 49 87 37 43 20 93 70 96 57 60 89 1 47 46 63 87 25 44 48 84 75 50 77 98 9 32 96 55 71 63 95 38 59 0 17 16 59 80 0 41
41 45 66 92 16 60 54 10 31 57 78 5 1 20 77 17 94 86 9 48 2 59 16 32 80 24 73 36 85 13 20 91 7 8 50 64 36 0 55 77 50 35 82 17 0 59 99 47 40 89
21 66 27 35 46 90 81 49 5 0 43 14 42 74 12 49 58 94 49 85 51 83 21 43 24 27 75 93 87 38 46 2 90 23 80 4 8 32 32 74 16 73 64 16 59 0 96 16 67 67
15 21 14 10 52 51 71 74 38 95 11 31 39 24 19 77 24 31 88 28 3 26 40 9 11 10 2 54 20 51 11 3 61 83 80 62 27 67 22 15 32 10 29 59 99 96 0 59 85 25
93 36 76 89 50 6 47 61 61 32 53 8 90 72 75 31 86 26 37 92 56 94 85 89 3 74 49 53 67 2 10 85 19 79 64 41 27 16 59 82 89 6 19 80 47 16 59 0 87 39
56 12 98 95 75 3 72 39 17 54 59 3 78 49 78 7 47 77 3 56 46 31 92 48 86 44 49 13 14 30 83 45 67 36 64 28 94 53 1 9 89 16 12 0 40 67 85 87 0 39
72 83 1 38 85 92 41 3 90 85 19 6 55 91 33 57 2 53 14 45 60 0 62 35 62 67 43 92 67 85 26 50 86 81 20 39 6 79 28 70 22 51 5 41 89 67 25 39 39 0
BRBRRBBBRRRRRBBRBBBRRRBRBBBBBBRBBRRRBBRRBRBRRRRBBR