50
0 3 96 49 3 5 73 90 26 82 89 31 19 11 95 43 40 44 35 84 73 67 86 93 35 99 59 51 55 30 9 39 42 94 23 81 11 50 47 27 7 21 13 14 6 19 68 44 91 69 
3 0 40 27 48 86 5 95 25 23 47 60 69 41 5 24 70 2 98 89 66 35 12 22 87 36 77 64 39 86 24 80 7 8 99 37 40 75 55 28 89 57 40 68 97 24 100 43 59 21 
96 40 0 72 48 48 85 38 25 61 50 20 27 2 88 75 92 98 11 37 53 57 36 44 52 50 50 54 13 20 21 10 19 65 29 26 6 99 5 72 51 68 19 40 51 78 38 34 19 9 
49 27 72 0 36 40 57 91 77 95 61 70 75 38 93 56 39 18 25 1 26 50 76 5 24 68 2 66 56 98 86 25 69 88 62 83 70 58 87 72 85 27 9 21 41 9 9 71 100 28 
3 48 48 36 0 15 10 76 64 37 76 64 93 50 4 8 99 15 77 47 23 74 79 36 25 16 17 31 82 34 42 7 10 82 84 12 61 75 77 33 92 60 84 5 75 78 32 46 86 94 
5 86 48 40 15 0 24 19 100 89 85 67 25 9 45 92 87 85 35 87 64 92 37 56 41 73 3 63 31 83 86 52 35 22 14 61 67 93 89 50 29 80 96 7 84 68 27 36 52 76 
73 5 85 57 10 24 0 49 75 12 66 66 4 54 71 43 47 21 63 50 71 32 36 73 95 43 63 24 66 75 22 20 30 51 84 31 80 94 59 97 79 15 39 74 30 5 52 74 97 94 
90 95 38 91 76 19 49 0 75 82 84 58 16 90 21 9 63 73 19 17 31 2 28 71 78 91 23 77 84 15 55 42 78 37 25 55 64 34 64 73 64 40 45 20 42 76 97 57 98 56 
26 25 25 77 64 100 75 75 0 42 6 27 58 36 24 25 26 60 12 3 32 42 66 20 1 96 33 80 53 66 59 2 42 14 95 22 62 10 30 8 9 64 66 49 22 99 49 58 56 54 
82 23 61 95 37 89 12 82 42 0 14 67 90 91 86 86 42 39 44 27 15 89 91 53 5 95 23 14 33 17 54 45 79 15 85 46 6 66 70 93 72 94 6 48 41 95 8 72 88 2 
89 47 50 61 76 85 66 84 6 14 0 99 89 65 95 10 40 73 14 71 18 51 81 64 70 36 91 12 79 62 87 56 77 89 99 29 60 76 19 90 2 93 4 69 84 30 48 64 37 7 
31 60 20 70 64 67 66 58 27 67 99 0 39 18 99 65 40 74 81 97 6 31 58 46 9 36 14 21 9 87 11 22 1 45 79 45 34 87 19 49 30 29 33 65 81 7 55 6 67 28 
19 69 27 75 93 25 4 16 58 90 89 39 0 16 18 36 82 44 42 5 30 15 30 38 3 50 13 97 63 36 19 21 98 9 72 61 32 21 55 73 61 9 99 65 34 8 72 18 33 14 
11 41 2 38 50 9 54 90 36 91 65 18 16 0 88 47 100 80 63 14 67 20 60 19 64 13 50 3 61 94 24 5 11 68 90 20 30 100 33 19 44 95 12 44 5 5 33 56 74 56 
95 5 88 93 4 45 71 21 24 86 95 99 18 88 0 21 41 80 86 24 71 89 62 39 82 54 36 87 26 84 34 80 73 29 7 97 82 4 97 40 5 29 25 16 13 49 12 1 71 68 
43 24 75 56 8 92 43 9 25 86 10 65 36 47 21 0 37 50 6 63 55 80 35 33 68 43 75 4 3 93 89 14 72 14 31 31 2 52 27 31 40 19 34 34 23 69 100 70 39 45 
40 70 92 39 99 87 47 63 26 42 40 40 82 100 41 37 0 42 96 3 19 48 47 80 96 41 11 37 78 57 83 29 79 71 6 40 8 67 11 31 26 39 2 22 69 1 64 48 51 39 
44 2 98 18 15 85 21 73 60 39 73 74 44 80 80 50 42 0 32 65 87 9 22 96 22 99 40 18 19 58 68 29 13 2 43 23 45 90 84 6 18 92 62 12 55 52 19 19 2 39 
35 98 11 25 77 35 63 19 12 44 14 81 42 63 86 6 96 32 0 50 65 10 79 98 66 25 15 20 90 73 48 14 22 24 94 47 96 57 67 39 90 4 92 50 1 44 78 94 78 44 
84 89 37 1 47 87 50 17 3 27 71 97 5 14 24 63 3 65 50 0 45 70 10 38 69 28 11 41 70 43 10 36 89 52 67 30 97 6 21 37 1 2 45 21 63 69 62 50 2 55 
73 66 53 26 23 64 71 31 32 15 18 6 30 67 71 55 19 87 65 45 0 3 88 2 66 61 32 44 77 42 27 64 12 85 65 70 62 76 11 58 35 29 59 71 73 19 53 37 41 84 
67 35 57 50 74 92 32 2 42 89 51 31 15 20 89 80 48 9 10 70 3 0 70 92 41 15 90 90 57 3 86 4 44 39 82 71 31 15 5 64 21 58 75 51 99 2 72 78 9 33 
86 12 36 76 79 37 36 28 66 91 81 58 30 60 62 35 47 22 79 10 88 70 0 28 7 67 10 85 99 18 95 94 86 17 36 6 42 69 14 32 67 16 74 24 47 80 59 25 100 22 
93 22 44 5 36 56 73 71 20 53 64 46 38 19 39 33 80 96 98 38 2 92 28 0 67 18 78 10 81 9 16 12 41 33 57 76 84 6 64 24 10 36 98 81 26 74 1 61 55 4 
35 87 52 24 25 41 95 78 1 5 70 9 3 64 82 68 96 22 66 69 66 41 7 67 0 72 89 42 13 80 68 81 20 56 76 73 46 56 17 80 64 64 66 66 82 6 79 36 13 68 
99 36 50 68 16 73 43 91 96 95 36 36 50 13 54 43 41 99 25 28 61 15 67 18 72 0 46 3 68 4 51 55 67 13 25 38 92 94 22 64 13 4 99 53 30 46 85 15 22 75 
59 77 50 2 17 3 63 23 33 23 91 14 13 50 36 75 11 40 15 11 32 90 10 78 89 46 0 13 28 29 28 23 14 45 19 50 69 72 32 23 14 88 72 97 18 3 87 27 96 46 
51 64 54 66 31 63 24 77 80 14 12 21 97 3 87 4 37 18 20 41 44 90 85 10 42 3 13 0 72 60 17 95 41 39 59 79 45 89 56 83 84 73 57 45 69 96 10 70 4 82 
55 39 13 56 82 31 66 84 53 33 79 9 63 61 26 3 78 19 90 70 77 57 99 81 13 68 28 72 0 63 54 11 15 43 12 68 18 52 52 40 42 21 14 54 80 24 78 83 12 25 
30 86 20 98 34 83 75 15 66 17 62 87 36 94 84 93 57 58 73 43 42 3 18 9 80 4 29 60 63 0 43 6 2 39 99 79 71 40 92 83 53 7 80 8 64 87 10 98 42 14 
9 24 21 86 42 86 22 55 59 54 87 11 19 24 34 89 83 68 48 10 27 86 95 16 68 51 28 17 54 43 0 15 41 11 25 6 19 35 10 45 11 100 84 83 56 94 93 55 71 87 
39 80 10 25 7 52 20 42 2 45 56 22 21 5 80 14 29 29 14 36 64 4 94 12 81 55 23 95 11 6 15 0 20 43 32 61 99 65 22 73 39 15 76 82 75 34 52 28 55 37 
42 7 19 69 10 35 30 78 42 79 77 1 98 11 73 72 79 13 22 89 12 44 86 41 20 67 14 41 15 2 41 20 0 91 10 42 27 84 1 64 11 63 55 96 2 37 19 85 99 24 
94 8 65 88 82 22 51 37 14 15 89 45 9 68 29 14 71 2 24 52 85 39 17 33 56 13 45 39 43 39 11 43 91 0 18 26 77 17 51 1 17 34 20 71 20 72 10 81 51 7 
23 99 29 62 84 14 84 25 95 85 99 79 72 90 7 31 6 43 94 67 65 82 36 57 76 25 19 59 12 99 25 32 10 18 0 72 40 34 97 17 81 12 36 82 98 96 94 92 87 31 
81 37 26 83 12 61 31 55 22 46 29 45 61 20 97 31 40 23 47 30 70 71 6 76 73 38 50 79 68 79 6 61 42 26 72 0 19 76 11 54 21 45 44 62 64 87 2 90 43 34 
11 40 6 70 61 67 80 64 62 6 60 34 32 30 82 2 8 45 96 97 62 31 42 84 46 92 69 45 18 71 19 99 27 77 40 19 0 44 41 26 10 91 59 57 72 83 28 72 96 34 
50 75 99 58 75 93 94 34 10 66 76 87 21 100 4 52 67 90 57 6 76 15 69 6 56 94 72 89 52 40 35 65 84 17 34 76 44 0 30 11 68 30 21 15 41 38 18 37 19 3 
47 55 5 87 77 89 59 64 30 70 19 19 55 33 97 27 11 84 67 21 11 5 14 64 17 22 32 56 52 92 10 22 1 51 97 11 41 30 0 18 4 7 51 61 55 35 79 62 54 77 
27 28 72 72 33 50 97 73 8 93 90 49 73 19 40 31 31 6 39 37 58 64 32 24 80 64 23 83 40 83 45 73 64 1 17 54 26 11 18 0 39 46 79 49 10 54 8 28 98 51 
7 89 51 85 92 29 79 64 9 72 2 30 61 44 5 40 26 18 90 1 35 21 67 10 64 13 14 84 42 53 11 39 11 17 81 21 10 68 4 39 0 4 14 17 85 88 20 17 56 12 
21 57 68 27 60 80 15 40 64 94 93 29 9 95 29 19 39 92 4 2 29 58 16 36 64 4 88 73 21 7 100 15 63 34 12 45 91 30 7 46 4 0 73 29 43 88 69 72 77 74 
13 40 19 9 84 96 39 45 66 6 4 33 99 12 25 34 2 62 92 45 59 75 74 98 66 99 72 57 14 80 84 76 55 20 36 44 59 21 51 79 14 73 0 84 91 92 41 20 59 54 
14 68 40 21 5 7 74 20 49 48 69 65 65 44 16 34 22 12 50 21 71 51 24 81 66 53 97 45 54 8 83 82 96 71 82 62 57 15 61 49 17 29 84 0 8 45 96 71 76 62 
6 97 51 41 75 84 30 42 22 41 84 81 34 5 13 23 69 55 1 63 73 99 47 26 82 30 18 69 80 64 56 75 2 20 98 64 72 41 55 10 85 43 91 8 0 64 23 57 27 48 
19 24 78 9 78 68 5 76 99 95 30 7 8 5 49 69 1 52 44 69 19 2 80 74 6 46 3 96 24 87 94 34 37 72 96 87 83 38 35 54 88 88 92 45 64 0 81 36 31 53 
68 100 38 9 32 27 52 97 49 8 48 55 72 33 12 100 64 19 78 62 53 72 59 1 79 85 87 10 78 10 93 52 19 10 94 2 28 18 79 8 20 69 41 96 23 81 0 28 42 37 
44 43 34 71 46 36 74 57 58 72 64 6 18 56 1 70 48 19 94 50 37 78 25 61 36 15 27 70 83 98 55 28 85 81 92 90 72 37 62 28 17 72 20 71 57 36 28 0 47 36 
91 59 19 100 86 52 97 98 56 88 37 67 33 74 71 39 51 2 78 2 41 9 100 55 13 22 96 4 12 42 71 55 99 51 87 43 96 19 54 98 56 77 59 76 27 31 42 47 0 10 
69 21 9 28 94 76 94 56 54 2 7 28 14 56 68 45 39 39 44 55 84 33 22 4 68 75 46 82 25 14 87 37 24 7 31 34 34 3 77 51 12 74 54 62 48 53 37 36 10 0 
RBBBRRBBBRBRBRRRBBRRBBBBBRRBRBBBRRRBRRRBRBBRBBRRRR