50
0 96 76 77 27 4 56 23 73 44 30 71 89 78 70 36 42 44 40 58 86 10 10 82 68 47 93 4 89 70 28 80 62 82 46 91 41 22 15 54 53 70 91 26 38 92 49 48 53 48
96 0 48 73 51 55 21 82 85 72 40 2 40 77 52 63 80 87 64 74 50 95 74 29 8 41 97 14 64 26 67 60 31 66 35 43 49 47 75 10 27 78 76 33 24 11 10 62 38 64
76 48 0 7 68 56 27 92 24 39 23 12 53 10 28 92 24 74 7 60 2 53 71 65 78 15 16 96 55 55 52 71 5 45 37 83 100 55 100 33 75 26 6 56 36 100 79 95 86 31
77 73 7 0 5 82 97 64 21 42 98 64 26 57 7 98 92 92 74 45 25 53 65 4 18 31 48 69 42 40 54 57 42 85 87 93 99 77 63 34 85 8 94 46 66 74 17 80 62 76
27 51 68 5 0 6 57 61 56 54 16 70 11 7 5 76 1 24 12 58 51 80 29 71 78 7 5 49 74 22 10 82 4 76 99 100 68 78 19 85 76 26 63 32 74 14 85 93 2 57
4 55 56 82 6 0 20 21 96 67 1 89 60 94 88 38 45 69 23 13 37 13 42 45 45 8 15 92 12 66 85 43 78 95 8 76 71 19 52 76 24 30 57 89 93 71 19 94 42 36
56 21 27 97 57 20 0 11 100 30 8 60 8 74 58 60 41 18 2 20 28 82 24 21 32 66 14 30 94 37 81 5 38 64 13 50 71 85 10 34 35 54 13 100 76 38 32 74 45 2
23 82 92 64 61 21 11 0 6 71 46 87 62 53 88 66 76 57 15 51 49 83 16 67 40 100 17 2 67 46 46 48 44 87 17 96 70 68 42 19 65 76 3 24 94 3 66 99 45 11
73 85 24 21 56 96 100 6 0 21 82 49 43 50 67 56 61 62 33 32 73 11 22 4 20 42 82 84 74 97 92 42 82 90 88 3 13 20 25 95 64 10 83 42 9 22 62 11 43 73
44 72 39 42 54 67 30 71 21 0 46 27 15 89 82 20 51 34 31 37 40 45 13 46 5 58 42 39 21 21 21 28 28 100 6 29 45 82 69 88 66 85 2 12 7 51 21 69 41 69
30 40 23 98 16 1 8 46 82 46 0 86 72 1 35 19 17 79 58 85 18 60 96 36 49 91 48 96 92 93 56 38 80 72 59 3 22 60 63 86 19 73 48 45 38 42 34 38 75 14
71 2 12 64 70 89 60 87 49 27 86 0 55 84 57 7 85 86 27 56 92 71 38 6 63 78 63 18 23 51 42 76 55 86 74 80 89 1 81 40 15 99 77 46 76 83 74 28 15 72
89 40 53 26 11 60 8 62 43 15 72 55 0 38 9 7 48 17 19 56 71 75 10 32 11 94 14 63 55 80 9 12 82 48 59 48 94 69 63 39 2 73 83 96 20 66 77 22 68 100
78 77 10 57 7 94 74 53 50 89 1 84 38 0 59 47 99 48 10 33 95 50 15 54 90 7 14 99 81 79 29 71 67 93 61 29 45 9 55 57 46 36 30 5 86 46 24 44 48 65
70 52 28 7 5 88 58 88 67 82 35 57 9 59 0 87 96 11 56 13 36 84 23 74 7 83 98 59 90 26 16 78 91 37 64 11 66 73 94 87 91 38 12 7 42 66 35 47 3 10
36 63 92 98 76 38 60 66 56 20 19 7 7 47 87 0 93 79 78 3 14 48 37 3 24 85 56 7 23 20 79 54 55 10 17 87 36 69 83 30 68 83 5 28 40 11 70 3 33 74
42 80 24 92 1 45 41 76 61 51 17 85 48 99 96 93 0 44 74 99 68 54 24 99 35 16 34 61 45 50 6 59 19 26 23 83 88 58 9 45 99 88 98 26 24 89 31 40 48 13
44 87 74 92 24 69 18 57 62 34 79 86 17 48 11 79 44 0 75 49 58 3 84 8 56 60 64 77 42 85 16 55 33 18 24 64 88 76 31 43 16 37 19 66 63 14 84 92 38 9
40 64 7 74 12 23 2 15 33 31 58 27 19 10 56 78 74 75 0 49 64 15 6 29 93 24 95 70 53 94 15 96 98 86 14 39 39 88 30 80 88 69 40 41 95 23 80 100 39 57
58 74 60 45 58 13 20 51 32 37 85 56 56 33 13 3 99 49 49 0 49 85 72 34 93 40 63 42 13 10 66 11 5 65 44 23 67 91 47 1 34 62 38 34 70 3 48 10 61 66
86 50 2 25 51 37 28 49 73 40 18 92 71 95 36 14 68 58 64 49 0 8 43 67 96 11 53 78 84 24 13 49 63 41 63 78 76 11 21 81 86 26 51 5 64 32 1 99 71 65
10 95 53 53 80 13 82 83 11 45 60 71 75 50 84 48 54 3 15 85 8 0 74 14 18 19 21 49 2 38 30 4 50 60 25 23 3 16 47 99 35 48 100 87 42 35 64 43 51 87
10 74 71 65 29 42 24 16 22 13 96 38 10 15 23 37 24 84 6 72 43 74 0 93 62 56 17 1 75 28 5 34 93 99 21 33 25 67 52 53 50 93 35 32 87 27 100 51 35 100
82 29 65 4 71 45 21 67 4 46 36 6 32 54 74 3 99 8 29 34 67 14 93 0 27 43 22 56 21 2 47 24 17 58 73 92 55 84 93 56 48 50 57 21 77 58 70 44 71 15
68 8 78 18 78 45 32 40 20 5 49 63 11 90 7 24 35 56 93 93 96 18 62 27 0 87 6 85 16 63 67 34 76 32 77 65 77 10 5 22 22 41 21 70 78 15 43 60 87 92
47 41 15 31 7 8 66 100 42 58 91 78 94 7 83 85 16 60 24 40 11 19 56 43 87 0 100 6 24 73 28 45 26 58 51 52 21 91 92 26 8 75 70 69 78 36 85 89 88 23
93 97 16 48 5 15 14 17 82 42 48 63 14 14 98 56 34 64 95 63 53 21 17 22 6 100 0 51 97 45 25 46 40 52 20 48 38 49 10 49 86 99 68 98 73 22 49 43 77 28
4 14 96 69 49 92 30 2 84 39 96 18 63 99 59 7 61 77 70 42 78 49 1 56 85 6 51 0 73 97 2 70 49 60 36 15 63 81 92 1 4 92 66 25 18 62 88 15 60 83
89 64 55 42 74 12 94 67 74 21 92 23 55 81 90 23 45 42 53 13 84 2 75 21 16 24 97 73 0 48 26 86 71 91 27 79 12 87 100 43 28 57 83 66 9 54 26 50 66 16
70 26 55 40 22 66 37 46 97 21 93 51 80 79 26 20 50 85 94 10 24 38 28 2 63 73 45 97 48 0 89 56 3 57 3 23 37 45 71 97 50 52 88 7 31 48 94 26 52 100
28 67 52 54 10 85 81 46 92 21 56 42 9 29 16 79 6 16 15 66 13 30 5 47 67 28 25 2 26 89 0 49 63 27 10 49 33 62 58 18 35 90 55 10 80 27 6 29 34 14
80 60 71 57 82 43 5 48 42 28 38 76 12 71 78 54 59 55 96 11 49 4 34 24 34 45 46 70 86 56 49 0 100 31 57 44 97 53 7 32 29 23 96 80 100 88 8 40 4 4
62 31 5 42 4 78 38 44 82 28 80 55 82 67 91 55 19 33 98 5 63 50 93 17 76 26 40 49 71 3 63 100 0 25 65 93 54 40 51 93 67 98 97 48 13 14 27 67 7 8
82 66 45 85 76 95 64 87 90 100 72 86 48 93 37 10 26 18 86 65 41 60 99 58 32 58 52 60 91 57 27 31 25 0 23 45 62 97 68 11 79 99 23 6 42 85 7 50 52 10
46 35 37 87 99 8 13 17 88 6 59 74 59 61 64 17 23 24 14 44 63 25 21 73 77 51 20 36 27 3 10 57 65 23 0 11 24 27 80 1 73 45 66 99 10 34 55 44 54 88
91 43 83 93 100 76 50 96 3 29 3 80 48 29 11 87 83 64 39 23 78 23 33 92 65 52 48 15 79 23 49 44 93 45 11 0 68 45 35 42 79 76 6 100 60 83 47 26 89 18
41 49 100 99 68 71 71 70 13 45 22 89 94 45 66 36 88 88 39 67 76 3 25 55 77 21 38 63 12 37 33 97 54 62 24 68 0 15 30 34 75 74 91 75 48 2 10 42 63 29
22 47 55 77 78 19 85 68 20 82 60 1 69 9 73 69 58 76 88 91 11 16 67 84 10 91 49 81 87 45 62 53 40 97 27 45 15 0 21 52 88 32 11 19 75 92 41 59 85 18
15 75 100 63 19 52 10 42 25 69 63 81 63 55 94 83 9 31 30 47 21 47 52 93 5 92 10 92 100 71 58 7 51 68 80 35 30 21 0 56 10 80 67 20 3 88 32 25 30 82
54 10 33 34 85 76 34 19 95 88 86 40 39 57 87 30 45 43 80 1 81 99 53 56 22 26 49 1 43 97 18 32 93 11 1 42 34 52 56 0 12 64 64 1 35 53 39 54 23 45
53 27 75 85 76 24 35 65 64 66 19 15 2 46 91 68 99 16 88 34 86 35 50 48 22 8 86 4 28 50 35 29 67 79 73 79 75 88 10 12 0 25 94 61 20 63 33 15 74 22
70 78 26 8 26 30 54 76 10 85 73 99 73 36 38 83 88 37 69 62 26 48 93 50 41 75 99 92 57 52 90 23 98 99 45 76 74 32 80 64 25 0 6 37 52 86 73 11 32 27
91 76 6 94 63 57 13 3 83 2 48 77 83 30 12 5 98 19 40 38 51 100 35 57 21 70 68 66 83 88 55 96 97 23 66 6 91 11 67 64 94 6 0 73 58 52 48 9 100 93
26 33 56 46 32 89 100 24 42 12 45 46 96 5 7 28 26 66 41 34 5 87 32 21 70 69 98 25 66 7 10 80 48 6 99 100 75 19 20 1 61 37 73 0 20 65 91 65 80 93
38 24 36 66 74 93 76 94 9 7 38 76 20 86 42 40 24 63 95 70 64 42 87 77 78 78 73 18 9 31 80 100 13 42 10 60 48 75 3 35 20 52 58 20 0 59 62 43 26 38
92 11 100 74 14 71 38 3 22 51 42 83 66 46 66 11 89 14 23 3 32 35 27 58 15 36 22 62 54 48 27 88 14 85 34 83 2 92 88 53 63 86 52 65 59 0 32 53 40 33
49 10 79 17 85 19 32 66 62 21 34 74 77 24 35 70 31 84 80 48 1 64 100 70 43 85 49 88 26 94 6 8 27 7 55 47 10 41 32 39 33 73 48 91 62 32 0 24 24 97
48 62 95 80 93 94 74 99 11 69 38 28 22 44 47 3 40 92 100 10 99 43 51 44 60 89 43 15 50 26 29 40 67 50 44 26 42 59 25 54 15 11 9 65 43 53 24 0 8 76
53 38 86 62 2 42 45 45 43 41 75 15 68 48 3 33 48 38 39 61 71 51 35 71 87 88 77 60 66 52 34 4 7 52 54 89 63 85 30 23 74 32 100 80 26 40 24 8 0 40
48 64 31 76 57 36 2 11 73 69 14 72 100 65 10 74 13 9 57 66 65 87 100 15 92 23 28 83 16 100 14 4 8 10 88 18 29 18 82 45 22 27 93 93 38 33 97 76 40 0
RBBBBRRBRRRRRBRBRRBBRBRBBBRRBRBBRBBBBRRBBRRBBRRRBR