50
0 75 30 99 36 50 1 74 34 20 14 23 100 54 42 51 29 29 60 78 49 3 71 27 69 42 15 16 29 94 10 58 33 93 4 63 77 38 23 93 0 14 44 15 40 92 100 82 85 54 
75 0 81 71 96 31 8 82 87 95 66 62 80 48 97 28 37 21 35 76 5 34 65 73 68 89 24 50 39 53 11 6 10 19 90 57 92 21 45 38 88 63 44 40 69 48 20 7 15 30 
30 81 0 30 16 81 34 1 41 11 68 15 11 34 10 80 0 37 70 18 35 16 12 64 82 4 68 66 92 43 12 31 40 100 1 51 16 1 31 34 86 20 10 23 70 21 97 34 66 25 
99 71 30 0 100 43 33 98 96 13 63 12 74 0 38 96 59 12 29 37 62 86 7 92 8 69 35 51 28 34 62 63 28 53 37 4 84 84 42 15 7 91 0 19 56 80 33 19 57 12 
36 96 16 100 0 92 80 78 23 21 25 59 95 41 6 30 86 41 84 26 95 58 69 50 36 61 54 15 15 75 0 6 65 20 30 40 38 90 80 28 31 18 68 16 74 24 42 46 87 65 
50 31 81 43 92 0 47 52 63 70 34 52 46 7 72 56 79 52 37 2 9 64 64 55 50 44 55 73 43 71 57 45 41 82 8 82 32 35 95 25 12 80 44 17 10 74 66 61 20 21 
1 8 34 33 80 47 0 33 60 94 100 7 32 97 63 29 10 70 18 34 58 70 0 38 38 81 75 77 14 33 86 94 81 79 77 4 8 17 98 43 9 96 96 82 11 94 52 46 54 18 
74 82 1 98 78 52 33 0 21 47 5 35 6 29 15 25 58 36 65 6 25 5 45 49 41 15 88 0 80 30 43 32 1 39 66 96 93 5 17 89 9 5 93 96 77 73 63 28 6 81 
34 87 41 96 23 63 60 21 0 88 32 7 63 33 12 3 99 71 63 98 14 63 6 47 76 82 19 9 80 29 48 32 72 27 78 99 39 96 97 44 75 62 73 18 68 71 95 62 6 40 
20 95 11 13 21 70 94 47 88 0 51 3 75 65 3 94 98 60 61 63 92 54 78 6 27 99 15 33 17 16 87 5 57 63 89 81 24 91 15 10 42 2 76 31 19 81 44 83 48 99 
14 66 68 63 25 34 100 5 32 51 0 24 96 70 4 40 86 88 16 7 75 87 47 48 39 20 52 70 33 46 2 89 48 37 84 84 81 81 67 47 83 46 84 87 76 18 90 44 59 17 
23 62 15 12 59 52 7 35 7 3 24 0 29 29 13 88 58 55 83 14 50 73 1 48 98 26 18 52 83 29 95 76 38 54 75 39 82 96 38 52 87 72 24 69 97 65 66 49 57 72 
100 80 11 74 95 46 32 6 63 75 96 29 0 93 35 72 44 43 85 58 75 18 94 77 67 95 55 19 58 17 89 84 95 97 8 56 70 93 17 60 21 67 21 66 70 85 40 41 24 30 
54 48 34 0 41 7 97 29 33 65 70 29 93 0 25 5 16 40 21 74 34 38 62 82 56 75 34 6 45 30 9 58 9 63 30 90 26 14 50 43 44 66 98 96 51 100 57 46 65 71 
42 97 10 38 6 72 63 15 12 3 4 13 35 25 0 55 22 46 24 0 76 56 17 70 83 56 49 69 45 62 48 98 11 77 38 86 24 62 64 48 51 96 9 33 64 1 22 61 31 11 
51 28 80 96 30 56 29 25 3 94 40 88 72 5 55 0 1 35 23 73 12 73 1 93 24 53 50 43 44 53 91 86 51 84 100 51 16 56 66 10 65 61 90 80 91 37 14 6 85 70 
29 37 0 59 86 79 10 58 99 98 86 58 44 16 22 1 0 95 42 29 22 33 61 73 95 96 48 74 51 95 35 33 14 19 4 99 93 28 98 58 96 47 43 14 32 51 34 54 37 96 
29 21 37 12 41 52 70 36 71 60 88 55 43 40 46 35 95 0 39 29 91 32 19 55 98 7 45 34 36 87 31 75 40 50 70 12 52 59 18 63 24 49 71 20 92 48 91 33 82 1 
60 35 70 29 84 37 18 65 63 61 16 83 85 21 24 23 42 39 0 92 7 99 94 71 86 64 12 90 48 71 6 30 65 32 31 70 38 92 23 85 91 13 47 7 35 4 63 37 68 35 
78 76 18 37 26 2 34 6 98 63 7 14 58 74 0 73 29 29 92 0 30 84 12 79 18 20 1 99 92 45 87 97 64 2 90 2 53 55 33 6 31 26 30 83 54 57 47 56 81 85 
49 5 35 62 95 9 58 25 14 92 75 50 75 34 76 12 22 91 7 30 0 37 24 75 93 26 67 53 88 3 88 34 11 12 76 90 98 95 73 97 80 60 30 81 47 41 50 67 44 59 
3 34 16 86 58 64 70 5 63 54 87 73 18 38 56 73 33 32 99 84 37 0 16 37 82 50 89 96 20 66 91 33 87 2 42 30 41 61 88 79 35 67 66 63 42 0 91 39 11 63 
71 65 12 7 69 64 0 45 6 78 47 1 94 62 17 1 61 19 94 12 24 16 0 66 20 73 3 92 44 19 11 60 52 89 27 63 41 79 55 42 13 71 38 85 87 62 47 9 75 73 
27 73 64 92 50 55 38 49 47 6 48 48 77 82 70 93 73 55 71 79 75 37 66 0 2 10 73 66 24 18 41 35 98 59 7 36 51 100 12 83 8 19 38 87 85 81 54 31 14 64 
69 68 82 8 36 50 38 41 76 27 39 98 67 56 83 24 95 98 86 18 93 82 20 2 0 41 47 14 58 67 45 13 87 28 59 84 5 88 15 16 6 72 5 67 56 20 36 10 61 1 
42 89 4 69 61 44 81 15 82 99 20 26 95 75 56 53 96 7 64 20 26 50 73 10 41 0 64 66 4 77 0 30 5 0 47 64 71 55 39 54 77 38 61 86 30 26 81 81 38 41 
15 24 68 35 54 55 75 88 19 15 52 18 55 34 49 50 48 45 12 1 67 89 3 73 47 64 0 78 48 73 35 10 8 80 52 67 85 70 26 49 20 51 81 72 45 42 20 34 89 85 
16 50 66 51 15 73 77 0 9 33 70 52 19 6 69 43 74 34 90 99 53 96 92 66 14 66 78 0 84 35 85 30 37 12 1 73 10 71 71 91 23 53 100 68 7 81 37 91 21 11 
29 39 92 28 15 43 14 80 80 17 33 83 58 45 45 44 51 36 48 92 88 20 44 24 58 4 48 84 0 28 20 9 93 70 88 37 15 56 44 68 100 93 10 80 40 2 33 92 9 38 
94 53 43 34 75 71 33 30 29 16 46 29 17 30 62 53 95 87 71 45 3 66 19 18 67 77 73 35 28 0 71 13 97 43 88 80 14 89 77 48 65 27 73 30 88 67 54 43 51 69 
10 11 12 62 0 57 86 43 48 87 2 95 89 9 48 91 35 31 6 87 88 91 11 41 45 0 35 85 20 71 0 51 72 52 8 50 26 44 14 44 10 58 21 13 77 77 41 59 54 10 
58 6 31 63 6 45 94 32 32 5 89 76 84 58 98 86 33 75 30 97 34 33 60 35 13 30 10 30 9 13 51 0 73 72 83 7 5 2 39 35 14 33 40 24 9 6 87 66 1 23 
33 10 40 28 65 41 81 1 72 57 48 38 95 9 11 51 14 40 65 64 11 87 52 98 87 5 8 37 93 97 72 73 0 26 68 96 98 51 92 14 21 65 64 64 4 88 66 4 11 58 
93 19 100 53 20 82 79 39 27 63 37 54 97 63 77 84 19 50 32 2 12 2 89 59 28 0 80 12 70 43 52 72 26 0 14 66 67 51 23 60 85 67 30 14 48 56 18 13 50 57 
4 90 1 37 30 8 77 66 78 89 84 75 8 30 38 100 4 70 31 90 76 42 27 7 59 47 52 1 88 88 8 83 68 14 0 32 16 79 67 9 37 47 46 54 46 35 65 61 3 2 
63 57 51 4 40 82 4 96 99 81 84 39 56 90 86 51 99 12 70 2 90 30 63 36 84 64 67 73 37 80 50 7 96 66 32 0 68 32 33 45 25 77 85 51 21 36 67 47 64 40 
77 92 16 84 38 32 8 93 39 24 81 82 70 26 24 16 93 52 38 53 98 41 41 51 5 71 85 10 15 14 26 5 98 67 16 68 0 42 4 66 33 7 56 11 35 40 58 50 72 74 
38 21 1 84 90 35 17 5 96 91 81 96 93 14 62 56 28 59 92 55 95 61 79 100 88 55 70 71 56 89 44 2 51 51 79 32 42 0 8 23 29 57 36 13 20 78 81 94 88 36 
23 45 31 42 80 95 98 17 97 15 67 38 17 50 64 66 98 18 23 33 73 88 55 12 15 39 26 71 44 77 14 39 92 23 67 33 4 8 0 55 24 51 13 38 80 76 22 60 89 13 
93 38 34 15 28 25 43 89 44 10 47 52 60 43 48 10 58 63 85 6 97 79 42 83 16 54 49 91 68 48 44 35 14 60 9 45 66 23 55 0 34 15 52 14 97 51 23 53 2 16 
0 88 86 7 31 12 9 9 75 42 83 87 21 44 51 65 96 24 91 31 80 35 13 8 6 77 20 23 100 65 10 14 21 85 37 25 33 29 24 34 0 11 8 27 28 16 91 41 65 39 
14 63 20 91 18 80 96 5 62 2 46 72 67 66 96 61 47 49 13 26 60 67 71 19 72 38 51 53 93 27 58 33 65 67 47 77 7 57 51 15 11 0 2 97 9 57 23 26 54 14 
44 44 10 0 68 44 96 93 73 76 84 24 21 98 9 90 43 71 47 30 30 66 38 38 5 61 81 100 10 73 21 40 64 30 46 85 56 36 13 52 8 2 0 73 77 42 61 5 68 35 
15 40 23 19 16 17 82 96 18 31 87 69 66 96 33 80 14 20 7 83 81 63 85 87 67 86 72 68 80 30 13 24 64 14 54 51 11 13 38 14 27 97 73 0 38 75 34 95 96 16 
40 69 70 56 74 10 11 77 68 19 76 97 70 51 64 91 32 92 35 54 47 42 87 85 56 30 45 7 40 88 77 9 4 48 46 21 35 20 80 97 28 9 77 38 0 54 88 92 55 48 
92 48 21 80 24 74 94 73 71 81 18 65 85 100 1 37 51 48 4 57 41 0 62 81 20 26 42 81 2 67 77 6 88 56 35 36 40 78 76 51 16 57 42 75 54 0 11 20 69 17 
100 20 97 33 42 66 52 63 95 44 90 66 40 57 22 14 34 91 63 47 50 91 47 54 36 81 20 37 33 54 41 87 66 18 65 67 58 81 22 23 91 23 61 34 88 11 0 96 34 68 
82 7 34 19 46 61 46 28 62 83 44 49 41 46 61 6 54 33 37 56 67 39 9 31 10 81 34 91 92 43 59 66 4 13 61 47 50 94 60 53 41 26 5 95 92 20 96 0 56 81 
85 15 66 57 87 20 54 6 6 48 59 57 24 65 31 85 37 82 68 81 44 11 75 14 61 38 89 21 9 51 54 1 11 50 3 64 72 88 89 2 65 54 68 96 55 69 34 56 0 12 
54 30 25 12 65 21 18 81 40 99 17 72 30 71 11 70 96 1 35 85 59 63 73 64 1 41 85 11 38 69 10 23 58 57 2 40 74 36 13 16 39 14 35 16 48 17 68 81 12 0 
BRBRRBBBRBRRRRBRRBRRBRBRRBBRBRBBBBBRBRBRRBBBRRRRBB