50
0 27 81 51 42 91 63 74 57 92 77 43 30 52 96 20 83 100 87 32 11 42 41 51 42 87 79 91 38 50 1 57 32 33 58 49 72 34 2 45 71 12 19 89 90 33 79 77 18 92
27 0 67 33 68 37 41 80 34 14 30 18 95 19 85 46 75 15 85 50 63 11 17 78 57 31 80 16 34 20 0 54 54 31 63 19 5 9 94 20 33 79 93 82 12 1 85 17 43 15
81 67 0 26 15 0 51 66 73 40 94 90 92 14 83 29 77 13 62 52 23 51 85 17 58 34 94 50 41 47 53 94 22 32 24 44 42 96 55 57 97 26 20 8 84 65 84 51 48 44
51 33 26 0 38 34 62 42 33 75 68 39 56 100 69 22 22 73 73 28 75 73 70 39 64 73 56 48 35 62 49 21 90 75 91 96 40 85 98 12 58 49 39 65 33 83 96 71 59 48
42 68 15 38 0 3 12 60 95 77 43 92 72 87 75 89 44 34 41 63 73 1 24 92 2 98 46 16 9 33 45 1 44 82 96 65 7 48 60 100 13 60 3 38 3 40 28 50 9 20
91 37 0 34 3 0 77 13 5 77 68 35 54 23 85 83 69 56 27 9 34 19 60 35 65 28 56 97 67 61 44 44 47 95 28 32 31 25 34 38 80 100 13 71 67 80 66 99 97 44
63 41 51 62 12 77 0 57 34 40 75 0 66 96 57 2 77 97 26 90 96 18 94 77 50 59 6 76 15 65 42 27 21 86 49 23 8 19 36 30 27 2 71 24 88 6 19 81 54 25
74 80 66 42 60 13 57 0 70 45 92 34 35 3 5 61 64 40 22 36 0 15 66 91 38 84 82 45 31 93 21 50 47 41 40 72 68 31 12 68 66 8 72 87 64 24 86 9 9 82
57 34 73 33 95 5 34 70 0 5 45 73 55 21 100 64 17 49 80 91 13 53 94 23 6 62 9 96 62 72 63 57 24 38 36 81 14 5 50 56 83 81 81 27 9 72 65 89 28 59
92 14 40 75 77 77 40 45 5 0 27 32 33 54 99 67 1 30 55 25 4 19 95 13 69 61 76 14 5 42 5 25 93 81 0 99 15 7 0 61 93 51 84 63 92 94 22 3 93 75
77 30 94 68 43 68 75 92 45 27 0 69 5 31 40 18 17 78 98 25 17 61 77 41 69 38 24 7 100 100 76 56 73 39 52 87 81 97 10 32 4 56 47 90 95 26 93 50 23 32
43 18 90 39 92 35 0 34 73 32 69 0 13 57 26 74 94 96 95 59 21 66 83 58 9 62 21 8 17 58 69 95 79 46 72 53 98 41 51 74 16 26 48 65 16 85 30 14 85 65
30 95 92 56 72 54 66 35 55 33 5 13 0 62 18 12 36 38 27 36 51 55 57 93 88 99 1 81 21 72 68 69 54 6 8 44 22 38 82 34 14 59 90 49 28 34 67 51 46 27
52 19 14 100 87 23 96 3 21 54 31 57 62 0 29 99 59 56 76 95 63 60 22 26 46 37 31 72 81 46 80 48 83 93 41 38 3 67 98 67 59 71 85 91 79 89 68 51 24 9
96 85 83 69 75 85 57 5 100 99 40 26 18 29 0 78 76 66 67 62 9 67 44 43 34 19 47 80 62 6 80 86 70 35 99 54 23 1 42 9 11 24 83 99 5 71 7 41 43 78
20 46 29 22 89 83 2 61 64 67 18 74 12 99 78 0 51 4 39 82 28 3 44 31 85 87 2 41 87 88 45 4 35 82 20 45 18 78 85 95 70 91 52 63 2 23 89 25 68 3
83 75 77 22 44 69 77 64 17 1 17 94 36 59 76 51 0 44 82 77 86 24 71 88 98 27 69 76 58 47 63 0 73 31 61 50 14 76 0 70 16 62 67 39 55 11 92 63 79 55
100 15 13 73 34 56 97 40 49 30 78 96 38 56 66 4 44 0 53 89 17 32 7 46 19 2 1 16 28 6 57 96 15 10 63 48 10 87 75 47 11 62 88 94 45 20 81 74 66 59
87 85 62 73 41 27 26 22 80 55 98 95 27 76 67 39 82 53 0 56 83 66 68 89 25 77 94 96 0 68 16 76 91 51 46 5 3 70 38 9 41 23 32 52 59 66 89 40 66 58
32 50 52 28 63 9 90 36 91 25 25 59 36 95 62 82 77 89 56 0 93 70 99 66 71 70 24 48 12 87 84 73 99 49 38 8 69 34 55 22 25 72 0 98 34 93 38 80 31 66
11 63 23 75 73 34 96 0 13 4 17 21 51 63 9 28 86 17 83 93 0 69 41 14 49 93 20 13 15 59 80 83 64 76 17 73 91 54 67 74 43 39 1 8 88 88 90 35 10 22
42 11 51 73 1 19 18 15 53 19 61 66 55 60 67 3 24 32 66 70 69 0 78 93 76 78 61 15 72 16 79 65 60 8 39 54 10 15 88 43 92 83 46 21 14 30 86 78 11 84
41 17 85 70 24 60 94 66 94 95 77 83 57 22 44 44 71 7 68 99 41 78 0 39 26 48 36 65 56 26 59 99 38 5 89 46 14 53 19 33 14 75 35 36 49 91 24 14 60 69
51 78 17 39 92 35 77 91 23 13 41 58 93 26 43 31 88 46 89 66 14 93 39 0 79 45 91 32 76 13 100 99 3 92 77 27 86 98 67 70 56 79 23 88 57 39 9 10 6 22
42 57 58 64 2 65 50 38 6 69 69 9 88 46 34 85 98 19 25 71 49 76 26 79 0 75 2 84 14 100 99 14 42 19 34 34 5 94 27 83 86 87 9 43 94 99 67 12 78 16
87 31 34 73 98 28 59 84 62 61 38 62 99 37 19 87 27 2 77 70 93 78 48 45 75 0 85 92 34 93 14 77 5 19 43 20 34 88 39 52 45 23 19 43 5 96 34 87 48 32
79 80 94 56 46 56 6 82 9 76 24 21 1 31 47 2 69 1 94 24 20 61 36 91 2 85 0 48 29 84 49 56 9 93 22 20 74 36 54 100 52 25 60 25 10 36 23 30 57 26
91 16 50 48 16 97 76 45 96 14 7 8 81 72 80 41 76 16 96 48 13 15 65 32 84 92 48 0 15 20 53 95 76 23 73 3 52 79 69 84 36 32 47 66 96 17 92 46 77 66
38 34 41 35 9 67 15 31 62 5 100 17 21 81 62 87 58 28 0 12 15 72 56 76 14 34 29 15 0 40 71 6 45 49 34 28 6 12 6 10 82 87 72 10 80 51 18 45 29 40
50 20 47 62 33 61 65 93 72 42 100 58 72 46 6 88 47 6 68 87 59 16 26 13 100 93 84 20 40 0 78 2 31 72 52 89 15 62 27 41 75 37 60 85 70 97 53 26 57 49
1 0 53 49 45 44 42 21 63 5 76 69 68 80 80 45 63 57 16 84 80 79 59 100 99 14 49 53 71 78 0 18 97 23 69 45 43 25 97 81 92 83 91 92 16 23 44 74 94 90
57 54 94 21 1 44 27 50 57 25 56 95 69 48 86 4 0 96 76 73 83 65 99 99 14 77 56 95 6 2 18 0 80 61 53 51 43 85 42 92 98 39 53 4 9 80 6 77 40 16
32 54 22 90 44 47 21 47 24 93 73 79 54 83 70 35 73 15 91 99 64 60 38 3 42 5 9 76 45 31 97 80 0 64 77 12 30 49 27 5 71 42 92 85 23 84 30 7 34 54
33 31 32 75 82 95 86 41 38 81 39 46 6 93 35 82 31 10 51 49 76 8 5 92 19 19 93 23 49 72 23 61 64 0 91 53 67 90 75 11 97 22 87 6 54 26 3 96 33 96
58 63 24 91 96 28 49 40 36 0 52 72 8 41 99 20 61 63 46 38 17 39 89 77 34 43 22 73 34 52 69 53 77 91 0 54 29 1 51 22 12 62 18 99 53 100 76 30 83 7
49 19 44 96 65 32 23 72 81 99 87 53 44 38 54 45 50 48 5 8 73 54 46 27 34 20 20 3 28 89 45 51 12 53 54 0 60 31 77 3 86 6 16 95 9 32 19 59 5 83
72 5 42 40 7 31 8 68 14 15 81 98 22 3 23 18 14 10 3 69 91 10 14 86 5 34 74 52 6 15 43 43 30 67 29 60 0 9 4 29 82 59 8 100 99 59 80 16 42 41
34 9 96 85 48 25 19 31 5 7 97 41 38 67 1 78 76 87 70 34 54 15 53 98 94 88 36 79 12 62 25 85 49 90 1 31 9 0 59 2 38 96 81 7 55 4 64 71 2 22
2 94 55 98 60 34 36 12 50 0 10 51 82 98 42 85 0 75 38 55 67 88 19 67 27 39 54 69 6 27 97 42 27 75 51 77 4 59 0 67 49 62 47 56 57 84 82 3 31 54
45 20 57 12 100 38 30 68 56 61 32 74 34 67 9 95 70 47 9 22 74 43 33 70 83 52 100 84 10 41 81 92 5 11 22 3 29 2 67 0 44 42 70 35 19 10 67 62 35 97
71 33 97 58 13 80 27 66 83 93 4 16 14 59 11 70 16 11 41 25 43 92 14 56 86 45 52 36 82 75 92 98 71 97 12 86 82 38 49 44 0 76 80 23 65 3 98 59 76 70
12 79 26 49 60 100 2 8 81 51 56 26 59 71 24 91 62 62 23 72 39 83 75 79 87 23 25 32 87 37 83 39 42 22 62 6 59 96 62 42 76 0 25 61 97 13 27 35 21 38
19 93 20 39 3 13 71 72 81 84 47 48 90 85 83 52 67 88 32 0 1 46 35 23 9 19 60 47 72 60 91 53 92 87 18 16 8 81 47 70 80 25 0 44 4 17 72 50 39 82
89 82 8 65 38 71 24 87 27 63 90 65 49 91 99 63 39 94 52 98 8 21 36 88 43 43 25 66 10 85 92 4 85 6 99 95 100 7 56 35 23 61 44 0 7 7 98 24 61 35
90 12 84 33 3 67 88 64 9 92 95 16 28 79 5 2 55 45 59 34 88 14 49 57 94 5 10 96 80 70 16 9 23 54 53 9 99 55 57 19 65 97 4 7 0 82 80 9 83 4
33 1 65 83 40 80 6 24 72 94 26 85 34 89 71 23 11 20 66 93 88 30 91 39 99 96 36 17 51 97 23 80 84 26 100 32 59 4 84 10 3 13 17 7 82 0 98 45 45 38
79 85 84 96 28 66 19 86 65 22 93 30 67 68 7 89 92 81 89 38 90 86 24 9 67 34 23 92 18 53 44 6 30 3 76 19 80 64 82 67 98 27 72 98 80 98 0 94 39 50
77 17 51 71 50 99 81 9 89 3 50 14 51 51 41 25 63 74 40 80 35 78 14 10 12 87 30 46 45 26 74 77 7 96 30 59 16 71 3 62 59 35 50 24 9 45 94 0 16 15
18 43 48 59 9 97 54 9 28 93 23 85 46 24 43 68 79 66 66 31 10 11 60 6 78 48 57 77 29 57 94 40 34 33 83 5 42 2 31 35 76 21 39 61 83 45 39 16 0 79
92 15 44 48 20 44 25 82 59 75 32 65 27 9 78 3 55 59 58 66 22 84 69 22 16 32 26 66 40 49 90 16 54 96 7 83 41 22 54 97 70 38 82 35 4 38 50 15 79 0
BRBRRRRRBBRRRBRRBBBBRBRRBRBBRRRRRBBRBBBRBRBRBBBBBR