50
0 75 25 15 2 90 33 83 15 100 20 92 13 54 4 14 40 16 0 46 60 97 89 37 47 56 6 14 75 44 40 34 74 5 76 9 92 96 74 86 98 75 66 31 73 1 74 63 35 27
75 0 76 53 32 11 6 65 20 82 6 11 99 44 60 92 87 57 67 81 57 82 20 87 34 11 73 39 16 58 55 64 55 69 63 11 55 25 68 41 19 51 22 29 62 58 74 2 60 95
25 76 0 36 54 84 72 61 22 79 2 55 21 72 81 91 6 24 6 31 86 58 48 40 98 80 81 99 46 52 65 53 79 65 61 78 60 80 22 94 54 36 91 35 78 1 65 72 15 19
15 53 36 0 59 77 53 20 65 50 84 52 82 31 82 81 59 80 82 93 0 29 7 79 45 76 86 72 41 14 97 55 61 63 63 24 73 97 34 53 54 19 21 48 23 95 59 99 54 28
2 32 54 59 0 15 77 58 61 48 3 93 41 83 72 6 35 45 4 86 62 0 97 21 68 2 59 8 89 57 71 94 2 63 77 38 97 93 12 19 23 10 48 55 4 81 63 91 35 33
90 11 84 77 15 0 93 4 81 47 31 84 64 79 86 38 84 78 7 84 7 64 8 84 12 81 46 63 65 84 96 59 45 4 87 85 24 36 75 35 60 89 0 29 73 84 51 79 76 29
33 6 72 53 77 93 0 95 43 44 79 92 63 78 43 60 25 1 66 18 34 46 82 84 27 14 17 6 42 77 24 28 50 23 84 100 59 46 48 9 49 100 11 71 46 37 3 83 14 18
83 65 61 20 58 4 95 0 86 81 34 26 73 27 11 100 16 77 73 27 15 25 21 57 56 58 24 19 84 60 94 8 97 57 40 29 83 68 39 64 55 13 12 42 29 59 53 8 55 51
15 20 22 65 61 81 43 86 0 62 44 18 84 94 49 90 55 34 3 64 8 39 37 83 35 34 87 70 69 15 65 40 5 21 13 90 0 18 88 62 33 73 8 89 98 22 66 55 49 94
100 82 79 50 48 47 44 81 62 0 25 22 12 46 81 99 84 74 68 35 66 29 15 10 70 3 52 82 10 25 6 56 26 91 67 94 75 9 60 2 81 8 71 22 74 54 70 62 94 60
20 6 2 84 3 31 79 34 44 25 0 17 86 5 5 37 77 16 16 35 93 65 54 99 55 64 39 70 87 3 19 3 65 23 39 97 18 70 28 96 69 22 87 65 89 53 69 27 19 19
92 11 55 52 93 84 92 26 18 22 17 0 27 99 79 75 30 96 11 45 81 35 41 92 63 88 65 56 36 24 63 55 23 6 65 67 43 96 74 51 25 0 54 51 43 69 70 45 14 10
13 99 21 82 41 64 63 73 84 12 86 27 0 60 33 23 15 82 36 28 5 11 52 15 89 26 17 92 85 35 28 58 69 99 29 29 33 88 73 38 97 61 73 53 20 36 61 93 25 27
54 44 72 31 83 79 78 27 94 46 5 99 60 0 7 75 70 15 30 15 84 94 56 14 27 91 89 52 53 27 51 1 38 59 35 64 23 26 1 98 11 4 89 28 85 75 44 28 50 73
4 60 81 82 72 86 43 11 49 81 5 79 33 7 0 89 44 2 58 14 12 84 74 77 17 1 63 24 58 17 25 46 4 9 24 91 53 86 21 56 17 38 16 92 93 8 97 30 13 95
14 92 91 81 6 38 60 100 90 99 37 75 23 75 89 0 78 3 30 85 60 42 34 38 93 53 43 6 81 15 88 61 18 29 82 68 65 91 76 73 86 43 15 92 97 84 81 79 17 61
40 87 6 59 35 84 25 16 55 84 77 30 15 70 44 78 0 28 63 14 98 30 50 24 54 49 31 24 2 48 50 82 80 24 6 69 3 60 8 100 70 95 88 98 90 11 49 81 32 61
16 57 24 80 45 78 1 77 34 74 16 96 82 15 2 3 28 0 63 96 40 26 74 88 48 47 92 4 66 65 19 16 98 49 0 18 67 92 51 100 76 24 23 52 19 24 65 40 9 86
0 67 6 82 4 7 66 73 3 68 16 11 36 30 58 30 63 63 0 7 28 99 0 66 13 48 19 40 11 19 17 55 18 26 70 60 10 8 59 7 3 12 8 20 94 100 19 97 39 29
46 81 31 93 86 84 18 27 64 35 35 45 28 15 14 85 14 96 7 0 86 47 23 58 27 76 8 22 68 65 49 10 80 9 100 100 91 39 15 85 26 32 36 51 49 88 0 96 40 48
60 57 86 0 62 7 34 15 8 66 93 81 5 84 12 60 98 40 28 86 0 22 21 36 32 29 0 35 71 13 34 80 28 97 10 49 79 60 20 68 57 48 3 17 29 45 61 50 69 44
97 82 58 29 0 64 46 25 39 29 65 35 11 94 84 42 30 26 99 47 22 0 13 94 75 45 66 52 97 21 99 96 56 17 19 45 38 27 97 97 36 44 17 21 52 92 36 24 17 16
89 20 48 7 97 8 82 21 37 15 54 41 52 56 74 34 50 74 0 23 21 13 0 94 93 81 12 12 21 69 86 74 10 25 85 87 54 96 51 4 97 78 48 8 92 32 3 56 32 73
37 87 40 79 21 84 84 57 83 10 99 92 15 14 77 38 24 88 66 58 36 94 94 0 73 39 98 71 97 15 21 37 29 92 10 44 27 81 70 41 70 63 28 80 96 22 74 12 1 9
47 34 98 45 68 12 27 56 35 70 55 63 89 27 17 93 54 48 13 27 32 75 93 73 0 64 51 60 69 70 36 97 74 26 53 22 9 95 93 93 82 54 93 84 45 92 68 87 82 12
56 11 80 76 2 81 14 58 34 3 64 88 26 91 1 53 49 47 48 76 29 45 81 39 64 0 90 5 53 37 9 91 80 83 26 91 58 83 40 83 32 4 11 66 22 26 9 14 51 79
6 73 81 86 59 46 17 24 87 52 39 65 17 89 63 43 31 92 19 8 0 66 12 98 51 90 0 68 23 7 36 48 55 91 40 43 34 59 65 23 16 77 51 81 28 16 47 57 78 20
14 39 99 72 8 63 6 19 70 82 70 56 92 52 24 6 24 4 40 22 35 52 12 71 60 5 68 0 5 54 95 59 27 88 97 29 64 60 12 29 36 48 34 2 74 56 73 15 83 6
75 16 46 41 89 65 42 84 69 10 87 36 85 53 58 81 2 66 11 68 71 97 21 97 69 53 23 5 0 33 33 5 56 95 53 41 89 22 32 77 35 49 51 81 53 1 34 41 29 49
44 58 52 14 57 84 77 60 15 25 3 24 35 27 17 15 48 65 19 65 13 21 69 15 70 37 7 54 33 0 62 97 69 78 78 42 5 100 37 40 65 5 99 12 34 72 28 93 21 16
40 55 65 97 71 96 24 94 65 6 19 63 28 51 25 88 50 19 17 49 34 99 86 21 36 9 36 95 33 62 0 87 66 36 79 59 77 19 63 32 62 58 43 80 3 22 81 67 76 13
34 64 53 55 94 59 28 8 40 56 3 55 58 1 46 61 82 16 55 10 80 96 74 37 97 91 48 59 5 97 87 0 51 32 97 39 77 16 33 53 34 26 79 11 22 93 82 46 60 82
74 55 79 61 2 45 50 97 5 26 65 23 69 38 4 18 80 98 18 80 28 56 10 29 74 80 55 27 56 69 66 51 0 71 0 97 60 20 72 24 66 94 11 32 82 5 51 46 70 10
5 69 65 63 63 4 23 57 21 91 23 6 99 59 9 29 24 49 26 9 97 17 25 92 26 83 91 88 95 78 36 32 71 0 26 24 87 2 48 26 25 45 64 48 0 80 24 81 83 27
76 63 61 63 77 87 84 40 13 67 39 65 29 35 24 82 6 0 70 100 10 19 85 10 53 26 40 97 53 78 79 97 0 26 0 18 87 88 25 46 10 9 23 72 68 42 46 57 31 25
9 11 78 24 38 85 100 29 90 94 97 67 29 64 91 68 69 18 60 100 49 45 87 44 22 91 43 29 41 42 59 39 97 24 18 0 32 42 52 86 25 27 85 17 35 58 62 63 35 83
92 55 60 73 97 24 59 83 0 75 18 43 33 23 53 65 3 67 10 91 79 38 54 27 9 58 34 64 89 5 77 77 60 87 87 32 0 41 52 89 40 5 39 67 90 13 99 9 16 66
96 25 80 97 93 36 46 68 18 9 70 96 88 26 86 91 60 92 8 39 60 27 96 81 95 83 59 60 22 100 19 16 20 2 88 42 41 0 48 65 32 78 56 14 78 93 82 33 56 55
74 68 22 34 12 75 48 39 88 60 28 74 73 1 21 76 8 51 59 15 20 97 51 70 93 40 65 12 32 37 63 33 72 48 25 52 52 48 0 73 89 16 57 86 64 76 1 90 14 37
86 41 94 53 19 35 9 64 62 2 96 51 38 98 56 73 100 100 7 85 68 97 4 41 93 83 23 29 77 40 32 53 24 26 46 86 89 65 73 0 9 100 95 93 98 91 88 75 40 0
98 19 54 54 23 60 49 55 33 81 69 25 97 11 17 86 70 76 3 26 57 36 97 70 82 32 16 36 35 65 62 34 66 25 10 25 40 32 89 9 0 78 39 29 47 62 95 67 23 46
75 51 36 19 10 89 100 13 73 8 22 0 61 4 38 43 95 24 12 32 48 44 78 63 54 4 77 48 49 5 58 26 94 45 9 27 5 78 16 100 78 0 79 39 96 64 38 47 82 27
66 22 91 21 48 0 11 12 8 71 87 54 73 89 16 15 88 23 8 36 3 17 48 28 93 11 51 34 51 99 43 79 11 64 23 85 39 56 57 95 39 79 0 60 15 18 49 43 41 95
31 29 35 48 55 29 71 42 89 22 65 51 53 28 92 92 98 52 20 51 17 21 8 80 84 66 81 2 81 12 80 11 32 48 72 17 67 14 86 93 29 39 60 0 57 74 91 2 99 10
73 62 78 23 4 73 46 29 98 74 89 43 20 85 93 97 90 19 94 49 29 52 92 96 45 22 28 74 53 34 3 22 82 0 68 35 90 78 64 98 47 96 15 57 0 1 6 70 9 94
1 58 1 95 81 84 37 59 22 54 53 69 36 75 8 84 11 24 100 88 45 92 32 22 92 26 16 56 1 72 22 93 5 80 42 58 13 93 76 91 62 64 18 74 1 0 86 12 13 7
74 74 65 59 63 51 3 53 66 70 69 70 61 44 97 81 49 65 19 0 61 36 3 74 68 9 47 73 34 28 81 82 51 24 46 62 99 82 1 88 95 38 49 91 6 86 0 76 6 47
63 2 72 99 91 79 83 8 55 62 27 45 93 28 30 79 81 40 97 96 50 24 56 12 87 14 57 15 41 93 67 46 46 81 57 63 9 33 90 75 67 47 43 2 70 12 76 0 61 62
35 60 15 54 35 76 14 55 49 94 19 14 25 50 13 17 32 9 39 40 69 17 32 1 82 51 78 83 29 21 76 60 70 83 31 35 16 56 14 40 23 82 41 99 9 13 6 61 0 58
27 95 19 28 33 29 18 51 94 60 19 10 27 73 95 61 61 86 29 48 44 16 73 9 12 79 20 6 49 16 13 82 10 27 25 83 66 55 37 0 46 27 95 10 94 7 47 62 58 0
BRRRBRRRRBRRBBBRRRRRBRRRRBBRBBRRBBBBBRRBBBBBRRBBBB
