16
0 100 100 100 3 100 6 100 100 100 100 100 100 100 7 100
100 0 100 100 100 100 100 100 100 2 100 100 1 5 100 100
100 100 0 100 100 100 100 3 100 100 5 2 100 100 100 100
100 100 100 0 100 7 100 100 2 100 100 100 100 100 84 3
3 100 100 100 0 100 5 100 100 100 100 95 100 100 2 100
100 100 100 7 100 0 100 100 1 100 100 100 100 76 100 5
6 100 100 100 5 100 0 100 100 100 100 100 100 100 1 100
100 100 3 100 100 100 100 0 100 100 7 6 100 100 100 100
100 100 100 2 100 1 100 100 0 100 100 100 100 100 100 6
100 2 100 100 100 100 100 100 100 0 100 100 6 3 100 100
100 100 5 100 100 100 100 7 100 100 0 1 100 100 100 100
100 100 2 100 95 100 100 6 100 100 1 0 100 100 100 100
100 1 100 100 100 100 100 100 100 6 100 100 0 7 100 100
100 5 100 100 100 76 100 100 100 3 100 100 7 0 100 100
7 100 100 84 2 100 1 100 100 100 100 100 100 100 0 100
100 100 100 3 100 5 100 100 6 100 100 100 100 100 100 0
RRBBBRBRBRRBBBRR