50
0 81 87 63 14 9 90 50 46 11 0 42 6 74 90 22 76 100 8 94 39 60 29 27 0 96 56 82 42 79 32 96 53 35 62 29 57 11 97 6 69 44 30 31 87 21 32 6 77 12 
81 0 99 18 8 60 53 33 97 98 22 81 39 3 22 31 19 100 93 45 24 28 15 30 39 60 73 53 78 42 40 69 94 33 16 40 53 36 34 87 22 67 42 8 36 42 41 42 86 77 
87 99 0 30 79 23 64 24 53 47 100 93 2 52 83 45 36 14 38 79 53 5 95 72 43 52 20 91 75 33 66 82 11 43 20 28 8 88 8 65 59 89 58 35 53 17 34 12 32 7 
63 18 30 0 13 29 24 73 76 44 42 94 83 31 12 35 69 25 83 73 55 99 69 37 89 63 37 61 93 43 59 22 8 91 81 70 3 48 31 10 63 69 22 46 74 3 89 46 70 96 
14 8 79 13 0 4 82 90 20 71 7 47 52 26 15 72 59 81 17 14 100 30 8 32 5 37 51 66 69 51 49 35 45 51 43 34 59 65 52 7 7 44 89 90 91 62 25 80 58 100 
9 60 23 29 4 0 20 69 49 49 38 16 26 28 17 20 42 21 43 64 33 66 95 52 37 32 47 15 33 67 9 22 83 12 67 71 72 74 87 86 88 49 93 66 24 25 41 43 58 98 
90 53 64 24 82 20 0 100 46 46 21 99 40 16 52 5 0 13 50 93 33 54 30 36 72 13 31 24 10 13 66 54 76 37 22 11 54 20 41 61 8 16 84 87 93 22 75 87 5 21 
50 33 24 73 90 69 100 0 8 81 16 47 59 97 77 14 98 33 92 43 85 10 37 100 93 99 81 26 89 84 74 57 57 66 80 62 54 50 62 4 3 55 68 47 37 39 21 24 53 8 
46 97 53 76 20 49 46 8 0 15 42 48 74 98 34 72 89 51 32 79 6 38 13 36 27 53 56 62 83 82 13 63 23 91 26 63 25 64 94 43 66 65 49 82 56 56 76 65 22 95 
11 98 47 44 71 49 46 81 15 0 60 67 76 74 68 46 2 6 85 3 94 38 56 5 67 74 50 24 95 54 5 22 69 11 47 88 45 41 15 22 43 1 13 12 72 11 4 18 43 70 
0 22 100 42 7 38 21 16 42 60 0 98 90 27 48 85 97 67 10 37 17 23 31 100 13 97 82 2 93 11 61 5 92 6 69 46 0 8 79 29 21 88 10 58 44 99 48 18 81 70 
42 81 93 94 47 16 99 47 48 67 98 0 48 57 86 25 94 64 5 16 91 37 28 9 10 9 43 87 65 38 3 42 44 18 73 6 78 66 89 87 22 2 57 16 72 55 80 10 33 27 
6 39 2 83 52 26 40 59 74 76 90 48 0 13 93 40 4 58 35 38 3 51 30 63 25 32 58 73 34 39 59 5 89 81 96 0 63 1 21 74 4 44 96 82 58 27 3 16 5 7 
74 3 52 31 26 28 16 97 98 74 27 57 13 0 38 77 18 0 11 27 88 85 59 83 9 2 0 94 11 13 17 86 38 38 28 88 22 4 1 87 38 82 98 100 89 13 34 31 49 2 
90 22 83 12 15 17 52 77 34 68 48 86 93 38 0 49 72 41 57 88 98 89 14 32 40 76 50 56 9 52 98 59 14 61 90 6 38 0 24 72 75 18 55 40 12 85 87 48 25 60 
22 31 45 35 72 20 5 14 72 46 85 25 40 77 49 0 46 67 81 97 26 15 41 30 25 3 79 4 84 19 29 91 82 66 24 16 90 88 85 0 64 26 80 95 59 48 94 74 86 71 
76 19 36 69 59 42 0 98 89 2 97 94 4 18 72 46 0 87 46 42 7 16 88 16 94 37 92 77 79 46 67 72 99 15 45 55 43 35 34 53 92 36 79 67 41 67 42 45 89 71 
100 100 14 25 81 21 13 33 51 6 67 64 58 0 41 67 87 0 86 15 3 93 33 67 64 20 35 67 97 10 14 11 69 1 59 29 41 47 59 77 77 7 63 16 26 95 92 19 57 42 
8 93 38 83 17 43 50 92 32 85 10 5 35 11 57 81 46 86 0 86 5 59 82 95 91 49 96 62 70 99 58 46 42 33 79 51 56 16 15 65 58 44 10 83 11 5 55 22 1 35 
94 45 79 73 14 64 93 43 79 3 37 16 38 27 88 97 42 15 86 0 13 48 91 59 63 71 21 88 30 57 40 71 30 73 47 2 56 54 47 45 99 34 50 77 11 92 6 41 0 13 
39 24 53 55 100 33 33 85 6 94 17 91 3 88 98 26 7 3 5 13 0 83 48 89 46 38 68 60 57 72 96 27 42 29 94 61 49 68 26 99 3 70 68 97 64 85 12 63 70 62 
60 28 5 99 30 66 54 10 38 38 23 37 51 85 89 15 16 93 59 48 83 0 2 41 8 6 14 38 25 85 64 32 64 33 97 39 62 25 40 39 44 52 57 93 81 75 71 78 21 100 
29 15 95 69 8 95 30 37 13 56 31 28 30 59 14 41 88 33 82 91 48 2 0 7 3 33 24 33 17 1 62 72 41 86 3 92 65 94 13 0 60 19 97 78 3 53 25 23 84 78 
27 30 72 37 32 52 36 100 36 5 100 9 63 83 32 30 16 67 95 59 89 41 7 0 8 97 88 88 16 20 23 50 40 65 0 23 20 65 89 64 62 76 97 45 86 86 49 21 49 65 
0 39 43 89 5 37 72 93 27 67 13 10 25 9 40 25 94 64 91 63 46 8 3 8 0 74 26 82 95 47 15 2 30 77 43 68 36 28 25 16 95 23 8 23 16 100 24 100 43 27 
96 60 52 63 37 32 13 99 53 74 97 9 32 2 76 3 37 20 49 71 38 6 33 97 74 0 34 36 40 78 31 27 26 61 16 58 3 12 75 40 74 90 5 3 86 41 61 44 44 1 
56 73 20 37 51 47 31 81 56 50 82 43 58 0 50 79 92 35 96 21 68 14 24 88 26 34 0 56 50 55 15 16 77 64 75 20 37 34 34 59 1 74 49 8 97 42 85 78 77 98 
82 53 91 61 66 15 24 26 62 24 2 87 73 94 56 4 77 67 62 88 60 38 33 88 82 36 56 0 15 3 97 0 0 10 83 38 42 52 58 34 80 67 5 75 94 7 19 56 86 59 
42 78 75 93 69 33 10 89 83 95 93 65 34 11 9 84 79 97 70 30 57 25 17 16 95 40 50 15 0 59 91 31 26 0 3 75 88 31 24 81 27 41 57 2 75 55 84 59 90 77 
79 42 33 43 51 67 13 84 82 54 11 38 39 13 52 19 46 10 99 57 72 85 1 20 47 78 55 3 59 0 27 95 14 42 43 11 43 4 9 10 31 67 85 72 12 56 68 79 69 11 
32 40 66 59 49 9 66 74 13 5 61 3 59 17 98 29 67 14 58 40 96 64 62 23 15 31 15 97 91 27 0 72 88 15 72 73 32 52 84 33 16 74 3 13 66 30 35 6 6 86 
96 69 82 22 35 22 54 57 63 22 5 42 5 86 59 91 72 11 46 71 27 32 72 50 2 27 16 0 31 95 72 0 34 29 32 45 34 32 98 89 74 55 46 78 16 85 7 26 69 0 
53 94 11 8 45 83 76 57 23 69 92 44 89 38 14 82 99 69 42 30 42 64 41 40 30 26 77 0 26 14 88 34 0 39 2 56 24 10 61 94 52 91 3 82 75 91 94 18 68 81 
35 33 43 91 51 12 37 66 91 11 6 18 81 38 61 66 15 1 33 73 29 33 86 65 77 61 64 10 0 42 15 29 39 0 1 7 76 50 82 97 11 9 88 14 61 27 42 10 19 60 
62 16 20 81 43 67 22 80 26 47 69 73 96 28 90 24 45 59 79 47 94 97 3 0 43 16 75 83 3 43 72 32 2 1 0 96 52 64 36 78 65 92 82 47 22 76 39 66 24 79 
29 40 28 70 34 71 11 62 63 88 46 6 0 88 6 16 55 29 51 2 61 39 92 23 68 58 20 38 75 11 73 45 56 7 96 0 97 17 2 1 14 15 21 36 87 11 23 4 40 76 
57 53 8 3 59 72 54 54 25 45 0 78 63 22 38 90 43 41 56 56 49 62 65 20 36 3 37 42 88 43 32 34 24 76 52 97 0 56 83 34 74 69 10 63 89 85 7 4 63 85 
11 36 88 48 65 74 20 50 64 41 8 66 1 4 0 88 35 47 16 54 68 25 94 65 28 12 34 52 31 4 52 32 10 50 64 17 56 0 45 54 49 84 73 67 21 65 52 3 65 25 
97 34 8 31 52 87 41 62 94 15 79 89 21 1 24 85 34 59 15 47 26 40 13 89 25 75 34 58 24 9 84 98 61 82 36 2 83 45 0 59 76 94 15 6 7 43 56 95 83 96 
6 87 65 10 7 86 61 4 43 22 29 87 74 87 72 0 53 77 65 45 99 39 0 64 16 40 59 34 81 10 33 89 94 97 78 1 34 54 59 0 8 38 64 15 61 71 37 26 40 50 
69 22 59 63 7 88 8 3 66 43 21 22 4 38 75 64 92 77 58 99 3 44 60 62 95 74 1 80 27 31 16 74 52 11 65 14 74 49 76 8 0 61 90 15 54 21 1 86 53 44 
44 67 89 69 44 49 16 55 65 1 88 2 44 82 18 26 36 7 44 34 70 52 19 76 23 90 74 67 41 67 74 55 91 9 92 15 69 84 94 38 61 0 71 72 4 98 87 27 38 88 
30 42 58 22 89 93 84 68 49 13 10 57 96 98 55 80 79 63 10 50 68 57 97 97 8 5 49 5 57 85 3 46 3 88 82 21 10 73 15 64 90 71 0 73 59 73 9 93 10 79 
31 8 35 46 90 66 87 47 82 12 58 16 82 100 40 95 67 16 83 77 97 93 78 45 23 3 8 75 2 72 13 78 82 14 47 36 63 67 6 15 15 72 73 0 90 14 61 70 88 86 
87 36 53 74 91 24 93 37 56 72 44 72 58 89 12 59 41 26 11 11 64 81 3 86 16 86 97 94 75 12 66 16 75 61 22 87 89 21 7 61 54 4 59 90 0 56 48 64 63 43 
21 42 17 3 62 25 22 39 56 11 99 55 27 13 85 48 67 95 5 92 85 75 53 86 100 41 42 7 55 56 30 85 91 27 76 11 85 65 43 71 21 98 73 14 56 0 24 93 16 21 
32 41 34 89 25 41 75 21 76 4 48 80 3 34 87 94 42 92 55 6 12 71 25 49 24 61 85 19 84 68 35 7 94 42 39 23 7 52 56 37 1 87 9 61 48 24 0 7 2 64 
6 42 12 46 80 43 87 24 65 18 18 10 16 31 48 74 45 19 22 41 63 78 23 21 100 44 78 56 59 79 6 26 18 10 66 4 4 3 95 26 86 27 93 70 64 93 7 0 25 41 
77 86 32 70 58 58 5 53 22 43 81 33 5 49 25 86 89 57 1 0 70 21 84 49 43 44 77 86 90 69 6 69 68 19 24 40 63 65 83 40 53 38 10 88 63 16 2 25 0 100
12 77 7 96 100 98 21 8 95 70 70 27 7 2 60 71 71 42 35 13 62 100 78 65 27 1 98 59 77 11 86 0 81 60 79 76 85 25 96 50 44 88 79 86 43 21 64 41 100 0
RRRRRRRRRRRRRRRRRRRRRRRRRBBBBBBBBBBBBBBBBBBBBBBBBB