50
0 0 2 77 88 4 80 84 8 0 4 3 10 93 1 0 1 80 1 7 96 4 0 84 8 89 8 6 2 6 7 0 6 3 4 89 7 2 4 0 70 6 7 3 83 1 2 6 3 0
0 0 4 8 7 0 6 7 78 1 1 1 74 6 1 1 4 10 2 92 10 1 3 7 97 10 84 87 1 96 79 3 70 1 0 6 80 3 1 1 9 79 74 2 7 1 2 83 2 1
2 4 0 8 7 3 6 6 72 1 1 1 97 9 4 2 1 9 0 76 8 2 1 6 76 10 94 71 1 74 82 0 93 2 1 10 98 0 2 3 7 77 78 3 9 4 1 91 1 2
77 8 8 0 97 8 98 92 91 88 7 8 97 96 78 94 96 97 98 91 100 82 6 90 95 100 99 99 81 95 98 77 91 94 8 95 100 95 6 9 98 94 96 7 93 8 10 96 7 90
88 7 7 97 0 7 94 94 99 99 10 8 100 96 93 74 75 91 71 98 95 83 10 97 92 92 92 94 95 98 94 86 99 96 8 96 93 80 6 6 98 100 94 10 91 9 10 98 9 83
4 0 3 8 7 0 10 9 83 3 0 4 82 9 4 0 0 7 1 79 8 1 3 7 76 7 91 82 0 88 92 3 76 4 3 7 99 3 1 2 7 94 83 4 6 0 1 93 0 4
80 6 6 98 94 10 0 95 92 79 6 9 93 98 100 91 92 97 80 100 99 85 10 93 93 90 100 98 80 98 96 84 90 73 8 91 96 85 7 8 93 98 91 10 94 8 7 97 7 86
84 7 6 92 94 9 95 0 93 90 9 10 91 95 70 80 95 100 87 97 97 86 8 92 98 98 96 94 87 97 94 97 94 72 6 90 93 86 10 10 90 93 92 10 95 7 8 98 8 96
8 78 72 91 99 83 92 93 0 9 78 74 98 91 10 10 7 90 10 95 94 9 93 98 99 96 100 100 8 96 100 8 92 10 78 98 97 7 88 76 95 96 100 89 94 70 71 99 98 10
0 1 1 88 99 3 79 90 9 0 3 3 10 98 4 4 0 85 4 9 94 0 2 91 7 89 6 10 0 8 9 1 8 3 3 92 8 1 2 3 95 7 6 4 95 0 3 7 2 4
4 1 1 7 10 0 6 9 78 3 0 0 96 6 1 2 4 7 4 70 7 1 4 6 93 9 77 91 1 73 99 1 78 4 2 8 98 3 1 0 6 72 77 1 8 3 1 79 4 0
3 1 1 8 8 4 9 10 74 3 0 0 100 8 4 1 2 6 3 92 6 0 4 8 97 6 80 89 0 77 96 4 85 1 2 9 76 1 4 0 9 86 76 1 6 2 2 84 0 1
10 74 97 97 100 82 93 91 98 10 96 100 0 99 6 7 7 92 7 92 90 9 91 100 97 98 90 98 10 99 92 6 100 9 81 96 93 10 76 75 96 94 93 73 97 17 93 94 85 6
93 6 9 96 96 9 98 95 91 98 6 8 99 0 81 80 86 100 82 94 95 98 10 98 97 94 90 99 87 97 98 76 94 95 10 91 100 87 8 9 90 97 99 6 94 6 9 100 7 81
1 1 4 78 93 4 100 70 10 4 1 4 6 81 0 1 2 96 2 7 90 4 0 99 9 91 10 9 1 9 9 1 7 1 1 93 7 4 0 3 100 6 10 0 71 3 4 7 1 1
0 1 2 94 74 0 91 80 10 4 2 1 7 80 1 0 3 79 2 7 79 1 3 97 7 74 8 6 1 6 7 0 9 3 1 89 9 0 0 2 92 10 10 4 92 4 0 9 4 1
1 4 1 96 75 0 92 95 7 0 4 2 7 86 2 3 0 81 1 9 87 1 3 83 10 98 9 10 3 9 6 2 7 0 2 76 9 0 1 4 80 9 6 3 95 0 0 10 2 3
80 10 9 97 91 7 97 100 90 85 7 6 92 100 96 79 81 0 77 100 95 78 9 100 96 93 97 92 79 98 99 96 90 90 8 93 100 73 7 6 90 95 98 10 95 10 10 90 6 97
1 2 0 98 71 1 80 87 10 4 4 3 7 82 2 2 1 77 0 9 100 3 4 93 7 95 8 10 3 7 10 2 7 0 0 92 7 4 4 3 78 9 7 0 77 0 1 8 0 4
7 92 76 91 98 79 100 97 95 9 70 92 92 94 7 7 9 100 9 0 95 9 70 98 92 98 95 94 7 93 91 10 91 8 78 92 99 9 73 72 100 94 94 72 99 92 70 99 79 7
96 10 8 100 95 8 99 97 94 94 7 6 90 95 90 79 87 95 100 95 0 97 6 95 90 98 96 95 87 97 98 92 93 80 10 98 93 88 6 6 90 94 93 10 99 7 9 94 9 80
4 1 2 82 83 1 85 86 9 0 1 0 9 98 4 1 1 78 3 9 97 0 4 88 7 86 9 6 2 6 6 4 9 4 2 77 6 2 4 1 78 8 10 3 95 3 3 10 1 0
0 3 1 6 10 3 10 8 93 2 4 4 91 10 0 3 3 9 4 70 6 4 0 9 70 8 95 78 1 94 100 0 97 2 4 10 90 4 2 1 7 96 99 1 6 0 0 96 1 0
84 7 6 90 97 7 93 92 98 91 6 8 100 98 99 97 83 100 93 98 95 88 9 0 100 95 91 91 83 91 95 77 98 97 8 96 96 81 9 10 100 100 91 6 95 10 6 97 6 100
8 97 76 95 92 76 93 98 99 7 93 97 97 97 9 7 10 96 7 92 90 7 70 100 0 100 93 93 10 100 97 10 92 7 77 92 97 9 94 91 99 94 91 87 96 75 81 90 81 6
89 10 10 100 92 7 90 98 96 89 9 6 98 94 91 74 98 93 95 98 98 86 8 95 100 0 99 97 88 97 97 70 97 90 7 100 97 91 9 10 98 96 99 10 95 10 6 100 8 70
8 84 94 99 92 91 100 96 100 6 77 80 90 90 10 8 9 97 8 95 96 9 95 91 93 99 0 96 10 95 90 10 98 10 73 98 94 8 76 98 95 91 100 84 92 91 78 98 83 9
6 87 71 99 94 82 98 94 100 10 91 89 98 99 9 6 10 92 10 94 95 6 78 91 93 97 96 0 8 98 96 10 95 7 71 98 91 9 81 73 90 90 99 91 93 90 97 90 83 9
2 1 1 81 95 0 80 87 8 0 1 0 10 87 1 1 3 79 3 7 87 2 1 83 10 88 10 8 0 8 10 4 7 1 3 82 8 2 1 0 82 10 10 3 96 4 0 8 4 3
6 96 74 95 98 88 98 97 96 8 73 77 99 97 9 6 9 98 7 93 97 6 94 91 100 97 95 98 8 0 99 7 96 9 71 98 98 8 88 99 92 94 94 80 98 78 80 99 92 8
7 79 82 98 94 92 96 94 100 9 99 96 92 98 9 7 6 99 10 91 98 6 100 95 97 97 90 96 10 99 0 7 98 8 85 100 94 10 99 77 94 91 91 91 92 97 100 94 81 9
0 3 0 77 86 3 84 97 8 1 1 4 6 76 1 0 2 96 2 10 92 4 0 77 10 70 10 10 4 7 7 0 8 1 4 95 9 2 2 4 92 10 9 1 75 4 2 10 1 0
6 70 93 91 99 76 90 94 92 8 78 85 100 94 7 9 7 90 7 91 93 9 97 98 92 97 98 95 7 96 98 8 0 9 88 100 99 7 80 73 97 98 99 87 96 82 83 96 99 8
3 1 2 94 96 4 73 72 10 3 4 1 9 95 1 3 0 90 0 8 80 4 2 97 7 90 10 7 1 9 8 1 9 0 4 86 6 0 3 1 95 10 7 4 75 0 1 10 1 4
4 0 1 8 8 3 8 6 78 3 2 2 81 10 1 1 2 8 0 78 10 2 4 8 77 7 73 71 3 71 85 4 88 4 0 8 73 4 4 3 8 94 70 1 10 2 1 75 3 3
89 6 10 95 96 7 91 90 98 92 8 9 96 91 93 89 76 93 92 92 98 77 10 96 92 100 98 98 82 98 100 95 100 86 8 0 90 87 10 9 93 90 92 9 92 6 10 98 8 77
7 80 98 100 93 99 96 93 97 8 98 76 93 100 7 9 9 100 7 99 93 6 90 96 97 97 94 91 8 98 94 9 99 6 73 90 0 8 83 85 99 91 98 89 96 76 75 96 99 7
2 3 0 95 80 3 85 86 7 1 3 1 10 87 4 0 0 73 4 9 88 2 4 81 9 91 8 9 2 8 10 2 7 0 4 87 8 0 2 0 93 10 6 2 93 1 2 6 4 0
4 1 2 6 6 1 7 10 88 2 1 4 76 8 0 0 1 7 4 73 6 4 2 9 94 9 76 81 1 88 99 2 80 3 4 10 83 2 0 1 7 97 78 4 8 1 0 87 0 4
0 1 3 9 6 2 8 10 76 3 0 0 75 9 3 2 4 6 3 72 6 1 1 10 91 10 98 73 0 99 77 4 73 1 3 9 85 0 1 0 8 89 77 4 9 0 1 77 0 3
70 9 7 98 98 7 93 90 95 95 6 9 96 90 100 92 80 90 78 100 90 78 7 100 99 98 95 90 82 92 94 92 97 95 8 93 99 93 7 8 0 96 92 6 96 8 7 93 10 99
6 79 77 94 100 94 98 93 96 7 72 86 94 97 6 10 9 95 9 94 94 8 96 100 94 96 91 90 10 94 91 10 98 10 94 90 91 10 97 89 96 0 95 81 91 89 71 91 77 9
7 74 78 96 94 83 91 92 100 6 77 76 93 99 10 10 6 98 7 94 93 10 99 91 91 99 100 99 10 94 91 9 99 7 70 92 98 6 78 77 92 95 0 70 95 78 96 92 83 8
3 2 3 7 10 4 10 10 89 4 1 1 73 6 0 4 3 10 0 72 10 3 1 6 87 10 84 91 3 80 91 1 87 4 1 9 89 2 4 4 6 81 70 0 6 0 2 83 1 3
83 7 9 93 91 6 94 95 94 95 8 6 97 94 71 92 95 95 77 99 99 95 6 95 96 95 92 93 96 98 92 75 96 75 10 92 96 93 8 9 96 91 95 6 0 9 9 96 9 93
1 1 4 8 9 0 8 7 70 0 3 2 17 6 3 4 0 10 0 92 7 3 0 10 75 10 91 90 4 78 97 4 82 0 2 6 76 1 1 0 8 89 78 0 9 0 3 82 4 3
2 2 1 10 10 1 7 8 71 3 1 2 93 9 4 0 0 10 1 70 9 3 0 6 81 6 78 97 0 80 100 2 83 1 1 10 75 2 0 1 7 71 96 2 9 3 0 77 1 0
6 83 91 96 98 93 97 98 99 7 79 84 94 100 7 9 10 90 8 99 94 10 96 97 90 100 98 90 8 99 94 10 96 10 75 98 96 6 87 77 93 91 92 83 96 82 77 0 73 6
3 2 1 7 9 0 7 8 98 2 4 0 85 7 1 4 2 6 0 79 9 1 1 6 81 8 83 83 4 92 81 1 99 1 3 8 99 4 0 0 10 77 83 1 9 4 1 73 0 0
0 1 2 90 83 4 86 96 10 4 0 1 6 81 1 1 3 97 4 7 80 0 0 100 6 70 9 9 3 8 9 0 8 4 3 77 7 0 4 3 99 9 8 3 93 3 0 6 0 0
RRRBBBBRBRBBBBBRBBBBRBRBRRBRRRRBRRRBBBRRBRBRRRRBBR
