50
0 38 41 82 57 89 42 60 52 89 39 43 95 84 2 19 24 45 39 11 5 63 47 94 83 60 46 62 98 3 39 34 53 40 6 49 48 46 41 0 92 33 9 33 8 33 100 36 24 17
38 0 62 50 87 43 25 63 78 21 25 59 50 9 79 50 91 33 33 54 17 31 48 60 92 19 54 25 19 3 63 87 95 14 62 43 95 82 94 59 86 12 25 21 8 54 83 71 75 6
41 62 0 81 44 88 53 5 68 61 42 29 98 96 13 15 32 72 79 82 6 32 24 54 89 20 50 48 33 99 33 16 35 67 91 30 51 70 62 90 22 69 85 18 17 38 18 12 53 73
82 50 81 0 22 35 14 8 75 74 60 90 46 78 31 23 68 36 25 85 5 67 95 71 68 4 24 57 52 100 95 94 31 92 17 40 31 42 46 5 70 100 79 52 73 57 42 30 51 84
57 87 44 22 0 48 0 69 74 64 25 15 87 22 8 65 33 42 58 90 5 33 16 45 53 59 22 95 94 61 12 52 79 49 85 90 32 56 39 51 0 94 87 40 87 99 90 27 36 72
89 43 88 35 48 0 11 83 59 83 37 24 34 42 74 24 50 79 92 72 31 80 6 62 43 63 50 15 93 42 17 9 86 4 25 79 54 73 95 22 7 35 17 3 86 13 59 93 56 18
42 25 53 14 0 11 0 96 13 15 79 20 0 2 54 2 81 78 9 6 100 10 67 11 22 14 90 84 83 59 77 16 14 39 72 61 2 77 81 89 82 29 94 81 98 98 0 71 76 63
60 63 5 8 69 83 96 0 49 67 89 49 74 97 17 47 61 90 24 25 71 38 38 87 64 73 75 85 83 97 38 70 46 31 90 86 88 32 26 30 34 85 25 51 3 92 50 36 80 26
52 78 68 75 74 59 13 49 0 70 31 24 28 36 31 95 43 7 97 44 75 34 49 98 46 100 86 56 54 51 25 87 96 37 85 37 64 88 0 80 90 36 71 92 21 65 29 6 6 49
89 21 61 74 64 83 15 67 70 0 61 67 0 90 90 13 53 55 88 86 75 17 91 89 27 8 69 29 24 54 49 54 80 32 93 57 37 59 23 20 11 29 65 100 50 96 66 57 95 88
39 25 42 60 25 37 79 89 31 61 0 29 43 16 35 12 19 15 49 43 98 70 42 82 76 76 61 65 48 38 75 88 84 21 42 73 35 39 57 52 4 42 87 80 65 67 52 62 14 91
43 59 29 90 15 24 20 49 24 67 29 0 95 94 91 45 93 75 68 24 26 41 99 73 45 72 44 90 58 53 0 37 77 44 30 88 97 74 46 8 90 24 14 28 53 19 24 74 57 23
95 50 98 46 87 34 0 74 28 0 43 95 0 27 25 66 45 90 77 57 17 5 13 42 42 92 62 1 92 54 97 70 80 58 42 63 63 2 94 83 75 62 88 39 58 71 20 87 48 84
84 9 96 78 22 42 2 97 36 90 16 94 27 0 51 10 26 20 92 62 6 47 69 30 27 73 48 67 7 91 53 48 66 95 53 9 30 33 36 17 55 16 7 88 99 27 86 70 85 99
2 79 13 31 8 74 54 17 31 90 35 91 25 51 0 36 59 72 64 8 68 27 32 96 98 30 20 63 40 68 10 97 90 7 3 27 10 22 8 75 1 40 44 94 94 53 0 70 99 13
19 50 15 23 65 24 2 47 95 13 12 45 66 10 36 0 93 25 50 2 53 56 33 16 65 81 64 29 35 82 63 23 59 0 10 45 25 0 90 3 22 58 76 1 44 33 82 56 11 31
24 91 32 68 33 50 81 61 43 53 19 93 45 26 59 93 0 59 50 6 91 100 73 52 2 33 72 84 25 28 83 73 69 43 24 2 76 44 86 24 4 65 58 51 12 0 100 35 23 46
45 33 72 36 42 79 78 90 7 55 15 75 90 20 72 25 59 0 5 36 13 12 79 11 97 46 98 4 13 79 88 73 42 72 18 41 68 76 20 43 83 35 24 43 30 13 6 67 21 9
39 33 79 25 58 92 9 24 97 88 49 68 77 92 64 50 50 5 0 18 21 50 70 72 47 41 34 100 48 7 43 37 26 85 49 38 62 69 30 1 62 82 82 35 86 90 73 36 23 88
11 54 82 85 90 72 6 25 44 86 43 24 57 62 8 2 6 36 18 0 92 80 68 76 32 20 33 55 76 87 33 39 31 36 7 52 25 41 59 79 23 90 98 27 21 44 69 17 33 58
5 17 6 5 5 31 100 71 75 75 98 26 17 6 68 53 91 13 21 92 0 7 7 52 1 60 53 48 84 74 19 22 66 15 91 88 98 54 45 11 9 26 34 0 97 37 55 55 48 86
63 31 32 67 33 80 10 38 34 17 70 41 5 47 27 56 100 12 50 80 7 0 98 94 17 31 72 46 24 39 47 30 67 45 41 24 22 77 78 51 13 11 51 40 1 16 87 28 85 90
47 48 24 95 16 6 67 38 49 91 42 99 13 69 32 33 73 79 70 68 7 98 0 27 15 55 75 12 80 51 7 24 62 21 95 50 23 6 73 12 8 15 84 81 49 93 62 92 25 95
94 60 54 71 45 62 11 87 98 89 82 73 42 30 96 16 52 11 72 76 52 94 27 0 22 9 18 98 54 26 46 67 30 71 87 61 82 31 41 5 99 97 21 29 11 26 95 23 99 48
83 92 89 68 53 43 22 64 46 27 76 45 42 27 98 65 2 97 47 32 1 17 15 22 0 66 70 96 95 41 45 0 85 56 94 12 82 42 95 90 1 8 87 84 88 75 25 14 40 1
60 19 20 4 59 63 14 73 100 8 76 72 92 73 30 81 33 46 41 20 60 31 55 9 66 0 25 90 25 54 61 64 10 38 100 15 3 22 94 64 32 4 70 30 38 36 51 68 84 33
46 54 50 24 22 50 90 75 86 69 61 44 62 48 20 64 72 98 34 33 53 72 75 18 70 25 0 44 31 34 80 47 65 38 51 74 8 13 44 48 20 57 35 50 31 17 25 42 17 7
62 25 48 57 95 15 84 85 56 29 65 90 1 67 63 29 84 4 100 55 48 46 12 98 96 90 44 0 29 84 36 80 6 7 70 78 33 21 6 79 3 43 13 44 66 35 38 68 78 89
98 19 33 52 94 93 83 83 54 24 48 58 92 7 40 35 25 13 48 76 84 24 80 54 95 25 31 29 0 95 96 23 66 8 68 84 26 66 91 73 50 86 5 19 11 12 92 60 3 38
3 3 99 100 61 42 59 97 51 54 38 53 54 91 68 82 28 79 7 87 74 39 51 26 41 54 34 84 95 0 35 23 97 63 32 45 20 93 73 70 91 86 28 28 64 57 14 71 25 89
39 63 33 95 12 17 77 38 25 49 75 0 97 53 10 63 83 88 43 33 19 47 7 46 45 61 80 36 96 35 0 18 3 52 7 61 35 70 31 12 99 2 55 44 15 5 80 79 38 18
34 87 16 94 52 9 16 70 87 54 88 37 70 48 97 23 73 73 37 39 22 30 24 67 0 64 47 80 23 23 18 0 92 80 44 1 90 88 56 59 97 71 80 61 74 70 72 89 50 82
53 95 35 31 79 86 14 46 96 80 84 77 80 66 90 59 69 42 26 31 66 67 62 30 85 10 65 6 66 97 3 92 0 62 59 48 88 12 78 97 70 55 12 61 65 71 6 59 55 39
40 14 67 92 49 4 39 31 37 32 21 44 58 95 7 0 43 72 85 36 15 45 21 71 56 38 38 7 8 63 52 80 62 0 19 82 34 3 11 6 2 81 35 63 24 54 79 53 9 28
6 62 91 17 85 25 72 90 85 93 42 30 42 53 3 10 24 18 49 7 91 41 95 87 94 100 51 70 68 32 7 44 59 19 0 38 58 72 25 85 10 62 30 59 76 56 52 19 78 45
49 43 30 40 90 79 61 86 37 57 73 88 63 9 27 45 2 41 38 52 88 24 50 61 12 15 74 78 84 45 61 1 48 82 38 0 6 95 39 28 35 10 97 75 1 19 0 67 33 48
48 95 51 31 32 54 2 88 64 37 35 97 63 30 10 25 76 68 62 25 98 22 23 82 82 3 8 33 26 20 35 90 88 34 58 6 0 70 96 0 48 71 29 67 28 82 67 18 28 29
46 82 70 42 56 73 77 32 88 59 39 74 2 33 22 0 44 76 69 41 54 77 6 31 42 22 13 21 66 93 70 88 12 3 72 95 70 0 45 77 52 54 5 92 6 15 40 59 35 35
41 94 62 46 39 95 81 26 0 23 57 46 94 36 8 90 86 20 30 59 45 78 73 41 95 94 44 6 91 73 31 56 78 11 25 39 96 45 0 44 80 90 79 92 100 2 58 59 29 80
0 59 90 5 51 22 89 30 80 20 52 8 83 17 75 3 24 43 1 79 11 51 12 5 90 64 48 79 73 70 12 59 97 6 85 28 0 77 44 0 3 83 55 29 3 14 62 72 61 86
92 86 22 70 0 7 82 34 90 11 4 90 75 55 1 22 4 83 62 23 9 13 8 99 1 32 20 3 50 91 99 97 70 2 10 35 48 52 80 3 0 18 7 47 27 1 54 69 27 68
33 12 69 100 94 35 29 85 36 29 42 24 62 16 40 58 65 35 82 90 26 11 15 97 8 4 57 43 86 86 2 71 55 81 62 10 71 54 90 83 18 0 64 72 4 15 74 28 39 99
9 25 85 79 87 17 94 25 71 65 87 14 88 7 44 76 58 24 82 98 34 51 84 21 87 70 35 13 5 28 55 80 12 35 30 97 29 5 79 55 7 64 0 27 27 2 57 97 76 5
33 21 18 52 40 3 81 51 92 100 80 28 39 88 94 1 51 43 35 27 0 40 81 29 84 30 50 44 19 28 44 61 61 63 59 75 67 92 92 29 47 72 27 0 98 27 6 49 10 98
8 8 17 73 87 86 98 3 21 50 65 53 58 99 94 44 12 30 86 21 97 1 49 11 88 38 31 66 11 64 15 74 65 24 76 1 28 6 100 3 27 4 27 98 0 78 38 36 25 7
33 54 38 57 99 13 98 92 65 96 67 19 71 27 53 33 0 13 90 44 37 16 93 26 75 36 17 35 12 57 5 70 71 54 56 19 82 15 2 14 1 15 2 27 78 0 2 52 51 100
100 83 18 42 90 59 0 50 29 66 52 24 20 86 0 82 100 6 73 69 55 87 62 95 25 51 25 38 92 14 80 72 6 79 52 0 67 40 58 62 54 74 57 6 38 2 0 12 40 81
36 71 12 30 27 93 71 36 6 57 62 74 87 70 70 56 35 67 36 17 55 28 92 23 14 68 42 68 60 71 79 89 59 53 19 67 18 59 59 72 69 28 97 49 36 52 12 0 37 61
24 75 53 51 36 56 76 80 6 95 14 57 48 85 99 11 23 21 23 33 48 85 25 99 40 84 17 78 3 25 38 50 55 9 78 33 28 35 29 61 27 39 76 10 25 51 40 37 0 47
17 6 73 84 72 18 63 26 49 88 91 23 84 99 13 31 46 9 88 58 86 90 95 48 1 33 7 89 38 89 18 82 39 28 45 48 29 35 80 86 68 99 5 98 7 100 81 61 47 0
RRRRRBRBBBBRBRRBBBBBBRRRRBRBRRBBRBBRRBBRRBBBRRRBBR