50
0 90 62 36 0 12 20 86 54 44 38 17 6 66 85 41 27 29 40 65 34 72 39 64 47 51 29 52 2 60 50 77 74 57 68 53 36 67 55 53 82 44 31 46 31 45 69 24 52 59
90 0 28 56 0 15 85 20 70 1 79 2 42 18 44 75 73 43 53 16 51 35 44 95 55 84 48 84 12 16 16 54 28 67 86 76 81 38 19 48 53 79 67 79 29 25 3 60 47 87
62 28 0 41 83 70 74 53 79 49 86 41 38 75 27 84 100 56 0 27 82 53 29 83 58 50 49 74 23 44 35 56 37 64 2 40 64 24 3 84 43 66 56 71 38 36 29 40 31 69
36 56 41 0 22 59 26 5 30 23 39 37 95 84 68 39 64 45 34 80 22 41 64 17 58 66 54 48 99 76 77 58 46 74 33 63 65 67 63 22 78 0 4 37 9 2 48 38 52 42
0 0 83 22 0 100 69 66 15 35 46 38 0 60 82 37 32 95 28 63 8 7 44 31 59 4 36 64 78 54 78 62 41 30 29 72 20 54 31 48 67 30 69 0 75 74 57 60 75 15
12 15 70 59 100 0 74 17 1 58 48 93 22 48 45 68 63 54 62 14 64 3 34 64 33 79 80 63 17 57 50 22 48 60 77 41 82 50 49 59 0 79 64 69 8 14 9 53 2 83
20 85 74 26 69 74 0 86 41 0 37 27 37 74 71 23 41 61 24 46 35 58 61 18 40 46 44 26 55 59 73 61 79 11 31 9 7 86 61 38 64 0 10 39 0 65 80 39 60 7
86 20 53 5 66 17 86 0 47 73 72 73 33 60 42 0 61 54 67 20 1 21 27 81 52 53 82 44 33 30 31 22 68 65 68 19 68 33 63 68 30 73 58 48 25 51 27 81 38 66
54 70 79 30 15 1 41 47 0 28 0 42 78 71 100 9 25 65 0 52 24 64 41 56 42 24 39 30 50 76 64 55 64 36 44 55 56 79 67 5 65 10 32 46 80 41 69 18 71 38
44 1 49 23 35 58 0 73 28 0 41 28 69 100 51 48 24 0 49 91 21 46 73 19 86 19 17 30 61 79 57 89 59 37 49 81 36 78 82 26 55 16 17 19 46 3 63 24 62 63
38 79 86 39 46 48 37 72 0 41 0 31 66 64 64 40 26 29 18 64 59 60 88 60 5 2 55 9 58 0 58 70 83 34 41 90 54 67 34 4 69 32 42 25 73 77 68 57 81 32
17 2 41 37 38 93 27 73 42 28 31 0 55 22 69 25 1 71 38 43 10 36 63 52 58 47 55 13 49 93 59 0 66 30 39 72 64 9 90 10 75 44 55 25 70 56 60 40 46 0
6 42 38 95 0 22 37 33 78 69 66 55 0 50 24 40 79 45 83 42 84 0 21 51 24 84 70 1 59 32 0 9 40 93 61 42 50 49 38 75 59 35 61 62 43 42 16 51 32 75
66 18 75 84 60 48 74 60 71 100 64 22 50 0 26 56 10 24 76 26 84 2 45 56 1 68 52 78 24 32 38 2 52 45 86 27 2 10 12 80 46 73 72 38 40 49 49 68 24 88
85 44 27 68 82 45 71 42 100 51 64 69 24 26 0 68 0 9 95 25 84 28 45 85 18 60 3 50 27 43 45 13 27 62 65 21 39 63 23 0 26 74 59 4 17 41 56 83 56 75
41 75 84 39 37 68 23 0 9 48 40 25 40 56 68 0 34 63 46 50 0 100 71 34 73 17 24 11 53 57 39 61 8 47 32 67 13 84 79 10 44 42 36 7 64 41 55 57 81 29
27 73 100 64 32 63 41 61 25 24 26 1 79 10 0 34 0 60 36 72 36 6 49 41 94 49 41 16 35 67 1 62 49 58 53 40 57 66 54 18 58 14 39 14 44 58 64 20 51 28
29 43 56 45 95 54 61 54 65 0 29 71 45 24 9 63 60 0 91 37 85 13 0 61 26 57 0 79 43 41 8 46 49 63 82 44 41 20 31 59 37 78 4 76 54 32 59 57 35 88
40 53 0 34 28 62 24 67 0 49 18 38 83 76 95 46 36 91 0 57 32 66 86 28 77 24 0 36 53 79 63 4 1 37 47 6 43 40 79 35 58 47 36 15 71 54 44 48 74 40
65 16 27 80 63 14 46 20 52 91 64 43 42 26 25 50 72 37 57 0 52 37 1 74 50 64 70 69 44 23 44 33 50 7 42 63 78 21 26 9 23 28 61 98 11 29 0 78 29 86
34 51 82 22 8 64 35 1 24 21 59 10 84 84 84 0 36 85 32 52 0 88 97 2 79 35 60 44 75 53 29 68 95 9 30 72 41 53 43 34 72 21 43 37 0 51 59 27 83 11
72 35 53 41 7 3 58 21 64 46 60 36 0 2 28 100 6 13 66 37 88 0 24 80 36 62 54 81 23 16 49 22 1 1 71 61 57 7 20 53 47 93 98 56 34 23 12 53 53 59
39 44 29 64 44 34 61 27 41 73 88 63 21 45 45 71 49 0 86 1 97 24 0 67 36 39 73 62 30 33 15 49 25 50 79 37 65 50 77 30 26 57 1 54 44 36 41 50 7 34
64 95 83 17 31 64 18 81 56 19 60 52 51 56 85 34 41 61 28 74 2 80 67 0 66 60 12 52 1 1 43 58 67 0 36 64 13 76 62 8 76 19 4 32 55 67 85 31 86 35
47 55 58 58 59 33 40 52 42 86 5 58 24 1 18 73 94 26 77 50 79 36 36 66 0 43 50 67 21 5 46 43 7 66 57 19 75 49 29 80 39 86 44 2 39 36 19 1 14 75
51 84 50 66 4 79 46 53 24 19 2 47 84 68 60 17 49 57 24 64 35 62 39 60 43 0 3 26 74 2 64 67 52 40 37 88 40 58 7 25 71 10 21 22 44 66 68 43 67 6
29 48 49 54 36 80 44 82 39 17 55 55 70 52 3 24 41 0 0 70 60 54 73 12 50 3 0 31 36 71 66 49 95 17 22 58 32 41 77 16 90 29 48 47 66 68 2 23 75 8
52 84 74 48 64 63 26 44 30 30 9 13 1 78 50 11 16 79 36 69 44 81 62 52 67 26 31 0 60 76 41 0 64 31 61 0 33 87 37 62 11 58 33 32 71 44 70 22 42 37
2 12 23 99 78 17 55 33 50 61 58 49 59 24 27 53 35 43 53 44 75 23 30 1 21 74 36 60 0 40 42 29 15 39 55 13 43 2 44 41 47 57 48 53 36 16 30 5 19 47
60 16 44 76 54 57 59 30 76 79 0 93 32 32 43 57 67 41 79 23 53 16 33 1 5 2 71 76 40 0 25 33 23 58 46 22 66 47 6 76 30 32 91 69 9 6 28 77 49 54
50 16 35 77 78 50 73 31 64 57 58 59 0 38 45 39 1 8 63 44 29 49 15 43 46 64 66 41 42 25 0 0 43 74 7 11 5 25 25 43 40 51 12 70 40 49 8 67 31 67
77 54 56 58 62 22 61 22 55 89 70 0 9 2 13 61 62 46 4 33 68 22 49 58 43 67 49 0 29 33 0 0 42 77 56 28 62 41 39 64 32 68 78 24 35 40 13 73 48 84
74 28 37 46 41 48 79 68 64 59 83 66 40 52 27 8 49 49 1 50 95 1 25 67 7 52 95 64 15 23 43 42 0 46 9 45 57 35 3 42 19 62 74 88 52 1 14 94 38 77
57 67 64 74 30 60 11 65 36 37 34 30 93 45 62 47 58 63 37 7 9 1 50 0 66 40 17 31 39 58 74 77 46 0 50 83 57 48 44 35 60 29 27 41 61 66 61 17 55 43
68 86 2 33 29 77 31 68 44 49 41 39 61 86 65 32 53 82 47 42 30 71 79 36 57 37 22 61 55 46 7 56 9 50 0 67 5 76 53 39 73 43 23 2 52 65 29 37 82 17
53 76 40 63 72 41 9 19 55 81 90 72 42 27 21 67 40 44 6 63 72 61 37 64 19 88 58 0 13 22 11 28 45 83 67 0 0 27 62 49 29 53 52 91 41 29 24 70 50 28
36 81 64 65 20 82 7 68 56 36 54 64 50 2 39 13 57 41 43 78 41 57 65 13 75 40 32 33 43 66 5 62 57 57 5 0 0 34 93 4 61 24 26 28 61 65 86 49 0 52
67 38 24 67 54 50 86 33 79 78 67 9 49 10 63 84 66 20 40 21 53 7 50 76 49 58 41 87 2 47 25 41 35 48 76 27 34 0 47 1 26 45 52 72 40 21 34 0 9 76
55 19 3 63 31 49 61 63 67 82 34 90 38 12 23 79 54 31 79 26 43 20 77 62 29 7 77 37 44 6 25 39 3 44 53 62 93 47 0 74 28 29 41 80 32 33 4 65 0 0
53 48 84 22 48 59 38 68 5 26 4 10 75 80 0 10 18 59 35 9 34 53 30 8 80 25 16 62 41 76 43 64 42 35 39 49 4 1 74 0 92 30 31 12 68 69 91 29 91 14
82 53 43 78 67 0 64 30 65 55 69 75 59 46 26 44 58 37 58 23 72 47 26 76 39 71 90 11 47 30 40 32 19 60 73 29 61 26 28 92 0 6 1 31 31 58 40 65 33 70
44 79 66 0 30 79 0 73 10 16 32 44 35 73 74 42 14 78 47 28 21 93 57 19 86 10 29 58 57 32 51 68 62 29 43 53 24 45 29 30 6 0 33 4 73 75 37 38 2 36
31 67 56 4 69 64 10 58 32 17 42 55 61 72 59 36 39 4 36 61 43 98 1 4 44 21 48 33 48 91 12 78 74 27 23 52 26 52 41 31 1 33 0 29 67 97 68 36 86 39
46 79 71 37 0 69 39 48 46 19 25 25 62 38 4 7 14 76 15 98 37 56 54 32 2 22 47 32 53 69 70 24 88 41 2 91 28 72 80 12 31 4 29 0 60 9 49 34 69 57
31 29 38 9 75 8 0 25 80 46 73 70 43 40 17 64 44 54 71 11 0 34 44 55 39 44 66 71 36 9 40 35 52 61 52 41 61 40 32 68 31 73 67 60 0 21 61 10 24 79
45 25 36 2 74 14 65 51 41 3 77 56 42 49 41 41 58 32 54 29 51 23 36 67 36 66 68 44 16 6 49 40 1 66 65 29 65 21 33 69 58 75 97 9 21 0 24 58 29 81
69 3 29 48 57 9 80 27 69 63 68 60 16 49 56 55 64 59 44 0 59 12 41 85 19 68 2 70 30 28 8 13 14 61 29 24 86 34 4 91 40 37 68 49 61 24 0 73 29 40
24 60 40 38 60 53 39 81 18 24 57 40 51 68 83 57 20 57 48 78 27 53 50 31 1 43 23 22 5 77 67 73 94 17 37 70 49 0 65 29 65 38 36 34 10 58 73 0 72 45
52 47 31 52 75 2 60 38 71 62 81 46 32 24 56 81 51 35 74 29 83 53 7 86 14 67 75 42 19 49 31 48 38 55 82 50 0 9 0 91 33 2 86 69 24 29 29 72 0 70
59 87 69 42 15 83 7 66 38 63 32 0 75 88 75 29 28 88 40 86 11 59 34 35 75 6 8 37 47 54 67 84 77 43 17 28 52 76 0 14 70 36 39 57 79 81 40 45 70 0
BRRBBRBRBBBBRRRBBRBRBRRBRBBBRRRRRBBRBRRBRBBBRRRBRB