50
0 3 3 3 3 3 3 3 3 3 3 3 3 3 3 3 3 3 3 3 3 3 3 3 3 3 3 3 3 3 3 3 3 3 3 3 3 3 3 3 3 3 3 3 3 3 3 3 3 3
3 0 24 24 24 11 24 18 9 24 24 23 24 24 24 19 24 24 24 24 22 24 24 3 24 24 21 2 24 24 24 17 4 18 24 24 7 10 24 13 4 23 24 17 15 22 11 24 24 24
3 24 0 50 57 18 57 30 16 45 57 38 43 43 57 31 57 55 57 49 37 49 43 5 57 49 35 3 47 57 57 27 7 30 50 43 11 16 52 22 7 38 48 28 25 36 18 57 57 51
3 24 50 0 29 10 29 17 9 27 29 22 25 25 29 18 29 29 29 29 21 29 25 3 29 29 21 2 28 29 29 16 4 17 29 25 6 9 29 13 4 22 28 16 14 21 10 29 29 29
3 24 57 29 0 23 84 39 20 59 77 49 56 56 81 40 84 71 76 64 48 64 55 6 80 63 46 5 61 84 84 36 9 38 65 56 15 21 67 29 10 49 62 36 32 47 23 84 84 66
3 11 18 10 23 0 5 5 4 5 5 5 5 5 5 5 5 5 5 5 5 5 5 1 5 5 5 1 5 5 5 5 2 5 5 5 3 5 5 5 2 5 5 5 5 5 5 5 5 5
3 24 57 29 84 5 0 20 11 31 40 26 29 29 42 21 46 37 40 34 25 34 29 3 42 33 24 2 32 47 49 19 4 20 34 29 8 11 35 15 5 26 33 19 17 24 12 45 49 35
3 18 30 17 39 5 20 0 20 38 38 38 38 38 38 38 38 38 38 38 38 38 38 6 38 38 38 5 38 38 38 35 9 38 38 38 15 21 38 28 9 38 38 35 32 38 23 38 38 38
3 9 16 9 20 4 11 20 0 3 3 3 3 3 3 3 3 3 3 3 3 3 3 1 3 3 3 0 3 3 3 3 1 3 3 3 2 3 3 3 1 3 3 3 3 3 3 3 3 3
3 24 45 27 59 5 31 38 3 0 57 47 54 54 57 39 57 57 57 57 46 57 54 6 57 57 45 4 57 57 57 35 9 37 57 54 14 21 57 28 9 48 57 35 31 45 22 57 57 57
3 24 57 29 77 5 40 38 3 57 0 19 21 21 30 15 30 27 29 25 18 24 21 2 30 24 17 1 23 30 30 14 3 15 25 21 5 8 26 11 3 19 24 14 12 18 9 30 30 25
3 23 38 22 49 5 26 38 3 47 19 0 3 3 3 2 3 3 3 3 3 3 3 0 3 3 3 0 3 3 3 2 0 2 3 3 1 1 3 2 0 3 3 2 2 3 1 3 3 3
3 24 43 25 56 5 29 38 3 54 21 3 0 13 13 9 13 13 13 13 11 13 13 1 13 13 10 1 13 13 13 8 2 9 13 13 3 5 13 6 2 11 13 8 7 11 5 13 13 13
3 24 43 25 56 5 29 38 3 54 21 3 13 0 35 25 35 35 35 35 29 35 34 4 35 35 28 3 35 35 35 22 5 24 35 35 9 13 35 18 6 31 35 22 20 29 14 35 35 35
3 24 57 29 81 5 42 38 3 57 30 3 13 35 0 34 69 60 64 54 40 54 47 5 68 54 39 4 52 69 69 30 8 33 55 48 13 18 57 24 8 42 53 31 28 40 20 69 69 56
3 19 31 18 40 5 21 38 3 39 15 2 9 25 34 0 40 40 40 40 40 40 40 6 40 40 40 5 40 40 40 35 9 38 40 40 15 21 40 29 10 40 40 36 32 40 23 40 40 40
3 24 57 29 84 5 46 38 3 57 30 3 13 35 69 40 0 2 2 2 1 2 1 0 2 2 1 0 2 3 3 1 0 1 2 1 0 0 2 1 0 1 2 1 1 1 0 2 3 2
3 24 55 29 71 5 37 38 3 57 27 3 13 35 60 40 2 0 5 4 3 4 4 0 5 4 3 0 4 5 5 2 0 2 4 4 1 1 5 2 0 3 4 2 2 3 1 5 5 4
3 24 57 29 76 5 40 38 3 57 29 3 13 35 64 40 2 5 0 1 0 1 0 0 1 1 0 0 1 1 1 0 0 0 1 0 0 0 1 0 0 0 1 0 0 0 0 1 1 1
3 24 49 29 64 5 34 38 3 57 25 3 13 35 54 40 2 4 1 0 35 47 41 4 47 47 34 3 45 47 47 26 6 28 47 41 11 16 47 21 7 36 46 26 24 34 17 47 47 47
3 22 37 21 48 5 25 38 3 46 18 3 11 29 40 40 1 3 0 35 0 24 24 3 24 24 23 2 24 24 24 18 4 20 24 24 7 11 24 15 5 24 24 18 16 24 12 24 24 24
3 24 49 29 64 5 34 38 3 57 24 3 13 35 54 40 2 4 1 47 24 0 25 3 29 29 21 2 28 29 29 16 4 18 29 26 7 10 29 13 4 23 29 16 15 21 10 29 29 29
3 24 43 25 55 5 29 38 3 54 21 3 13 34 47 40 1 4 0 41 24 25 0 3 28 28 23 2 28 28 28 18 4 19 28 28 7 11 28 14 5 25 28 18 16 23 11 28 28 28
3 3 5 3 6 1 3 6 1 6 2 0 1 4 5 6 0 0 0 4 3 3 3 0 6 6 6 5 6 6 6 6 6 6 6 6 6 6 6 6 6 6 6 6 6 6 6 6 6 6
3 24 57 29 80 5 42 38 3 57 30 3 13 35 68 40 2 5 1 47 24 29 28 6 0 30 22 2 29 38 38 17 4 18 31 27 7 10 32 14 4 24 30 17 15 22 11 38 38 31
3 24 49 29 63 5 33 38 3 57 24 3 13 35 54 40 2 4 1 47 24 29 28 6 30 0 27 3 36 38 38 21 5 23 38 33 9 13 38 17 6 29 37 21 19 28 14 38 38 38
3 21 35 21 46 5 24 38 3 45 17 3 10 28 39 40 1 3 0 34 23 21 23 6 22 27 0 4 38 38 38 30 7 32 38 38 12 18 38 24 8 38 38 30 27 38 19 38 38 38
3 2 3 2 5 1 2 5 0 4 1 0 1 3 4 5 0 0 0 3 2 2 2 5 2 3 4 0 2 2 2 2 2 2 2 2 2 2 2 2 2 2 2 2 2 2 2 2 2 2
3 24 47 28 61 5 32 38 3 57 23 3 13 35 52 40 2 4 1 45 24 28 28 6 29 36 38 2 0 25 25 14 3 16 25 23 6 9 25 12 4 20 25 14 13 19 9 25 25 25
3 24 57 29 84 5 47 38 3 57 30 3 13 35 69 40 3 5 1 47 24 29 28 6 38 38 38 2 25 0 66 27 7 29 49 42 11 16 50 21 7 37 47 27 24 35 17 64 66 49
3 24 57 29 84 5 49 38 3 57 30 3 13 35 69 40 3 5 1 47 24 29 28 6 38 38 38 2 25 66 0 6 1 6 10 9 2 3 11 4 1 8 10 6 5 7 3 14 15 11
3 17 27 16 36 5 19 35 3 35 14 2 8 22 30 35 1 2 0 26 18 16 18 6 17 21 30 2 14 27 6 0 0 0 0 0 0 0 0 0 0 0 0 0 0 0 0 0 0 0
3 4 7 4 9 2 4 9 1 9 3 0 2 5 8 9 0 0 0 6 4 4 4 6 4 5 7 2 3 7 1 0 0 1 1 1 1 1 1 1 1 1 1 1 1 1 1 1 1 1
3 18 30 17 38 5 20 38 3 37 15 2 9 24 33 38 1 2 0 28 20 18 19 6 18 23 32 2 16 29 6 0 1 0 15 15 6 8 15 11 3 15 15 14 12 15 9 15 15 15
3 24 50 29 65 5 34 38 3 57 25 3 13 35 55 40 2 4 1 47 24 29 28 6 31 38 38 2 25 49 10 0 1 15 0 43 11 16 50 22 7 38 48 28 25 36 18 50 50 50
3 24 43 25 56 5 29 38 3 54 21 3 13 35 48 40 1 4 0 41 24 26 28 6 27 33 38 2 23 42 9 0 1 15 43 0 6 9 25 13 4 22 25 16 14 21 10 25 25 25
3 7 11 6 15 3 8 15 2 14 5 1 3 9 13 15 0 1 0 11 7 7 7 6 7 9 12 2 6 11 2 0 1 6 11 6 0 4 4 4 2 4 4 4 4 4 4 4 4 4
3 10 16 9 21 5 11 21 3 21 8 1 5 13 18 21 0 1 0 16 11 10 11 6 10 13 18 2 9 16 3 0 1 8 16 9 4 0 5 5 2 5 5 5 5 5 5 5 5 5
3 24 52 29 67 5 35 38 3 57 26 3 13 35 57 40 2 5 1 47 24 29 28 6 32 38 38 2 25 50 11 0 1 15 50 25 4 5 0 22 7 37 47 27 24 35 17 50 50 50
3 13 22 13 29 5 15 28 3 28 11 2 6 18 24 29 1 2 0 21 15 13 14 6 14 17 24 2 12 21 4 0 1 11 22 13 4 5 22 0 0 0 0 0 0 0 0 0 0 0
3 4 7 4 10 2 5 9 1 9 3 0 2 6 8 10 0 0 0 7 5 4 5 6 4 6 8 2 4 7 1 0 1 3 7 4 2 2 7 0 0 2 2 2 2 2 2 2 2 2
3 23 38 22 49 5 26 38 3 48 19 3 11 31 42 40 1 3 0 36 24 23 25 6 24 29 38 2 20 37 8 0 1 15 38 22 4 5 37 0 2 0 51 37 33 48 24 51 51 51
3 24 48 28 62 5 33 38 3 57 24 3 13 35 53 40 2 4 1 46 24 29 28 6 30 37 38 2 25 47 10 0 1 15 48 25 4 5 47 0 2 51 0 34 30 44 22 59 59 59
3 17 28 16 36 5 19 35 3 35 14 2 8 22 31 36 1 2 0 26 18 16 18 6 17 21 30 2 14 27 6 0 1 14 28 16 4 5 27 0 2 37 34 0 32 35 22 35 35 35
3 15 25 14 32 5 17 32 3 31 12 2 7 20 28 32 1 2 0 24 16 15 16 6 15 19 27 2 13 24 5 0 1 12 25 14 4 5 24 0 2 33 30 32 0 2 1 2 2 2
3 22 36 21 47 5 24 38 3 45 18 3 11 29 40 40 1 3 0 34 24 21 23 6 22 28 38 2 19 35 7 0 1 15 36 21 4 5 35 0 2 48 44 35 2 0 16 32 32 32
3 11 18 10 23 5 12 23 3 22 9 1 5 14 20 23 0 1 0 17 12 10 11 6 11 14 19 2 9 17 3 0 1 9 18 10 4 5 17 0 2 24 22 22 1 16 0 21 21 21
3 24 57 29 84 5 45 38 3 57 30 3 13 35 69 40 2 5 1 47 24 29 28 6 38 38 38 2 25 64 14 0 1 15 50 25 4 5 50 0 2 51 59 35 2 32 21 0 58 44
3 24 57 29 84 5 49 38 3 57 30 3 13 35 69 40 3 5 1 47 24 29 28 6 38 38 38 2 25 66 15 0 1 15 50 25 4 5 50 0 2 51 59 35 2 32 21 58 0 22
3 24 51 29 66 5 35 38 3 57 25 3 13 35 56 40 2 4 1 47 24 29 28 6 31 38 38 2 25 49 11 0 1 15 50 25 4 5 50 0 2 51 59 35 2 32 21 44 22 0
RRRRRBRBRBBRRBBRRRRRBRBRBRBBRBBBBBBBRRRBBRBBBRBBRR