50
0 65 40 68 43 24 27 53 84 5 36 74 61 36 75 76 35 17 99 49 39 64 10 56 54 58 49 62 86 25 91 13 69 25 36 92 60 10 95 54 55 26 63 23 25 94 48 6 99 81
65 0 47 80 64 75 41 94 52 83 55 19 46 70 77 54 57 22 63 10 59 66 38 14 12 41 52 49 13 63 9 96 31 89 100 96 24 4 85 49 15 77 80 93 72 41 91 97 69 53
40 47 0 14 62 2 65 78 71 15 59 48 80 37 62 85 82 75 55 13 95 63 92 15 29 47 4 46 39 42 40 28 71 35 24 19 59 28 55 34 84 48 8 14 73 46 64 100 24 51
68 80 14 0 24 80 31 19 93 39 12 28 89 40 34 100 67 71 10 37 27 23 56 21 62 92 29 17 63 43 70 60 31 64 22 88 2 49 38 7 37 93 73 86 31 71 23 67 70 11
43 64 62 24 0 59 72 82 43 18 26 80 28 14 93 51 53 6 19 66 15 67 27 88 94 75 10 86 16 27 89 37 21 60 44 100 13 59 45 83 45 54 83 34 65 89 54 53 60 81
24 75 2 80 59 0 35 1 15 99 75 12 16 62 97 65 50 68 81 43 81 30 65 97 26 82 100 41 1 2 32 5 0 21 37 94 96 19 66 11 87 9 9 99 63 0 70 41 35 77
27 41 65 31 72 35 0 66 79 68 23 26 17 66 18 18 35 99 90 51 64 39 92 59 70 71 89 23 56 55 9 40 48 82 48 27 100 0 96 1 47 42 17 23 95 81 36 2 53 28
53 94 78 19 82 1 66 0 14 22 13 76 20 37 40 18 17 65 46 47 74 79 83 44 49 59 4 31 8 79 24 58 22 15 39 83 63 0 11 26 90 30 27 29 51 56 72 9 86 25
84 52 71 93 43 15 79 14 0 45 40 63 29 27 57 50 50 54 10 22 0 15 90 29 96 0 70 42 27 37 27 57 29 63 38 35 69 29 55 0 31 21 98 39 67 89 5 36 92 56
5 83 15 39 18 99 68 22 45 0 52 48 64 4 94 20 34 45 41 12 12 14 70 48 68 16 42 65 66 48 17 68 83 9 82 34 23 100 68 59 38 67 71 17 91 16 1 84 12 58
36 55 59 12 26 75 23 13 40 52 0 75 21 11 40 18 26 22 80 53 81 22 13 95 12 63 86 67 81 65 16 13 45 22 46 43 40 71 39 93 89 43 89 94 38 29 4 68 45 47
74 19 48 28 80 12 26 76 63 48 75 0 90 50 58 41 64 26 6 40 13 84 59 19 79 3 64 95 73 69 53 86 70 63 6 12 60 62 97 83 14 59 40 43 8 27 65 43 28 36
61 46 80 89 28 16 17 20 29 64 21 90 0 4 58 44 34 38 84 58 30 48 88 87 95 17 44 47 1 46 62 59 7 65 14 76 52 44 71 47 65 42 20 59 93 52 36 89 40 3
36 70 37 40 14 62 66 37 27 4 11 50 4 0 13 34 36 34 36 18 74 36 64 67 33 7 10 78 66 22 36 56 73 45 78 75 90 12 68 59 78 6 8 2 62 10 43 5 39 55
75 77 62 34 93 97 18 40 57 94 40 58 58 13 0 17 42 45 90 68 98 36 52 4 47 27 58 91 95 22 24 9 35 59 44 79 76 98 28 82 48 18 87 34 5 60 94 84 89 23
76 54 85 100 51 65 18 18 50 20 18 41 44 34 17 0 57 57 72 57 59 46 51 66 4 14 5 85 100 38 91 98 51 22 26 83 48 29 37 72 71 27 38 32 15 22 75 74 26 33
35 57 82 67 53 50 35 17 50 34 26 64 34 36 42 57 0 8 73 25 14 64 71 5 53 89 33 59 99 2 21 11 6 9 23 81 34 82 13 89 68 11 18 58 30 70 97 10 99 55
17 22 75 71 6 68 99 65 54 45 22 26 38 34 45 57 8 0 77 21 98 38 95 43 4 33 6 63 47 39 63 89 40 65 86 36 42 91 62 75 18 22 57 13 88 7 60 68 100 78
99 63 55 10 19 81 90 46 10 41 80 6 84 36 90 72 73 77 0 79 26 20 82 40 62 87 0 49 35 0 18 65 30 34 12 8 88 58 82 79 93 84 81 0 88 12 24 14 56 25
49 10 13 37 66 43 51 47 22 12 53 40 58 18 68 57 25 21 79 0 86 33 48 49 52 26 68 65 57 50 90 13 53 50 82 7 31 45 63 53 96 33 99 62 41 80 60 15 59 23
39 59 95 27 15 81 64 74 0 12 81 13 30 74 98 59 14 98 26 86 0 88 42 65 50 58 21 4 61 42 36 98 13 80 91 50 28 78 63 0 46 62 81 29 27 12 3 81 52 11
64 66 63 23 67 30 39 79 15 14 22 84 48 36 36 46 64 38 20 33 88 0 33 74 99 55 14 43 59 47 54 93 63 37 42 78 32 12 92 57 80 65 35 33 94 0 14 81 59 93
10 38 92 56 27 65 92 83 90 70 13 59 88 64 52 51 71 95 82 48 42 33 0 61 47 84 33 97 62 63 21 67 4 93 25 54 26 16 16 2 5 90 97 0 29 37 86 45 76 10
56 14 15 21 88 97 59 44 29 48 95 19 87 67 4 66 5 43 40 49 65 74 61 0 42 8 99 17 51 12 28 13 62 45 21 49 53 100 94 96 77 21 72 50 18 81 11 67 11 4
54 12 29 62 94 26 70 49 96 68 12 79 95 33 47 4 53 4 62 52 50 99 47 42 0 31 11 62 51 79 81 59 92 16 19 4 86 44 17 56 73 6 20 45 74 77 11 27 67 19
58 41 47 92 75 82 71 59 0 16 63 3 17 7 27 14 89 33 87 26 58 55 84 8 31 0 6 55 65 5 75 42 19 10 56 54 22 44 83 47 25 27 0 76 79 2 54 46 25 19
49 52 4 29 10 100 89 4 70 42 86 64 44 10 58 5 33 6 0 68 21 14 33 99 11 6 0 95 95 55 87 1 62 91 93 10 3 20 13 26 48 63 95 33 70 57 29 3 34 9
62 49 46 17 86 41 23 31 42 65 67 95 47 78 91 85 59 63 49 65 4 43 97 17 62 55 95 0 5 95 85 84 51 42 86 92 76 31 57 20 31 71 65 35 79 91 37 90 44 32
86 13 39 63 16 1 56 8 27 66 81 73 1 66 95 100 99 47 35 57 61 59 62 51 51 65 95 5 0 81 53 59 27 85 99 57 57 48 31 72 26 61 10 41 27 37 10 41 50 25
25 63 42 43 27 2 55 79 37 48 65 69 46 22 22 38 2 39 0 50 42 47 63 12 79 5 55 95 81 0 66 78 58 98 71 88 1 77 93 55 12 86 35 57 88 93 35 70 95 75
91 9 40 70 89 32 9 24 27 17 16 53 62 36 24 91 21 63 18 90 36 54 21 28 81 75 87 85 53 66 0 95 4 52 19 77 36 34 71 82 44 73 33 37 42 38 10 85 18 66
13 96 28 60 37 5 40 58 57 68 13 86 59 56 9 98 11 89 65 13 98 93 67 13 59 42 1 84 59 78 95 0 50 8 88 16 6 80 89 82 86 90 10 45 73 23 58 1 82 66
69 31 71 31 21 0 48 22 29 83 45 70 7 73 35 51 6 40 30 53 13 63 4 62 92 19 62 51 27 58 4 50 0 64 19 57 51 98 12 91 61 80 22 50 37 54 8 8 99 1
25 89 35 64 60 21 82 15 63 9 22 63 65 45 59 22 9 65 34 50 80 37 93 45 16 10 91 42 85 98 52 8 64 0 0 42 8 90 19 63 59 66 44 17 78 2 15 95 51 37
36 100 24 22 44 37 48 39 38 82 46 6 14 78 44 26 23 86 12 82 91 42 25 21 19 56 93 86 99 71 19 88 19 0 0 74 67 29 26 34 29 72 87 60 5 59 37 96 12 7
92 96 19 88 100 94 27 83 35 34 43 12 76 75 79 83 81 36 8 7 50 78 54 49 4 54 10 92 57 88 77 16 57 42 74 0 47 53 51 55 34 55 58 13 41 73 98 80 92 53
60 24 59 2 13 96 100 63 69 23 40 60 52 90 76 48 34 42 88 31 28 32 26 53 86 22 3 76 57 1 36 6 51 8 67 47 0 69 21 94 55 50 97 62 43 83 33 33 50 49
10 4 28 49 59 19 0 0 29 100 71 62 44 12 98 29 82 91 58 45 78 12 16 100 44 44 20 31 48 77 34 80 98 90 29 53 69 0 78 39 15 9 25 1 66 59 86 21 13 2
95 85 55 38 45 66 96 11 55 68 39 97 71 68 28 37 13 62 82 63 63 92 16 94 17 83 13 57 31 93 71 89 12 19 26 51 21 78 0 48 96 3 41 19 95 3 7 39 70 71
54 49 34 7 83 11 1 26 0 59 93 83 47 59 82 72 89 75 79 53 0 57 2 96 56 47 26 20 72 55 82 82 91 63 34 55 94 39 48 0 2 69 24 8 59 25 77 19 47 54
55 15 84 37 45 87 47 90 31 38 89 14 65 78 48 71 68 18 93 96 46 80 5 77 73 25 48 31 26 12 44 86 61 59 29 34 55 15 96 2 0 70 36 20 51 9 22 23 54 41
26 77 48 93 54 9 42 30 21 67 43 59 42 6 18 27 11 22 84 33 62 65 90 21 6 27 63 71 61 86 73 90 80 66 72 55 50 9 3 69 70 0 45 76 91 9 32 65 31 55
63 80 8 73 83 9 17 27 98 71 89 40 20 8 87 38 18 57 81 99 81 35 97 72 20 0 95 65 10 35 33 10 22 44 87 58 97 25 41 24 36 45 0 32 24 1 58 28 21 74
23 93 14 86 34 99 23 29 39 17 94 43 59 2 34 32 58 13 0 62 29 33 0 50 45 76 33 35 41 57 37 45 50 17 60 13 62 1 19 8 20 76 32 0 67 7 96 21 39 70
25 72 73 31 65 63 95 51 67 91 38 8 93 62 5 15 30 88 88 41 27 94 29 18 74 79 70 79 27 88 42 73 37 78 5 41 43 66 95 59 51 91 24 67 0 35 78 58 45 7
94 41 46 71 89 0 81 56 89 16 29 27 52 10 60 22 70 7 12 80 12 0 37 81 77 2 57 91 37 93 38 23 54 2 59 73 83 59 3 25 9 9 1 7 35 0 72 19 38 1
48 91 64 23 54 70 36 72 5 1 4 65 36 43 94 75 97 60 24 60 3 14 86 11 11 54 29 37 10 35 10 58 8 15 37 98 33 86 7 77 22 32 58 96 78 72 0 25 60 61
6 97 100 67 53 41 2 9 36 84 68 43 89 5 84 74 10 68 14 15 81 81 45 67 27 46 3 90 41 70 85 1 8 95 96 80 33 21 39 19 23 65 28 21 58 19 25 0 57 93
99 69 24 70 60 35 53 86 92 12 45 28 40 39 89 26 99 100 56 59 52 59 76 11 67 25 34 44 50 95 18 82 99 51 12 92 50 13 70 47 54 31 21 39 45 38 60 57 0 17
81 53 51 11 81 77 28 25 56 58 47 36 3 55 23 33 55 78 25 23 11 93 10 4 19 19 9 32 25 75 66 66 1 37 7 53 49 2 71 54 41 55 74 70 7 1 61 93 17 0
BRRBRRRBBBBRBRRBBBRRRRRBRBRBRRBBBBBBRBRRRRRBBBBRBR