50
0 1 1 1 1 1 1 1 1 1 2 2 2 2 2 2 2 2 2 2 2 2 2 2 2 2 2 2 2 2 2 2 2 2 2 2 2 2 2 2 2 2 2 2 2 2 2 2 2 2
1 0 1 1 1 1 1 1 1 1 4 4 4 4 4 4 4 4 4 4 4 4 4 4 4 2 2 2 2 2 2 2 2 2 2 4 4 4 4 4 4 4 4 4 4 4 4 4 4 4
1 1 0 1 1 1 1 1 1 1 6 6 6 6 6 6 6 6 6 6 6 6 6 6 6 2 2 2 2 2 2 2 2 2 2 6 6 6 6 6 6 6 6 6 6 6 6 6 6 6
1 1 1 0 1 1 1 1 1 1 8 8 8 8 8 8 8 8 8 8 8 8 8 8 8 2 2 2 2 2 2 2 2 2 2 8 8 8 8 8 8 8 8 8 8 8 8 8 8 8
1 1 1 1 0 1 1 1 1 1 10 10 10 10 10 10 10 10 10 10 10 10 10 10 10 2 2 2 2 2 2 2 2 2 2 10 10 10 10 10 10 10 10 10 10 10 10 10 10 10
1 1 1 1 1 0 1 1 1 1 12 12 12 12 12 12 12 12 12 12 12 12 12 12 12 2 2 2 2 2 2 2 2 2 2 12 12 12 12 12 12 12 12 12 12 12 12 12 12 12
1 1 1 1 1 1 0 1 1 1 14 14 14 14 14 14 14 14 14 14 14 14 14 14 14 2 2 2 2 2 2 2 2 2 2 14 14 14 14 14 14 14 14 14 14 14 14 14 14 14
1 1 1 1 1 1 1 0 1 1 16 16 16 16 16 16 16 16 16 16 16 16 16 16 16 2 2 2 2 2 2 2 2 2 2 16 16 16 16 16 16 16 16 16 16 16 16 16 16 16
1 1 1 1 1 1 1 1 0 1 18 18 18 18 18 18 18 18 18 18 18 18 18 18 18 2 2 2 2 2 2 2 2 2 2 18 18 18 18 18 18 18 18 18 18 18 18 18 18 18
1 1 1 1 1 1 1 1 1 0 20 20 20 20 20 20 20 20 20 20 20 20 20 20 20 2 2 2 2 2 2 2 2 2 2 20 20 20 20 20 20 20 20 20 20 20 20 20 20 20
2 4 6 8 10 12 14 16 18 20 0 22 22 22 22 22 22 22 22 22 22 22 22 22 22 22 22 22 22 22 22 22 22 22 22 22 22 22 22 22 22 22 22 22 22 22 22 22 22 22
2 4 6 8 10 12 14 16 18 20 22 0 24 24 24 24 24 24 24 24 24 24 24 24 24 24 24 24 24 24 24 24 24 24 24 24 24 24 24 24 24 24 24 24 24 24 24 24 24 24
2 4 6 8 10 12 14 16 18 20 22 24 0 26 26 26 26 26 26 26 26 26 26 26 26 26 26 26 26 26 26 26 26 26 26 26 26 26 26 26 26 26 26 26 26 26 26 26 26 26
2 4 6 8 10 12 14 16 18 20 22 24 26 0 28 28 28 28 28 28 28 28 28 28 28 28 28 28 28 28 28 28 28 28 28 28 28 28 28 28 28 28 28 28 28 28 28 28 28 28
2 4 6 8 10 12 14 16 18 20 22 24 26 28 0 30 30 30 30 30 30 30 30 30 30 30 30 30 30 30 30 30 30 30 30 30 30 30 30 30 30 30 30 30 30 30 30 30 30 30
2 4 6 8 10 12 14 16 18 20 22 24 26 28 30 0 32 32 32 32 32 32 32 32 32 32 32 32 32 32 32 32 32 32 32 32 32 32 32 32 32 32 32 32 32 32 32 32 32 32
2 4 6 8 10 12 14 16 18 20 22 24 26 28 30 32 0 34 34 34 34 34 34 34 34 34 34 34 34 34 34 34 34 34 34 34 34 34 34 34 34 34 34 34 34 34 34 34 34 34
2 4 6 8 10 12 14 16 18 20 22 24 26 28 30 32 34 0 36 36 36 36 36 36 36 36 36 36 36 36 36 36 36 36 36 36 36 36 36 36 36 36 36 36 36 36 36 36 36 36
2 4 6 8 10 12 14 16 18 20 22 24 26 28 30 32 34 36 0 38 38 38 38 38 38 38 38 38 38 38 38 38 38 38 38 38 38 38 38 38 38 38 38 38 38 38 38 38 38 38
2 4 6 8 10 12 14 16 18 20 22 24 26 28 30 32 34 36 38 0 40 40 40 40 40 40 40 40 40 40 40 40 40 40 40 40 40 40 40 40 40 40 40 40 40 40 40 40 40 40
2 4 6 8 10 12 14 16 18 20 22 24 26 28 30 32 34 36 38 40 0 42 42 42 42 42 42 42 42 42 42 42 42 42 42 42 42 42 42 42 42 42 42 42 42 42 42 42 42 42
2 4 6 8 10 12 14 16 18 20 22 24 26 28 30 32 34 36 38 40 42 0 44 44 44 44 44 44 44 44 44 44 44 44 44 44 44 44 44 44 44 44 44 44 44 44 44 44 44 44
2 4 6 8 10 12 14 16 18 20 22 24 26 28 30 32 34 36 38 40 42 44 0 46 46 46 46 46 46 46 46 46 46 46 46 46 46 46 46 46 46 46 46 46 46 46 46 46 46 46
2 4 6 8 10 12 14 16 18 20 22 24 26 28 30 32 34 36 38 40 42 44 46 0 48 48 48 48 48 48 48 48 48 48 48 48 48 48 48 48 48 48 48 48 48 48 48 48 48 48
2 4 6 8 10 12 14 16 18 20 22 24 26 28 30 32 34 36 38 40 42 44 46 48 0 50 50 50 50 50 50 50 50 50 50 50 50 50 50 50 50 50 50 50 50 50 50 50 50 50
2 2 2 2 2 2 2 2 2 2 22 24 26 28 30 32 34 36 38 40 42 44 46 48 50 0 100 100 100 100 100 100 100 100 100 52 52 52 52 52 52 52 52 52 52 52 52 52 52 52
2 2 2 2 2 2 2 2 2 2 22 24 26 28 30 32 34 36 38 40 42 44 46 48 50 100 0 100 100 100 100 100 100 100 100 54 54 54 54 54 54 54 54 54 54 54 54 54 54 54
2 2 2 2 2 2 2 2 2 2 22 24 26 28 30 32 34 36 38 40 42 44 46 48 50 100 100 0 100 100 100 100 100 100 100 56 56 56 56 56 56 56 56 56 56 56 56 56 56 56
2 2 2 2 2 2 2 2 2 2 22 24 26 28 30 32 34 36 38 40 42 44 46 48 50 100 100 100 0 100 100 100 100 100 100 58 58 58 58 58 58 58 58 58 58 58 58 58 58 58
2 2 2 2 2 2 2 2 2 2 22 24 26 28 30 32 34 36 38 40 42 44 46 48 50 100 100 100 100 0 100 100 100 100 100 60 60 60 60 60 60 60 60 60 60 60 60 60 60 60
2 2 2 2 2 2 2 2 2 2 22 24 26 28 30 32 34 36 38 40 42 44 46 48 50 100 100 100 100 100 0 100 100 100 100 62 62 62 62 62 62 62 62 62 62 62 62 62 62 62
2 2 2 2 2 2 2 2 2 2 22 24 26 28 30 32 34 36 38 40 42 44 46 48 50 100 100 100 100 100 100 0 100 100 100 64 64 64 64 64 64 64 64 64 64 64 64 64 64 64
2 2 2 2 2 2 2 2 2 2 22 24 26 28 30 32 34 36 38 40 42 44 46 48 50 100 100 100 100 100 100 100 0 100 100 66 66 66 66 66 66 66 66 66 66 66 66 66 66 66
2 2 2 2 2 2 2 2 2 2 22 24 26 28 30 32 34 36 38 40 42 44 46 48 50 100 100 100 100 100 100 100 100 0 100 68 68 68 68 68 68 68 68 68 68 68 68 68 68 68
2 2 2 2 2 2 2 2 2 2 22 24 26 28 30 32 34 36 38 40 42 44 46 48 50 100 100 100 100 100 100 100 100 100 0 70 70 70 70 70 70 70 70 70 70 70 70 70 70 70
2 4 6 8 10 12 14 16 18 20 22 24 26 28 30 32 34 36 38 40 42 44 46 48 50 52 54 56 58 60 62 64 66 68 70 0 72 72 72 72 72 72 72 72 72 72 72 72 72 72
2 4 6 8 10 12 14 16 18 20 22 24 26 28 30 32 34 36 38 40 42 44 46 48 50 52 54 56 58 60 62 64 66 68 70 72 0 74 74 74 74 74 74 74 74 74 74 74 74 74
2 4 6 8 10 12 14 16 18 20 22 24 26 28 30 32 34 36 38 40 42 44 46 48 50 52 54 56 58 60 62 64 66 68 70 72 74 0 76 76 76 76 76 76 76 76 76 76 76 76
2 4 6 8 10 12 14 16 18 20 22 24 26 28 30 32 34 36 38 40 42 44 46 48 50 52 54 56 58 60 62 64 66 68 70 72 74 76 0 78 78 78 78 78 78 78 78 78 78 78
2 4 6 8 10 12 14 16 18 20 22 24 26 28 30 32 34 36 38 40 42 44 46 48 50 52 54 56 58 60 62 64 66 68 70 72 74 76 78 0 80 80 80 80 80 80 80 80 80 80
2 4 6 8 10 12 14 16 18 20 22 24 26 28 30 32 34 36 38 40 42 44 46 48 50 52 54 56 58 60 62 64 66 68 70 72 74 76 78 80 0 82 82 82 82 82 82 82 82 82
2 4 6 8 10 12 14 16 18 20 22 24 26 28 30 32 34 36 38 40 42 44 46 48 50 52 54 56 58 60 62 64 66 68 70 72 74 76 78 80 82 0 84 84 84 84 84 84 84 84
2 4 6 8 10 12 14 16 18 20 22 24 26 28 30 32 34 36 38 40 42 44 46 48 50 52 54 56 58 60 62 64 66 68 70 72 74 76 78 80 82 84 0 86 86 86 86 86 86 86
2 4 6 8 10 12 14 16 18 20 22 24 26 28 30 32 34 36 38 40 42 44 46 48 50 52 54 56 58 60 62 64 66 68 70 72 74 76 78 80 82 84 86 0 88 88 88 88 88 88
2 4 6 8 10 12 14 16 18 20 22 24 26 28 30 32 34 36 38 40 42 44 46 48 50 52 54 56 58 60 62 64 66 68 70 72 74 76 78 80 82 84 86 88 0 90 90 90 90 90
2 4 6 8 10 12 14 16 18 20 22 24 26 28 30 32 34 36 38 40 42 44 46 48 50 52 54 56 58 60 62 64 66 68 70 72 74 76 78 80 82 84 86 88 90 0 92 92 92 92
2 4 6 8 10 12 14 16 18 20 22 24 26 28 30 32 34 36 38 40 42 44 46 48 50 52 54 56 58 60 62 64 66 68 70 72 74 76 78 80 82 84 86 88 90 92 0 94 94 94
2 4 6 8 10 12 14 16 18 20 22 24 26 28 30 32 34 36 38 40 42 44 46 48 50 52 54 56 58 60 62 64 66 68 70 72 74 76 78 80 82 84 86 88 90 92 94 0 96 96
2 4 6 8 10 12 14 16 18 20 22 24 26 28 30 32 34 36 38 40 42 44 46 48 50 52 54 56 58 60 62 64 66 68 70 72 74 76 78 80 82 84 86 88 90 92 94 96 0 98
2 4 6 8 10 12 14 16 18 20 22 24 26 28 30 32 34 36 38 40 42 44 46 48 50 52 54 56 58 60 62 64 66 68 70 72 74 76 78 80 82 84 86 88 90 92 94 96 98 0
RRRRRRRRRRRRRRRRRRRRRRRRRBBBBBBBBBBBBBBBBBBBBBBBBB