22
0 1 9 9 9 9 9 9 9 9 9 9 9 9 6 9 9 9 9 9 9 9
1 0 9 9 9 3 9 9 9 9 9 9 9 9 5 9 9 9 9 9 9 9
9 9 0 9 9 9 9 9 9 9 9 9 9 9 9 9 9 9 9 9 9 9
9 9 9 0 9 9 9 9 9 9 9 9 9 9 9 9 9 9 9 9 9 9
9 9 9 9 0 9 9 9 15 9 9 9 9 9 9 9 9 9 9 9 9 9
9 3 9 9 9 0 9 9 4 9 9 9 9 9 9 9 9 9 9 9 9 9
9 9 9 9 9 9 0 9 9 9 9 9 9 9 9 9 9 9 9 9 9 9
9 9 9 9 9 9 9 0 9 9 9 9 9 9 9 9 9 9 9 9 9 9
9 9 9 9 15 4 9 9 0 9 9 3 9 9 9 9 9 9 9 9 9 9
9 9 9 9 9 9 9 9 9 0 9 9 9 9 9 9 9 9 9 9 9 9
9 9 9 9 9 9 9 9 9 9 0 9 9 9 9 9 9 9 9 9 9 9
9 9 9 9 9 9 9 9 3 9 9 0 9 9 9 9 9 9 9 9 9 9
9 9 9 9 9 9 9 9 9 9 9 9 0 9 9 9 9 9 9 9 9 9
9 9 9 9 9 9 9 9 9 9 9 9 9 0 9 9 9 9 9 9 9 55
6 5 9 9 9 9 9 9 9 9 9 9 9 9 0 9 9 9 9 9 9 4
9 9 9 9 9 9 9 9 9 9 9 9 9 9 9 0 9 9 9 9 9 9
9 9 9 9 9 9 9 9 9 9 9 9 9 9 9 9 0 9 9 9 9 9
9 9 9 9 9 9 9 9 9 9 9 9 9 9 9 9 9 0 9 9 9 9
9 9 9 9 9 9 9 9 9 9 9 9 9 9 9 9 9 9 0 88 9 81
9 9 9 9 9 9 9 9 9 9 9 9 9 9 9 9 9 9 88 0 9 70
9 9 9 9 9 9 9 9 9 9 9 9 9 9 9 9 9 9 9 9 0 61
9 9 9 9 9 9 9 9 9 9 9 9 9 55 4 9 9 9 81 70 61 0
BBBRRBRRRRRRRBBBRBBBBR
