50
0 84 46 84 32 79 99 84 29 86 48 67 35 73 90 29 35 90 0 54 77 86 10 100 13 8 37 1 8 56 63 91 11 96 69 34 23 15 67 88 90 15 84 6 38 12 70 56 36 67
84 0 64 30 21 40 60 74 42 13 94 94 90 35 42 39 88 42 9 25 71 45 44 23 4 87 65 22 33 33 75 19 37 36 95 59 78 40 17 91 20 76 7 61 28 36 56 59 74 20
46 64 0 2 52 40 98 8 77 10 41 85 34 36 78 23 43 15 84 32 83 41 12 52 20 7 79 4 29 91 16 80 83 56 36 86 13 88 98 97 12 51 59 2 70 1 8 12 51 37
84 30 2 0 59 83 2 57 34 51 1 94 99 15 87 55 81 59 34 21 36 97 58 5 11 94 44 51 29 74 37 57 69 69 69 17 78 66 53 43 95 3 8 82 5 20 1 36 74 65
32 21 52 59 0 59 10 54 13 48 3 62 69 36 22 68 38 30 80 94 42 21 89 56 29 92 51 55 9 33 86 75 53 21 50 20 45 38 18 54 6 76 62 42 95 99 30 3 100 30
79 40 40 83 59 0 92 24 30 55 30 17 95 70 50 80 83 79 61 13 76 56 25 60 40 13 85 73 43 27 32 61 48 92 62 1 49 17 0 16 93 53 66 37 25 31 38 87 44 29
99 60 98 2 10 92 0 8 40 51 63 6 46 55 9 26 11 71 46 3 15 16 42 20 4 33 63 68 80 43 0 79 29 89 99 44 18 21 90 25 49 96 80 32 31 7 37 14 34 87
84 74 8 57 54 24 8 0 14 16 38 65 41 76 80 23 35 36 58 57 87 43 91 4 50 47 28 58 90 37 14 27 25 8 99 0 58 76 63 98 23 89 1 10 66 81 86 16 42 93
29 42 77 34 13 30 40 14 0 59 23 84 23 65 31 26 93 98 50 36 36 31 74 79 80 8 55 37 31 87 60 41 83 60 95 42 91 31 54 42 6 39 81 71 44 9 33 37 65 65
86 13 10 51 48 55 51 16 59 0 7 67 53 9 83 87 2 94 22 29 62 60 54 68 4 25 84 86 31 37 94 37 80 91 29 54 75 60 64 40 96 33 39 31 6 73 99 28 14 42
48 94 41 1 3 30 63 38 23 7 0 78 90 6 1 15 4 59 74 40 72 79 100 4 5 98 39 38 0 42 13 66 27 52 86 79 34 80 3 86 92 74 30 90 12 63 96 34 28 14
67 94 85 94 62 17 6 65 84 67 78 0 70 34 40 68 14 69 21 22 74 7 8 87 92 35 18 72 98 17 50 66 83 73 64 52 73 22 49 90 72 7 66 74 99 83 27 43 85 55
35 90 34 99 69 95 46 41 23 53 90 70 0 7 89 66 96 25 63 17 85 23 49 57 5 65 12 27 77 74 97 31 61 92 37 73 7 97 79 18 54 71 85 21 88 6 89 80 31 47
73 35 36 15 36 70 55 76 65 9 6 34 7 0 90 10 94 15 68 65 25 53 14 19 39 8 85 29 16 53 72 77 55 7 84 78 45 8 12 32 100 67 64 19 73 34 98 44 79 9
90 42 78 87 22 50 9 80 31 83 1 40 89 90 0 28 100 90 63 80 39 64 22 62 6 7 28 3 4 76 36 42 40 83 16 32 0 66 29 70 36 88 15 46 59 93 21 66 59 73
29 39 23 55 68 80 26 23 26 87 15 68 66 10 28 0 86 3 83 82 44 89 42 46 62 45 33 29 68 58 72 26 50 76 3 75 54 14 75 67 13 22 82 97 33 30 71 97 84 95
35 88 43 81 38 83 11 35 93 2 4 14 96 94 100 86 0 79 48 71 17 19 6 8 23 88 64 94 99 68 68 15 13 83 2 63 92 22 2 44 53 23 82 0 50 45 63 49 24 65
90 42 15 59 30 79 71 36 98 94 59 69 25 15 90 3 79 0 7 85 73 81 81 100 93 100 72 38 41 54 63 73 43 21 97 74 9 58 84 28 44 62 34 93 55 87 53 60 27 48
0 9 84 34 80 61 46 58 50 22 74 21 63 68 63 83 48 7 0 70 22 55 1 10 28 24 58 4 72 38 54 85 40 11 76 78 89 1 5 62 31 86 82 10 68 62 78 14 99 70
54 25 32 21 94 13 3 57 36 29 40 22 17 65 80 82 71 85 70 0 73 21 86 1 30 67 6 60 55 90 11 66 90 99 52 65 73 64 89 49 20 44 60 20 41 62 94 60 47 56
77 71 83 36 42 76 15 87 36 62 72 74 85 25 39 44 17 73 22 73 0 70 92 49 16 80 27 61 15 81 30 10 25 69 73 47 100 46 38 1 1 46 79 87 87 92 54 73 88 96
86 45 41 97 21 56 16 43 31 60 79 7 23 53 64 89 19 81 55 21 70 0 60 93 48 78 94 10 21 17 80 69 53 81 25 60 43 70 41 21 98 11 14 97 9 20 92 2 89 31
10 44 12 58 89 25 42 91 74 54 100 8 49 14 22 42 6 81 1 86 92 60 0 29 34 98 32 12 39 71 97 17 99 64 74 86 84 7 95 67 13 20 10 67 42 86 50 19 42 13
100 23 52 5 56 60 20 4 79 68 4 87 57 19 62 46 8 100 10 1 49 93 29 0 43 12 26 83 29 100 48 69 74 38 99 72 23 89 32 24 98 46 38 77 67 46 34 89 92 81
13 4 20 11 29 40 4 50 80 4 5 92 5 39 6 62 23 93 28 30 16 48 34 43 0 85 89 84 91 64 92 83 26 58 70 63 95 70 74 0 6 4 20 32 22 41 39 82 50 82
8 87 7 94 92 13 33 47 8 25 98 35 65 8 7 45 88 100 24 67 80 78 98 12 85 0 41 50 66 23 18 81 53 61 23 0 91 7 81 91 45 71 28 12 14 90 5 67 40 2
37 65 79 44 51 85 63 28 55 84 39 18 12 85 28 33 64 72 58 6 27 94 32 26 89 41 0 16 72 13 88 70 92 25 23 98 66 82 10 30 17 61 9 50 52 81 20 37 99 8
1 22 4 51 55 73 68 58 37 86 38 72 27 29 3 29 94 38 4 60 61 10 12 83 84 50 16 0 81 22 9 9 83 78 55 67 43 39 37 74 81 6 23 62 89 57 36 72 48 17
8 33 29 29 9 43 80 90 31 31 0 98 77 16 4 68 99 41 72 55 15 21 39 29 91 66 72 81 0 3 21 38 18 10 54 93 41 67 12 99 40 40 73 25 45 96 46 46 100 32
56 33 91 74 33 27 43 37 87 37 42 17 74 53 76 58 68 54 38 90 81 17 71 100 64 23 13 22 3 0 46 63 32 77 7 12 59 68 28 1 100 5 72 60 77 37 68 34 72 47
63 75 16 37 86 32 0 14 60 94 13 50 97 72 36 72 68 63 54 11 30 80 97 48 92 18 88 9 21 46 0 19 39 83 40 88 56 7 65 42 88 75 100 98 42 32 4 54 59 83
91 19 80 57 75 61 79 27 41 37 66 66 31 77 42 26 15 73 85 66 10 69 17 69 83 81 70 9 38 63 19 0 30 29 0 9 66 13 36 49 1 10 26 96 31 50 65 97 85 85
11 37 83 69 53 48 29 25 83 80 27 83 61 55 40 50 13 43 40 90 25 53 99 74 26 53 92 83 18 32 39 30 0 49 13 9 54 62 53 21 79 25 27 57 50 42 5 63 47 89
96 36 56 69 21 92 89 8 60 91 52 73 92 7 83 76 83 21 11 99 69 81 64 38 58 61 25 78 10 77 83 29 49 0 41 24 14 24 81 79 64 6 88 46 16 6 39 13 56 82
69 95 36 69 50 62 99 99 95 29 86 64 37 84 16 3 2 97 76 52 73 25 74 99 70 23 23 55 54 7 40 0 13 41 0 65 78 10 70 79 32 50 83 36 0 43 33 32 6 82
34 59 86 17 20 1 44 0 42 54 79 52 73 78 32 75 63 74 78 65 47 60 86 72 63 0 98 67 93 12 88 9 9 24 65 0 86 76 19 76 13 86 69 66 32 98 64 47 6 15
23 78 13 78 45 49 18 58 91 75 34 73 7 45 0 54 92 9 89 73 100 43 84 23 95 91 66 43 41 59 56 66 54 14 78 86 0 10 98 12 97 44 24 21 7 88 57 34 64 79
15 40 88 66 38 17 21 76 31 60 80 22 97 8 66 14 22 58 1 64 46 70 7 89 70 7 82 39 67 68 7 13 62 24 10 76 10 0 61 17 30 66 48 22 97 36 52 97 66 63
67 17 98 53 18 0 90 63 54 64 3 49 79 12 29 75 2 84 5 89 38 41 95 32 74 81 10 37 12 28 65 36 53 81 70 19 98 61 0 17 38 23 48 52 34 55 67 20 16 80
88 91 97 43 54 16 25 98 42 40 86 90 18 32 70 67 44 28 62 49 1 21 67 24 0 91 30 74 99 1 42 49 21 79 79 76 12 17 17 0 33 25 19 55 11 44 10 75 82 34
90 20 12 95 6 93 49 23 6 96 92 72 54 100 36 13 53 44 31 20 1 98 13 98 6 45 17 81 40 100 88 1 79 64 32 13 97 30 38 33 0 94 92 79 57 25 84 81 52 98
15 76 51 3 76 53 96 89 39 33 74 7 71 67 88 22 23 62 86 44 46 11 20 46 4 71 61 6 40 5 75 10 25 6 50 86 44 66 23 25 94 0 71 8 32 4 5 67 64 59
84 7 59 8 62 66 80 1 81 39 30 66 85 64 15 82 82 34 82 60 79 14 10 38 20 28 9 23 73 72 100 26 27 88 83 69 24 48 48 19 92 71 0 4 54 82 97 2 19 30
6 61 2 82 42 37 32 10 71 31 90 74 21 19 46 97 0 93 10 20 87 97 67 77 32 12 50 62 25 60 98 96 57 46 36 66 21 22 52 55 79 8 4 0 80 4 86 36 82 49
38 28 70 5 95 25 31 66 44 6 12 99 88 73 59 33 50 55 68 41 87 9 42 67 22 14 52 89 45 77 42 31 50 16 0 32 7 97 34 11 57 32 54 80 0 62 11 96 83 40
12 36 1 20 99 31 7 81 9 73 63 83 6 34 93 30 45 87 62 62 92 20 86 46 41 90 81 57 96 37 32 50 42 6 43 98 88 36 55 44 25 4 82 4 62 0 42 79 13 11
70 56 8 1 30 38 37 86 33 99 96 27 89 98 21 71 63 53 78 94 54 92 50 34 39 5 20 36 46 68 4 65 5 39 33 64 57 52 67 10 84 5 97 86 11 42 0 48 100 11
56 59 12 36 3 87 14 16 37 28 34 43 80 44 66 97 49 60 14 60 73 2 19 89 82 67 37 72 46 34 54 97 63 13 32 47 34 97 20 75 81 67 2 36 96 79 48 0 78 23
36 74 51 74 100 44 34 42 65 14 28 85 31 79 59 84 24 27 99 47 88 89 42 92 50 40 99 48 100 72 59 85 47 56 6 6 64 66 16 82 52 64 19 82 83 13 100 78 0 77
67 20 37 65 30 29 87 93 65 42 14 55 47 9 73 95 65 48 70 56 96 31 13 81 82 2 8 17 32 47 83 85 89 82 82 15 79 63 80 34 98 59 30 49 40 11 11 23 77 0
RRBRRRBBRRRBRBBRBRBBRBRRBRBBBBRBRRBRRBRBBBBBRRBRRB