50
0 0 0 0 0 0 0 0 0 0 84 98 84 80 96 98 87 82 84 99 88 89 88 75 82 94 83 77 81 78 81 94 97 79 90 96 80 80 94 82 90 97 89 82 87 88 89 75 79 98
0 0 0 0 0 0 0 1 1 1 92 83 83 95 92 88 89 81 95 77 82 97 78 95 80 84 77 98 79 84 97 93 97 97 91 79 84 93 75 97 89 91 80 99 77 77 75 98 82 84
0 0 0 1 2 2 2 2 2 2 84 91 80 97 98 99 82 79 84 84 75 89 84 86 85 83 81 86 87 96 82 89 77 98 93 80 89 92 78 94 97 96 89 75 86 77 78 90 83 92
0 0 1 0 2 2 2 2 2 3 96 90 79 81 86 82 97 83 90 87 80 83 85 78 84 86 77 86 87 98 90 95 76 95 87 82 82 85 94 90 76 90 82 87 80 85 87 86 92 75
0 0 2 2 0 3 3 3 3 3 78 96 99 89 86 96 77 86 93 83 95 95 86 95 87 87 99 93 89 79 96 82 96 87 82 94 77 94 89 80 89 81 97 82 99 89 88 90 75 75
0 0 2 2 3 0 3 4 4 4 88 92 83 84 99 83 98 80 89 88 75 94 78 76 92 83 84 97 79 94 91 99 80 93 91 82 96 84 85 81 81 90 89 78 87 76 89 99 93 85
0 0 2 2 3 3 0 4 4 5 89 91 85 92 81 78 92 77 93 99 96 84 80 88 85 80 97 81 94 89 97 92 96 98 82 80 91 79 78 90 82 75 77 77 89 88 99 81 96 93
0 1 2 2 3 4 4 0 5 5 95 97 77 88 76 89 78 78 83 89 88 81 76 95 90 78 80 97 77 97 83 79 99 83 91 78 94 91 93 80 94 88 92 75 90 86 88 87 82 81
0 1 2 2 3 4 4 5 0 5 84 92 82 98 78 93 79 98 83 99 98 84 87 87 83 93 76 82 86 92 84 76 77 86 78 92 94 88 91 83 76 95 76 79 82 98 79 91 80 86
0 1 2 3 3 4 5 5 5 0 80 80 95 76 90 85 81 96 80 98 77 91 82 97 94 99 83 84 86 81 77 78 82 95 83 85 93 95 85 85 77 97 80 78 98 86 83 81 96 77
84 92 84 96 78 88 89 95 84 80 0 5 5 5 5 5 5 5 6 6 90 92 83 97 91 97 95 95 88 98 84 88 88 83 87 85 80 86 83 88 89 92 91 94 95 90 88 95 94 84
98 83 91 90 96 92 91 97 92 80 5 0 6 6 6 6 6 6 6 6 78 79 88 92 85 96 99 84 78 86 87 98 83 75 82 92 87 96 89 99 88 99 91 84 82 76 84 85 82 86
84 83 80 79 99 83 85 77 82 95 5 6 0 7 7 7 7 7 7 8 98 77 80 77 79 88 94 84 94 84 96 85 80 86 80 80 78 79 99 87 76 88 88 97 91 75 78 75 80 76
80 95 97 81 89 84 92 88 98 76 5 6 7 0 8 8 8 8 8 9 84 97 97 97 89 82 81 92 77 99 98 81 89 77 79 80 92 99 86 82 92 97 99 81 77 94 96 94 95 96
96 92 98 86 86 99 81 76 78 90 5 6 7 8 0 9 9 9 10 10 87 97 83 94 98 90 95 75 92 83 79 97 89 92 82 89 88 88 89 82 88 88 88 91 75 88 77 85 82 87
98 88 99 82 96 83 78 89 93 85 5 6 7 8 9 0 10 10 11 11 75 97 75 86 90 87 99 86 86 99 93 77 90 86 98 97 77 99 94 78 81 83 80 82 80 98 89 77 92 79
87 89 82 97 77 98 92 78 79 81 5 6 7 8 9 10 0 11 11 11 83 97 94 99 91 78 75 85 87 85 77 84 75 84 81 98 75 78 85 99 86 90 85 88 94 92 94 90 97 82
82 81 79 83 86 80 77 78 98 96 5 6 7 8 9 10 11 0 11 12 86 78 88 82 91 97 84 77 89 83 82 96 92 97 83 91 82 84 88 81 89 84 83 88 98 83 96 75 94 88
84 95 84 90 93 89 93 83 83 80 6 6 7 8 10 11 11 11 0 12 76 93 78 96 75 85 81 87 89 79 89 98 96 89 81 78 77 81 79 92 86 95 82 77 91 92 79 93 77 77
99 77 84 87 83 88 99 89 99 98 6 6 8 9 10 11 11 12 12 0 83 77 82 98 76 97 89 84 80 86 82 85 76 95 92 90 93 86 93 79 80 85 82 78 92 88 93 89 86 83
88 82 75 80 95 75 96 88 98 77 90 78 98 84 87 75 83 86 76 83 0 12 12 13 13 13 14 14 14 14 86 78 75 98 97 86 89 80 91 79 76 96 77 91 80 86 81 78 76 89
89 97 89 83 95 94 84 81 84 91 92 79 77 97 97 97 97 78 93 77 12 0 14 14 15 15 15 15 16 16 84 85 76 99 76 98 89 97 96 75 91 93 81 93 75 76 93 79 99 77
88 78 84 85 86 78 80 76 87 82 83 88 80 97 83 75 94 88 78 82 12 14 0 16 16 16 16 17 17 17 77 78 89 94 97 83 86 94 94 88 88 75 76 78 94 76 79 96 92 98
75 95 86 78 95 76 88 95 87 97 97 92 77 97 94 86 99 82 96 98 13 14 16 0 17 17 17 18 18 18 80 83 82 95 79 80 91 75 93 97 84 82 83 92 84 98 82 90 80 91
82 80 85 84 87 92 85 90 83 94 91 85 79 89 98 90 91 91 75 76 13 15 16 17 0 18 18 19 19 20 88 96 88 82 96 91 97 86 97 88 86 75 82 86 91 90 94 99 80 87
94 84 83 86 87 83 80 78 93 99 97 96 88 82 90 87 78 97 85 97 13 15 16 17 18 0 20 20 21 21 99 76 75 76 93 92 94 75 95 95 86 94 82 83 81 95 84 78 93 90
83 77 81 77 99 84 97 80 76 83 95 99 94 81 95 99 75 84 81 89 14 15 16 17 18 20 0 22 22 22 94 94 75 79 86 86 83 83 94 83 98 80 89 96 94 99 86 88 92 98
77 98 86 86 93 97 81 97 82 84 95 84 84 92 75 86 85 77 87 84 14 15 17 18 19 20 22 0 22 23 95 98 82 98 78 85 96 86 90 94 81 85 86 97 81 94 92 79 95 88
81 79 87 87 89 79 94 77 86 86 88 78 94 77 92 86 87 89 89 80 14 16 17 18 19 21 22 22 0 23 81 92 76 92 84 85 76 93 78 93 78 83 82 87 93 77 84 98 99 76
78 84 96 98 79 94 89 97 92 81 98 86 84 99 83 99 85 83 79 86 14 16 17 18 20 21 22 23 23 0 95 84 93 76 90 93 82 76 96 85 91 91 88 89 89 95 80 88 93 75
81 97 82 90 96 91 97 83 84 77 84 87 96 98 79 93 77 82 89 82 86 84 77 80 88 99 94 95 81 95 0 23 23 23 23 24 24 24 25 25 80 99 89 88 79 95 93 83 92 81
94 93 89 95 82 99 92 79 76 78 88 98 85 81 97 77 84 96 98 85 78 85 78 83 96 76 94 98 92 84 23 0 25 25 26 26 26 26 27 27 77 89 99 97 78 79 89 79 81 81
97 97 77 76 96 80 96 99 77 82 88 83 80 89 89 90 75 92 96 76 75 76 89 82 88 75 75 82 76 93 23 25 0 27 27 27 27 28 28 30 94 99 86 95 90 81 95 77 78 83
79 97 98 95 87 93 98 83 86 95 83 75 86 77 92 86 84 97 89 95 98 99 94 95 82 76 79 98 92 76 23 25 27 0 30 31 32 32 33 33 82 99 83 97 96 93 91 78 93 89
90 91 93 87 82 91 82 91 78 83 87 82 80 79 82 98 81 83 81 92 97 76 97 79 96 93 86 78 84 90 23 26 27 30 0 33 33 33 34 34 94 81 90 97 75 84 83 82 85 92
96 79 80 82 94 82 80 78 92 85 85 92 80 80 89 97 98 91 78 90 86 98 83 80 91 92 86 85 85 93 24 26 27 31 33 0 35 35 35 36 75 91 99 83 86 94 95 87 87 93
80 84 89 82 77 96 91 94 94 93 80 87 78 92 88 77 75 82 77 93 89 89 86 91 97 94 83 96 76 82 24 26 27 32 33 35 0 36 36 36 82 84 92 95 96 89 82 75 75 85
80 93 92 85 94 84 79 91 88 95 86 96 79 99 88 99 78 84 81 86 80 97 94 75 86 75 83 86 93 76 24 26 28 32 33 35 36 0 37 37 75 91 75 98 98 92 94 79 95 90
94 75 78 94 89 85 78 93 91 85 83 89 99 86 89 94 85 88 79 93 91 96 94 93 97 95 94 90 78 96 25 27 28 33 34 35 36 37 0 38 77 93 89 80 85 77 81 76 86 91
82 97 94 90 80 81 90 80 83 85 88 99 87 82 82 78 99 81 92 79 79 75 88 97 88 95 83 94 93 85 25 27 30 33 34 36 36 37 38 0 99 85 88 97 92 87 75 78 97 83
90 89 97 76 89 81 82 94 76 77 89 88 76 92 88 81 86 89 86 80 76 91 88 84 86 86 98 81 78 91 80 77 94 82 94 75 82 75 77 99 0 38 39 39 41 42 42 43 44 44
97 91 96 90 81 90 75 88 95 97 92 99 88 97 88 83 90 84 95 85 96 93 75 82 75 94 80 85 83 91 99 89 99 99 81 91 84 91 93 85 38 0 44 45 46 46 46 47 47 48
89 80 89 82 97 89 77 92 76 80 91 91 88 99 88 80 85 83 82 82 77 81 76 83 82 82 89 86 82 88 89 99 86 83 90 99 92 75 89 88 39 44 0 49 50 50 50 50 50 50
82 99 75 87 82 78 77 75 79 78 94 84 97 81 91 82 88 88 77 78 91 93 78 92 86 83 96 97 87 89 88 97 95 97 97 83 95 98 80 97 39 45 49 0 50 50 50 50 50 50
87 77 86 80 99 87 89 90 82 98 95 82 91 77 75 80 94 98 91 92 80 75 94 84 91 81 94 81 93 89 79 78 90 96 75 86 96 98 85 92 41 46 50 50 0 50 50 50 50 50
88 77 77 85 89 76 88 86 98 86 90 76 75 94 88 98 92 83 92 88 86 76 76 98 90 95 99 94 77 95 95 79 81 93 84 94 89 92 77 87 42 46 50 50 50 0 50 50 50 50
89 75 78 87 88 89 99 88 79 83 88 84 78 96 77 89 94 96 79 93 81 93 79 82 94 84 86 92 84 80 93 89 95 91 83 95 82 94 81 75 42 46 50 50 50 50 0 50 50 50
75 98 90 86 90 99 81 87 91 81 95 85 75 94 85 77 90 75 93 89 78 79 96 90 99 78 88 79 98 88 83 79 77 78 82 87 75 79 76 78 43 47 50 50 50 50 50 0 50 50
79 82 83 92 75 93 96 82 80 96 94 82 80 95 82 92 97 94 77 86 76 99 92 80 80 93 92 95 99 93 92 81 78 93 85 87 75 95 86 97 44 47 50 50 50 50 50 50 0 50
98 84 92 75 75 85 93 81 86 77 84 86 76 96 87 79 82 88 77 83 89 77 98 91 87 90 98 88 76 75 81 81 83 89 92 93 85 90 91 83 44 48 50 50 50 50 50 50 50 0
RRRRRRRRRRRRRRRRRRRRRRRRRBBBBBBBBBBBBBBBBBBBBBBBBB