50
0 59 76 54 81 60 19 88 5 5 0 59 82 50 92 91 31 88 21 56 94 22 50 82 87 53 43 13 46 40 25 14 59 6 77 4 92 66 61 100 32 9 62 47 1 47 2 25 93 53 
59 0 81 84 49 81 49 55 99 97 95 27 10 41 3 1 94 78 43 38 94 75 14 69 25 56 84 61 99 20 99 61 9 51 94 80 39 45 37 93 57 86 41 85 21 24 100 88 97 99 
76 81 0 91 85 62 0 90 22 100 39 68 95 77 72 11 42 59 45 4 76 19 16 69 67 8 34 23 76 97 82 72 80 93 59 66 16 96 60 54 65 4 81 78 67 58 20 80 27 22 
54 84 91 0 95 57 94 79 30 30 9 68 0 41 29 76 42 71 48 41 61 15 86 6 11 51 7 18 13 25 70 30 54 35 8 90 83 41 38 91 70 29 83 87 15 93 0 27 64 1 
81 49 85 95 0 0 94 89 97 66 8 55 5 58 100 39 40 36 53 98 62 64 87 73 53 9 62 11 62 34 12 17 23 62 72 73 66 92 55 85 26 64 18 68 96 23 79 86 74 97 
60 81 62 57 0 0 56 44 41 41 53 79 39 89 31 14 41 40 48 38 85 51 36 1 84 50 85 31 64 100 5 98 73 11 92 79 100 3 54 22 19 30 17 36 98 51 28 94 32 88 
19 49 0 94 94 56 0 10 86 16 49 5 55 96 61 6 60 30 35 70 17 100 89 94 41 100 19 59 69 47 30 37 8 56 24 31 53 15 26 56 5 4 29 89 11 90 99 20 33 50 
88 55 90 79 89 44 10 0 82 52 81 97 63 59 83 21 40 85 84 32 22 61 86 54 98 88 68 69 90 20 11 60 45 7 76 34 57 14 11 98 38 76 99 52 44 79 38 70 75 52 
5 99 22 30 97 41 86 82 0 6 77 79 2 100 65 56 67 19 12 80 97 49 72 18 43 66 31 6 9 53 51 99 77 91 63 0 8 92 87 59 97 83 51 29 94 19 67 55 61 53 
5 97 100 30 66 41 16 52 6 0 58 2 1 63 53 20 63 91 80 58 86 92 30 31 29 51 36 27 45 2 47 18 45 53 34 14 33 76 15 49 80 12 34 67 90 62 95 71 75 73 
0 95 39 9 8 53 49 81 77 58 0 84 41 29 88 37 47 26 1 66 45 93 8 22 71 36 2 12 45 47 43 25 15 97 13 2 8 76 83 38 15 57 2 7 92 83 40 81 4 100 
59 27 68 68 55 79 5 97 79 2 84 0 68 42 14 81 57 52 8 11 58 16 51 29 94 37 72 52 95 21 69 76 73 67 36 72 2 63 64 63 56 27 22 69 59 40 25 67 74 47 
82 10 95 0 5 39 55 63 2 1 41 68 0 55 44 52 92 52 75 2 23 43 2 90 26 35 40 52 60 58 40 60 91 40 29 67 61 91 42 95 37 34 99 46 54 0 51 0 85 68 
50 41 77 41 58 89 96 59 100 63 29 42 55 0 99 80 75 73 39 85 63 39 55 98 40 31 100 17 32 16 94 41 18 12 43 38 34 42 14 9 55 71 51 28 43 25 78 22 16 56 
92 3 72 29 100 31 61 83 65 53 88 14 44 99 0 77 24 97 14 97 99 52 82 79 68 10 59 64 15 20 49 53 10 38 76 48 36 36 98 75 35 64 66 76 32 15 79 43 42 22 
91 1 11 76 39 14 6 21 56 20 37 81 52 80 77 0 2 8 41 71 50 53 29 57 65 31 92 52 7 77 31 86 57 84 17 59 99 51 33 41 11 52 63 38 50 49 87 68 76 13 
31 94 42 42 40 41 60 40 67 63 47 57 92 75 24 2 0 45 5 11 86 22 59 90 75 64 53 24 52 42 96 90 50 61 21 27 14 11 94 54 93 80 33 65 87 8 21 66 52 74 
88 78 59 71 36 40 30 85 19 91 26 52 52 73 97 8 45 0 50 79 14 13 72 40 81 59 88 51 39 14 32 55 95 67 32 58 33 67 96 90 49 60 87 7 92 96 23 22 66 47 
21 43 45 48 53 48 35 84 12 80 1 8 75 39 14 41 5 50 0 73 2 44 64 7 59 66 24 25 21 36 44 65 55 10 47 83 38 15 15 83 67 41 65 35 26 39 16 77 8 69 
56 38 4 41 98 38 70 32 80 58 66 11 2 85 97 71 11 79 73 0 64 94 87 70 47 40 81 42 3 54 81 54 98 40 44 96 25 91 55 42 54 87 19 5 86 17 71 65 35 63 
94 94 76 61 62 85 17 22 97 86 45 58 23 63 99 50 86 14 2 64 0 45 50 15 72 99 24 77 82 3 89 15 73 98 44 45 33 68 21 89 42 63 54 12 92 46 57 82 98 48 
22 75 19 15 64 51 100 61 49 92 93 16 43 39 52 53 22 13 44 94 45 0 58 36 4 35 17 22 88 11 71 46 100 67 79 61 96 18 26 12 96 48 85 29 35 58 87 35 53 43 
50 14 16 86 87 36 89 86 72 30 8 51 2 55 82 29 59 72 64 87 50 58 0 82 71 70 42 93 27 80 99 92 35 50 33 43 6 52 6 36 65 23 0 46 97 53 58 84 42 38 
82 69 69 6 73 1 94 54 18 31 22 29 90 98 79 57 90 40 7 70 15 36 82 0 76 100 31 29 5 47 0 13 31 100 74 6 92 64 51 64 15 35 23 92 39 12 77 16 58 94 
87 25 67 11 53 84 41 98 43 29 71 94 26 40 68 65 75 81 59 47 72 4 71 76 0 8 79 84 58 99 10 77 46 1 26 91 52 61 16 73 42 81 5 45 37 2 23 5 93 34 
53 56 8 51 9 50 100 88 66 51 36 37 35 31 10 31 64 59 66 40 99 35 70 100 8 0 33 35 41 7 23 20 92 39 35 1 90 87 37 67 81 65 66 67 99 0 54 85 80 35 
43 84 34 7 62 85 19 68 31 36 2 72 40 100 59 92 53 88 24 81 24 17 42 31 79 33 0 34 73 78 55 74 97 83 45 90 88 35 74 75 63 50 16 75 92 69 20 25 97 68 
13 61 23 18 11 31 59 69 6 27 12 52 52 17 64 52 24 51 25 42 77 22 93 29 84 35 34 0 88 20 41 83 8 83 27 91 8 33 46 56 80 25 24 64 93 60 79 71 14 100 
46 99 76 13 62 64 69 90 9 45 45 95 60 32 15 7 52 39 21 3 82 88 27 5 58 41 73 88 0 58 24 3 71 31 84 64 90 17 100 76 45 42 15 99 27 93 42 7 94 5 
40 20 97 25 34 100 47 20 53 2 47 21 58 16 20 77 42 14 36 54 3 11 80 47 99 7 78 20 58 0 72 8 90 54 70 98 20 35 62 61 88 51 62 78 63 46 51 92 52 1 
25 99 82 70 12 5 30 11 51 47 43 69 40 94 49 31 96 32 44 81 89 71 99 0 10 23 55 41 24 72 0 26 72 90 71 69 53 52 100 17 46 91 76 69 58 87 100 83 65 16 
14 61 72 30 17 98 37 60 99 18 25 76 60 41 53 86 90 55 65 54 15 46 92 13 77 20 74 83 3 8 26 0 76 18 18 0 21 84 17 69 36 34 61 93 88 70 42 83 68 74 
59 9 80 54 23 73 8 45 77 45 15 73 91 18 10 57 50 95 55 98 73 100 35 31 46 92 97 8 71 90 72 76 0 33 7 89 64 18 38 74 88 25 28 73 30 70 98 81 28 57 
6 51 93 35 62 11 56 7 91 53 97 67 40 12 38 84 61 67 10 40 98 67 50 100 1 39 83 83 31 54 90 18 33 0 99 93 91 47 90 49 31 52 2 16 21 63 26 92 79 68 
77 94 59 8 72 92 24 76 63 34 13 36 29 43 76 17 21 32 47 44 44 79 33 74 26 35 45 27 84 70 71 18 7 99 0 29 82 25 9 20 26 19 99 71 46 31 71 68 29 68 
4 80 66 90 73 79 31 34 0 14 2 72 67 38 48 59 27 58 83 96 45 61 43 6 91 1 90 91 64 98 69 0 89 93 29 0 50 68 39 71 97 17 37 39 25 6 47 20 98 45 
92 39 16 83 66 100 53 57 8 33 8 2 61 34 36 99 14 33 38 25 33 96 6 92 52 90 88 8 90 20 53 21 64 91 82 50 0 60 22 51 96 4 67 86 25 25 56 65 22 34 
66 45 96 41 92 3 15 14 92 76 76 63 91 42 36 51 11 67 15 91 68 18 52 64 61 87 35 33 17 35 52 84 18 47 25 68 60 0 89 30 35 6 87 30 49 80 48 56 92 23 
61 37 60 38 55 54 26 11 87 15 83 64 42 14 98 33 94 96 15 55 21 26 6 51 16 37 74 46 100 62 100 17 38 90 9 39 22 89 0 81 31 91 37 69 96 76 91 67 64 53 
100 93 54 91 85 22 56 98 59 49 38 63 95 9 75 41 54 90 83 42 89 12 36 64 73 67 75 56 76 61 17 69 74 49 20 71 51 30 81 0 96 67 68 25 62 48 65 8 11 21 
32 57 65 70 26 19 5 38 97 80 15 56 37 55 35 11 93 49 67 54 42 96 65 15 42 81 63 80 45 88 46 36 88 31 26 97 96 35 31 96 0 16 32 70 59 56 76 87 68 67 
9 86 4 29 64 30 4 76 83 12 57 27 34 71 64 52 80 60 41 87 63 48 23 35 81 65 50 25 42 51 91 34 25 52 19 17 4 6 91 67 16 0 28 96 2 37 77 47 10 60 
62 41 81 83 18 17 29 99 51 34 2 22 99 51 66 63 33 87 65 19 54 85 0 23 5 66 16 24 15 62 76 61 28 2 99 37 67 87 37 68 32 28 0 59 7 69 32 84 79 16 
47 85 78 87 68 36 89 52 29 67 7 69 46 28 76 38 65 7 35 5 12 29 46 92 45 67 75 64 99 78 69 93 73 16 71 39 86 30 69 25 70 96 59 0 3 23 50 31 14 23 
1 21 67 15 96 98 11 44 94 90 92 59 54 43 32 50 87 92 26 86 92 35 97 39 37 99 92 93 27 63 58 88 30 21 46 25 25 49 96 62 59 2 7 3 0 86 78 45 9 19 
47 24 58 93 23 51 90 79 19 62 83 40 0 25 15 49 8 96 39 17 46 58 53 12 2 0 69 60 93 46 87 70 70 63 31 6 25 80 76 48 56 37 69 23 86 0 18 54 64 68 
2 100 20 0 79 28 99 38 67 95 40 25 51 78 79 87 21 23 16 71 57 87 58 77 23 54 20 79 42 51 100 42 98 26 71 47 56 48 91 65 76 77 32 50 78 18 0 32 28 19 
25 88 80 27 86 94 20 70 55 71 81 67 0 22 43 68 66 22 77 65 82 35 84 16 5 85 25 71 7 92 83 83 81 92 68 20 65 56 67 8 87 47 84 31 45 54 32 0 1 50 
93 97 27 64 74 32 33 75 61 75 4 74 85 16 42 76 52 66 8 35 98 53 42 58 93 80 97 14 94 52 65 68 28 79 29 98 22 92 64 11 68 10 79 14 9 64 28 1 0 19 
53 99 22 1 97 88 50 52 53 73 100 47 68 56 22 13 74 47 69 63 48 43 38 94 34 35 68 100 5 1 16 74 57 68 68 45 34 23 53 21 67 60 16 23 19 68 19 50 19 0 
BBRBBBBRRRRBBRBRBRBBRRRRBBBRRBRRBRRRBBRRRBBBRRBBRB