50
0 85 86 80 90 82 87 87 89 83 84 90 89 25 87 80 88 80 82 88 89 81 89 83 88 53 88 84 83 87 84 87 86 82 80 82 90 86 81 88 80 86 87 80 83 88 88 83 81 84 
85 0 80 89 86 83 83 89 88 86 85 89 85 21 84 85 82 84 85 89 81 84 87 80 85 89 83 85 82 90 84 90 87 82 81 86 88 86 90 86 83 80 88 82 82 89 83 82 85 90 
86 80 0 83 90 86 85 89 85 90 82 82 88 25 88 90 82 81 80 80 80 90 87 88 86 81 85 83 86 87 80 80 90 86 82 84 85 81 86 82 86 82 84 87 84 81 80 89 80 85 
80 89 83 0 83 89 84 81 82 86 82 83 87 21 87 83 88 82 86 86 88 81 84 82 86 83 87 83 83 84 90 89 90 90 83 87 81 80 81 84 87 81 85 81 81 87 81 84 81 90 
90 86 90 83 0 88 90 83 80 87 89 84 82 16 90 81 83 87 86 83 85 90 88 80 90 86 87 80 85 50 84 90 81 89 86 86 81 87 85 83 89 83 84 87 87 90 87 80 82 82 
82 83 86 89 88 0 84 85 88 84 85 81 86 25 84 82 86 85 89 82 83 88 89 81 84 88 90 86 84 90 81 83 90 86 85 90 80 89 84 90 84 80 86 87 85 81 84 84 87 81 
87 83 85 84 90 84 0 87 82 89 84 86 85 23 84 89 80 86 87 86 84 90 88 80 82 82 90 82 88 86 84 83 89 87 85 80 89 81 82 81 81 80 90 80 83 87 90 82 83 81 
87 89 89 81 83 85 87 0 80 81 86 84 88 25 86 85 87 84 85 82 87 85 85 83 80 85 83 81 84 80 90 80 89 87 81 90 86 81 86 84 88 88 86 87 90 82 84 86 80 89 
89 88 85 82 80 88 82 80 0 82 83 86 82 17 82 83 84 87 82 81 87 81 87 90 90 83 82 87 83 87 84 80 88 52 81 90 82 87 87 86 83 80 89 83 86 90 90 86 89 80 
83 86 90 86 87 84 89 81 82 0 83 86 85 18 87 82 88 83 87 82 85 87 90 90 85 81 85 83 86 81 90 80 80 82 89 80 83 88 88 81 90 85 80 84 80 87 81 82 90 83 
84 85 82 82 89 85 84 86 83 83 0 80 88 25 88 90 86 88 82 86 81 88 86 86 85 80 82 86 84 84 90 85 83 88 88 82 81 84 85 89 89 84 85 86 88 80 86 89 81 84 
90 89 82 83 84 81 86 84 86 86 80 0 87 16 86 88 88 86 85 87 83 81 87 86 82 84 80 90 89 86 82 86 89 86 89 82 80 84 88 82 84 86 84 85 88 84 85 84 87 81 
89 85 88 87 82 86 85 88 82 85 88 87 0 20 88 89 89 85 89 80 85 88 86 81 86 86 90 90 80 83 86 87 82 81 90 82 85 57 83 87 81 89 80 84 83 88 87 89 90 83 
25 21 25 21 16 25 23 25 17 18 25 16 20 0 25 16 17 18 16 16 25 20 22 18 24 83 87 83 82 80 82 82 86 83 89 85 88 90 83 82 88 80 86 90 90 82 85 83 85 86 
87 84 88 87 90 84 84 86 82 87 88 86 88 25 0 88 85 90 86 84 80 83 82 86 87 85 83 90 90 87 80 85 81 84 84 81 86 87 82 90 80 87 86 83 90 86 90 88 89 81 
80 85 90 83 81 82 89 85 83 82 90 88 89 16 88 0 84 83 89 82 82 86 89 89 90 90 82 83 83 81 86 87 82 90 87 88 85 83 80 84 87 86 81 85 80 85 83 88 90 81 
88 82 82 88 83 86 80 87 84 88 86 88 89 17 85 84 0 85 88 86 84 87 90 83 82 89 88 88 85 80 90 82 88 88 85 85 85 81 84 89 87 52 84 88 89 83 89 88 88 88 
80 84 81 82 87 85 86 84 87 83 88 86 85 18 90 83 85 0 81 85 87 82 81 89 88 88 84 89 86 82 84 84 84 86 84 84 80 83 82 84 85 83 85 82 86 83 87 84 80 87 
82 85 80 86 86 89 87 85 82 87 82 85 89 16 86 89 88 81 0 87 85 80 87 85 88 87 86 90 87 85 84 85 82 86 88 88 86 88 88 81 90 88 81 87 81 83 80 82 87 83 
88 89 80 86 83 82 86 82 81 82 86 87 80 16 84 82 86 85 87 0 81 89 81 83 84 87 83 85 82 90 82 89 85 90 84 90 82 83 86 80 86 87 82 83 83 90 89 87 82 89 
89 81 80 88 85 83 84 87 87 85 81 83 85 25 80 82 84 87 85 81 0 89 83 89 83 86 89 81 84 81 81 90 87 87 88 84 90 82 81 89 83 85 88 90 84 57 85 86 84 85 
81 84 90 81 90 88 90 85 81 87 88 81 88 20 83 86 87 82 80 89 89 0 80 80 81 80 80 86 83 86 87 83 84 80 83 81 82 82 83 89 90 87 88 86 81 89 86 84 87 85 
89 87 87 84 88 89 88 85 87 90 86 87 86 22 82 89 90 81 87 81 83 80 0 87 81 86 80 80 82 89 84 87 88 90 82 87 81 84 83 88 86 87 87 80 81 81 81 89 82 87 
83 80 88 82 80 81 80 83 90 90 86 86 81 18 86 89 83 89 85 83 89 80 87 0 82 80 81 81 80 86 90 81 88 82 87 83 80 86 86 86 80 83 89 80 81 81 87 82 82 90 
88 85 86 86 90 84 82 80 90 85 85 82 86 24 87 90 82 88 88 84 83 81 81 82 0 86 80 88 81 83 83 82 86 83 84 90 88 82 81 80 89 80 85 90 84 88 87 86 83 55 
53 89 81 83 86 88 82 85 83 81 80 84 86 83 85 90 89 88 87 87 86 80 86 80 86 0 84 81 81 87 83 89 82 85 85 84 83 82 86 87 87 84 86 81 86 82 84 87 82 87 
88 83 85 87 87 90 90 83 82 85 82 80 90 87 83 82 88 84 86 83 89 80 80 81 80 84 0 90 86 89 84 88 86 89 85 86 86 87 25 82 88 80 85 83 86 81 82 88 85 88 
84 85 83 83 80 86 82 81 87 83 86 90 90 83 90 83 88 89 90 85 81 86 80 81 88 81 90 0 83 84 80 87 83 81 85 88 83 84 23 80 80 87 81 90 85 81 83 86 80 86 
83 82 86 83 85 84 88 84 83 86 84 89 80 82 90 83 85 86 87 82 84 83 82 80 81 81 86 83 0 90 90 88 90 85 81 85 87 86 23 86 80 87 82 87 80 87 81 86 87 80 
87 90 87 84 50 90 86 80 87 81 84 86 83 80 87 81 80 82 85 90 81 86 89 86 83 87 89 84 90 0 90 80 89 83 81 89 86 88 16 81 86 80 80 87 84 87 86 80 84 84 
84 84 80 90 84 81 84 90 84 90 90 82 86 82 80 86 90 84 84 82 81 87 84 90 83 83 84 80 90 90 0 86 80 83 81 89 80 84 16 89 83 87 87 88 90 81 85 82 80 83 
87 90 80 89 90 83 83 80 80 80 85 86 87 82 85 87 82 84 85 89 90 83 87 81 82 89 88 87 88 80 86 0 83 90 85 85 85 82 16 85 82 85 85 90 83 80 82 81 89 82 
86 87 90 90 81 90 89 89 88 80 83 89 82 86 81 82 88 84 82 85 87 84 88 88 86 82 86 83 90 89 80 83 0 80 86 89 90 88 17 87 84 86 80 90 89 83 86 90 85 83 
82 82 86 90 89 86 87 87 52 82 88 86 81 83 84 90 88 86 86 90 87 80 90 82 83 85 89 81 85 83 83 90 80 0 82 85 83 87 20 88 82 82 90 81 90 90 82 84 80 88 
80 81 82 83 86 85 85 81 81 89 88 89 90 89 84 87 85 84 88 84 88 83 82 87 84 85 85 85 81 81 81 85 86 82 0 85 87 85 18 84 85 88 87 85 82 81 82 88 90 80 
82 86 84 87 86 90 80 90 90 80 82 82 82 85 81 88 85 84 88 90 84 81 87 83 90 84 86 88 85 89 89 85 89 85 85 0 85 89 17 85 84 81 81 89 81 82 84 89 85 85 
90 88 85 81 81 80 89 86 82 83 81 80 85 88 86 85 85 80 86 82 90 82 81 80 88 83 86 83 87 86 80 85 90 83 87 85 0 88 24 86 89 85 84 88 80 85 86 84 86 87 
86 86 81 80 87 89 81 81 87 88 84 84 57 90 87 83 81 83 88 83 82 82 84 86 82 82 87 84 86 88 84 82 88 87 85 89 88 0 24 88 84 89 85 81 87 85 88 85 85 85 
81 90 86 81 85 84 82 86 87 88 85 88 83 83 82 80 84 82 88 86 81 83 83 86 81 86 25 23 23 16 16 16 17 20 18 17 24 24 0 21 24 21 24 16 21 20 20 23 24 15 
88 86 82 84 83 90 81 84 86 81 89 82 87 82 90 84 89 84 81 80 89 89 88 86 80 87 82 80 86 81 89 85 87 88 84 85 86 88 21 0 84 80 81 84 83 90 80 80 82 88 
80 83 86 87 89 84 81 88 83 90 89 84 81 88 80 87 87 85 90 86 83 90 86 80 89 87 88 80 80 86 83 82 84 82 85 84 89 84 24 84 0 89 86 87 86 88 82 81 85 85 
86 80 82 81 83 80 80 88 80 85 84 86 89 80 87 86 52 83 88 87 85 87 87 83 80 84 80 87 87 80 87 85 86 82 88 81 85 89 21 80 89 0 84 89 86 80 85 81 88 87 
87 88 84 85 84 86 90 86 89 80 85 84 80 86 86 81 84 85 81 82 88 88 87 89 85 86 85 81 82 80 87 85 80 90 87 81 84 85 24 81 86 84 0 89 86 87 83 88 86 85 
80 82 87 81 87 87 80 87 83 84 86 85 84 90 83 85 88 82 87 83 90 86 80 80 90 81 83 90 87 87 88 90 90 81 85 89 88 81 16 84 87 89 89 0 81 85 82 85 84 90 
83 82 84 81 87 85 83 90 86 80 88 88 83 90 90 80 89 86 81 83 84 81 81 81 84 86 86 85 80 84 90 83 89 90 82 81 80 87 21 83 86 86 86 81 0 83 88 87 80 88 
88 89 81 87 90 81 87 82 90 87 80 84 88 82 86 85 83 83 83 90 57 89 81 81 88 82 81 81 87 87 81 80 83 90 81 82 85 85 20 90 88 80 87 85 83 0 82 86 87 82 
88 83 80 81 87 84 90 84 90 81 86 85 87 85 90 83 89 87 80 89 85 86 81 87 87 84 82 83 81 86 85 82 86 82 82 84 86 88 20 80 82 85 83 82 88 82 0 90 80 86 
83 82 89 84 80 84 82 86 86 82 89 84 89 83 88 88 88 84 82 87 86 84 89 82 86 87 88 86 86 80 82 81 90 84 88 89 84 85 23 80 81 81 88 85 87 86 90 0 82 87 
81 85 80 81 82 87 83 80 89 90 81 87 90 85 89 90 88 80 87 82 84 87 82 82 83 82 85 80 87 84 80 89 85 80 90 85 86 85 24 82 85 88 86 84 80 87 80 82 0 88 
84 90 85 90 82 81 81 89 80 83 84 81 83 86 81 81 88 87 83 89 85 85 87 90 55 87 88 86 80 84 83 82 83 88 80 85 87 85 15 88 85 87 85 90 88 82 86 87 88 0 
RRRRRRRRRRRRRRRRRRRRRRRRRBBBBBBBBBBBBBBBBBBBBBBBBB
