50
0 92 79 45 30 99 100 98 80 63 37 83 100 75 98 95 96 80 100 96 100 99 100 99 98 95 85 99 91 59 100 95 93 96 92 94 99 90 75 95 98 100 97 100 99 95 99 100 74 100
92 0 94 96 99 100 95 100 99 98 99 100 85 99 99 100 89 98 97 87 79 97 91 96 74 68 85 100 100 99 99 99 80 89 100 53 96 96 62 98 87 98 100 98 62 93 47 91 91 97
79 94 0 97 100 100 59 93 100 88 61 96 97 80 100 94 30 93 99 95 71 95 80 100 99 78 93 98 100 85 99 63 71 99 98 100 95 99 96 87 100 100 97 100 99 96 100 86 96 96
45 96 97 0 100 90 99 98 98 98 100 75 100 95 100 93 99 87 97 99 96 42 99 17 100 98 99 97 88 97 98 100 100 99 44 99 100 99 99 96 100 98 80 98 81 95 96 92 97 99
30 99 100 100 0 99 96 99 86 82 93 93 88 100 83 100 99 99 83 92 39 96 99 99 98 100 90 67 100 97 88 98 96 100 79 85 92 99 100 100 86 99 100 96 98 69 99 94 97 99
99 100 100 90 99 0 60 96 88 98 88 99 86 92 98 98 97 99 97 94 70 18 99 99 90 95 95 90 100 97 100 100 99 71 97 98 98 31 100 95 97 100 87 98 41 79 97 67 92 77
100 95 59 99 96 60 0 97 69 100 98 99 74 90 67 84 75 51 99 100 100 65 94 99 83 67 91 90 100 86 95 96 89 63 88 88 99 96 91 82 96 99 93 98 88 98 97 96 97 98
98 100 93 98 99 96 97 0 97 95 89 49 67 100 79 99 98 93 97 96 95 79 100 77 100 77 99 71 94 96 39 83 99 99 86 96 70 100 98 100 97 93 78 90 97 99 100 93 97 99
80 99 100 98 86 88 69 97 0 97 28 100 97 99 98 100 100 83 95 64 93 99 89 100 100 100 90 95 98 99 98 97 90 89 99 65 97 82 71 92 100 99 63 93 97 98 71 83 82 100
63 98 88 98 82 98 100 95 97 0 96 88 52 99 82 99 94 99 100 97 99 62 92 91 88 98 96 93 96 99 89 100 99 100 74 76 96 97 79 98 97 89 93 98 74 99 98 69 100 76
37 99 61 100 93 88 98 89 28 96 0 64 100 100 72 92 71 94 100 90 99 96 85 85 75 90 94 97 96 97 60 86 100 94 95 85 98 97 99 99 90 98 93 99 82 69 97 49 96 100
83 100 96 75 93 99 99 49 100 88 64 0 96 98 69 98 97 82 100 97 99 82 92 98 94 95 100 99 100 80 70 87 97 86 85 86 93 97 98 98 100 99 85 60 94 99 98 99 98 100
100 85 97 100 88 86 74 67 97 52 100 96 0 98 88 95 93 100 89 94 39 86 99 100 83 99 91 100 100 97 78 99 89 94 84 97 94 29 99 99 89 99 98 48 99 57 96 92 99 97
75 99 80 95 100 92 90 100 99 99 100 98 98 0 99 94 98 99 94 51 99 99 99 94 100 94 100 98 94 100 73 89 92 94 94 92 100 99 99 92 100 89 97 99 100 100 92 100 98 100
98 99 100 100 83 98 67 79 98 82 72 69 88 99 0 100 99 74 98 98 99 97 92 99 100 96 85 100 99 6 99 98 99 100 100 100 100 99 100 95 98 98 86 99 72 89 99 98 74 100
95 100 94 93 100 98 84 99 100 99 92 98 95 94 100 0 22 98 100 68 96 94 72 66 99 93 96 98 99 47 88 91 80 96 91 91 58 92 81 82 84 92 94 99 96 98 99 73 92 92
96 89 30 99 99 97 75 98 100 94 71 97 93 98 99 22 0 74 98 29 98 88 94 98 99 93 99 100 96 99 61 99 90 88 99 90 96 88 100 92 99 100 99 17 99 98 90 96 96 99
80 98 93 87 99 99 51 93 83 99 94 82 100 99 74 98 74 0 100 97 99 97 86 97 91 88 88 93 100 100 99 99 96 97 60 96 100 94 100 98 92 100 61 97 53 99 88 100 100 98
100 97 99 97 83 97 99 97 95 100 100 100 89 94 98 100 98 100 0 95 66 86 99 100 98 100 100 88 97 99 73 100 83 93 100 94 80 71 89 92 99 94 88 74 78 98 97 93 100 100
96 87 95 99 92 94 100 96 64 97 90 97 94 51 98 68 29 97 95 0 64 94 80 100 96 93 100 70 88 99 85 99 100 100 98 98 99 58 98 95 99 99 98 99 85 80 97 100 79 95
100 79 71 96 39 70 100 95 93 99 99 99 39 99 99 96 98 99 66 64 0 97 97 99 99 87 99 93 46 98 95 91 100 82 20 100 51 99 98 59 100 97 99 99 93 99 95 100 85 94
99 97 95 42 96 18 65 79 99 62 96 82 86 99 97 94 88 97 86 94 97 0 94 99 92 100 38 72 100 97 80 93 96 100 100 96 68 97 100 99 96 99 100 99 100 100 96 92 88 99
100 91 80 99 99 99 94 100 89 92 85 92 99 99 92 72 94 86 99 80 97 94 0 91 100 90 83 99 88 83 100 94 94 97 100 84 91 84 95 97 100 98 80 100 97 98 84 99 83 99
99 96 100 17 99 99 99 77 100 91 85 98 100 94 99 66 98 97 100 100 99 99 91 0 99 98 21 95 83 100 97 99 88 64 99 99 99 81 99 98 99 100 83 90 100 90 95 97 93 91
98 74 99 100 98 90 83 100 100 88 75 94 83 100 100 99 99 91 98 96 99 92 100 99 0 97 98 92 100 98 94 95 98 90 97 98 99 100 100 94 99 98 97 98 100 96 96 100 92 100
95 68 78 98 100 95 67 77 100 98 90 95 99 94 96 93 93 88 100 93 87 100 90 98 97 0 41 85 94 97 90 93 97 84 98 90 97 90 99 63 95 95 99 97 100 95 100 98 99 95
85 85 93 99 90 95 91 99 90 96 94 100 91 100 85 96 99 88 100 100 99 38 83 21 98 41 0 100 98 100 98 93 98 97 93 27 100 97 99 94 94 100 100 98 100 99 43 83 96 100
99 100 98 97 67 90 90 71 95 93 97 99 100 98 100 98 100 93 88 70 93 72 99 95 92 85 100 0 96 99 74 100 57 81 97 86 98 71 99 92 95 65 94 99 97 98 98 99 69 99
91 100 100 88 100 100 100 94 98 96 96 100 100 94 99 99 96 100 97 88 46 100 88 83 100 94 98 96 0 93 92 85 63 100 94 96 99 92 100 100 97 93 80 99 90 53 99 92 98 90
59 99 85 97 97 97 86 96 99 99 97 80 97 100 6 47 99 100 99 99 98 97 83 100 98 97 100 99 93 0 95 92 99 99 93 98 98 98 89 98 98 94 99 93 96 98 97 96 62 94
100 99 99 98 88 100 95 39 98 89 60 70 78 73 99 88 61 99 73 85 95 80 100 97 94 90 98 74 92 95 0 90 95 40 97 98 94 99 96 86 94 97 98 42 58 88 90 81 93 97
95 99 63 100 98 100 96 83 97 100 86 87 99 89 98 91 99 99 100 99 91 93 94 99 95 93 93 100 85 92 90 0 88 100 96 32 97 99 99 97 81 97 86 95 100 94 92 94 99 93
93 80 71 100 96 99 89 99 90 99 100 97 89 92 99 80 90 96 83 100 100 96 94 88 98 97 98 57 63 99 95 88 0 99 99 99 82 58 99 97 75 98 95 28 99 100 98 83 55 99
96 89 99 99 100 71 63 99 89 100 94 86 94 94 100 96 88 97 93 100 82 100 97 64 90 84 97 81 100 99 40 100 99 0 57 99 97 99 99 84 99 72 100 90 99 99 89 89 93 94
92 100 98 44 79 97 88 86 99 74 95 85 84 94 100 91 99 60 100 98 20 100 100 99 97 98 93 97 94 93 97 96 99 57 0 100 96 91 96 92 98 99 99 77 99 94 100 94 30 99
94 53 100 99 85 98 88 96 65 76 85 86 97 92 100 91 90 96 94 98 100 96 84 99 98 90 27 86 96 98 98 32 99 99 100 0 95 65 100 81 98 95 88 100 86 98 96 99 100 95
99 96 95 100 92 98 99 70 97 96 98 93 94 100 100 58 96 100 80 99 51 68 91 99 99 97 100 98 99 98 94 97 82 97 96 95 0 99 94 90 87 96 89 99 86 97 94 97 98 99
90 96 99 99 99 31 96 100 82 97 97 97 29 99 99 92 88 94 71 58 99 97 84 81 100 90 97 71 92 98 99 99 58 99 91 65 99 0 100 100 93 99 95 80 83 100 98 95 77 99
75 62 96 99 100 100 91 98 71 79 99 98 99 99 100 81 100 100 89 98 98 100 95 99 100 99 99 99 100 89 96 99 99 99 96 100 94 100 0 96 98 97 94 98 92 89 100 75 99 93
95 98 87 96 100 95 82 100 92 98 99 98 99 92 95 82 92 98 92 95 59 99 97 98 94 63 94 92 100 98 86 97 97 84 92 81 90 100 96 0 67 77 87 96 94 99 99 98 98 7
98 87 100 100 86 97 96 97 100 97 90 100 89 100 98 84 99 92 99 99 100 96 100 99 99 95 94 95 97 98 94 81 75 99 98 98 87 93 98 67 0 52 98 100 90 97 75 98 97 84
100 98 100 98 99 100 99 93 99 89 98 99 99 89 98 92 100 100 94 99 97 99 98 100 98 95 100 65 93 94 97 97 98 72 99 95 96 99 97 77 52 0 99 43 94 100 17 99 84 83
97 100 97 80 100 87 93 78 63 93 93 85 98 97 86 94 99 61 88 98 99 100 80 83 97 99 100 94 80 99 98 86 95 100 99 88 89 95 94 87 98 99 0 97 79 55 96 96 98 33
100 98 100 98 96 98 98 90 93 98 99 60 48 99 99 99 17 97 74 99 99 99 100 90 98 97 98 99 99 93 42 95 28 90 77 100 99 80 98 96 100 43 97 0 98 78 97 32 96 96
99 62 99 81 98 41 88 97 97 74 82 94 99 100 72 96 99 53 78 85 93 100 97 100 100 100 100 97 90 96 58 100 99 99 99 86 86 83 92 94 90 94 79 98 0 88 99 88 99 98
95 93 96 95 69 79 98 99 98 99 69 99 57 100 89 98 98 99 98 80 99 100 98 90 96 95 99 98 53 98 88 94 100 99 94 98 97 100 89 99 97 100 55 78 88 0 91 97 100 75
99 47 100 96 99 97 97 100 71 98 97 98 96 92 99 99 90 88 97 97 95 96 84 95 96 100 43 98 99 97 90 92 98 89 100 96 94 98 100 99 75 17 96 97 99 91 0 81 98 100
100 91 86 92 94 67 96 93 83 69 49 99 92 100 98 73 96 100 93 100 100 92 99 97 100 98 83 99 92 96 81 94 83 89 94 99 97 95 75 98 98 99 96 32 88 97 81 0 40 100
74 91 96 97 97 92 97 97 82 100 96 98 99 98 74 92 96 100 100 79 85 88 83 93 92 99 96 69 98 62 93 99 55 93 30 100 98 77 99 98 97 84 98 96 99 100 98 40 0 99
100 97 96 99 99 77 98 99 100 76 100 100 97 100 100 92 99 98 100 95 94 99 99 91 100 95 100 99 90 94 97 93 99 94 99 95 99 99 93 7 84 83 33 96 98 75 100 100 99 0
RRRRRRRRRRRRRRRRRRRRRRRRRBBBBBBBBBBBBBBBBBBBBBBBBB
