50
0 56 43 45 16 57 46 77 49 56 66 39 30 90 82 75 40 69 28 18 100 75 73 56 88 60 41 66 23 33 33 40 88 27 13 31 23 70 18 50 48 20 28 56 64 84 79 44 41 15   
56 0 49 60 63 48 67 33 77 36 16 48 39 36 6 55 65 87 4 91 28 50 57 60 65 81 34 60 20 22 11 46 61 22 45 69 56 96 79 69 50 54 85 62 16 67 63 77 47 76   
43 49 0 85 60 61 21 61 40 54 49 53 1 35 15 16 87 8 83 20 51 15 11 83 66 76 62 22 68 44 91 59 76 18 23 63 6 50 72 62 47 33 28 77 71 45 91 48 52 40   
45 60 85 0 40 50 50 26 54 53 58 82 29 47 74 24 47 44 62 73 58 67 81 29 29 45 36 42 66 81 71 34 52 34 11 23 74 66 36 68 59 51 14 13 14 52 67 87 58 55   
16 63 60 40 0 52 32 53 79 58 64 43 54 60 47 49 94 24 37 72 89 15 67 34 69 74 64 45 74 67 46 60 24 56 21 49 24 44 31 37 56 78 64 59 39 93 43 26 38 12   
57 48 61 50 52 0 54 25 77 46 53 35 3 57 74 50 52 65 24 58 35 47 68 36 69 80 42 40 60 51 56 74 40 44 65 25 48 88 42 68 34 47 45 75 26 32 84 29 17 41   
46 67 21 50 32 54 0 81 75 54 68 35 57 51 79 79 47 28 64 67 88 46 6 60 29 80 18 42 63 86 40 91 30 60 54 37 60 63 93 10 60 50 88 48 31 73 94 34 74 82   
77 33 61 26 53 25 81 0 36 83 68 59 35 40 44 46 52 53 87 82 61 42 67 36 79 78 68 80 85 32 85 27 50 72 30 28 30 43 57 76 90 75 40 71 43 53 69 7 86 41   
49 77 40 54 79 77 75 36 0 65 43 55 80 47 34 75 22 61 42 16 39 73 42 63 49 60 36 35 34 40 34 40 66 68 30 21 90 60 47 74 57 51 88 43 43 11 49 51 71 76   
56 36 54 53 58 46 54 83 65 0 48 68 26 76 37 55 73 36 71 61 33 81 45 25 77 90 59 42 53 72 50 73 42 44 38 57 38 42 81 78 50 87 59 56 25 35 79 31 75 13   
66 16 49 58 64 53 68 68 43 48 0 7 56 58 39 35 74 92 8 94 51 20 70 44 29 59 27 40 41 18 87 41 24 3 55 87 42 56 75 82 53 79 67 48 47 46 73 31 49 40   
39 48 53 82 43 35 35 59 55 68 7 0 15 46 28 56 36 23 75 88 21 8 34 36 34 66 80 97 36 69 54 67 91 74 26 80 7 42 56 51 50 17 32 13 52 96 5 47 87 32   
30 39 1 29 54 3 57 35 80 26 56 15 0 37 58 94 49 52 91 63 78 28 55 59 49 60 69 67 50 44 41 71 67 50 41 52 29 13 53 54 31 70 41 45 37 45 83 37 61 68   
90 36 35 47 60 57 51 40 47 76 58 46 37 0 69 55 49 89 26 49 16 55 14 45 92 61 15 48 24 46 66 63 87 56 21 67 68 60 66 69 34 32 43 36 71 52 24 26 93 75   
82 6 15 74 47 74 79 44 34 37 39 28 58 69 0 74 44 53 53 37 7 22 36 86 38 68 80 46 51 46 69 73 63 66 55 43 29 42 17 25 26 36 59 30 50 48 71 49 59 72   
75 55 16 24 49 50 79 46 75 55 35 56 94 55 74 0 30 70 17 64 36 43 44 21 68 54 26 44 72 32 71 15 62 34 64 72 13 96 73 58 43 46 51 46 40 63 32 61 54 56   
40 65 87 47 94 52 47 52 22 73 74 36 49 49 44 30 0 81 84 54 32 62 55 27 27 30 25 41 49 70 70 93 58 25 74 59 27 47 42 19 40 89 58 46 8 29 60 22 51 46   
69 87 8 44 24 65 28 53 61 36 92 23 52 89 53 70 81 0 89 77 49 41 54 60 37 29 51 60 65 22 44 28 46 47 50 51 43 48 67 64 37 37 76 79 11 46 18 9 8 45   
28 4 83 62 37 24 64 87 42 71 8 75 91 26 53 17 84 89 0 26 74 77 33 23 18 7 28 58 63 32 48 23 46 8 64 43 69 7 52 32 34 35 27 17 61 65 19 32 60 49   
18 91 20 73 72 58 67 82 16 61 94 88 63 49 37 64 54 77 26 0 86 72 30 61 65 77 69 53 8 82 20 19 44 40 74 47 88 75 42 34 58 46 27 46 50 85 26 78 78 24   
100 28 51 58 89 35 88 61 39 33 51 21 78 16 7 36 32 49 74 86 0 50 14 34 36 67 21 80 42 65 90 87 34 60 79 27 62 35 18 37 68 72 43 52 49 22 52 50 79 67   
75 50 15 67 15 47 46 42 73 81 20 8 28 55 22 43 62 41 77 72 50 0 64 11 12 38 23 40 65 54 18 86 11 33 56 64 41 56 33 21 60 73 34 55 38 56 37 51 62 78   
73 57 11 81 67 68 6 67 42 45 70 34 55 14 36 44 55 54 33 30 14 64 0 87 60 16 64 18 43 88 65 31 31 49 76 56 12 61 71 35 88 44 23 60 13 59 78 76 4 26   
56 60 83 29 34 36 60 36 63 25 44 36 59 45 86 21 27 60 23 61 34 11 87 0 53 19 33 37 59 35 87 63 26 93 67 38 19 68 39 68 57 84 1 45 24 52 49 44 67 30   
88 65 66 29 69 69 29 79 49 77 29 34 49 92 38 68 27 37 18 65 36 12 60 53 0 26 20 10 43 68 78 49 22 40 69 63 26 23 53 17 77 22 33 13 13 27 87 83 82 90   
60 81 76 45 74 80 80 78 60 90 59 66 60 61 68 54 30 29 7 77 67 38 16 19 26 0 66 65 61 68 59 53 82 55 51 64 49 66 56 81 53 74 14 61 32 76 44 28 22 92   
41 34 62 36 64 42 18 68 36 59 27 80 69 15 80 26 25 51 28 69 21 23 64 33 20 66 0 42 90 55 23 59 83 98 42 58 40 58 39 55 44 49 36 61 78 13 48 65 52 41   
66 60 22 42 45 40 42 80 35 42 40 97 67 48 46 44 41 60 58 53 80 40 18 37 10 65 42 0 57 80 38 23 35 57 82 43 79 71 85 65 49 73 61 27 53 56 60 70 51 42   
23 20 68 66 74 60 63 85 34 53 41 36 50 24 51 72 49 65 63 8 42 65 43 59 43 61 90 57 0 69 12 9 40 33 56 49 31 65 20 64 53 46 64 86 71 72 13 49 16 55   
33 22 44 81 67 51 86 32 40 72 18 69 44 46 46 32 70 22 32 82 65 54 88 35 68 68 55 80 69 0 38 33 95 34 76 60 51 64 57 43 58 58 68 67 64 42 89 75 63 28   
33 11 91 71 46 56 40 85 34 50 87 54 41 66 69 71 70 44 48 20 90 18 65 87 78 59 23 38 12 38 0 74 65 24 60 64 28 18 40 68 84 25 79 56 36 49 46 67 46 34   
40 46 59 34 60 74 91 27 40 73 41 67 71 63 73 15 93 28 23 19 87 86 31 63 49 53 59 23 9 33 74 0 59 79 93 23 31 69 57 84 33 23 67 52 83 33 65 36 29 50   
88 61 76 52 24 40 30 50 66 42 24 91 67 87 63 62 58 46 46 44 34 11 31 26 22 82 83 35 40 95 65 59 0 45 37 28 75 65 31 46 68 89 33 72 26 55 46 70 32 42   
27 22 18 34 56 44 60 72 68 44 3 74 50 56 66 34 25 47 8 40 60 33 49 93 40 55 98 57 33 34 24 79 45 0 35 35 6 57 88 73 39 53 64 49 89 73 85 83 44 31   
13 45 23 11 21 65 54 30 30 38 55 26 41 21 55 64 74 50 64 74 79 56 76 67 69 51 42 82 56 76 60 93 37 35 0 78 56 60 70 50 51 68 54 44 64 50 44 11 30 25   
31 69 63 23 49 25 37 28 21 57 87 80 52 67 43 72 59 51 43 47 27 64 56 38 63 64 58 43 49 60 64 23 28 35 78 0 60 68 14 67 58 50 18 36 38 60 80 22 73 51   
23 56 6 74 24 48 60 30 90 38 42 7 29 68 29 13 27 43 69 88 62 41 12 19 26 49 40 79 31 51 28 31 75 6 56 60 0 38 22 69 46 32 43 68 39 20 32 44 44 46   
70 96 50 66 44 88 63 43 60 42 56 42 13 60 42 96 47 48 7 75 35 56 61 68 23 66 58 71 65 64 18 69 65 57 60 68 38 0 43 13 51 79 92 22 40 19 53 49 44 24   
18 79 72 36 31 42 93 57 47 81 75 56 53 66 17 73 42 67 52 42 18 33 71 39 53 56 39 85 20 57 40 57 31 88 70 14 22 43 0 47 71 89 84 81 53 19 73 35 84 21   
50 69 62 68 37 68 10 76 74 78 82 51 54 69 25 58 19 64 32 34 37 21 35 68 17 81 55 65 64 43 68 84 46 73 50 67 69 13 47 0 55 2 14 89 74 68 27 43 98 64   
48 50 47 59 56 34 60 90 57 50 53 50 31 34 26 43 40 37 34 58 68 60 88 57 77 53 44 49 53 58 84 33 68 39 51 58 46 51 71 55 0 50 52 48 59 37 63 19 56 20   
20 54 33 51 78 47 50 75 51 87 79 17 70 32 36 46 89 37 35 46 72 73 44 84 22 74 49 73 46 58 25 23 89 53 68 50 32 79 89 2 50 0 19 56 54 63 32 40 53 56   
28 85 28 14 64 45 88 40 88 59 67 32 41 43 59 51 58 76 27 27 43 34 23 1 33 14 36 61 64 68 79 67 33 64 54 18 43 92 84 14 52 19 0 85 18 40 72 77 55 50   
56 62 77 13 59 75 48 71 43 56 48 13 45 36 30 46 46 79 17 46 52 55 60 45 13 61 61 27 86 67 56 52 72 49 44 36 68 22 81 89 48 56 85 0 21 14 60 89 36 60   
64 16 71 14 39 26 31 43 43 25 47 52 37 71 50 40 8 11 61 50 49 38 13 24 13 32 78 53 71 64 36 83 26 89 64 38 39 40 53 74 59 54 18 21 0 11 32 45 22 72   
84 67 45 52 93 32 73 53 11 35 46 96 45 52 48 63 29 46 65 85 22 56 59 52 27 76 13 56 72 42 49 33 55 73 50 60 20 19 19 68 37 63 40 14 11 0 32 68 89 42   
79 63 91 67 43 84 94 69 49 79 73 5 83 24 71 32 60 18 19 26 52 37 78 49 87 44 48 60 13 89 46 65 46 85 44 80 32 53 73 27 63 32 72 60 32 32 0 78 47 56   
44 77 48 87 26 29 34 7 51 31 31 47 37 26 49 61 22 9 32 78 50 51 76 44 83 28 65 70 49 75 67 36 70 83 11 22 44 49 35 43 19 40 77 89 45 68 78 0 73 93   
41 47 52 58 38 17 74 86 71 75 49 87 61 93 59 54 51 8 60 78 79 62 4 67 82 22 52 51 16 63 46 29 32 44 30 73 44 44 84 98 56 53 55 36 22 89 47 73 0 33   
15 76 40 55 12 41 82 41 76 13 40 32 68 75 72 56 46 45 49 24 67 78 26 30 90 92 41 42 55 28 34 50 42 31 25 51 46 24 21 64 20 56 50 60 72 42 56 93 33 0
BBRBBBRBBRBRRRRRRBBRBBBRRBRRBRBBRBBBBRRRBRRRBBBRRR