50
0 0 0 0 0 0 0 0 1 1 88 95 95 86 78 76 75 87 86 96 86 96 83 82 89 90 79 76 79 75 97 95 93 96 83 92 96 79 82 88 80 96 95 84 85 87 79 80 90 91
0 0 1 1 1 1 1 1 1 1 82 82 96 99 88 78 99 90 81 96 82 88 76 89 97 87 92 82 97 86 88 91 85 99 88 77 81 90 92 99 89 80 94 78 87 94 89 89 96 90
0 1 0 2 2 2 2 3 3 3 99 89 83 93 91 99 78 91 95 91 94 77 85 91 95 98 86 83 94 92 89 79 91 94 97 84 80 91 83 91 81 78 79 97 92 99 78 90 80 79
0 1 2 0 3 3 3 3 4 4 83 97 84 95 83 96 81 94 93 85 91 78 99 82 83 81 94 96 82 76 84 77 99 95 78 95 98 95 85 76 83 83 86 91 78 78 76 83 96 97
0 1 2 3 0 4 4 4 4 4 93 87 97 95 78 94 90 91 90 80 94 86 83 99 75 86 75 78 76 97 96 77 75 86 94 89 76 95 87 89 99 84 97 88 76 76 99 78 84 91
0 1 2 3 4 0 4 4 5 5 85 93 87 79 81 86 87 86 79 99 94 80 78 76 94 96 82 75 87 86 75 88 99 83 90 89 95 96 88 87 96 95 81 99 94 80 87 77 92 84
0 1 2 3 4 4 0 5 5 5 76 99 83 86 90 91 84 80 93 95 88 91 85 97 92 95 96 80 88 87 79 88 87 96 91 75 80 80 83 76 86 99 97 97 77 89 94 94 81 91
0 1 3 3 4 4 5 0 5 5 77 93 76 99 95 85 88 93 89 85 85 79 78 85 95 81 81 90 95 99 89 91 91 77 84 90 97 98 75 91 77 95 84 96 96 94 81 95 89 76
1 1 3 4 4 5 5 5 0 5 91 88 93 81 91 78 99 97 93 75 76 97 90 87 77 81 90 82 81 79 91 84 95 89 93 79 78 88 98 93 81 84 99 88 81 84 99 98 96 84
1 1 3 4 4 5 5 5 5 0 75 88 93 97 87 82 92 79 84 91 78 95 78 86 91 80 91 90 79 77 83 96 91 94 95 89 75 78 92 85 85 78 88 94 90 88 84 84 91 89
88 82 99 83 93 85 76 77 91 75 0 6 6 6 6 6 6 6 6 6 90 91 90 97 89 97 88 75 88 82 80 95 77 87 75 88 85 92 82 91 86 79 75 78 77 98 87 83 83 81
95 82 89 97 87 93 99 93 88 88 6 0 6 6 6 7 7 7 7 7 79 86 75 85 82 94 91 79 95 95 88 97 91 99 85 84 86 92 94 97 96 97 94 87 85 89 91 84 86 81
95 96 83 84 97 87 83 76 93 93 6 6 0 7 7 7 7 7 7 8 80 87 79 87 79 84 82 84 83 95 78 98 86 86 88 89 89 87 95 82 97 84 89 89 81 90 92 76 89 88
86 99 93 95 95 79 86 99 81 97 6 6 7 0 8 8 8 8 8 9 90 93 96 96 88 85 95 91 81 90 85 76 89 88 81 79 79 81 96 85 99 84 99 76 99 78 98 90 87 95
78 88 91 83 78 81 90 95 91 87 6 6 7 8 0 9 9 10 10 10 98 93 93 93 88 90 81 78 78 92 98 99 95 90 75 95 84 96 76 87 85 93 82 94 79 82 82 80 97 87
76 78 99 96 94 86 91 85 78 82 6 7 7 8 9 0 10 10 10 10 91 81 82 98 85 98 91 79 80 95 89 76 84 86 86 76 95 98 92 75 77 80 98 96 82 85 82 77 94 91
75 99 78 81 90 87 84 88 99 92 6 7 7 8 9 10 0 11 11 11 78 87 95 98 89 98 79 88 94 97 97 77 97 95 85 93 82 79 93 94 86 75 75 81 94 99 92 99 75 76
87 90 91 94 91 86 80 93 97 79 6 7 7 8 10 10 11 0 12 12 80 76 95 87 90 85 79 84 84 99 89 83 85 98 82 92 78 90 86 86 77 80 89 89 78 91 81 82 87 84
86 81 95 93 90 79 93 89 93 84 6 7 7 8 10 10 11 12 0 12 80 79 87 77 86 75 96 93 87 94 92 75 91 86 77 84 97 95 94 90 95 84 78 89 82 83 75 89 80 86
96 96 91 85 80 99 95 85 75 91 6 7 8 9 10 10 11 12 12 0 89 75 88 87 94 83 94 78 77 97 86 99 82 78 95 83 95 92 89 89 99 96 96 81 89 79 95 78 75 99
86 82 94 91 94 94 88 85 76 78 90 79 80 90 98 91 78 80 80 89 0 12 13 13 13 13 13 13 13 14 97 84 82 95 80 77 90 82 85 95 84 91 88 86 78 80 86 97 98 91
96 88 77 78 86 80 91 79 97 95 91 86 87 93 93 81 87 76 79 75 12 0 15 15 15 16 16 16 16 16 96 97 97 81 86 95 94 89 85 93 86 81 97 79 89 99 83 85 90 92
83 76 85 99 83 78 85 78 90 78 90 75 79 96 93 82 95 95 87 88 13 15 0 17 17 17 17 17 18 18 77 86 80 92 97 86 91 79 84 81 85 85 76 83 78 76 83 94 90 84
82 89 91 82 99 76 97 85 87 86 97 85 87 96 93 98 98 87 77 87 13 15 17 0 18 18 19 19 19 19 92 94 84 79 92 84 99 86 98 93 99 76 79 91 75 94 95 96 83 79
89 97 95 83 75 94 92 95 77 91 89 82 79 88 88 85 89 90 86 94 13 15 17 18 0 20 20 20 21 21 85 95 77 76 99 76 83 82 86 98 76 97 81 99 88 80 99 87 82 77
90 87 98 81 86 96 95 81 81 80 97 94 84 85 90 98 98 85 75 83 13 16 17 18 20 0 21 21 21 21 97 98 89 85 99 83 86 87 82 90 96 76 78 76 83 76 86 87 85 92
79 92 86 94 75 82 96 81 90 91 88 91 82 95 81 91 79 79 96 94 13 16 17 19 20 21 0 22 22 22 97 79 91 98 82 91 86 96 90 91 77 98 88 90 81 85 98 75 81 99
76 82 83 96 78 75 80 90 82 90 75 79 84 91 78 79 88 84 93 78 13 16 17 19 20 21 22 0 22 22 75 83 88 93 94 83 93 84 84 90 75 77 92 99 91 85 93 84 75 87
79 97 94 82 76 87 88 95 81 79 88 95 83 81 78 80 94 84 87 77 13 16 18 19 21 21 22 22 0 23 93 94 98 91 97 78 81 88 91 81 84 96 87 98 91 81 85 75 86 81
75 86 92 76 97 86 87 99 79 77 82 95 95 90 92 95 97 99 94 97 14 16 18 19 21 21 22 22 23 0 98 81 98 88 82 76 98 96 89 95 98 81 99 86 81 80 75 86 75 89
97 88 89 84 96 75 79 89 91 83 80 88 78 85 98 89 97 89 92 86 97 96 77 92 85 97 97 75 93 98 0 23 23 23 24 24 24 24 24 25 80 90 77 94 89 76 85 91 84 93
95 91 79 77 77 88 88 91 84 96 95 97 98 76 99 76 77 83 75 99 84 97 86 94 95 98 79 83 94 81 23 0 25 26 26 26 26 26 26 27 82 75 77 93 78 76 97 81 89 92
93 85 91 99 75 99 87 91 95 91 77 91 86 89 95 84 97 85 91 82 82 97 80 84 77 89 91 88 98 98 23 25 0 27 27 28 28 29 30 30 83 79 97 82 76 95 78 77 85 90
96 99 94 95 86 83 96 77 89 94 87 99 86 88 90 86 95 98 86 78 95 81 92 79 76 85 98 93 91 88 23 26 27 0 30 30 31 32 32 32 76 89 96 91 89 97 99 75 76 89
83 88 97 78 94 90 91 84 93 95 75 85 88 81 75 86 85 82 77 95 80 86 97 92 99 99 82 94 97 82 24 26 27 30 0 32 32 34 34 34 75 79 86 80 85 95 96 92 82 95
92 77 84 95 89 89 75 90 79 89 88 84 89 79 95 76 93 92 84 83 77 95 86 84 76 83 91 83 78 76 24 26 28 30 32 0 34 34 36 37 84 98 96 87 91 82 92 75 97 82
96 81 80 98 76 95 80 97 78 75 85 86 89 79 84 95 82 78 97 95 90 94 91 99 83 86 86 93 81 98 24 26 28 31 32 34 0 37 38 38 82 95 82 94 98 77 94 90 78 91
79 90 91 95 95 96 80 98 88 78 92 92 87 81 96 98 79 90 95 92 82 89 79 86 82 87 96 84 88 96 24 26 29 32 34 34 37 0 38 39 96 91 90 94 81 75 94 95 97 86
82 92 83 85 87 88 83 75 98 92 82 94 95 96 76 92 93 86 94 89 85 85 84 98 86 82 90 84 91 89 24 26 30 32 34 36 38 38 0 39 96 92 95 77 86 83 85 77 89 85
88 99 91 76 89 87 76 91 93 85 91 97 82 85 87 75 94 86 90 89 95 93 81 93 98 90 91 90 81 95 25 27 30 32 34 37 38 39 39 0 97 75 80 95 91 97 99 88 82 92
80 89 81 83 99 96 86 77 81 85 86 96 97 99 85 77 86 77 95 99 84 86 85 99 76 96 77 75 84 98 80 82 83 76 75 84 82 96 96 97 0 39 39 40 41 42 42 42 44 44
96 80 78 83 84 95 99 95 84 78 79 97 84 84 93 80 75 80 84 96 91 81 85 76 97 76 98 77 96 81 90 75 79 89 79 98 95 91 92 75 39 0 44 45 45 46 47 50 50 50
95 94 79 86 97 81 97 84 99 88 75 94 89 99 82 98 75 89 78 96 88 97 76 79 81 78 88 92 87 99 77 77 97 96 86 96 82 90 95 80 39 44 0 50 50 50 50 50 50 50
84 78 97 91 88 99 97 96 88 94 78 87 89 76 94 96 81 89 89 81 86 79 83 91 99 76 90 99 98 86 94 93 82 91 80 87 94 94 77 95 40 45 50 0 50 50 50 50 50 50
85 87 92 78 76 94 77 96 81 90 77 85 81 99 79 82 94 78 82 89 78 89 78 75 88 83 81 91 91 81 89 78 76 89 85 91 98 81 86 91 41 45 50 50 0 50 50 50 50 50
87 94 99 78 76 80 89 94 84 88 98 89 90 78 82 85 99 91 83 79 80 99 76 94 80 76 85 85 81 80 76 76 95 97 95 82 77 75 83 97 42 46 50 50 50 0 50 50 50 50
79 89 78 76 99 87 94 81 99 84 87 91 92 98 82 82 92 81 75 95 86 83 83 95 99 86 98 93 85 75 85 97 78 99 96 92 94 94 85 99 42 47 50 50 50 50 0 50 50 50
80 89 90 83 78 77 94 95 98 84 83 84 76 90 80 77 99 82 89 78 97 85 94 96 87 87 75 84 75 86 91 81 77 75 92 75 90 95 77 88 42 50 50 50 50 50 50 0 50 50
90 96 80 96 84 92 81 89 96 91 83 86 89 87 97 94 75 87 80 75 98 90 90 83 82 85 81 75 86 75 84 89 85 76 82 97 78 97 89 82 44 50 50 50 50 50 50 50 0 50
91 90 79 97 91 84 91 76 84 89 81 81 88 95 87 91 76 84 86 99 91 92 84 79 77 92 99 87 81 89 93 92 90 89 95 82 91 86 85 92 44 50 50 50 50 50 50 50 50 0
RRRRRRRRRRRRRRRRRRRRRRRRRBBBBBBBBBBBBBBBBBBBBBBBBB