50
0 94 51 18 56 72 36 89 65 13 96 56 5 17 17 28 85 15 32 91 61 55 49 81 55 33 24 36 60 80 10 74 23 22 12 97 35 86 4 35 53 2 45 39 91 35 70 94 85 59
94 0 24 92 13 25 60 25 24 89 20 40 52 53 86 59 27 72 73 29 22 23 64 3 8 98 89 94 9 25 74 21 94 89 59 29 100 11 77 87 4 91 97 97 49 84 32 29 47 9
51 24 0 82 19 31 68 6 25 77 6 39 96 99 62 53 16 64 82 45 44 6 96 47 33 100 65 57 42 22 91 13 99 52 100 38 52 45 87 73 34 53 74 92 44 60 39 2 12 2
18 92 82 0 57 99 42 68 85 19 90 51 23 46 36 18 86 27 42 53 100 93 32 81 81 25 2 30 76 56 25 86 6 24 33 100 26 51 22 48 59 6 30 49 53 42 87 57 67 53
56 13 19 57 0 15 94 27 26 68 1 8 54 63 97 70 49 81 88 25 42 26 86 48 20 67 80 72 37 45 80 39 62 56 61 11 64 31 65 72 33 98 92 64 30 59 7 18 25 14
72 25 31 99 15 0 83 33 39 73 32 31 82 97 54 70 25 62 95 24 33 29 91 38 47 55 73 61 24 11 87 21 98 56 52 30 67 2 69 82 8 65 55 65 13 93 49 33 41 15
36 60 68 42 94 83 0 81 83 37 83 53 39 35 34 29 64 23 26 82 75 75 22 95 91 6 34 37 95 70 49 75 1 37 32 87 11 97 11 21 55 34 24 24 57 44 78 55 97 70
89 25 6 68 27 33 81 0 8 70 21 32 72 58 93 100 14 74 79 15 28 1 69 8 12 62 52 55 21 35 93 48 57 76 65 35 80 43 91 79 2 72 96 85 32 67 6 24 5 6
65 24 25 85 26 39 83 8 0 83 27 22 82 99 65 81 18 79 72 3 3 13 75 46 18 100 69 57 8 17 57 9 79 58 86 10 59 23 73 82 20 58 91 92 19 90 13 29 34 27
13 89 77 19 68 73 37 70 83 0 56 99 26 13 17 12 100 21 9 86 83 74 27 64 97 24 40 2 79 95 7 86 45 19 48 83 47 65 1 48 53 8 45 9 83 17 58 67 73 57
96 20 6 90 1 32 83 21 27 56 0 2 71 75 55 98 48 64 55 5 24 4 73 31 39 81 52 95 27 4 72 12 89 75 83 49 74 9 85 70 45 70 81 72 22 57 47 1 18 8
56 40 39 51 8 31 53 32 22 99 2 0 53 84 56 73 12 74 71 6 12 44 77 4 20 82 85 69 24 32 63 17 97 84 67 29 60 46 91 62 28 79 74 60 31 86 10 46 25 12
5 52 96 23 54 82 39 72 82 26 71 53 0 4 33 26 82 45 8 82 80 69 36 67 72 47 45 31 55 73 37 96 17 38 14 69 38 60 36 1 73 6 29 31 64 27 62 64 87 83
17 53 99 46 63 97 35 58 99 13 75 84 4 0 27 35 53 10 29 100 68 75 20 92 82 41 34 19 95 74 31 57 49 40 41 81 3 99 12 20 80 1 4 36 63 9 94 56 77 86
17 86 62 36 97 54 34 93 65 17 55 56 33 27 0 37 92 28 46 71 65 92 18 87 68 36 29 21 97 90 2 53 38 46 13 74 14 66 26 30 100 9 49 46 78 4 85 65 73 78
28 59 53 18 70 70 29 100 81 12 98 73 26 35 37 0 99 43 29 98 67 56 1 57 91 39 32 6 65 99 5 51 4 44 44 88 21 99 41 34 60 10 48 32 98 15 98 74 58 65
85 27 16 86 49 25 64 14 18 100 48 12 82 53 92 99 0 76 53 29 31 3 55 3 46 90 94 72 12 2 67 7 52 80 68 33 94 49 79 70 28 100 95 80 4 100 40 27 36 33
15 72 64 27 81 62 23 74 79 21 64 74 45 10 28 43 76 0 24 96 82 85 28 60 58 12 35 47 85 60 16 59 24 46 19 93 45 73 11 28 95 7 17 15 74 11 56 69 97 81
32 73 82 42 88 95 26 79 72 9 55 71 8 29 46 29 53 24 0 83 68 87 1 100 74 13 38 47 52 93 35 84 4 19 40 63 12 61 7 46 96 31 8 8 72 15 95 88 98 81
91 29 45 53 25 24 82 15 3 86 5 6 82 100 71 98 29 96 83 0 22 19 92 34 2 85 93 88 40 1 53 45 77 68 55 39 77 29 96 99 27 61 96 61 26 68 1 25 15 47
61 22 44 100 42 33 75 28 3 83 24 12 80 68 65 67 31 82 68 22 0 43 59 22 12 59 77 74 44 8 73 10 73 67 68 6 59 49 67 54 4 76 68 71 2 76 24 27 21 3
55 23 6 93 26 29 75 1 13 74 4 44 69 75 92 56 3 85 87 19 43 0 67 5 49 61 53 74 26 7 62 3 51 100 73 30 95 15 66 71 38 76 95 80 35 58 29 44 4 45
49 64 96 32 86 91 22 69 75 27 73 77 36 20 18 1 55 28 1 92 59 67 0 95 69 21 49 6 52 56 29 57 23 11 32 84 17 99 35 12 98 38 28 34 85 29 98 94 90 97
81 3 47 81 48 38 95 8 46 64 31 4 67 92 87 57 3 60 100 34 22 5 95 0 21 86 97 65 1 24 90 46 62 90 72 45 92 45 95 56 9 94 74 58 34 97 11 8 8 21
55 8 33 81 20 47 91 12 18 97 39 20 72 82 68 91 46 58 74 2 12 49 69 21 0 63 87 90 35 36 56 4 74 99 91 33 88 1 60 76 19 63 72 64 31 88 33 49 31 8
33 98 100 25 67 55 6 62 100 24 81 82 47 41 36 39 90 12 13 85 59 61 21 86 63 0 4 32 94 76 33 67 47 11 45 53 44 69 33 48 54 18 12 19 93 13 57 70 64 83
24 89 65 2 80 73 34 52 69 40 52 85 45 34 29 32 94 35 38 93 77 53 49 97 87 4 0 31 99 65 29 83 17 48 10 90 38 60 8 24 94 11 40 9 82 14 68 59 100 57
36 94 57 30 72 61 37 55 57 2 95 69 31 19 21 6 72 47 47 88 74 74 6 65 90 32 31 0 92 88 11 69 8 15 13 76 18 56 33 37 55 14 26 17 64 28 81 92 57 62
60 9 42 76 37 24 95 21 8 79 27 24 55 95 97 65 12 85 52 40 44 26 52 1 35 94 99 92 0 10 65 4 51 61 53 19 92 14 83 59 49 88 90 52 28 64 31 46 2 16
80 25 22 56 45 11 70 35 17 95 4 32 73 74 90 99 2 60 93 1 8 7 56 24 36 76 65 88 10 0 61 44 63 86 93 25 78 4 83 79 44 75 75 92 46 79 29 16 27 11
10 74 91 25 80 87 49 93 57 7 72 63 37 31 2 5 67 16 35 53 73 62 29 90 56 33 29 11 65 61 0 55 7 46 24 51 2 86 30 22 62 33 44 5 84 44 88 86 80 86
74 21 13 86 39 21 75 48 9 86 12 17 96 57 53 51 7 59 84 45 10 3 57 46 4 67 83 69 4 44 55 0 95 67 65 31 80 26 87 51 9 68 63 53 34 74 40 1 31 25
23 94 99 6 62 98 1 57 79 45 89 97 17 49 38 4 52 24 4 77 73 51 23 62 74 47 17 8 51 63 7 95 0 6 1 71 4 90 3 20 95 10 48 9 64 20 52 74 52 72
22 89 52 24 56 56 37 76 58 19 75 84 38 40 46 44 80 46 19 68 67 100 11 90 99 11 48 15 61 86 46 67 6 0 5 86 48 65 2 8 96 39 26 49 80 20 85 66 83 95
12 59 100 33 61 52 32 65 86 48 83 67 14 41 13 44 68 19 40 55 68 73 32 72 91 45 10 13 53 93 24 65 1 5 0 57 27 76 10 11 89 47 21 13 92 28 73 80 65 84
97 29 38 100 11 30 87 35 10 83 49 29 69 81 74 88 33 93 63 39 6 30 84 45 33 53 90 76 19 25 51 31 71 86 57 0 91 37 67 72 35 54 87 56 38 59 15 36 48 45
35 100 52 26 64 67 11 80 59 47 74 60 38 3 14 21 94 45 12 77 59 95 17 92 88 44 38 18 92 78 2 80 4 48 27 91 0 76 36 13 91 44 44 39 66 47 99 62 61 61
86 11 45 51 31 2 97 43 23 65 9 46 60 99 66 99 49 73 61 29 49 15 99 45 1 69 60 56 14 4 86 26 90 65 76 37 76 0 58 54 38 63 66 95 11 87 10 8 5 35
4 77 87 22 65 69 11 91 73 1 85 91 36 12 26 41 79 11 7 96 67 66 35 95 60 33 8 33 83 83 30 87 3 2 10 67 36 58 0 46 99 9 34 41 51 16 89 64 55 56
35 87 73 48 72 82 21 79 82 48 70 62 1 20 30 34 70 28 46 99 54 71 12 56 76 48 24 37 59 79 22 51 20 8 11 72 13 54 46 0 92 1 9 37 62 17 62 62 78 72
53 4 34 59 33 8 55 2 20 53 45 28 73 80 100 60 28 95 96 27 4 38 98 9 19 54 94 55 49 44 62 9 95 96 89 35 91 38 99 92 0 77 71 92 21 96 14 36 3 37
2 91 53 6 98 65 34 72 58 8 70 79 6 1 9 10 100 7 31 61 76 76 38 94 63 18 11 14 88 75 33 68 10 39 47 54 44 63 9 1 77 0 15 15 69 32 97 85 55 69
45 97 74 30 92 55 24 96 91 45 81 74 29 4 49 48 95 17 8 96 68 95 28 74 72 12 40 26 90 75 44 63 48 26 21 87 44 66 34 9 71 15 0 41 59 21 74 53 77 60
39 97 92 49 64 65 24 85 92 9 72 60 31 36 46 32 80 15 8 61 71 80 34 58 64 19 9 17 52 92 5 53 9 49 13 56 39 95 41 37 92 15 41 0 92 3 93 63 82 84
91 49 44 53 30 13 57 32 19 83 22 31 64 63 78 98 4 74 72 26 2 35 85 34 31 93 82 64 28 46 84 34 64 80 92 38 66 11 51 62 21 69 59 92 0 74 34 43 2 8
35 84 60 42 59 93 44 67 90 17 57 86 27 9 4 15 100 11 15 68 76 58 29 97 88 13 14 28 64 79 44 74 20 20 28 59 47 87 16 17 96 32 21 3 74 0 72 77 92 74
70 32 39 87 7 49 78 6 13 58 47 10 62 94 85 98 40 56 95 1 24 29 98 11 33 57 68 81 31 29 88 40 52 85 73 15 99 10 89 62 14 97 74 93 34 72 0 5 32 24
94 29 2 57 18 33 55 24 29 67 1 46 64 56 65 74 27 69 88 25 27 44 94 8 49 70 59 92 46 16 86 1 74 66 80 36 62 8 64 62 36 85 53 63 43 77 5 0 29 22
85 47 12 67 25 41 97 5 34 73 18 25 87 77 73 58 36 97 98 15 21 4 90 8 31 64 100 57 2 27 80 31 52 83 65 48 61 5 55 78 3 55 77 82 2 92 32 29 0 10
59 9 2 53 14 15 70 6 27 57 8 12 83 86 78 65 33 81 81 47 3 45 97 21 8 83 57 62 16 11 86 25 72 95 84 45 61 35 56 72 37 69 60 84 8 74 24 22 10 0
BRRBRRBRRBRRBBBBRBBRRRBRRBBBRRBRBBBRBRBBRBBBRBRRRR
