32
0	4	4	5	48	54	50	81	94	76	73	80	63	68	80	44	67	89	41	77	71	51	92	49	90	89	31	66	75	23	33	77
4	0	4	0	20	57	28	80	76	90	58	29	29	95	100	53	90	24	67	95	62	37	98	94	51	71	67	79	72	68	65	66
4	4	0	1	71	100	39	100	21	51	62	74	66	59	21	42	92	27	97	93	78	61	38	97	87	73	59	68	91	61	93	75
5	0	1	0	41	49	84	81	70	63	43	28	58	25	28	50	74	87	40	100	86	70	88	82	27	95	44	50	30	53	33	68
48	20	71	41	0	4	5	3	33	31	35	20	47	53	71	46	59	30	85	20	49	42	75	23	31	38	53	54	52	94	39	37
54	57	100	49	4	0	3	2	71	37	84	38	97	31	96	51	24	40	33	40	76	29	33	33	92	51	78	42	81	57	37	44
50	28	39	84	5	3	0	3	41	99	88	35	28	34	69	35	60	97	61	53	44	80	63	33	87	49	39	58	26	82	61	46
81	80	100	81	3	2	3	0	76	89	56	87	27	93	91	86	78	88	73	56	68	51	52	31	50	54	89	95	32	61	35	82
94	76	21	70	33	71	41	76	0	5	4	2	99	64	43	94	35	45	70	80	66	56	54	76	52	42	68	80	41	64	26	46
76	90	51	63	31	37	99	89	5	0	2	0	60	56	45	33	94	69	77	65	91	75	96	34	24	29	37	100	67	95	34	39
73	58	62	43	35	84	88	56	4	2	0	2	20	21	77	49	88	31	67	43	78	74	76	43	86	70	63	95	52	58	55	48
80	29	74	28	20	38	35	87	2	0	2	0	37	57	27	38	91	36	26	97	41	28	49	85	53	53	62	90	67	58	65	97
63	29	66	58	47	97	28	27	99	60	20	37	0	0	3	4	81	89	86	21	90	46	65	43	50	38	65	34	62	100	52	53
68	95	59	25	53	31	34	93	64	56	21	57	0	0	1	5	26	83	21	98	53	58	28	61	96	43	64	44	37	55	43	23
80	100	21	28	71	96	69	91	43	45	77	27	3	1	0	5	44	22	98	49	53	32	76	78	64	53	74	78	79	59	37	66
44	53	42	50	46	51	35	86	94	33	49	38	4	5	5	0	87	75	96	71	45	45	43	90	51	58	52	25	82	62	38	36
67	90	92	74	59	24	60	78	35	94	88	91	81	26	44	87	0	3	2	3	78	88	44	70	56	40	33	28	84	37	59	73
89	24	27	87	30	40	97	88	45	69	31	36	89	83	22	75	3	0	3	0	91	47	63	95	75	48	54	57	98	52	93	20
41	67	97	40	85	33	61	73	70	77	67	26	86	21	98	96	2	3	0	5	96	26	50	40	31	94	39	49	47	53	22	66
77	95	93	100	20	40	53	56	80	65	43	97	21	98	49	71	3	0	5	0	38	92	64	34	73	55	70	85	28	29	24	44
71	62	78	86	49	76	44	68	66	91	78	41	90	53	53	45	78	91	96	38	0	3	1	1	62	39	33	76	75	76	42	75
51	37	61	70	42	29	80	51	56	75	74	28	46	58	32	45	88	47	26	92	3	0	3	1	85	38	40	54	70	26	26	24
92	98	38	88	75	33	63	52	54	96	76	49	65	28	76	43	44	63	50	64	1	3	0	0	42	63	23	97	60	59	39	27
49	94	97	82	23	33	33	31	76	34	43	85	43	61	78	90	70	95	40	34	1	1	0	0	60	63	28	95	72	21	82	32
90	51	87	27	31	92	87	50	52	24	86	53	50	96	64	51	56	75	31	73	62	85	42	60	0	1	0	5	23	68	100	74
89	71	73	95	38	51	49	54	42	29	70	53	38	43	53	58	40	48	94	55	39	38	63	63	1	0	5	5	60	42	29	24
31	67	59	44	53	78	39	89	68	37	63	62	65	64	74	52	33	54	39	70	33	40	23	28	0	5	0	5	52	77	54	98
66	79	68	50	54	42	58	95	80	100	95	90	34	44	78	25	28	57	49	85	76	54	97	95	5	5	5	0	40	47	42	60
75	72	91	30	52	81	26	32	41	67	52	67	62	37	79	82	84	98	47	28	75	70	60	72	23	60	52	40	0	2	3	4
23	68	61	53	94	57	82	61	64	95	58	58	100	55	59	62	37	52	53	29	76	26	59	21	68	42	77	47	2	0	5	5
33	65	93	33	39	37	61	35	26	34	55	65	52	43	37	38	59	93	22	24	42	26	39	82	100	29	54	42	3	5	0	3
77	66	75	68	37	44	46	82	46	39	48	97	53	23	66	36	73	20	66	44	75	24	27	32	74	24	98	60	4	5	3	0
RRRRBBBBRRRRBBBBRRRRBBBBRRRRBBBB
