50
0 44 91 67 56 94 41 10 82 22 16 38 86 76 94 65 73 99 96 29 85 14 89 43 48 0 2 81 61 18 23 23 50 15 84 90 80 64 45 67 48 1 10 55 43 85 74 52 39 27 
44 0 54 60 56 47 89 65 8 74 60 94 35 3 37 11 99 83 99 100 65 94 4 48 7 58 92 50 34 66 28 31 75 22 31 62 3 24 64 85 67 83 80 32 39 41 49 58 64 84 
91 54 0 12 28 85 10 19 2 99 30 55 4 60 56 67 2 31 31 70 29 77 22 83 41 3 80 61 92 48 61 81 46 25 87 14 66 34 71 47 21 16 89 65 69 15 55 28 65 60 
67 60 12 0 49 18 52 29 35 99 57 72 30 53 87 46 98 72 82 58 91 77 23 97 80 24 48 56 21 68 55 91 84 39 59 24 42 22 69 33 81 82 1 48 67 9 34 27 45 4 
56 56 28 49 0 28 81 0 36 72 25 53 44 11 8 43 9 13 56 33 74 36 75 1 22 12 7 74 80 82 31 11 75 29 69 89 19 6 72 19 78 69 43 45 84 99 47 98 48 24 
94 47 85 18 28 0 75 67 18 70 56 84 0 39 1 16 77 43 79 84 80 20 21 39 61 90 59 79 94 68 44 50 3 90 24 81 42 89 52 55 57 81 25 11 31 86 30 99 45 59 
41 89 10 52 81 75 0 68 25 8 30 61 45 86 99 13 83 87 64 20 22 26 77 57 47 13 71 93 2 70 32 48 6 92 86 58 44 12 9 88 61 89 28 16 82 78 82 61 84 37 
10 65 19 29 0 67 68 0 80 27 93 30 24 60 19 87 17 94 9 53 29 76 53 78 3 81 41 8 13 24 6 32 13 10 49 74 4 26 21 32 77 83 43 14 35 69 90 23 10 52 
82 8 2 35 36 18 25 80 0 40 81 9 29 99 89 66 41 65 56 66 64 10 43 48 99 19 45 49 56 2 86 49 17 33 17 92 51 59 66 21 40 15 39 77 8 11 97 82 40 57 
22 74 99 99 72 70 8 27 40 0 98 8 45 41 20 39 49 83 77 78 9 20 53 65 28 23 94 5 21 34 77 45 1 65 57 75 23 32 0 21 18 80 11 8 20 48 22 5 58 86 
16 60 30 57 25 56 30 93 81 98 0 85 14 88 66 45 45 81 97 46 62 95 25 23 88 0 11 69 40 11 28 68 78 84 21 26 24 98 26 69 20 30 12 63 9 26 67 50 80 13 
38 94 55 72 53 84 61 30 9 8 85 0 46 44 73 99 2 84 47 54 40 68 96 37 63 75 47 0 37 26 13 38 26 58 55 94 67 36 33 70 15 11 84 82 75 90 83 56 98 17 
86 35 4 30 44 0 45 24 29 45 14 46 0 82 33 89 1 96 25 68 46 26 74 68 74 55 85 26 32 36 20 51 13 93 77 8 21 94 41 2 77 0 38 94 69 19 99 46 74 94 
76 3 60 53 11 39 86 60 99 41 88 44 82 0 83 57 76 41 58 78 27 82 37 60 97 18 82 30 14 91 0 73 92 10 54 35 93 22 39 71 49 56 63 42 58 100 49 82 10 8 
94 37 56 87 8 1 99 19 89 20 66 73 33 83 0 12 46 0 47 64 90 3 100 29 44 17 26 23 57 81 92 13 16 77 65 53 50 47 9 85 35 60 36 88 94 85 24 97 17 33 
65 11 67 46 43 16 13 87 66 39 45 99 89 57 12 0 42 33 87 45 52 83 74 35 67 1 41 64 52 9 99 74 55 19 91 67 50 91 69 49 36 66 12 69 8 61 97 37 8 83 
73 99 2 98 9 77 83 17 41 49 45 2 1 76 46 42 0 7 84 75 48 31 89 13 75 83 8 16 15 27 76 95 85 53 8 47 57 11 63 2 70 100 24 94 57 32 19 64 5 2 
99 83 31 72 13 43 87 94 65 83 81 84 96 41 0 33 7 0 43 31 59 63 41 87 49 10 68 91 62 84 7 43 33 86 45 37 17 94 53 7 22 65 96 93 0 98 37 61 12 8 
96 99 31 82 56 79 64 9 56 77 97 47 25 58 47 87 84 43 0 90 32 78 71 8 97 76 25 27 33 91 59 32 79 33 70 73 83 48 52 41 46 2 68 23 35 5 29 51 13 38 
29 100 70 58 33 84 20 53 66 78 46 54 68 78 64 45 75 31 90 0 38 38 77 58 19 1 78 97 82 6 9 92 16 65 10 11 23 82 42 95 39 18 32 64 64 80 48 96 42 64 
85 65 29 91 74 80 22 29 64 9 62 40 46 27 90 52 48 59 32 38 0 32 93 57 75 53 66 56 20 77 80 12 59 39 75 85 36 85 28 68 82 22 84 79 97 71 95 69 61 90 
14 94 77 77 36 20 26 76 10 20 95 68 26 82 3 83 31 63 78 38 32 0 22 8 95 49 38 64 77 35 58 39 80 91 22 43 73 64 0 91 47 6 26 92 42 8 90 56 30 26 
89 4 22 23 75 21 77 53 43 53 25 96 74 37 100 74 89 41 71 77 93 22 0 10 60 41 39 85 7 12 70 93 92 82 12 39 25 90 24 76 73 52 64 27 1 86 97 15 17 92 
43 48 83 97 1 39 57 78 48 65 23 37 68 60 29 35 13 87 8 58 57 8 10 0 86 67 0 52 33 43 84 64 83 25 79 99 8 10 42 11 27 43 17 43 84 37 30 64 17 48 
48 7 41 80 22 61 47 3 99 28 88 63 74 97 44 67 75 49 97 19 75 95 60 86 0 13 41 87 40 80 43 53 26 77 33 62 9 67 86 27 82 96 35 2 17 22 79 41 55 69 
0 58 3 24 12 90 13 81 19 23 0 75 55 18 17 1 83 10 76 1 53 49 41 67 13 0 2 80 26 26 94 0 10 60 96 46 91 84 17 74 20 49 53 73 78 64 18 67 34 74 
2 92 80 48 7 59 71 41 45 94 11 47 85 82 26 41 8 68 25 78 66 38 39 0 41 2 0 10 95 85 63 71 5 56 35 3 22 64 51 14 6 83 92 25 45 96 2 100 15 83 
81 50 61 56 74 79 93 8 49 5 69 0 26 30 23 64 16 91 27 97 56 64 85 52 87 80 10 0 79 60 11 99 58 95 92 78 85 64 52 27 59 48 5 73 28 29 86 93 77 22 
61 34 92 21 80 94 2 13 56 21 40 37 32 14 57 52 15 62 33 82 20 77 7 33 40 26 95 79 0 78 52 71 97 21 48 31 45 1 4 95 32 33 88 97 2 23 67 35 73 79 
18 66 48 68 82 68 70 24 2 34 11 26 36 91 81 9 27 84 91 6 77 35 12 43 80 26 85 60 78 0 20 43 47 15 94 29 94 32 59 20 80 43 85 57 4 43 28 31 82 11 
23 28 61 55 31 44 32 6 86 77 28 13 20 0 92 99 76 7 59 9 80 58 70 84 43 94 63 11 52 20 0 30 85 98 85 70 34 90 68 27 90 85 4 89 75 41 70 71 2 66 
23 31 81 91 11 50 48 32 49 45 68 38 51 73 13 74 95 43 32 92 12 39 93 64 53 0 71 99 71 43 30 0 8 29 44 96 85 40 98 4 23 47 35 79 96 16 50 23 78 39 
50 75 46 84 75 3 6 13 17 1 78 26 13 92 16 55 85 33 79 16 59 80 92 83 26 10 5 58 97 47 85 8 0 32 27 4 38 91 6 41 60 81 100 85 78 21 34 58 18 38 
15 22 25 39 29 90 92 10 33 65 84 58 93 10 77 19 53 86 33 65 39 91 82 25 77 60 56 95 21 15 98 29 32 0 21 97 77 28 99 22 75 5 91 76 18 67 12 12 85 47 
84 31 87 59 69 24 86 49 17 57 21 55 77 54 65 91 8 45 70 10 75 22 12 79 33 96 35 92 48 94 85 44 27 21 0 2 44 97 93 9 78 35 53 89 6 86 90 25 87 16 
90 62 14 24 89 81 58 74 92 75 26 94 8 35 53 67 47 37 73 11 85 43 39 99 62 46 3 78 31 29 70 96 4 97 2 0 79 80 37 97 5 42 61 56 70 39 99 100 74 88 
80 3 66 42 19 42 44 4 51 23 24 67 21 93 50 50 57 17 83 23 36 73 25 8 9 91 22 85 45 94 34 85 38 77 44 79 0 37 94 54 55 14 76 66 12 38 32 91 94 46 
64 24 34 22 6 89 12 26 59 32 98 36 94 22 47 91 11 94 48 82 85 64 90 10 67 84 64 64 1 32 90 40 91 28 97 80 37 0 71 67 24 90 58 1 19 12 67 43 89 79 
45 64 71 69 72 52 9 21 66 0 26 33 41 39 9 69 63 53 52 42 28 0 24 42 86 17 51 52 4 59 68 98 6 99 93 37 94 71 0 11 17 9 21 64 97 76 77 95 89 55 
67 85 47 33 19 55 88 32 21 21 69 70 2 71 85 49 2 7 41 95 68 91 76 11 27 74 14 27 95 20 27 4 41 22 9 97 54 67 11 0 67 60 85 93 62 21 48 99 59 66 
48 67 21 81 78 57 61 77 40 18 20 15 77 49 35 36 70 22 46 39 82 47 73 27 82 20 6 59 32 80 90 23 60 75 78 5 55 24 17 67 0 38 27 34 82 39 85 67 14 64 
1 83 16 82 69 81 89 83 15 80 30 11 0 56 60 66 100 65 2 18 22 6 52 43 96 49 83 48 33 43 85 47 81 5 35 42 14 90 9 60 38 0 6 49 70 99 26 39 10 25 
10 80 89 1 43 25 28 43 39 11 12 84 38 63 36 12 24 96 68 32 84 26 64 17 35 53 92 5 88 85 4 35 100 91 53 61 76 58 21 85 27 6 0 2 64 98 0 3 69 8 
55 32 65 48 45 11 16 14 77 8 63 82 94 42 88 69 94 93 23 64 79 92 27 43 2 73 25 73 97 57 89 79 85 76 89 56 66 1 64 93 34 49 2 0 29 57 67 36 68 53 
43 39 69 67 84 31 82 35 8 20 9 75 69 58 94 8 57 0 35 64 97 42 1 84 17 78 45 28 2 4 75 96 78 18 6 70 12 19 97 62 82 70 64 29 0 48 66 39 64 45 
85 41 15 9 99 86 78 69 11 48 26 90 19 100 85 61 32 98 5 80 71 8 86 37 22 64 96 29 23 43 41 16 21 67 86 39 38 12 76 21 39 99 98 57 48 0 43 30 83 39 
74 49 55 34 47 30 82 90 97 22 67 83 99 49 24 97 19 37 29 48 95 90 97 30 79 18 2 86 67 28 70 50 34 12 90 99 32 67 77 48 85 26 0 67 66 43 0 31 46 10 
52 58 28 27 98 99 61 23 82 5 50 56 46 82 97 37 64 61 51 96 69 56 15 64 41 67 100 93 35 31 71 23 58 12 25 100 91 43 95 99 67 39 3 36 39 30 31 0 25 10 
39 64 65 45 48 45 84 10 40 58 80 98 74 10 17 8 5 12 13 42 61 30 17 17 55 34 15 77 73 82 2 78 18 85 87 74 94 89 89 59 14 10 69 68 64 83 46 25 0 42 
27 84 60 4 24 59 37 52 57 86 13 17 94 8 33 83 2 8 38 64 90 26 92 48 69 74 83 22 79 11 66 39 38 47 16 88 46 79 55 66 64 25 8 53 45 39 10 10 42 0 
BBRRRRBBBRRBRRRBBBRRRBBRRBRBRRBRBRBRRBRBBBBBBBBRRR
