50
0 100 77 71 8 42 74 37 56 23 6 37 25 73 59 21 54 51 29 68 92 19 38 93 18 61 43 68 10 79 22 86 72 31 90 53 83 98 43 34 21 86 5 9 16 76 92 44 18 14
100 0 16 99 79 58 89 27 59 43 13 68 24 48 21 96 45 63 78 82 79 75 30 30 82 93 63 23 76 32 25 70 68 15 64 60 58 85 9 36 91 28 92 4 57 97 45 6 20 48
77 16 0 89 61 20 0 25 95 15 59 20 87 59 83 54 38 63 48 20 54 99 40 19 86 2 3 16 65 0 63 55 98 51 61 11 26 65 42 68 64 22 17 80 4 79 72 36 45 8
71 99 89 0 78 67 99 94 84 36 9 32 93 97 98 22 10 60 24 82 36 65 32 36 4 25 14 12 76 69 16 21 29 66 24 98 29 91 11 81 52 84 66 72 97 98 2 45 45 76
8 79 61 78 0 48 31 45 87 70 7 11 40 84 17 0 43 3 82 99 28 93 86 66 86 60 40 25 72 90 18 44 4 4 23 46 54 96 0 26 13 32 83 6 35 30 51 78 56 54
42 58 20 67 48 0 13 22 81 73 16 63 69 33 63 9 13 20 8 91 60 3 3 64 25 61 28 46 84 0 66 26 27 19 65 60 66 94 85 43 8 94 87 9 32 67 15 81 43 32
74 89 0 99 31 13 0 32 68 33 83 53 55 9 23 34 59 45 23 90 18 83 53 4 33 2 97 14 93 65 10 78 66 68 75 47 92 97 52 2 15 48 96 77 35 7 3 0 1 31
37 27 25 94 45 22 32 0 99 46 90 63 93 38 40 76 42 77 93 47 91 42 83 23 30 13 83 95 8 70 6 73 53 71 61 18 78 34 49 80 74 55 18 31 81 68 95 98 78 47
56 59 95 84 87 81 68 99 0 100 0 12 80 11 59 54 15 20 63 13 28 19 6 91 99 41 83 99 3 82 58 53 45 44 32 62 42 65 83 48 7 68 87 2 37 88 78 98 59 12
23 43 15 36 70 73 33 46 100 0 53 61 14 26 58 70 43 52 33 84 36 30 33 60 43 52 0 40 71 22 4 76 74 26 1 24 89 15 77 15 72 28 27 59 90 57 100 57 38 2
6 13 59 9 7 16 83 90 0 53 0 19 89 84 63 35 54 39 30 14 63 71 34 26 48 81 99 95 59 60 76 37 14 100 33 31 39 100 32 95 48 73 7 20 100 27 17 61 4 62
37 68 20 32 11 63 53 63 12 61 19 0 4 96 12 92 34 32 1 23 11 23 28 48 2 90 21 82 31 84 39 43 9 67 88 57 62 15 63 95 13 62 77 87 42 54 31 61 57 64
25 24 87 93 40 69 55 93 80 14 89 4 0 81 0 63 4 41 74 41 6 11 86 99 61 80 33 97 66 92 32 17 6 38 19 9 100 35 8 36 34 40 51 90 60 9 26 27 40 93
73 48 59 97 84 33 9 38 11 26 84 96 81 0 90 47 71 73 63 24 73 66 23 68 30 61 99 92 13 16 54 35 54 82 8 22 22 68 99 12 20 66 83 86 73 18 66 57 67 78
59 21 83 98 17 63 23 40 59 58 63 12 0 90 0 75 58 77 63 39 78 15 38 83 31 87 79 69 98 94 78 84 85 14 76 64 59 17 68 33 99 92 34 64 66 26 44 15 39 13
21 96 54 22 0 9 34 76 54 70 35 92 63 47 75 0 64 8 17 1 40 95 32 15 3 90 14 25 14 47 31 61 96 30 59 79 5 17 73 4 95 60 84 88 71 56 16 22 45 80
54 45 38 10 43 13 59 42 15 43 54 34 4 71 58 64 0 9 66 37 93 17 52 9 9 86 88 85 96 53 3 56 33 55 41 95 92 44 75 34 30 47 98 82 9 47 8 42 68 4
51 63 63 60 3 20 45 77 20 52 39 32 41 73 77 8 9 0 75 7 51 36 36 14 42 71 23 42 84 12 93 17 20 6 94 11 79 30 65 26 53 19 33 86 65 67 91 49 29 95
29 78 48 24 82 8 23 93 63 33 30 1 74 63 63 17 66 75 0 65 96 21 25 53 7 4 97 96 73 87 93 62 36 100 78 8 65 77 72 19 75 7 22 9 89 54 40 36 62 69
68 82 20 82 99 91 90 47 13 84 14 23 41 24 39 1 37 7 65 0 11 35 75 99 86 4 88 55 27 59 25 24 48 60 93 44 15 100 67 52 21 93 5 59 12 44 37 63 98 3
92 79 54 36 28 60 18 91 28 36 63 11 6 73 78 40 93 51 96 11 0 39 0 82 26 93 53 75 52 98 95 48 67 24 43 84 89 92 74 89 5 29 25 66 29 29 50 85 42 100
19 75 99 65 93 3 83 42 19 30 71 23 11 66 15 95 17 36 21 35 39 0 77 79 89 18 7 53 80 60 26 54 56 58 89 29 5 12 24 6 10 100 75 68 58 26 87 89 69 26
38 30 40 32 86 3 53 83 6 33 34 28 86 23 38 32 52 36 25 75 0 77 0 34 77 80 49 64 16 55 88 24 41 58 56 95 5 38 45 86 26 93 19 81 79 85 77 63 43 100
93 30 19 36 66 64 4 23 91 60 26 48 99 68 83 15 9 14 53 99 82 79 34 0 36 17 99 59 76 22 88 58 46 12 87 90 89 75 55 18 9 43 100 28 64 95 20 59 41 28
18 82 86 4 86 25 33 30 99 43 48 2 61 30 31 3 9 42 7 86 26 89 77 36 0 79 51 8 80 26 0 54 55 74 78 67 61 30 37 87 48 56 27 76 76 72 67 86 79 49
61 93 2 25 60 61 2 13 41 52 81 90 80 61 87 90 86 71 4 4 93 18 80 17 79 0 4 43 3 74 1 4 70 42 47 80 2 64 19 26 76 11 4 81 95 26 14 61 55 89
43 63 3 14 40 28 97 83 83 0 99 21 33 99 79 14 88 23 97 88 53 7 49 99 51 4 0 84 96 65 78 53 17 40 5 13 23 74 11 37 84 59 44 93 11 10 81 37 41 19
68 23 16 12 25 46 14 95 99 40 95 82 97 92 69 25 85 42 96 55 75 53 64 59 8 43 84 0 14 81 64 7 83 58 38 34 1 94 69 0 41 80 94 23 20 25 44 13 20 41
10 76 65 76 72 84 93 8 3 71 59 31 66 13 98 14 96 84 73 27 52 80 16 76 80 3 96 14 0 76 35 15 17 31 9 10 94 74 75 16 56 65 45 95 83 53 73 36 7 78
79 32 0 69 90 0 65 70 82 22 60 84 92 16 94 47 53 12 87 59 98 60 55 22 26 74 65 81 76 0 97 24 21 20 51 60 1 85 22 98 13 1 37 2 88 95 26 58 84 85
22 25 63 16 18 66 10 6 58 4 76 39 32 54 78 31 3 93 93 25 95 26 88 88 0 1 78 64 35 97 0 11 30 78 37 87 5 59 0 6 52 38 97 31 100 9 98 35 92 48
86 70 55 21 44 26 78 73 53 76 37 43 17 35 84 61 56 17 62 24 48 54 24 58 54 4 53 7 15 24 11 0 80 56 88 97 56 49 83 15 15 38 35 23 16 53 61 45 91 68
72 68 98 29 4 27 66 53 45 74 14 9 6 54 85 96 33 20 36 48 67 56 41 46 55 70 17 83 17 21 30 80 0 5 39 51 6 33 69 86 61 56 5 99 34 54 4 97 4 13
31 15 51 66 4 19 68 71 44 26 100 67 38 82 14 30 55 6 100 60 24 58 58 12 74 42 40 58 31 20 78 56 5 0 9 4 90 75 2 60 51 52 68 54 50 25 74 4 74 62
90 64 61 24 23 65 75 61 32 1 33 88 19 8 76 59 41 94 78 93 43 89 56 87 78 47 5 38 9 51 37 88 39 9 0 35 22 18 75 54 6 26 28 48 52 11 55 51 83 44
53 60 11 98 46 60 47 18 62 24 31 57 9 22 64 79 95 11 8 44 84 29 95 90 67 80 13 34 10 60 87 97 51 4 35 0 96 99 64 74 20 93 33 25 47 51 48 22 13 75
83 58 26 29 54 66 92 78 42 89 39 62 100 22 59 5 92 79 65 15 89 5 5 89 61 2 23 1 94 1 5 56 6 90 22 96 0 43 1 7 24 15 32 39 100 60 40 30 79 79
98 85 65 91 96 94 97 34 65 15 100 15 35 68 17 17 44 30 77 100 92 12 38 75 30 64 74 94 74 85 59 49 33 75 18 99 43 0 46 90 37 33 82 40 89 48 32 54 87 45
43 9 42 11 0 85 52 49 83 77 32 63 8 99 68 73 75 65 72 67 74 24 45 55 37 19 11 69 75 22 0 83 69 2 75 64 1 46 0 52 54 5 78 97 61 72 67 0 80 90
34 36 68 81 26 43 2 80 48 15 95 95 36 12 33 4 34 26 19 52 89 6 86 18 87 26 37 0 16 98 6 15 86 60 54 74 7 90 52 0 4 3 96 30 99 27 22 76 13 99
21 91 64 52 13 8 15 74 7 72 48 13 34 20 99 95 30 53 75 21 5 10 26 9 48 76 84 41 56 13 52 15 61 51 6 20 24 37 54 4 0 31 1 38 82 77 79 64 72 5
86 28 22 84 32 94 48 55 68 28 73 62 40 66 92 60 47 19 7 93 29 100 93 43 56 11 59 80 65 1 38 38 56 52 26 93 15 33 5 3 31 0 13 74 89 81 66 53 69 91
5 92 17 66 83 87 96 18 87 27 7 77 51 83 34 84 98 33 22 5 25 75 19 100 27 4 44 94 45 37 97 35 5 68 28 33 32 82 78 96 1 13 0 49 53 50 40 6 10 72
9 4 80 72 6 9 77 31 2 59 20 87 90 86 64 88 82 86 9 59 66 68 81 28 76 81 93 23 95 2 31 23 99 54 48 25 39 40 97 30 38 74 49 0 39 89 47 93 69 43
16 57 4 97 35 32 35 81 37 90 100 42 60 73 66 71 9 65 89 12 29 58 79 64 76 95 11 20 83 88 100 16 34 50 52 47 100 89 61 99 82 89 53 39 0 29 89 39 13 97
76 97 79 98 30 67 7 68 88 57 27 54 9 18 26 56 47 67 54 44 29 26 85 95 72 26 10 25 53 95 9 53 54 25 11 51 60 48 72 27 77 81 50 89 29 0 38 83 49 100
92 45 72 2 51 15 3 95 78 100 17 31 26 66 44 16 8 91 40 37 50 87 77 20 67 14 81 44 73 26 98 61 4 74 55 48 40 32 67 22 79 66 40 47 89 38 0 14 33 10
44 6 36 45 78 81 0 98 98 57 61 61 27 57 15 22 42 49 36 63 85 89 63 59 86 61 37 13 36 58 35 45 97 4 51 22 30 54 0 76 64 53 6 93 39 83 14 0 29 79
18 20 45 45 56 43 1 78 59 38 4 57 40 67 39 45 68 29 62 98 42 69 43 41 79 55 41 20 7 84 92 91 4 74 83 13 79 87 80 13 72 69 10 69 13 49 33 29 0 77
14 48 8 76 54 32 31 47 12 2 62 64 93 78 13 80 4 95 69 3 100 26 100 28 49 89 19 41 78 85 48 68 13 62 44 75 79 45 90 99 5 91 72 43 97 100 10 79 77 0
RRBBBRBRRRBRRBBBRRBRBBRBBBBRRBRBBBRRRRBBRBBRRBBRRR