40
 0 54 14 50 19 34 17 30 48 32 55 36 27 48 59 62 79 63 46 21 68 15 21 32 15 39 60 69 54 51 21 47 35 54 55 63  7 77 69 64
 54  0 56 22 34 82 67 29 92 68 75 13 44 52 48 21 82 49 28 27 89 36 83 36 22 15 97 22 66 57 23 23 52 72 50 33 30 86 52 57
 14 56  0 24 41 78 85 50 53 13 10  9 54 11 63 38 64 86 52 10 50 72 72 30 98 37 77 56 44 31 88 65 51 52 39 14 18 78 70 78
 50 22 24  0 48 81 72 26 57 42 84 66 52 43 78 78  8 66 26 67 63 56 71 57 96 69 25 76 15 49 32 37 30 33 77 33 80 69 11 80
 19 34 41 48  0 40 36 18 49 66 89 65 86 60 51 20 47 34 61 59 46 72 26 41 67 29 88 41 47 31 78 29 24 35 53 67 34 24 48 84
 34 82 78 81 40  0 67 82 65 34 36 62 69 41 34 58 74 53 90 90 73 44 46 69 63 70 40 65 76 34 46 49 61 33 24 52 84 53 37  9
 17 67 85 72 36 67  0 71 85 21 60 25 38 62 18 33 90 43 41 45 30 12 52 59 38 21 32 73 25 82 61 89 84 40 75 46 54 55 43 47
 30 29 50 26 18 82 71  0 59 91 39 32 36 65 43 36 44 31 40 73 31 66 15 41 63 79 30 45 30 51 15 58 27 90 40 63 33 47 47 25
 48 92 53 57 49 65 85 59  0 29 85 33 33 73 78 59 44 67  4 39 38 64 56 40 55 49 28 25 22 68 38 72 90 19 37 41 61 82 67 72
 32 68 13 42 66 34 21 91 29  0 67 62 72 36 41 51 35 41 21 75 56 64 43 52 23 37 41  7 16  8 43 59 61 32 46 20 78 92 22 54
 55 75 10 84 89 36 60 39 85 67  0 45 50 40 26 20 41 27 62 55  8 10 48 46 76 46 71 43 13 50 65 92 54 51 48 76 28 16 67 48
 36 13  9 66 65 62 25 32 33 62 45  0 43 50 22 22 26 20 40 40 50 31 47 34 17 45 46 50  6 14 75 39 93 56 53 78 36 61 23 81
 27 44 54 52 86 69 38 36 33 72 50 43  0 25 59 48 24 48 38 82 43 55 67 94 84 53 49 81 27 36 77 35 38 54 62 59 67 52 53 76
 48 52 11 43 60 41 62 65 73 36 40 50 25  0 49 35 87 14 36 66 47 40 34 77 42  4 67 59 45 43 62  4 77 38 61 35 75 61 55 49
 59 48 63 78 51 34 18 43 78 41 26 22 59 49  0 22 26 66 81 52 75 67 35 63 77  7 65 91 74 50 55 42 47 60 41 35 26 60 40 57
 62 21 38 78 20 58 33 36 59 51 20 22 48 35 22  0 62 42 40 31 70 77 49 37  8 38 47 27 39 50 85 70 73 85 57 42 24 49 24 75
 79 82 64  8 47 74 90 44 44 35 41 26 24 87 26 62  0 37 79 47 40 76 36 48 47 24 22 66 71 81 51 27 52 47 59 24 75 72 41 75
 63 49 86 66 34 53 43 31 67 41 27 20 48 14 66 42 37  0 50 75 87 58 53 69 67 40 49 59 67 45 58 83 52 32 58 60 52 32 68 61
 46 28 52 26 61 90 41 40  4 21 62 40 38 36 81 40 79 50  0 70 46 59 60 86 46 73 76 65 54  3 55 36 82 81 56 60 59 50 64 37
 21 27 10 67 59 90 45 73 39 75 55 40 82 66 52 31 47 75 70  0 59 45 59 49 58 29 14 47 35 47 64 63 59 64 54 47 68 23 46 25
 68 89 50 63 46 73 30 31 38 56  8 50 43 47 75 70 40 87 46 59  0 24 51 55 46 31 67 53 67 36 60 53 26 33 60 31 38 39 30 40
 15 36 72 56 72 44 12 66 64 64 10 31 55 40 67 77 76 58 59 45 24  0 71 51 80 41 29 16 84 47 72 31 53 56 64 24 59 70 12 93
 21 83 72 71 26 46 52 15 56 43 48 47 67 34 35 49 36 53 60 59 51 71  0 36 29 75 42 23 41 64 34 55 51 80 30 69 87 32 17 64
 32 36 30 57 41 69 59 41 40 52 46 34 94 77 63 37 48 69 86 49 55 51 36  0 63 45 13 45 25 43 50 63 34 55 22 48 67 50 23 12
 15 22 98 96 67 63 38 63 55 23 76 17 84 42 77  8 47 67 46 58 46 80 29 63  0 27 36 55 60 85 22 87 46 72 57 64 33 51 54 86
 39 15 37 69 29 70 21 79 49 37 46 45 53  4  7 38 24 40 73 29 31 41 75 45 27  0 47 11 76 15 59 45 49 48 33 47 34 35 63 30
 60 97 77 25 88 40 32 30 28 41 71 46 49 67 65 47 22 49 76 14 67 29 42 13 36 47  0 58 65 61 55 50 75 45 56 24 17 53 56 29
 69 22 56 76 41 65 73 45 25  7 43 50 81 59 91 27 66 59 65 47 53 16 23 45 55 11 58  0 79 33 40 88 80 74 53 50  5 71 54 66
 54 66 44 15 47 76 25 30 22 16 13  6 27 45 74 39 71 67 54 35 67 84 41 25 60 76 65 79  0 63 75 29 38 50 88 50 39 34 19 45
 51 57 31 49 31 34 82 51 68  8 50 14 36 43 50 50 81 45  3 47 36 47 64 43 85 15 61 33 63  0 20 49 32 66 44 43 34 88 33 71
 21 23 88 32 78 46 61 15 38 43 65 75 77 62 55 85 51 58 55 64 60 72 34 50 22 59 55 40 75 20  0 65 49 53 17 28 51 55 31 12
 47 23 65 37 29 49 89 58 72 59 92 39 35  4 42 70 27 83 36 63 53 31 55 63 87 45 50 88 29 49 65  0 68 30 35 35 42 74 66 53
 35 52 51 30 24 61 84 27 90 61 54 93 38 77 47 73 52 52 82 59 26 53 51 34 46 49 75 80 38 32 49 68  0 54 73 42 47 44 43  5
 54 72 52 33 35 33 40 90 19 32 51 56 54 38 60 85 47 32 81 64 33 56 80 55 72 48 45 74 50 66 53 30 54  0 18  3 49 50 69 22
 55 50 39 77 53 24 75 40 37 46 48 53 62 61 41 57 59 58 56 54 60 64 30 22 57 33 56 53 88 44 17 35 73 18  0 13 73 82 24 57
 63 33 14 33 67 52 46 63 41 20 76 78 59 35 35 42 24 60 60 47 31 24 69 48 64 47 24 50 50 43 28 35 42  3 13  0 29 55 57 48
  7 30 18 80 34 84 54 33 61 78 28 36 67 75 26 24 75 52 59 68 38 59 87 67 33 34 17  5 39 34 51 42 47 49 73 29  0 46 68 73
 77 86 78 69 24 53 55 47 82 92 16 61 52 61 60 49 72 32 50 23 39 70 32 50 51 35 53 71 34 88 55 74 44 50 82 55 46  0 58 61
 69 52 70 11 48 37 43 47 67 22 67 23 53 55 40 24 41 68 64 46 30 12 17 23 54 63 56 54 19 33 31 66 43 69 24 57 68 58  0 72
 64 57 78 80 84  9 47 25 72 54 48 81 76 49 57 75 75 61 37 25 40 93 64 12 86 30 29 66 45 71 12 53  5 22 57 48 73 61 72  0
RBRBRBRBRBBBBRRRRBRBRBRBRBRBBRBRBRBRBRBR