50
0 67 88 46 59 34 35 10 21 29 85 76 31 70 54 49 78 71 98 73 98 92 94 39 61 52 65 65 90 83 76 98 31 39 32 26 45 90 44 72 23 75 5 40 44 91 81 93 57 28
67 0 85 67 97 77 48 69 37 77 52 18 15 21 95 57 59 50 56 35 38 84 61 45 70 98 88 83 32 42 28 54 34 95 35 84 30 64 66 50 46 32 36 52 38 60 30 74 58 86
88 85 0 29 92 36 58 43 84 26 40 28 59 93 27 81 57 36 68 38 70 40 89 72 30 56 53 8 61 53 93 50 65 61 40 51 79 91 48 57 89 60 70 35 23 63 48 84 79 59
46 67 29 0 48 68 98 98 61 45 96 95 36 51 20 73 20 52 38 52 34 65 49 86 68 88 46 32 62 89 69 90 10 72 63 40 92 57 47 94 56 54 85 67 76 92 30 58 89 41
59 97 92 48 0 9 98 62 37 50 46 45 24 87 26 82 70 63 53 31 95 64 33 82 42 29 65 29 89 28 41 66 39 73 24 53 41 77 38 53 24 69 41 96 81 21 73 98 22 53
34 77 36 68 9 0 62 18 64 37 53 26 62 47 78 62 88 44 33 65 79 33 36 70 64 53 35 88 71 65 45 29 58 80 96 28 93 97 37 86 65 87 84 45 37 82 92 42 66 38
35 48 58 98 98 62 0 48 82 94 88 95 78 78 75 48 1 72 79 78 84 72 94 96 75 23 82 54 75 74 31 55 95 57 99 24 58 95 26 34 90 62 37 94 91 97 80 89 52 44
10 69 43 98 62 18 48 0 89 55 31 76 76 20 42 95 72 52 91 83 79 30 35 64 56 89 48 87 84 64 51 31 70 58 70 51 32 83 92 69 77 91 85 41 89 85 67 51 27 20
21 37 84 61 37 64 82 89 0 55 62 74 70 49 76 28 36 84 62 56 59 94 99 86 1 26 50 60 40 92 77 56 27 80 21 68 96 52 62 52 99 77 90 69 31 26 45 86 41 71
29 77 26 45 50 37 94 55 55 0 81 48 85 34 86 7 13 59 64 31 85 70 21 39 36 60 56 81 48 75 95 65 91 83 40 27 23 27 27 63 77 67 88 42 29 47 50 51 56 21
85 52 40 96 46 53 88 31 62 81 0 27 58 25 48 51 35 96 72 20 83 29 95 9 22 96 28 20 58 48 29 67 77 83 92 30 80 28 42 74 33 44 93 65 49 98 51 40 55 42
76 18 28 95 45 26 95 76 74 48 27 0 24 39 35 32 75 95 93 81 57 66 64 41 44 22 67 99 84 98 91 70 40 68 54 20 27 35 44 14 49 42 26 35 76 51 83 80 76 71
31 15 59 36 24 62 78 76 70 85 58 24 0 87 82 50 57 38 65 93 21 24 44 89 39 24 48 78 28 28 23 56 79 91 57 27 53 70 29 53 41 52 82 57 28 75 59 57 26 62
70 21 93 51 87 47 78 20 49 34 25 39 87 0 77 72 54 44 47 91 61 33 92 54 80 78 44 32 29 85 17 62 85 39 45 91 92 67 19 23 28 91 39 99 27 28 91 41 65 83
54 95 27 20 26 78 75 42 76 86 48 35 82 77 0 51 56 23 81 50 89 11 54 80 34 21 28 91 82 24 85 38 89 46 36 71 43 50 63 66 71 20 89 66 58 93 76 58 29 87
49 57 81 73 82 62 48 95 28 7 51 32 50 72 51 0 33 7 83 48 94 99 60 75 52 82 69 88 97 66 98 46 51 45 62 80 84 83 88 84 44 59 24 25 93 77 99 53 47 77
78 59 57 20 70 88 1 72 36 13 35 75 57 54 56 33 0 40 86 69 63 55 84 32 72 56 59 35 70 80 93 43 75 31 31 54 88 87 80 54 54 74 31 89 35 35 47 80 87 68
71 50 36 52 63 44 72 52 84 59 96 95 38 44 23 7 40 0 34 50 69 72 43 69 61 58 35 95 71 66 84 79 90 96 49 36 71 26 80 70 79 76 33 4 81 20 73 80 28 53
98 56 68 38 53 33 79 91 62 64 72 93 65 47 81 83 86 34 0 96 54 88 43 18 30 99 24 58 84 20 67 56 23 74 78 20 73 53 71 99 92 66 76 24 67 49 33 96 24 20
73 35 38 52 31 65 78 83 56 31 20 81 93 91 50 48 69 50 96 0 34 9 40 41 28 78 91 44 68 53 78 82 64 52 4 26 95 26 68 57 25 71 27 81 91 30 74 81 51 52
98 38 70 34 95 79 84 79 59 85 83 57 21 61 89 94 63 69 54 34 0 64 92 52 26 55 72 21 29 83 97 15 20 22 34 22 95 22 79 99 70 98 62 63 94 98 94 91 64 87
92 84 40 65 64 33 72 30 94 70 29 66 24 33 11 99 55 72 88 9 64 0 43 42 52 25 55 60 60 35 48 76 47 27 31 29 48 60 73 77 57 66 45 85 87 79 92 57 53 22
94 61 89 49 33 36 94 35 99 21 95 64 44 92 54 60 84 43 43 40 92 43 0 65 79 24 39 92 87 91 9 63 81 64 66 40 47 71 45 31 28 58 82 73 28 66 77 95 46 36
39 45 72 86 82 70 96 64 86 39 9 41 89 54 80 75 32 69 18 41 52 42 65 0 48 95 70 22 86 40 58 84 83 77 35 82 76 53 76 91 68 98 51 35 67 68 49 82 93 21
61 70 30 68 42 64 75 56 1 36 22 44 39 80 34 52 72 61 30 28 26 52 79 48 0 69 94 29 68 86 81 74 71 81 30 41 13 92 98 83 40 59 73 77 34 39 89 71 39 97
52 98 56 88 29 53 23 89 26 60 96 22 24 78 21 82 56 58 99 78 55 25 24 95 69 0 52 21 20 29 41 44 83 40 34 65 69 50 44 78 79 30 26 24 82 14 54 93 64 27
65 88 53 46 65 35 82 48 50 56 28 67 48 44 28 69 59 35 24 91 72 55 39 70 94 52 0 19 95 82 33 54 29 83 60 20 38 98 22 45 76 25 23 75 78 33 63 49 56 95
65 83 8 32 29 88 54 87 60 81 20 99 78 32 91 88 35 95 58 44 21 60 92 22 29 21 19 0 36 83 45 23 76 23 78 42 40 38 21 21 82 24 63 65 86 72 92 94 29 28
90 32 61 62 89 71 75 84 40 48 58 84 28 29 82 97 70 71 84 68 29 60 87 86 68 20 95 36 0 85 68 93 68 61 28 99 41 88 30 58 33 42 24 25 81 47 79 42 26 50
83 42 53 89 28 65 74 64 92 75 48 98 28 85 24 66 80 66 20 53 83 35 91 40 86 29 82 83 85 0 44 36 58 81 88 56 43 56 37 21 68 55 64 97 84 40 61 82 26 40
76 28 93 69 41 45 31 51 77 95 29 91 23 17 85 98 93 84 67 78 97 48 9 58 81 41 33 45 68 44 0 55 85 75 42 32 48 49 49 55 45 95 54 81 64 76 83 71 53 85
98 54 50 90 66 29 55 31 56 65 67 70 56 62 38 46 43 79 56 82 15 76 63 84 74 44 54 23 93 36 55 0 43 65 98 22 52 24 33 45 36 58 53 24 49 64 34 79 97 9
31 34 65 10 39 58 95 70 27 91 77 40 79 85 89 51 75 90 23 64 20 47 81 83 71 83 29 76 68 58 85 43 0 95 55 76 24 81 70 81 84 82 43 81 22 71 63 23 33 29
39 95 61 72 73 80 57 58 80 83 83 68 91 39 46 45 31 96 74 52 22 27 64 77 81 40 83 23 61 81 75 65 95 0 25 93 91 5 40 42 91 50 74 59 78 82 34 20 43 34
32 35 40 63 24 96 99 70 21 40 92 54 57 45 36 62 31 49 78 4 34 31 66 35 30 34 60 78 28 88 42 98 55 25 0 31 88 71 96 66 86 41 91 95 41 95 91 35 40 99
26 84 51 40 53 28 24 51 68 27 30 20 27 91 71 80 54 36 20 26 22 29 40 82 41 65 20 42 99 56 32 22 76 93 31 0 97 34 35 21 25 35 23 36 94 28 73 26 59 11
45 30 79 92 41 93 58 32 96 23 80 27 53 92 43 84 88 71 73 95 95 48 47 76 13 69 38 40 41 43 48 52 24 91 88 97 0 90 84 74 25 96 72 76 56 60 6 38 35 93
90 64 91 57 77 97 95 83 52 27 28 35 70 67 50 83 87 26 53 26 22 60 71 53 92 50 98 38 88 56 49 24 81 5 71 34 90 0 64 25 33 89 34 86 89 20 57 61 37 66
44 66 48 47 38 37 26 92 62 27 42 44 29 19 63 88 80 80 71 68 79 73 45 76 98 44 22 21 30 37 49 33 70 40 96 35 84 64 0 75 50 85 37 51 70 44 62 62 36 65
72 50 57 94 53 86 34 69 52 63 74 14 53 23 66 84 54 70 99 57 99 77 31 91 83 78 45 21 58 21 55 45 81 42 66 21 74 25 75 0 34 44 36 85 81 41 83 46 75 41
23 46 89 56 24 65 90 77 99 77 33 49 41 28 71 44 54 79 92 25 70 57 28 68 40 79 76 82 33 68 45 36 84 91 86 25 25 33 50 34 0 41 16 95 30 88 80 98 25 21
75 32 60 54 69 87 62 91 77 67 44 42 52 91 20 59 74 76 66 71 98 66 58 98 59 30 25 24 42 55 95 58 82 50 41 35 96 89 85 44 41 0 67 24 25 38 10 80 44 97
5 36 70 85 41 84 37 85 90 88 93 26 82 39 89 24 31 33 76 27 62 45 82 51 73 26 23 63 24 64 54 53 43 74 91 23 72 34 37 36 16 67 0 56 59 66 76 96 47 54
40 52 35 67 96 45 94 41 69 42 65 35 57 99 66 25 89 4 24 81 63 85 73 35 77 24 75 65 25 97 81 24 81 59 95 36 76 86 51 85 95 24 56 0 62 32 36 49 92 24
44 38 23 76 81 37 91 89 31 29 49 76 28 27 58 93 35 81 67 91 94 87 28 67 34 82 78 86 81 84 64 49 22 78 41 94 56 89 70 81 30 25 59 62 0 89 35 87 59 77
91 60 63 92 21 82 97 85 26 47 98 51 75 28 93 77 35 20 49 30 98 79 66 68 39 14 33 72 47 40 76 64 71 82 95 28 60 20 44 41 88 38 66 32 89 0 78 47 98 47
81 30 48 30 73 92 80 67 45 50 51 83 59 91 76 99 47 73 33 74 94 92 77 49 89 54 63 92 79 61 83 34 63 34 91 73 6 57 62 83 80 10 76 36 35 78 0 26 85 77
93 74 84 58 98 42 89 51 86 51 40 80 57 41 58 53 80 80 96 81 91 57 95 82 71 93 49 94 42 82 71 79 23 20 35 26 38 61 62 46 98 80 96 49 87 47 26 0 74 92
57 58 79 89 22 66 52 27 41 56 55 76 26 65 29 47 87 28 24 51 64 53 46 93 39 64 56 29 26 26 53 97 33 43 40 59 35 37 36 75 25 44 47 92 59 98 85 74 0 36
28 86 59 41 53 38 44 20 71 21 42 71 62 83 87 77 68 53 20 52 87 22 36 21 97 27 95 28 50 40 85 9 29 34 99 11 93 66 65 41 21 97 54 24 77 47 77 92 36 0
BRRRRRBBBBRRRRRBBBRBBBRBRRRBBBRRRRBBBBRRBBRRBRBBBR