50
0 66 4 11 73 18 47 67 19 19 38 84 93 74 92 6 96 56 56 89 40 45 56 40 97 12 0 71 77 45 91 99 7 83 98 62 86 26 31 1 93 9 95 17 21 88 99 59 60 67 
66 0 73 66 56 53 11 66 21 17 47 53 27 87 16 43 26 18 96 87 7 75 17 92 69 44 6 80 63 72 98 84 6 72 36 71 82 44 17 1 53 60 60 24 53 1 38 53 29 0 
4 73 0 27 52 2 68 85 10 22 65 70 88 35 39 30 64 52 68 64 91 39 0 55 79 69 98 28 40 61 50 2 58 34 10 5 42 62 20 83 50 5 0 12 4 39 39 79 24 4 
11 66 27 0 3 52 94 5 34 46 99 5 43 62 67 85 4 94 89 100 68 96 74 60 48 51 95 24 4 63 68 18 37 52 11 60 12 39 42 34 86 81 95 18 56 4 40 55 87 82 
73 56 52 3 0 35 48 87 41 5 88 20 54 12 18 59 56 16 61 43 44 60 42 67 41 44 34 88 48 35 41 20 5 92 74 99 87 81 92 46 45 84 48 23 82 60 75 30 39 50 
18 53 2 52 35 0 33 34 76 29 32 17 66 98 72 96 66 68 9 87 93 67 8 85 7 19 100 19 66 73 47 70 62 24 78 96 25 3 47 89 77 94 52 69 1 86 33 84 64 63 
47 11 68 94 48 33 0 3 79 75 18 41 7 71 100 54 58 11 94 58 35 9 2 21 54 54 84 2 96 48 81 88 5 92 19 56 64 93 52 35 62 14 57 58 63 84 87 88 55 50 
67 66 85 5 87 34 3 0 26 66 4 82 26 21 39 75 0 48 72 65 27 10 22 53 57 74 42 75 79 75 15 55 18 68 41 48 27 27 84 81 76 77 68 79 2 95 26 16 74 98 
19 21 10 34 41 76 79 26 0 4 16 3 58 79 64 92 87 17 31 76 25 53 66 29 78 90 83 59 55 29 5 66 10 42 37 13 82 35 43 48 33 13 34 50 44 63 12 16 75 11 
19 17 22 46 5 29 75 66 4 0 52 18 3 86 70 55 9 22 91 81 89 41 34 32 22 41 67 16 21 2 18 83 12 47 56 19 88 30 50 18 66 89 23 41 1 20 8 84 90 18 
38 47 65 99 88 32 18 4 16 52 0 53 7 72 84 98 38 81 89 25 66 11 51 49 83 62 81 82 19 61 21 73 68 71 94 51 12 56 13 61 17 67 76 84 71 69 86 100 14 73 
84 53 70 5 20 17 41 82 3 18 53 0 0 5 52 31 74 46 37 62 62 15 85 75 27 82 44 83 80 30 32 97 48 20 55 11 96 84 37 6 50 32 47 47 0 84 30 82 92 19 
93 27 88 43 54 66 7 26 58 3 7 0 0 71 78 60 7 88 28 45 49 44 12 79 4 40 46 74 93 32 32 13 19 70 71 98 7 74 78 23 95 83 56 23 20 46 39 62 60 23 
74 87 35 62 12 98 71 21 79 86 72 5 71 0 99 11 71 39 49 64 71 42 7 34 33 45 59 52 34 97 40 81 81 64 1 90 44 48 87 29 57 35 58 53 88 43 10 7 33 100 
92 16 39 67 18 72 100 39 64 70 84 52 78 99 0 75 97 80 56 75 3 23 84 85 24 76 22 28 71 43 87 86 47 63 22 8 76 100 17 57 98 88 61 3 6 17 56 71 3 9 
6 43 30 85 59 96 54 75 92 55 98 31 60 11 75 0 66 29 12 33 83 16 47 10 88 98 36 80 57 49 86 89 41 99 22 65 30 3 59 34 23 79 88 97 28 96 5 76 60 65 
96 26 64 4 56 66 58 0 87 9 38 74 7 71 97 66 0 10 30 34 76 54 2 15 40 30 33 15 7 7 35 97 86 58 28 11 86 95 5 92 43 12 1 39 29 77 32 2 40 39 
56 18 52 94 16 68 11 48 17 22 81 46 88 39 80 29 10 0 75 72 38 33 27 70 23 89 78 75 74 60 4 87 71 80 82 43 34 37 62 63 93 18 1 72 10 84 94 34 40 74 
56 96 68 89 61 9 94 72 31 91 89 37 28 49 56 12 30 75 0 3 73 42 67 73 50 5 73 36 58 35 44 22 68 8 37 48 92 44 40 59 42 6 50 94 56 20 82 29 45 73 
89 87 64 100 43 87 58 65 76 81 25 62 45 64 75 33 34 72 3 0 40 7 51 52 0 17 45 77 96 76 79 91 9 37 28 8 0 33 86 87 3 29 77 57 37 7 26 2 88 80 
40 7 91 68 44 93 35 27 25 89 66 62 49 71 3 83 76 38 73 40 0 50 42 54 32 48 87 23 21 3 57 41 24 1 49 46 4 52 70 12 62 6 92 84 25 88 10 47 11 33 
45 75 39 96 60 67 9 10 53 41 11 15 44 42 23 16 54 33 42 7 50 0 69 65 46 84 66 44 20 32 13 97 42 43 8 28 6 88 53 78 2 42 95 10 56 54 28 74 75 21 
56 17 0 74 42 8 2 22 66 34 51 85 12 7 84 47 2 27 67 51 42 69 0 55 86 9 99 49 23 95 23 54 10 53 14 83 39 20 33 97 62 60 67 70 17 13 53 78 80 19 
40 92 55 60 67 85 21 53 29 32 49 75 79 34 85 10 15 70 73 52 54 65 55 0 46 14 99 99 64 92 7 79 17 96 55 5 52 8 15 51 96 30 24 54 83 83 27 40 34 70 
97 69 79 48 41 7 54 57 78 22 83 27 4 33 24 88 40 23 50 0 32 46 86 46 0 56 70 78 79 63 50 17 9 63 49 7 66 87 12 50 31 18 21 98 3 76 24 17 2 83 
12 44 69 51 44 19 54 74 90 41 62 82 40 45 76 98 30 89 5 17 48 84 9 14 56 0 71 100 89 9 76 18 34 68 51 16 27 11 59 8 94 54 93 4 8 78 59 62 84 64 
0 6 98 95 34 100 84 42 83 67 81 44 46 59 22 36 33 78 73 45 87 66 99 99 70 71 0 16 10 46 57 90 27 49 59 100 51 79 70 5 77 16 30 36 3 14 48 88 79 19 
71 80 28 24 88 19 2 75 59 16 82 83 74 52 28 80 15 75 36 77 23 44 49 99 78 100 16 0 17 71 8 83 1 42 64 16 36 26 24 34 81 96 85 0 51 47 97 51 39 34 
77 63 40 4 48 66 96 79 55 21 19 80 93 34 71 57 7 74 58 96 21 20 23 64 79 89 10 17 0 68 30 58 50 9 79 32 24 7 85 61 11 94 68 2 76 11 94 1 51 64 
45 72 61 63 35 73 48 75 29 2 61 30 32 97 43 49 7 60 35 76 3 32 95 92 63 9 46 71 68 0 18 89 49 53 27 95 27 91 67 50 8 38 78 88 36 48 56 88 86 60 
91 98 50 68 41 47 81 15 5 18 21 32 32 40 87 86 35 4 44 79 57 13 23 7 50 76 57 8 30 18 0 5 85 14 6 11 42 85 68 24 19 86 99 33 15 37 80 27 6 59 
99 84 2 18 20 70 88 55 66 83 73 97 13 81 86 89 97 87 22 91 41 97 54 79 17 18 90 83 58 89 5 0 89 36 86 93 9 12 63 56 80 92 71 12 24 83 59 93 71 7 
7 6 58 37 5 62 5 18 10 12 68 48 19 81 47 41 86 71 68 9 24 42 10 17 9 34 27 1 50 49 85 89 0 85 92 82 29 39 79 1 54 60 55 47 70 90 71 82 66 30 
83 72 34 52 92 24 92 68 42 47 71 20 70 64 63 99 58 80 8 37 1 43 53 96 63 68 49 42 9 53 14 36 85 0 32 23 20 46 53 64 72 42 69 6 31 64 81 6 60 6 
98 36 10 11 74 78 19 41 37 56 94 55 71 1 22 22 28 82 37 28 49 8 14 55 49 51 59 64 79 27 6 86 92 32 0 39 53 12 99 41 30 79 52 25 8 99 49 7 92 68 
62 71 5 60 99 96 56 48 13 19 51 11 98 90 8 65 11 43 48 8 46 28 83 5 7 16 100 16 32 95 11 93 82 23 39 0 79 98 87 100 71 15 17 96 95 72 85 84 11 97 
86 82 42 12 87 25 64 27 82 88 12 96 7 44 76 30 86 34 92 0 4 6 39 52 66 27 51 36 24 27 42 9 29 20 53 79 0 69 48 11 46 64 29 26 63 2 37 13 51 46 
26 44 62 39 81 3 93 27 35 30 56 84 74 48 100 3 95 37 44 33 52 88 20 8 87 11 79 26 7 91 85 12 39 46 12 98 69 0 64 53 10 55 16 91 89 35 4 28 21 7 
31 17 20 42 92 47 52 84 43 50 13 37 78 87 17 59 5 62 40 86 70 53 33 15 12 59 70 24 85 67 68 63 79 53 99 87 48 64 0 47 95 10 38 38 51 83 81 46 69 79 
1 1 83 34 46 89 35 81 48 18 61 6 23 29 57 34 92 63 59 87 12 78 97 51 50 8 5 34 61 50 24 56 1 64 41 100 11 53 47 0 46 20 74 40 62 92 60 84 62 51 
93 53 50 86 45 77 62 76 33 66 17 50 95 57 98 23 43 93 42 3 62 2 62 96 31 94 77 81 11 8 19 80 54 72 30 71 46 10 95 46 0 93 42 28 28 59 83 87 98 54 
9 60 5 81 84 94 14 77 13 89 67 32 83 35 88 79 12 18 6 29 6 42 60 30 18 54 16 96 94 38 86 92 60 42 79 15 64 55 10 20 93 0 0 18 62 46 97 25 72 41 
95 60 0 95 48 52 57 68 34 23 76 47 56 58 61 88 1 1 50 77 92 95 67 24 21 93 30 85 68 78 99 71 55 69 52 17 29 16 38 74 42 0 0 58 2 36 94 37 41 12 
17 24 12 18 23 69 58 79 50 41 84 47 23 53 3 97 39 72 94 57 84 10 70 54 98 4 36 0 2 88 33 12 47 6 25 96 26 91 38 40 28 18 58 0 7 81 35 43 16 64 
21 53 4 56 82 1 63 2 44 1 71 0 20 88 6 28 29 10 56 37 25 56 17 83 3 8 3 51 76 36 15 24 70 31 8 95 63 89 51 62 28 62 2 7 0 62 51 85 21 91 
88 1 39 4 60 86 84 95 63 20 69 84 46 43 17 96 77 84 20 7 88 54 13 83 76 78 14 47 11 48 37 83 90 64 99 72 2 35 83 92 59 46 36 81 62 0 41 1 87 88 
99 38 39 40 75 33 87 26 12 8 86 30 39 10 56 5 32 94 82 26 10 28 53 27 24 59 48 97 94 56 80 59 71 81 49 85 37 4 81 60 83 97 94 35 51 41 0 78 43 83 
59 53 79 55 30 84 88 16 16 84 100 82 62 7 71 76 2 34 29 2 47 74 78 40 17 62 88 51 1 88 27 93 82 6 7 84 13 28 46 84 87 25 37 43 85 1 78 0 4 25 
60 29 24 87 39 64 55 74 75 90 14 92 60 33 3 60 40 40 45 88 11 75 80 34 2 84 79 39 51 86 6 71 66 60 92 11 51 21 69 62 98 72 41 16 21 87 43 4 0 33 
67 0 4 82 50 63 50 98 11 18 73 19 23 100 9 65 39 74 73 80 33 21 19 70 83 64 19 34 64 60 59 7 30 6 68 97 46 7 79 51 54 41 12 64 91 88 83 25 33 0 
RRRRRBRRRRBBBBRRRBRBBBBRBBBBBBBBRRBRBRBRRBRRBRRBRB