50
0 81 40 0 63 45 54 59 86 54 81 11 68 22 27 22 52 48 12 63 80 22 80 83 62 5 89 99 1 14 31 74 42 29 1 23 73 30 13 78 85 39 2 53 54 24 26 5 87 100 
81 0 48 23 55 7 96 58 18 0 67 28 35 47 9 54 10 5 82 6 66 37 13 61 29 4 58 57 8 38 7 30 73 20 75 58 46 3 20 78 95 7 94 6 60 32 16 46 4 65 
40 48 0 22 58 79 79 95 6 98 10 30 37 18 58 52 69 38 8 0 64 88 67 29 79 64 54 90 63 44 68 28 30 94 57 100 38 23 27 69 79 61 96 10 12 15 54 11 84 61 
0 23 22 0 93 17 97 77 60 29 39 31 1 79 22 81 8 10 4 66 20 47 6 22 3 93 99 90 17 85 97 4 6 70 16 45 99 99 61 43 44 53 78 41 0 78 48 3 47 93 
63 55 58 93 0 14 21 47 70 42 31 22 64 14 38 12 1 2 51 96 19 39 68 76 40 71 63 17 51 43 45 67 19 42 56 75 71 98 24 22 88 98 41 2 18 44 73 91 29 23 
45 7 79 17 14 0 2 45 99 2 40 80 68 53 72 92 24 83 80 61 87 5 65 77 83 100 61 86 54 36 99 77 64 47 86 98 93 46 69 84 3 93 68 92 2 57 46 63 34 31 
54 96 79 97 21 2 0 91 86 36 79 35 21 97 87 20 87 49 30 42 72 71 95 16 99 69 90 24 78 36 80 19 78 49 99 36 77 49 94 56 51 17 44 8 54 87 64 9 96 77 
59 58 95 77 47 45 91 0 41 72 67 86 63 39 88 70 18 12 49 60 64 3 92 9 85 52 7 91 47 90 22 69 64 2 36 60 68 74 52 74 58 14 81 53 91 66 50 76 95 75 
86 18 6 60 70 99 86 41 0 66 7 88 99 12 27 25 60 22 70 56 35 21 31 100 40 34 81 97 84 2 24 56 80 2 21 75 41 84 9 36 9 57 1 92 78 20 32 46 72 82 
54 0 98 29 42 2 36 72 66 0 96 16 72 61 76 98 70 50 49 44 65 60 2 100 74 31 61 79 1 98 71 74 8 74 80 22 10 58 49 50 9 59 60 37 30 5 8 56 0 77 
81 67 10 39 31 40 79 67 7 96 0 90 17 41 2 24 76 91 66 93 16 31 62 67 5 79 58 19 38 100 6 47 52 15 47 23 37 66 94 86 43 25 25 11 70 64 86 28 75 51 
11 28 30 31 22 80 35 86 88 16 90 0 13 41 54 73 57 90 2 22 41 91 89 29 0 21 17 16 91 82 12 24 15 82 72 36 28 7 84 88 16 21 30 29 6 59 75 3 65 70 
68 35 37 1 64 68 21 63 99 72 17 13 0 50 85 31 24 81 54 24 6 75 19 64 30 21 58 83 7 4 6 38 99 3 17 65 77 26 18 68 29 59 21 100 35 28 36 88 39 78 
22 47 18 79 14 53 97 39 12 61 41 41 50 0 88 90 4 61 93 2 99 19 8 93 66 66 89 54 75 38 76 87 8 87 8 25 66 24 85 71 41 11 8 64 45 86 39 87 22 58 
27 9 58 22 38 72 87 88 27 76 2 54 85 88 0 78 19 26 0 51 61 48 16 63 18 99 100 48 96 98 11 38 0 20 68 49 73 78 27 71 95 72 24 73 79 2 40 36 84 68 
22 54 52 81 12 92 20 70 25 98 24 73 31 90 78 0 59 35 23 55 5 84 46 45 74 80 65 27 38 8 64 91 69 49 13 54 49 33 94 95 7 64 62 93 61 61 35 8 81 6 
52 10 69 8 1 24 87 18 60 70 76 57 24 4 19 59 0 5 17 90 60 9 33 46 99 15 94 77 45 54 58 10 7 39 1 13 97 80 37 37 81 65 26 59 39 99 64 13 8 10 
48 5 38 10 2 83 49 12 22 50 91 90 81 61 26 35 5 0 4 14 58 65 58 68 43 2 47 87 10 71 61 52 3 92 15 13 10 61 63 92 17 31 21 4 63 26 55 71 61 24 
12 82 8 4 51 80 30 49 70 49 66 2 54 93 0 23 17 4 0 90 60 7 6 62 44 46 59 95 21 67 35 77 48 58 68 61 74 94 95 98 72 51 74 38 18 90 43 69 94 74 
63 6 0 66 96 61 42 60 56 44 93 22 24 2 51 55 90 14 90 0 49 31 21 10 87 85 96 73 37 72 28 35 13 36 54 2 86 0 28 12 84 72 96 19 50 40 62 5 5 51 
80 66 64 20 19 87 72 64 35 65 16 41 6 99 61 5 60 58 60 49 0 72 38 46 94 33 97 54 73 23 64 5 17 8 34 4 45 92 42 4 46 52 29 94 66 12 81 41 17 75 
22 37 88 47 39 5 71 3 21 60 31 91 75 19 48 84 9 65 7 31 72 0 76 44 79 60 88 99 39 55 20 20 23 56 24 58 96 81 74 37 37 9 78 42 28 22 74 84 73 76 
80 13 67 6 68 65 95 92 31 2 62 89 19 8 16 46 33 58 6 21 38 76 0 81 7 74 100 73 22 55 17 56 26 23 85 35 0 64 80 5 14 17 39 10 22 59 65 75 20 39 
83 61 29 22 76 77 16 9 100 100 67 29 64 93 63 45 46 68 62 10 46 44 81 0 2 32 79 88 3 9 40 20 60 11 37 83 53 100 28 56 97 4 37 24 71 96 59 41 41 21 
62 29 79 3 40 83 99 85 40 74 5 0 30 66 18 74 99 43 44 87 94 79 7 2 0 87 40 6 13 26 78 34 56 38 7 38 26 73 60 37 97 27 94 71 44 53 91 83 43 17 
5 4 64 93 71 100 69 52 34 31 79 21 21 66 99 80 15 2 46 85 33 60 74 32 87 0 20 83 21 67 60 38 38 18 77 37 31 14 67 78 96 3 48 34 12 27 16 78 10 95 
89 58 54 99 63 61 90 7 81 61 58 17 58 89 100 65 94 47 59 96 97 88 100 79 40 20 0 14 70 56 65 15 41 15 99 82 99 43 87 51 68 46 38 70 16 25 68 55 24 69 
99 57 90 90 17 86 24 91 97 79 19 16 83 54 48 27 77 87 95 73 54 99 73 88 6 83 14 0 62 69 36 96 58 15 22 73 94 81 2 32 35 37 30 31 59 25 32 44 91 90 
1 8 63 17 51 54 78 47 84 1 38 91 7 75 96 38 45 10 21 37 73 39 22 3 13 21 70 62 0 82 24 71 9 76 53 45 1 43 4 21 44 9 9 80 54 7 93 42 64 7 
14 38 44 85 43 36 36 90 2 98 100 82 4 38 98 8 54 71 67 72 23 55 55 9 26 67 56 69 82 0 23 45 55 97 16 44 32 23 28 25 72 23 20 31 22 15 16 73 53 85 
31 7 68 97 45 99 80 22 24 71 6 12 6 76 11 64 58 61 35 28 64 20 17 40 78 60 65 36 24 23 0 42 71 26 14 32 11 45 89 99 68 38 37 8 49 80 13 65 28 11 
74 30 28 4 67 77 19 69 56 74 47 24 38 87 38 91 10 52 77 35 5 20 56 20 34 38 15 96 71 45 42 0 88 93 25 32 1 12 46 1 74 44 90 85 83 98 89 22 48 86 
42 73 30 6 19 64 78 64 80 8 52 15 99 8 0 69 7 3 48 13 17 23 26 60 56 38 41 58 9 55 71 88 0 25 76 15 81 2 78 79 60 16 68 100 74 40 32 89 97 53 
29 20 94 70 42 47 49 2 2 74 15 82 3 87 20 49 39 92 58 36 8 56 23 11 38 18 15 15 76 97 26 93 25 0 71 24 15 71 41 41 58 51 73 0 87 49 21 7 1 94 
1 75 57 16 56 86 99 36 21 80 47 72 17 8 68 13 1 15 68 54 34 24 85 37 7 77 99 22 53 16 14 25 76 71 0 66 8 59 97 67 82 23 70 60 64 89 77 3 87 7 
23 58 100 45 75 98 36 60 75 22 23 36 65 25 49 54 13 13 61 2 4 58 35 83 38 37 82 73 45 44 32 32 15 24 66 0 7 79 9 90 23 0 49 0 58 0 6 65 31 53 
73 46 38 99 71 93 77 68 41 10 37 28 77 66 73 49 97 10 74 86 45 96 0 53 26 31 99 94 1 32 11 1 81 15 8 7 0 58 2 64 5 67 98 75 37 21 1 89 26 95 
30 3 23 99 98 46 49 74 84 58 66 7 26 24 78 33 80 61 94 0 92 81 64 100 73 14 43 81 43 23 45 12 2 71 59 79 58 0 93 91 37 88 77 70 59 25 2 2 82 41 
13 20 27 61 24 69 94 52 9 49 94 84 18 85 27 94 37 63 95 28 42 74 80 28 60 67 87 2 4 28 89 46 78 41 97 9 2 93 0 95 39 14 45 83 49 63 13 9 76 55 
78 78 69 43 22 84 56 74 36 50 86 88 68 71 71 95 37 92 98 12 4 37 5 56 37 78 51 32 21 25 99 1 79 41 67 90 64 91 95 0 52 91 71 58 20 97 99 35 84 80 
85 95 79 44 88 3 51 58 9 9 43 16 29 41 95 7 81 17 72 84 46 37 14 97 97 96 68 35 44 72 68 74 60 58 82 23 5 37 39 52 0 79 56 44 24 67 40 49 71 89 
39 7 61 53 98 93 17 14 57 59 25 21 59 11 72 64 65 31 51 72 52 9 17 4 27 3 46 37 9 23 38 44 16 51 23 0 67 88 14 91 79 0 11 42 57 77 79 32 16 52 
2 94 96 78 41 68 44 81 1 60 25 30 21 8 24 62 26 21 74 96 29 78 39 37 94 48 38 30 9 20 37 90 68 73 70 49 98 77 45 71 56 11 0 41 58 99 70 43 33 92 
53 6 10 41 2 92 8 53 92 37 11 29 100 64 73 93 59 4 38 19 94 42 10 24 71 34 70 31 80 31 8 85 100 0 60 0 75 70 83 58 44 42 41 0 72 3 5 27 93 40 
54 60 12 0 18 2 54 91 78 30 70 6 35 45 79 61 39 63 18 50 66 28 22 71 44 12 16 59 54 22 49 83 74 87 64 58 37 59 49 20 24 57 58 72 0 67 79 7 1 22 
24 32 15 78 44 57 87 66 20 5 64 59 28 86 2 61 99 26 90 40 12 22 59 96 53 27 25 25 7 15 80 98 40 49 89 0 21 25 63 97 67 77 99 3 67 0 81 33 97 68 
26 16 54 48 73 46 64 50 32 8 86 75 36 39 40 35 64 55 43 62 81 74 65 59 91 16 68 32 93 16 13 89 32 21 77 6 1 2 13 99 40 79 70 5 79 81 0 84 84 53 
5 46 11 3 91 63 9 76 46 56 28 3 88 87 36 8 13 71 69 5 41 84 75 41 83 78 55 44 42 73 65 22 89 7 3 65 89 2 9 35 49 32 43 27 7 33 84 0 24 55 
87 4 84 47 29 34 96 95 72 0 75 65 39 22 84 81 8 61 94 5 17 73 20 41 43 10 24 91 64 53 28 48 97 1 87 31 26 82 76 84 71 16 33 93 1 97 84 24 0 21 
100 65 61 93 23 31 77 75 82 77 51 70 78 58 68 6 10 24 74 51 75 76 39 21 17 95 69 90 7 85 11 86 53 94 7 53 95 41 55 80 89 52 92 40 22 68 53 55 21 0 
BBBRRRRRBBRBRRBBBBRRRBBBRBRBRRRBRRBRRBRBBBRBRBRRBB