50
0 57 67 14 63 22 25 70 58 8 6 3 85 0 91 40 94 33 21 10 7 1 25 11 10 67 22 93 8 72 71 49 97 61 67 57 77 24 17 84 33 42 78 44 24 52 45 95 75 56
57 0 79 60 21 22 81 79 0 0 53 37 95 41 40 81 59 3 0 13 34 10 52 15 54 82 87 77 26 65 10 6 17 64 24 46 47 45 41 76 93 27 13 51 59 52 11 59 82 47
67 79 0 41 56 95 47 12 2 77 83 58 68 92 49 86 43 78 27 90 29 100 90 76 55 4 4 89 90 68 78 26 83 5 79 56 20 85 28 28 80 48 14 6 82 78 76 5 4 16
14 60 41 0 80 21 25 52 17 100 98 35 5 57 6 72 34 76 23 32 0 8 17 66 78 64 40 57 96 57 42 78 56 57 93 10 96 83 20 52 47 29 73 34 23 53 35 65 41 69
63 21 56 80 0 17 67 93 42 12 2 26 24 67 66 5 62 25 98 42 31 78 87 100 86 70 20 47 96 88 16 56 30 97 59 31 45 57 23 58 77 40 5 41 87 31 15 90 40 26
22 22 95 21 17 0 47 0 18 46 36 32 62 98 9 70 78 87 70 58 51 84 41 53 87 87 88 15 12 85 29 51 80 51 9 40 75 90 75 17 21 49 72 25 51 20 33 94 87 96
25 81 47 25 67 47 0 48 26 89 22 29 15 89 91 79 37 28 51 7 48 54 17 56 57 11 69 70 15 30 57 72 13 99 41 25 28 68 71 21 91 12 96 42 87 72 99 75 78 73
70 79 12 52 93 0 48 0 22 70 51 10 70 60 79 55 6 48 45 25 91 96 86 1 69 7 29 14 77 49 66 17 9 86 76 39 86 26 65 67 15 69 90 1 14 40 28 68 19 63
58 0 2 17 42 18 26 22 0 19 79 2 13 31 83 97 100 75 88 45 28 74 41 91 67 98 9 12 78 46 91 48 48 2 7 61 88 33 72 61 62 17 47 79 73 61 67 11 31 32
8 0 77 100 12 46 89 70 19 0 90 58 93 88 82 91 7 93 50 4 19 85 17 38 93 91 93 33 75 82 59 53 74 69 93 24 92 69 59 59 18 86 57 30 10 8 25 78 70 25
6 53 83 98 2 36 22 51 79 90 0 46 18 12 54 18 47 22 23 47 56 29 34 70 41 46 92 9 44 17 25 76 41 79 53 78 86 35 12 50 29 38 72 34 20 87 86 29 69 48
3 37 58 35 26 32 29 10 2 58 46 0 78 82 15 27 92 9 65 20 8 4 57 51 32 87 51 55 71 67 76 70 39 52 78 91 22 44 70 78 3 2 79 8 86 8 23 12 6 36
85 95 68 5 24 62 15 70 13 93 18 78 0 45 37 58 38 47 18 74 89 21 17 2 96 99 15 89 47 46 89 33 93 6 73 35 69 84 16 49 26 64 52 95 73 12 24 95 6 24
0 41 92 57 67 98 89 60 31 88 12 82 45 0 32 65 44 3 86 69 6 24 15 44 44 47 53 17 89 44 19 29 88 48 43 88 25 75 4 62 58 88 23 26 51 100 56 14 100 37
91 40 49 6 66 9 91 79 83 82 54 15 37 32 0 83 59 51 57 44 72 57 89 37 94 65 79 29 23 70 57 57 49 81 57 16 23 98 65 86 86 0 34 39 10 33 56 25 95 42
40 81 86 72 5 70 79 55 97 91 18 27 58 65 83 0 91 32 75 46 15 30 20 21 76 91 15 5 0 83 98 73 48 52 97 98 85 35 99 56 37 1 20 70 45 76 36 98 90 13
94 59 43 34 62 78 37 6 100 7 47 92 38 44 59 91 0 66 46 78 55 12 25 76 21 100 50 89 43 34 81 68 28 38 11 49 48 71 26 95 81 85 91 44 33 54 38 55 37 98
33 3 78 76 25 87 28 48 75 93 22 9 47 3 51 32 66 0 14 91 21 55 19 1 75 11 19 77 54 36 3 7 88 8 31 23 98 74 21 8 9 12 55 71 93 49 15 68 71 57
21 0 27 23 98 70 51 45 88 50 23 65 18 86 57 75 46 14 0 74 64 81 39 57 35 11 82 26 23 40 25 95 0 70 94 99 27 51 4 86 9 54 19 98 51 47 46 62 8 44
10 13 90 32 42 58 7 25 45 4 47 20 74 69 44 46 78 91 74 0 16 19 89 73 49 54 100 79 59 21 23 72 42 85 17 18 66 43 48 93 12 54 46 1 12 15 77 92 15 92
7 34 29 0 31 51 48 91 28 19 56 8 89 6 72 15 55 21 64 16 0 85 93 42 53 53 40 2 89 38 99 80 67 29 93 76 91 19 60 62 81 66 55 20 13 33 48 18 23 27
1 10 100 8 78 84 54 96 74 85 29 4 21 24 57 30 12 55 81 19 85 0 60 52 57 96 86 65 22 50 86 65 90 27 93 88 42 57 13 80 71 39 50 20 14 49 39 30 91 7
25 52 90 17 87 41 17 86 41 17 34 57 17 15 89 20 25 19 39 89 93 60 0 78 96 77 93 20 26 31 37 40 59 26 1 37 90 55 99 18 56 78 17 16 49 4 23 24 62 28
11 15 76 66 100 53 56 1 91 38 70 51 2 44 37 21 76 1 57 73 42 52 78 0 65 29 45 3 58 63 53 85 12 47 68 33 67 14 8 33 74 76 24 50 92 89 41 6 69 85
10 54 55 78 86 87 57 69 67 93 41 32 96 44 94 76 21 75 35 49 53 57 96 65 0 54 86 92 65 97 7 22 27 29 8 55 74 57 80 52 21 95 10 42 9 49 63 16 93 40
67 82 4 64 70 87 11 7 98 91 46 87 99 47 65 91 100 11 11 54 53 96 77 29 54 0 6 96 52 37 35 10 3 28 5 52 6 88 27 99 62 62 44 75 92 85 31 26 62 35
22 87 4 40 20 88 69 29 9 93 92 51 15 53 79 15 50 19 82 100 40 86 93 45 86 6 0 91 67 91 87 64 71 11 25 35 65 40 30 86 5 47 54 26 19 48 91 54 75 60
93 77 89 57 47 15 70 14 12 33 9 55 89 17 29 5 89 77 26 79 2 65 20 3 92 96 91 0 53 80 81 17 66 9 95 66 87 78 13 17 3 24 8 92 48 87 44 78 88 46
8 26 90 96 96 12 15 77 78 75 44 71 47 89 23 0 43 54 23 59 89 22 26 58 65 52 67 53 0 77 31 71 98 49 11 72 57 36 29 96 1 68 67 39 23 56 29 67 11 40
72 65 68 57 88 85 30 49 46 82 17 67 46 44 70 83 34 36 40 21 38 50 31 63 97 37 91 80 77 0 3 5 45 43 91 100 9 91 34 38 28 18 97 91 78 77 30 64 93 58
71 10 78 42 16 29 57 66 91 59 25 76 89 19 57 98 81 3 25 23 99 86 37 53 7 35 87 81 31 3 0 61 80 42 69 9 65 13 35 71 92 4 35 89 63 55 23 60 79 56
49 6 26 78 56 51 72 17 48 53 76 70 33 29 57 73 68 7 95 72 80 65 40 85 22 10 64 17 71 5 61 0 59 90 75 76 37 61 32 86 15 51 33 73 72 98 78 52 25 3
97 17 83 56 30 80 13 9 48 74 41 39 93 88 49 48 28 88 0 42 67 90 59 12 27 3 71 66 98 45 80 59 0 21 78 55 67 100 70 72 17 81 99 75 2 59 47 9 55 27
61 64 5 57 97 51 99 86 2 69 79 52 6 48 81 52 38 8 70 85 29 27 26 47 29 28 11 9 49 43 42 90 21 0 76 75 65 36 88 17 10 2 9 73 4 24 43 84 59 98
67 24 79 93 59 9 41 76 7 93 53 78 73 43 57 97 11 31 94 17 93 93 1 68 8 5 25 95 11 91 69 75 78 76 0 53 98 87 82 12 30 21 89 3 67 81 86 49 35 77
57 46 56 10 31 40 25 39 61 24 78 91 35 88 16 98 49 23 99 18 76 88 37 33 55 52 35 66 72 100 9 76 55 75 53 0 49 39 74 22 84 41 31 21 56 77 24 25 52 16
77 47 20 96 45 75 28 86 88 92 86 22 69 25 23 85 48 98 27 66 91 42 90 67 74 6 65 87 57 9 65 37 67 65 98 49 0 20 46 13 82 98 73 86 12 47 53 50 67 26
24 45 85 83 57 90 68 26 33 69 35 44 84 75 98 35 71 74 51 43 19 57 55 14 57 88 40 78 36 91 13 61 100 36 87 39 20 0 10 15 8 19 72 74 84 23 11 88 14 98
17 41 28 20 23 75 71 65 72 59 12 70 16 4 65 99 26 21 4 48 60 13 99 8 80 27 30 13 29 34 35 32 70 88 82 74 46 10 0 11 67 2 95 73 4 47 21 11 25 41
84 76 28 52 58 17 21 67 61 59 50 78 49 62 86 56 95 8 86 93 62 80 18 33 52 99 86 17 96 38 71 86 72 17 12 22 13 15 11 0 76 42 37 24 55 79 70 78 74 54
33 93 80 47 77 21 91 15 62 18 29 3 26 58 86 37 81 9 9 12 81 71 56 74 21 62 5 3 1 28 92 15 17 10 30 84 82 8 67 76 0 56 49 3 23 3 100 70 56 42
42 27 48 29 40 49 12 69 17 86 38 2 64 88 0 1 85 12 54 54 66 39 78 76 95 62 47 24 68 18 4 51 81 2 21 41 98 19 2 42 56 0 15 62 16 30 83 64 26 90
78 13 14 73 5 72 96 90 47 57 72 79 52 23 34 20 91 55 19 46 55 50 17 24 10 44 54 8 67 97 35 33 99 9 89 31 73 72 95 37 49 15 0 49 77 13 10 88 59 2
44 51 6 34 41 25 42 1 79 30 34 8 95 26 39 70 44 71 98 1 20 20 16 50 42 75 26 92 39 91 89 73 75 73 3 21 86 74 73 24 3 62 49 0 99 34 51 63 79 9
24 59 82 23 87 51 87 14 73 10 20 86 73 51 10 45 33 93 51 12 13 14 49 92 9 92 19 48 23 78 63 72 2 4 67 56 12 84 4 55 23 16 77 99 0 71 4 77 62 82
52 52 78 53 31 20 72 40 61 8 87 8 12 100 33 76 54 49 47 15 33 49 4 89 49 85 48 87 56 77 55 98 59 24 81 77 47 23 47 79 3 30 13 34 71 0 1 35 27 75
45 11 76 35 15 33 99 28 67 25 86 23 24 56 56 36 38 15 46 77 48 39 23 41 63 31 91 44 29 30 23 78 47 43 86 24 53 11 21 70 100 83 10 51 4 1 0 18 70 94
95 59 5 65 90 94 75 68 11 78 29 12 95 14 25 98 55 68 62 92 18 30 24 6 16 26 54 78 67 64 60 52 9 84 49 25 50 88 11 78 70 64 88 63 77 35 18 0 48 75
75 82 4 41 40 87 78 19 31 70 69 6 6 100 95 90 37 71 8 15 23 91 62 69 93 62 75 88 11 93 79 25 55 59 35 52 67 14 25 74 56 26 59 79 62 27 70 48 0 76
56 47 16 69 26 96 73 63 32 25 48 36 24 37 42 13 98 57 44 92 27 7 28 85 40 35 60 46 40 58 56 3 27 98 77 16 26 98 41 54 42 90 2 9 82 75 94 75 76 0
RBBRBRRRBBRRBRBRRBBBRRRBRRRBBBBRRBBBBRBBBRBBRBRRRR