50
0 7 53 88 71 59 19 78 30 70 45 31 45 88 58 25 15 100 54 44 17 72 25 49 23 25 52 6 85 9 26 23 83 75 75 53 64 90 62 91 59 6 21 35 24 75 87 35 9 41 
7 0 8 67 93 98 62 48 49 64 33 85 20 83 98 92 57 51 86 78 12 76 43 45 93 98 65 99 19 31 7 87 36 56 29 29 53 21 7 33 82 36 48 32 49 46 54 37 27 40 
53 8 0 69 15 11 10 39 9 5 37 55 63 71 41 30 57 97 86 40 17 89 6 29 56 48 58 4 90 11 37 47 47 78 12 90 86 49 28 25 81 92 76 44 62 47 70 18 74 86 
88 67 69 0 90 39 100 31 37 18 88 75 29 43 68 64 61 99 87 37 14 4 64 5 38 11 17 74 84 50 34 54 60 24 78 69 56 60 80 36 48 15 30 53 81 81 92 92 93 21 
71 93 15 90 0 4 82 74 64 44 59 12 45 36 100 47 27 95 64 99 10 55 6 97 72 77 20 79 16 13 80 45 84 17 77 94 38 58 98 32 98 56 40 74 88 70 51 45 64 14 
59 98 11 39 4 0 8 66 64 98 68 40 48 46 83 58 57 28 72 4 4 66 74 89 63 98 87 19 38 91 37 7 41 79 99 82 53 34 47 47 62 14 17 9 88 97 94 44 24 66 
19 62 10 100 82 8 0 5 31 44 43 90 42 60 39 76 50 7 79 21 16 11 54 65 41 46 42 99 88 55 39 9 51 32 80 5 94 54 56 55 95 96 76 36 55 14 11 36 48 20 
78 48 39 31 74 66 5 0 5 59 52 55 96 29 93 29 47 48 64 52 29 92 47 31 20 81 17 71 75 43 46 41 95 88 79 61 66 96 13 26 54 93 11 80 52 4 39 95 79 99 
30 49 9 37 64 64 31 5 0 8 25 7 65 41 18 13 42 24 52 19 61 77 29 40 37 99 66 47 24 50 70 32 60 21 63 96 46 41 28 22 75 49 56 71 20 4 80 90 55 31 
70 64 5 18 44 98 44 59 8 0 6 8 41 17 72 39 79 18 91 59 18 53 98 66 15 44 11 83 69 60 88 48 15 58 65 47 68 85 98 30 89 44 65 60 57 36 29 66 82 19 
45 33 37 88 59 68 43 52 25 6 0 7 68 70 62 13 44 100 26 12 60 14 35 5 99 83 48 98 67 77 27 55 20 22 45 74 54 70 39 35 86 91 62 84 91 23 28 34 53 50 
31 85 55 75 12 40 90 55 7 8 7 0 7 91 30 45 24 43 89 21 9 65 61 91 16 93 35 20 46 4 55 12 86 76 70 4 66 23 28 97 72 8 70 15 96 30 56 19 69 75 
45 20 63 29 45 48 42 96 65 41 68 7 0 8 71 41 95 17 64 29 33 40 21 18 48 46 91 48 77 87 98 35 83 4 39 83 15 65 12 98 14 11 6 77 15 7 48 9 20 11 
88 83 71 43 36 46 60 29 41 17 70 91 8 0 7 79 91 64 57 67 85 5 73 71 99 8 85 99 43 67 44 39 10 72 49 17 9 57 29 12 35 65 60 74 96 39 52 20 33 8 
58 98 41 68 100 83 39 93 18 72 62 30 71 7 0 8 9 56 19 39 60 34 94 33 97 43 68 37 45 48 51 50 4 10 90 66 71 49 39 97 84 87 47 17 92 60 61 31 46 76 
25 92 30 64 47 58 76 29 13 39 13 45 41 79 8 0 5 40 96 97 68 38 64 4 79 42 82 60 73 88 49 39 90 94 74 20 11 61 64 24 83 23 16 44 97 22 41 32 59 36 
15 57 57 61 27 57 50 47 42 79 44 24 95 91 9 5 0 6 4 23 26 79 51 39 38 34 26 17 100 46 10 73 63 49 64 26 69 77 76 15 21 72 34 89 35 23 24 59 45 24 
100 51 97 99 95 28 7 48 24 18 100 43 17 64 56 40 6 0 6 33 70 36 6 34 90 15 33 35 53 36 94 98 31 50 97 7 57 12 24 28 73 43 59 92 63 49 67 17 26 64 
54 86 86 87 64 72 79 64 52 91 26 89 64 57 19 96 4 6 0 8 97 76 6 20 21 50 51 70 83 76 67 13 56 95 47 12 6 99 37 9 41 26 97 4 71 94 48 28 57 25 
44 78 40 37 99 4 21 52 19 59 12 21 29 67 39 97 23 33 8 0 5 31 40 100 80 83 82 80 96 57 78 39 12 72 83 21 8 81 85 13 21 10 40 52 78 33 97 36 20 52 
17 12 17 14 10 4 16 29 61 18 60 9 33 85 60 68 26 70 97 5 0 5 88 49 34 24 63 46 100 58 33 77 28 73 48 10 24 52 87 8 92 38 45 31 87 53 91 17 85 11 
72 76 89 4 55 66 11 92 77 53 14 65 40 5 34 38 79 36 76 31 5 0 51 73 9 77 6 60 39 80 60 28 12 36 52 81 81 89 35 63 75 39 55 12 15 16 29 64 7 42 
25 43 6 64 6 74 54 47 29 98 35 61 21 73 94 64 51 6 6 40 88 51 0 43 31 55 18 5 47 92 5 92 65 87 76 82 61 60 59 20 88 24 77 8 94 5 99 44 7 4 
49 45 29 5 97 89 65 31 40 66 5 91 18 71 33 4 39 34 20 100 49 73 43 0 5 90 97 5 58 7 18 63 87 96 27 71 55 47 48 54 99 38 34 66 16 76 92 65 56 6 
23 93 56 38 72 63 41 20 37 15 99 16 48 99 97 79 38 90 21 80 34 9 31 5 0 6 95 39 96 56 28 92 57 17 95 6 10 15 32 64 83 83 10 61 68 39 96 32 35 42 
25 98 48 11 77 98 46 81 99 44 83 93 46 8 43 42 34 15 50 83 24 77 55 90 6 0 4 7 90 28 25 68 54 60 63 40 18 85 93 62 13 29 68 25 57 31 38 71 68 29 
52 65 58 17 20 87 42 17 66 11 48 35 91 85 68 82 26 33 51 82 63 6 18 97 95 4 0 5 55 66 38 94 100 92 31 23 50 52 88 34 11 81 70 25 97 94 84 9 22 82 
6 99 4 74 79 19 99 71 47 83 98 20 48 99 37 60 17 35 70 80 46 60 5 5 39 7 5 0 7 13 95 46 77 55 80 14 9 76 80 99 9 71 29 28 51 77 46 82 18 58 
85 19 90 84 16 38 88 75 24 69 67 46 77 43 45 73 100 53 83 96 100 39 47 58 96 90 55 7 0 8 54 75 54 59 94 35 51 100 75 76 45 83 30 55 93 36 61 72 65 66 
9 31 11 50 13 91 55 43 50 60 77 4 87 67 48 88 46 36 76 57 58 80 92 7 56 28 66 13 8 0 5 90 24 98 67 36 47 24 17 17 74 23 67 63 47 32 13 46 38 20 
26 7 37 34 80 37 39 46 70 88 27 55 98 44 51 49 10 94 67 78 33 60 5 18 28 25 38 95 54 5 0 7 46 6 12 78 63 15 43 59 84 64 79 38 92 45 70 38 65 18 
23 87 47 54 45 7 9 41 32 48 55 12 35 39 50 39 73 98 13 39 77 28 92 63 92 68 94 46 75 90 7 0 5 68 48 63 14 11 6 87 45 22 38 92 65 40 100 73 99 45 
83 36 47 60 84 41 51 95 60 15 20 86 83 10 4 90 63 31 56 12 28 12 65 87 57 54 100 77 54 24 46 5 0 5 29 40 35 63 63 77 64 97 72 12 79 72 76 57 34 20 
75 56 78 24 17 79 32 88 21 58 22 76 4 72 10 94 49 50 95 72 73 36 87 96 17 60 92 55 59 98 6 68 5 0 7 37 39 86 71 30 81 10 61 84 8 5 30 92 30 97 
75 29 12 78 77 99 80 79 63 65 45 70 39 49 90 74 64 97 47 83 48 52 76 27 95 63 31 80 94 67 12 48 29 7 0 8 59 33 18 56 36 26 65 7 32 21 68 79 16 34 
53 29 90 69 94 82 5 61 96 47 74 4 83 17 66 20 26 7 12 21 10 81 82 71 6 40 23 14 35 36 78 63 40 37 8 0 6 19 82 12 30 88 69 14 26 70 71 17 31 67 
64 53 86 56 38 53 94 66 46 68 54 66 15 9 71 11 69 57 6 8 24 81 61 55 10 18 50 9 51 47 63 14 35 39 59 6 0 5 26 34 96 12 66 52 7 69 14 55 67 89 
90 21 49 60 58 34 54 96 41 85 70 23 65 57 49 61 77 12 99 81 52 89 60 47 15 85 52 76 100 24 15 11 63 86 33 19 5 0 4 100 49 47 81 57 73 99 25 17 55 25 
62 7 28 80 98 47 56 13 28 98 39 28 12 29 39 64 76 24 37 85 87 35 59 48 32 93 88 80 75 17 43 6 63 71 18 82 26 4 0 7 52 82 68 64 38 98 59 77 94 41 
91 33 25 36 32 47 55 26 22 30 35 97 98 12 97 24 15 28 9 13 8 63 20 54 64 62 34 99 76 17 59 87 77 30 56 12 34 100 7 0 4 51 34 59 70 32 56 69 77 33 
59 82 81 48 98 62 95 54 75 89 86 72 14 35 84 83 21 73 41 21 92 75 88 99 83 13 11 9 45 74 84 45 64 81 36 30 96 49 52 4 0 7 5 78 85 50 32 9 64 30 
6 36 92 15 56 14 96 93 49 44 91 8 11 65 87 23 72 43 26 10 38 39 24 38 83 29 81 71 83 23 64 22 97 10 26 88 12 47 82 51 7 0 6 29 52 79 57 11 55 51 
21 48 76 30 40 17 76 11 56 65 62 70 6 60 47 16 34 59 97 40 45 55 77 34 10 68 70 29 30 67 79 38 72 61 65 69 66 81 68 34 5 6 0 4 43 61 96 33 30 58 
35 32 44 53 74 9 36 80 71 60 84 15 77 74 17 44 89 92 4 52 31 12 8 66 61 25 25 28 55 63 38 92 12 84 7 14 52 57 64 59 78 29 4 0 5 34 48 9 63 80 
24 49 62 81 88 88 55 52 20 57 91 96 15 96 92 97 35 63 71 78 87 15 94 16 68 57 97 51 93 47 92 65 79 8 32 26 7 73 38 70 85 52 43 5 0 4 29 77 83 90 
75 46 47 81 70 97 14 4 4 36 23 30 7 39 60 22 23 49 94 33 53 16 5 76 39 31 94 77 36 32 45 40 72 5 21 70 69 99 98 32 50 79 61 34 4 0 5 65 63 23 
87 54 70 92 51 94 11 39 80 29 28 56 48 52 61 41 24 67 48 97 91 29 99 92 96 38 84 46 61 13 70 100 76 30 68 71 14 25 59 56 32 57 96 48 29 5 0 8 61 29 
35 37 18 92 45 44 36 95 90 66 34 19 9 20 31 32 59 17 28 36 17 64 44 65 32 71 9 82 72 46 38 73 57 92 79 17 55 17 77 69 9 11 33 9 77 65 8 0 4 25 
9 27 74 93 64 24 48 79 55 82 53 69 20 33 46 59 45 26 57 20 85 7 7 56 35 68 22 18 65 38 65 99 34 30 16 31 67 55 94 77 64 55 30 63 83 63 61 4 0 7 
41 40 86 21 14 66 20 99 31 19 50 75 11 8 76 36 24 64 25 52 11 42 4 6 42 29 82 58 66 20 18 45 20 97 34 67 89 25 41 33 30 51 58 80 90 23 29 25 7 0 
RBBRRRRBBBRRRBBBRRRBBBBRRBBBRRRBBBRRRBBBRRRBBBRRRB