50
0 12 62 3 100 26 14 24 48 64 37 66 17 39 31 75 83 85 82 9 49 96 60 12 71 49 77 58 6 84 56 41 18 26 91 1 12 68 95 97 22 19 86 67 29 77 70 20 19 43
12 0 20 38 76 94 100 98 96 47 54 7 20 74 34 53 69 43 78 58 81 62 35 72 20 98 46 22 33 57 53 21 51 76 4 22 98 34 25 58 99 85 71 84 17 79 56 97 27 52
62 20 0 77 64 99 7 54 66 47 68 45 91 79 33 18 34 100 44 56 47 42 27 25 43 25 65 33 9 84 74 8 86 53 89 63 12 17 21 100 22 24 86 73 73 95 48 0 75 56
3 38 77 0 79 35 18 63 54 78 29 66 65 48 40 32 6 53 94 23 38 31 21 32 64 79 64 40 2 69 100 45 10 4 100 32 14 5 93 49 28 95 55 78 93 62 79 95 16 35
100 76 64 79 0 88 69 20 61 63 17 37 27 28 45 94 68 29 30 11 45 30 57 41 71 86 94 68 78 88 0 26 40 22 86 89 98 100 31 19 55 73 17 59 23 5 81 55 73 46
26 94 99 35 88 0 64 50 29 35 33 84 30 27 19 95 23 17 44 74 80 97 4 32 74 83 45 84 37 25 82 82 41 78 23 69 41 26 41 60 98 87 72 50 68 33 34 7 41 79
14 100 7 18 69 64 0 33 44 35 94 75 62 29 67 84 83 92 18 55 50 73 58 25 88 12 3 69 38 83 41 84 23 17 86 36 49 65 39 59 33 10 90 21 38 79 62 5 33 33
24 98 54 63 20 50 33 0 98 45 10 73 11 38 83 87 10 60 24 58 98 58 49 18 39 95 19 63 9 21 32 89 71 88 4 50 64 11 39 85 81 52 81 92 68 69 6 16 80 62
48 96 66 54 61 29 44 98 0 2 1 14 24 33 27 28 66 70 51 56 4 73 11 8 17 92 91 39 82 73 81 35 99 77 66 17 82 83 48 87 33 88 22 62 32 31 92 99 57 91
64 47 47 78 63 35 35 45 2 0 70 8 60 65 15 1 53 79 90 17 58 47 46 78 97 9 4 97 1 94 5 59 74 44 95 2 52 20 15 16 68 39 61 55 36 49 21 4 93 94
37 54 68 29 17 33 94 10 1 70 0 77 24 35 76 38 27 44 59 25 27 60 81 59 88 89 77 57 20 65 32 55 92 31 60 40 16 60 91 15 63 26 2 64 21 28 5 65 57 58
66 7 45 66 37 84 75 73 14 8 77 0 16 60 42 83 75 5 71 13 58 22 30 30 96 2 13 5 21 77 27 32 94 88 58 71 63 36 59 19 1 23 56 73 53 36 64 48 50 96
17 20 91 65 27 30 62 11 24 60 24 16 0 1 3 4 52 34 81 72 33 9 3 60 33 70 73 68 87 26 52 81 20 30 50 65 22 91 7 79 64 11 18 33 13 79 80 73 69 70
39 74 79 48 28 27 29 38 33 65 35 60 1 0 98 5 76 5 34 62 37 49 77 70 69 33 78 55 96 77 20 8 63 51 33 58 69 15 45 71 62 29 55 49 75 32 42 70 80 45
31 34 33 40 45 19 67 83 27 15 76 42 3 98 0 47 74 57 42 54 66 33 5 97 59 52 87 3 98 89 89 2 91 27 66 17 23 34 29 28 23 37 55 68 84 7 84 62 51 74
75 53 18 32 94 95 84 87 28 1 38 83 4 5 47 0 43 21 72 12 97 17 83 27 19 100 83 43 41 90 12 45 39 44 7 64 93 74 86 80 65 27 100 51 100 24 70 88 1 36
83 69 34 6 68 23 83 10 66 53 27 75 52 76 74 43 0 16 23 2 69 4 23 26 38 93 53 81 55 63 44 48 48 76 59 97 31 10 8 30 53 60 44 20 60 75 52 49 84 8
85 43 100 53 29 17 92 60 70 79 44 5 34 5 57 21 16 0 0 18 37 92 62 84 21 63 83 19 81 32 57 16 0 38 77 42 13 36 76 80 69 57 32 90 42 36 82 7 41 30
82 78 44 94 30 44 18 24 51 90 59 71 81 34 42 72 23 0 0 88 41 96 39 31 95 15 79 67 41 37 20 28 35 19 55 52 48 28 88 50 18 11 96 39 30 67 55 89 35 30
9 58 56 23 11 74 55 58 56 17 25 13 72 62 54 12 2 18 88 0 76 19 41 87 59 93 48 10 28 58 79 56 65 89 40 92 78 69 50 11 96 52 48 45 58 56 71 4 28 15
49 81 47 38 45 80 50 98 4 58 27 58 33 37 66 97 69 37 41 76 0 92 42 67 58 93 28 79 53 67 6 35 95 26 30 53 6 51 48 16 81 32 70 70 95 82 90 43 58 67
96 62 42 31 30 97 73 58 73 47 60 22 9 49 33 17 4 92 96 19 92 0 53 20 40 78 54 61 85 31 33 56 66 77 27 69 26 63 86 6 48 53 64 31 48 97 14 27 29 62
60 35 27 21 57 4 58 49 11 46 81 30 3 77 5 83 23 62 39 41 42 53 0 70 32 49 94 85 62 77 92 86 65 13 32 0 76 54 10 24 29 77 13 13 67 37 7 20 48 15
12 72 25 32 41 32 25 18 8 78 59 30 60 70 97 27 26 84 31 87 67 20 70 0 65 89 5 63 45 18 35 97 96 6 97 43 97 78 2 94 29 35 91 5 94 80 86 74 47 82
71 20 43 64 71 74 88 39 17 97 88 96 33 69 59 19 38 21 95 59 58 40 32 65 0 42 71 82 44 30 77 86 95 70 4 48 99 100 98 45 30 73 25 26 42 65 39 44 87 42
49 98 25 79 86 83 12 95 92 9 89 2 70 33 52 100 93 63 15 93 93 78 49 89 42 0 53 28 1 80 20 18 98 78 89 30 50 7 82 39 53 36 58 37 41 93 32 45 15 97
77 46 65 64 94 45 3 19 91 4 77 13 73 78 87 83 53 83 79 48 28 54 94 5 71 53 0 47 84 9 5 36 90 77 28 58 31 48 19 53 12 88 81 74 31 34 32 97 13 83
58 22 33 40 68 84 69 63 39 97 57 5 68 55 3 43 81 19 67 10 79 61 85 63 82 28 47 0 55 80 7 72 14 81 55 87 25 67 40 7 22 86 92 45 16 82 0 72 44 53
6 33 9 2 78 37 38 9 82 1 20 21 87 96 98 41 55 81 41 28 53 85 62 45 44 1 84 55 0 95 94 83 4 13 56 18 6 18 90 81 76 31 58 91 99 61 67 24 40 87
84 57 84 69 88 25 83 21 73 94 65 77 26 77 89 90 63 32 37 58 67 31 77 18 30 80 9 80 95 0 69 17 25 76 90 13 25 67 6 32 9 72 88 46 3 66 10 14 28 62
56 53 74 100 0 82 41 32 81 5 32 27 52 20 89 12 44 57 20 79 6 33 92 35 77 20 5 7 94 69 0 37 27 30 47 3 23 51 56 45 57 25 28 6 45 48 12 52 27 95
41 21 8 45 26 82 84 89 35 59 55 32 81 8 2 45 48 16 28 56 35 56 86 97 86 18 36 72 83 17 37 0 45 32 29 30 54 35 77 3 2 97 22 86 34 25 84 80 70 1
18 51 86 10 40 41 23 71 99 74 92 94 20 63 91 39 48 0 35 65 95 66 65 96 95 98 90 14 4 25 27 45 0 90 45 41 18 14 34 22 55 32 65 19 69 3 62 74 76 11
26 76 53 4 22 78 17 88 77 44 31 88 30 51 27 44 76 38 19 89 26 77 13 6 70 78 77 81 13 76 30 32 90 0 42 26 43 55 10 52 31 18 12 91 95 81 47 43 37 98
91 4 89 100 86 23 86 4 66 95 60 58 50 33 66 7 59 77 55 40 30 27 32 97 4 89 28 55 56 90 47 29 45 42 0 47 1 19 39 7 36 10 60 72 1 68 13 18 10 6
1 22 63 32 89 69 36 50 17 2 40 71 65 58 17 64 97 42 52 92 53 69 0 43 48 30 58 87 18 13 3 30 41 26 47 0 32 3 57 94 30 92 95 1 89 52 34 22 47 93
12 98 12 14 98 41 49 64 82 52 16 63 22 69 23 93 31 13 48 78 6 26 76 97 99 50 31 25 6 25 23 54 18 43 1 32 0 52 72 88 35 40 77 89 0 76 92 47 94 32
68 34 17 5 100 26 65 11 83 20 60 36 91 15 34 74 10 36 28 69 51 63 54 78 100 7 48 67 18 67 51 35 14 55 19 3 52 0 19 82 62 84 54 9 11 14 54 100 79 25
95 25 21 93 31 41 39 39 48 15 91 59 7 45 29 86 8 76 88 50 48 86 10 2 98 82 19 40 90 6 56 77 34 10 39 57 72 19 0 20 27 91 10 55 57 86 47 56 71 0
97 58 100 49 19 60 59 85 87 16 15 19 79 71 28 80 30 80 50 11 16 6 24 94 45 39 53 7 81 32 45 3 22 52 7 94 88 82 20 0 45 50 67 55 63 54 98 87 21 53
22 99 22 28 55 98 33 81 33 68 63 1 64 62 23 65 53 69 18 96 81 48 29 29 30 53 12 22 76 9 57 2 55 31 36 30 35 62 27 45 0 72 9 49 94 66 11 19 83 60
19 85 24 95 73 87 10 52 88 39 26 23 11 29 37 27 60 57 11 52 32 53 77 35 73 36 88 86 31 72 25 97 32 18 10 92 40 84 91 50 72 0 11 2 94 55 55 22 69 94
86 71 86 55 17 72 90 81 22 61 2 56 18 55 55 100 44 32 96 48 70 64 13 91 25 58 81 92 58 88 28 22 65 12 60 95 77 54 10 67 9 11 0 94 48 87 27 23 51 17
67 84 73 78 59 50 21 92 62 55 64 73 33 49 68 51 20 90 39 45 70 31 13 5 26 37 74 45 91 46 6 86 19 91 72 1 89 9 55 55 49 2 94 0 45 46 62 44 46 66
29 17 73 93 23 68 38 68 32 36 21 53 13 75 84 100 60 42 30 58 95 48 67 94 42 41 31 16 99 3 45 34 69 95 1 89 0 11 57 63 94 94 48 45 0 46 48 69 3 87
77 79 95 62 5 33 79 69 31 49 28 36 79 32 7 24 75 36 67 56 82 97 37 80 65 93 34 82 61 66 48 25 3 81 68 52 76 14 86 54 66 55 87 46 46 0 86 0 46 45
70 56 48 79 81 34 62 6 92 21 5 64 80 42 84 70 52 82 55 71 90 14 7 86 39 32 32 0 67 10 12 84 62 47 13 34 92 54 47 98 11 55 27 62 48 86 0 7 72 51
20 97 0 95 55 7 5 16 99 4 65 48 73 70 62 88 49 7 89 4 43 27 20 74 44 45 97 72 24 14 52 80 74 43 18 22 47 100 56 87 19 22 23 44 69 0 7 0 82 26
19 27 75 16 73 41 33 80 57 93 57 50 69 80 51 1 84 41 35 28 58 29 48 47 87 15 13 44 40 28 27 70 76 37 10 47 94 79 71 21 83 69 51 46 3 46 72 82 0 30
43 52 56 35 46 79 33 62 91 94 58 96 70 45 74 36 8 30 30 15 67 62 15 82 42 97 83 53 87 62 95 1 11 98 6 93 32 25 0 53 60 94 17 66 87 45 51 26 30 0
BBRBBRBBRRRRRBRBRRBBRBBRRRBBRRBBBBRBBRRRBBBRRBBRRR