50
0 97 82 82 84 92 66 91 93 88 98 85 75 83 94 80 95 95 98 99 99 97 96 94 97 76 98 76 94 99 97 89 93 74 96 80 100 88 76 91 96 96 84 84 99 83 88 87 96 82 
97 0 55 78 95 99 23 59 49 76 78 68 40 46 66 64 66 72 36 47 59 77 99 70 62 87 77 68 56 99 88 65 58 96 81 57 93 73 48 71 75 90 93 90 96 88 76 72 83 27 
82 55 0 59 28 71 0 27 30 8 12 31 5 62 93 50 60 49 38 83 33 40 58 31 78 66 69 19 23 66 82 25 71 84 51 32 78 95 65 82 27 36 30 15 57 31 55 62 53 73 
82 78 59 0 79 51 13 63 71 98 58 79 53 38 87 80 97 87 89 68 72 55 88 86 49 53 78 29 46 51 99 43 87 56 69 64 84 78 63 89 51 60 72 55 99 79 57 31 93 94 
84 95 28 79 0 73 6 57 47 82 35 67 48 10 89 14 52 74 58 74 60 68 70 47 64 33 42 55 63 99 77 71 38 82 64 59 41 59 16 41 58 83 82 83 94 43 13 9 97 9 
92 99 71 51 73 0 4 47 93 58 99 58 68 58 45 57 71 31 86 64 62 47 79 53 45 77 95 19 65 45 93 44 50 54 71 42 83 99 73 70 27 95 19 58 51 62 64 69 76 28 
66 23 0 13 6 4 0 25 26 0 2 17 3 3 28 6 28 27 6 9 29 29 30 28 31 9 28 9 20 16 29 3 24 7 24 10 34 8 7 22 10 17 2 15 33 9 3 3 30 0 
91 59 27 63 57 47 25 0 82 98 53 64 46 43 82 70 53 73 90 46 70 56 84 98 87 87 91 82 58 67 91 29 88 92 60 96 72 82 58 98 87 71 72 69 78 93 38 63 68 88 
93 49 30 71 47 93 26 82 0 26 43 85 97 44 82 49 99 94 39 81 55 97 61 67 94 74 86 71 79 46 65 85 94 66 78 48 72 35 73 93 47 99 47 70 94 83 75 54 76 81 
88 76 8 98 82 58 0 98 26 0 94 22 29 76 28 40 80 40 51 35 91 49 89 74 62 87 92 25 64 97 64 25 84 33 78 39 41 97 25 84 29 85 7 18 64 66 57 87 71 95 
98 78 12 58 35 99 2 53 43 94 0 98 25 45 51 51 92 54 77 72 43 78 59 68 33 47 72 17 80 24 76 18 63 17 34 55 65 15 50 99 90 21 68 89 90 56 20 70 81 10 
85 68 31 79 67 58 17 64 85 22 98 0 22 71 78 76 55 47 75 37 84 89 49 84 49 65 59 56 47 41 56 51 50 47 88 28 99 99 58 85 68 80 63 38 59 48 86 30 74 41 
75 40 5 53 48 68 3 46 97 29 25 22 0 89 53 10 61 67 59 13 56 63 50 36 35 74 77 68 71 58 37 66 31 76 78 16 47 32 74 97 40 97 14 60 67 64 61 85 46 31 
83 46 62 38 10 58 3 43 44 76 45 71 89 0 68 96 59 46 15 34 35 42 75 88 59 85 95 81 80 28 40 36 82 40 95 84 53 42 70 29 82 88 33 48 41 45 68 48 66 11 
94 66 93 87 89 45 28 82 82 28 51 78 53 68 0 81 91 78 55 71 59 86 87 62 97 69 92 89 97 45 84 43 74 39 62 49 74 52 84 70 40 94 64 71 75 53 43 33 62 33 
80 64 50 80 14 57 6 70 49 40 51 76 10 96 81 0 95 95 44 30 85 78 78 73 80 53 70 93 43 44 91 63 60 39 68 86 52 99 16 53 17 52 35 72 84 18 14 12 78 66 
95 66 60 97 52 71 28 53 99 80 92 55 61 59 91 95 0 69 57 62 63 61 89 95 95 68 64 89 77 58 87 74 85 53 90 86 94 58 66 85 82 57 83 55 96 73 32 35 62 81 
95 72 49 87 74 31 27 73 94 40 54 47 67 46 78 95 69 0 99 40 78 64 98 72 84 61 75 40 64 91 78 47 95 78 55 96 79 83 65 60 49 48 45 50 92 94 67 51 96 51 
98 36 38 89 58 86 6 90 39 51 77 75 59 15 55 44 57 99 0 26 91 38 72 99 61 62 49 80 76 73 86 36 99 16 84 23 46 71 38 55 36 76 86 85 56 66 64 41 71 30 
99 47 83 68 74 64 9 46 81 35 72 37 13 34 71 30 62 40 26 0 95 95 67 97 44 99 67 58 66 70 89 97 82 82 93 26 58 56 40 63 53 86 42 34 89 24 49 48 83 49 
99 59 33 72 60 62 29 70 55 91 43 84 56 35 59 85 63 78 91 95 0 78 85 84 95 78 73 74 81 71 69 67 62 83 99 63 99 66 72 96 43 51 77 92 65 71 74 51 76 77 
97 77 40 55 68 47 29 56 97 49 78 89 63 42 86 78 61 64 38 95 78 0 92 83 69 56 99 90 93 97 92 39 95 95 64 41 68 47 44 88 60 62 97 64 79 73 54 84 98 48 
96 99 58 88 70 79 30 84 61 89 59 49 50 75 87 78 89 98 72 67 85 92 0 77 80 80 91 97 86 88 97 91 92 99 82 54 99 61 71 54 56 58 81 71 81 76 35 66 66 62 
94 70 31 86 47 53 28 98 67 74 68 84 36 88 62 73 95 72 99 97 84 83 77 0 97 76 78 45 92 90 85 47 74 37 80 85 62 46 43 60 68 46 57 48 68 61 41 42 62 35 
97 62 78 49 64 45 31 87 94 62 33 49 35 59 97 80 95 84 61 44 95 69 80 97 0 40 60 66 76 61 83 86 66 70 70 57 84 59 62 77 52 51 50 87 79 82 57 85 64 59 
76 87 66 53 33 77 9 87 74 87 47 65 74 85 69 53 68 61 62 99 78 56 80 76 40 0 44 82 29 68 86 81 36 70 97 82 88 47 57 78 87 88 55 67 49 78 99 18 79 13 
98 77 69 78 42 95 28 91 86 92 72 59 77 95 92 70 64 75 49 67 73 99 91 78 60 44 0 78 92 54 83 70 66 85 52 80 81 98 58 56 44 90 74 98 88 57 80 97 94 82 
76 68 19 29 55 19 9 82 71 25 17 56 68 81 89 93 89 40 80 58 74 90 97 45 66 82 78 0 72 28 76 84 34 22 40 67 89 32 71 31 35 78 99 29 79 61 23 81 91 21 
94 56 23 46 63 65 20 58 79 64 80 47 71 80 97 43 77 64 76 66 81 93 86 92 76 29 92 72 0 97 73 56 97 97 92 69 85 92 29 89 30 54 37 60 82 32 57 91 54 45 
99 99 66 51 99 45 16 67 46 97 24 41 58 28 45 44 58 91 73 70 71 97 88 90 61 68 54 28 97 0 90 36 94 75 92 92 59 70 35 74 30 58 38 38 83 95 48 32 84 91 
97 88 82 99 77 93 29 91 65 64 76 56 37 40 84 91 87 78 86 89 69 92 97 85 83 86 83 76 73 90 0 48 55 43 67 84 68 38 82 56 86 90 50 66 81 66 76 59 77 91 
89 65 25 43 71 44 3 29 85 25 18 51 66 36 43 63 74 47 36 97 67 39 91 47 86 81 70 84 56 36 48 0 83 66 59 82 41 77 49 42 24 42 95 46 37 51 6 8 87 24 
93 58 71 87 38 50 24 88 94 84 63 50 31 82 74 60 85 95 99 82 62 95 92 74 66 36 66 34 97 94 55 83 0 97 78 79 73 38 77 58 75 54 97 57 69 69 56 79 56 85 
74 96 84 56 82 54 7 92 66 33 17 47 76 40 39 39 53 78 16 82 83 95 99 37 70 70 85 22 97 75 43 66 97 0 86 38 42 24 51 67 45 26 57 28 85 95 11 52 41 11 
96 81 51 69 64 71 24 60 78 78 34 88 78 95 62 68 90 55 84 93 99 64 82 80 70 97 52 40 92 92 67 59 78 86 0 39 66 80 80 95 62 88 62 39 73 48 68 79 95 60 
80 57 32 64 59 42 10 96 48 39 55 28 16 84 49 86 86 96 23 26 63 41 54 85 57 82 80 67 69 92 84 82 79 38 39 0 55 60 41 38 38 46 34 55 58 74 15 69 69 62 
100 93 78 84 41 83 34 72 72 41 65 99 47 53 74 52 94 79 46 58 99 68 99 62 84 88 81 89 85 59 68 41 73 42 66 55 0 81 68 75 62 53 83 98 88 59 78 37 77 91 
88 73 95 78 59 99 8 82 35 97 15 99 32 42 52 99 58 83 71 56 66 47 61 46 59 47 98 32 92 70 38 77 38 24 80 60 81 0 16 30 26 33 20 90 86 41 68 43 65 99 
76 48 65 63 16 73 7 58 73 25 50 58 74 70 84 16 66 65 38 40 72 44 71 43 62 57 58 71 29 35 82 49 77 51 80 41 68 16 0 48 48 30 35 39 63 39 15 75 45 19 
91 71 82 89 41 70 22 98 93 84 99 85 97 29 70 53 85 60 55 63 96 88 54 60 77 78 56 31 89 74 56 42 58 67 95 38 75 30 48 0 96 99 48 45 94 59 59 79 82 44 
96 75 27 51 58 27 10 87 47 29 90 68 40 82 40 17 82 49 36 53 43 60 56 68 52 87 44 35 30 30 86 24 75 45 62 38 62 26 48 96 0 96 24 96 93 76 68 32 85 73 
96 90 36 60 83 95 17 71 99 85 21 80 97 88 94 52 57 48 76 86 51 62 58 46 51 88 90 78 54 58 90 42 54 26 88 46 53 33 30 99 96 0 31 98 87 78 55 81 89 90 
84 93 30 72 82 19 2 72 47 7 68 63 14 33 64 35 83 45 86 42 77 97 81 57 50 55 74 99 37 38 50 95 97 57 62 34 83 20 35 48 24 31 0 86 53 98 54 80 79 57 
84 90 15 55 83 58 15 69 70 18 89 38 60 48 71 72 55 50 85 34 92 64 71 48 87 67 98 29 60 38 66 46 57 28 39 55 98 90 39 45 96 98 86 0 53 91 73 30 52 57 
99 96 57 99 94 51 33 78 94 64 90 59 67 41 75 84 96 92 56 89 65 79 81 68 79 49 88 79 82 83 81 37 69 85 73 58 88 86 63 94 93 87 53 53 0 98 42 86 98 45 
83 88 31 79 43 62 9 93 83 66 56 48 64 45 53 18 73 94 66 24 71 73 76 61 82 78 57 61 32 95 66 51 69 95 48 74 59 41 39 59 76 78 98 91 98 0 35 84 55 80 
88 76 55 57 13 64 3 38 75 57 20 86 61 68 43 14 32 67 64 49 74 54 35 41 57 99 80 23 57 48 76 6 56 11 68 15 78 68 15 59 68 55 54 73 42 35 0 25 68 74 
87 72 62 31 9 69 3 63 54 87 70 30 85 48 33 12 35 51 41 48 51 84 66 42 85 18 97 81 91 32 59 8 79 52 79 69 37 43 75 79 32 81 80 30 86 84 25 0 62 52 
96 83 53 93 97 76 30 68 76 71 81 74 46 66 62 78 62 96 71 83 76 98 66 62 64 79 94 91 54 84 77 87 56 41 95 69 77 65 45 82 85 89 79 52 98 55 68 62 0 42 
82 27 73 94 9 28 0 88 81 95 10 41 31 11 33 66 81 51 30 49 77 48 62 35 59 13 82 21 45 91 91 24 85 11 60 62 91 99 19 44 73 90 57 57 45 80 74 52 42 0 
RBRRBBRRBRRRBRBRBRBBRBRRBBRBRBRRRBRBBBRRRBBRBBBBRB