50
0 78 3 54 33 18 19 19 4 92 76 23 45 92 89 68 36 9 17 7 23 23 37 9 93 10 91 27 81 18 72 55 86 40 10 80 11 37 48 30 48 46 44 43 39 84 42 94 22 63
78 0 23 79 26 43 89 44 8 91 90 99 93 50 33 83 19 3 40 61 36 16 16 97 51 47 63 79 25 82 16 66 47 18 46 6 45 27 38 21 96 17 79 24 29 98 72 83 74 49
3 23 0 37 65 98 61 32 57 25 68 19 18 34 94 86 99 4 52 62 59 80 73 93 1 25 17 39 58 3 98 34 31 94 69 6 39 47 53 3 98 93 71 43 77 22 95 17 83 53
54 79 37 0 14 56 91 44 25 78 24 26 30 52 2 27 2 39 95 21 43 85 7 79 15 94 36 81 66 90 99 14 38 52 56 90 37 90 84 88 85 56 54 89 87 31 99 79 69 66
33 26 65 14 0 43 17 95 67 81 72 97 12 27 19 32 42 40 0 38 8 3 66 96 93 25 12 39 87 51 80 46 80 61 85 32 3 47 46 62 49 31 44 68 58 59 20 41 22 13
18 43 98 56 43 0 54 16 80 24 42 27 86 87 12 71 36 82 67 99 3 73 68 86 27 26 98 86 61 14 86 47 59 55 83 1 50 49 44 64 37 55 26 74 91 49 69 87 83 89
19 89 61 91 17 54 0 24 80 89 39 85 80 70 46 51 81 48 64 82 39 24 21 82 61 29 21 56 85 94 52 54 61 78 28 42 25 19 10 97 22 56 30 63 18 39 97 71 66 91
19 44 32 44 95 16 24 0 48 93 8 68 56 31 15 89 56 96 44 68 71 50 9 85 43 20 33 73 31 99 82 13 46 78 3 30 80 8 29 28 23 34 38 16 35 47 25 77 70 79
4 8 57 25 67 80 80 48 0 33 50 24 37 80 78 42 5 76 80 38 10 23 29 23 2 52 65 88 94 46 21 56 73 12 24 91 22 14 61 72 34 68 37 66 72 8 91 14 3 58
92 91 25 78 81 24 89 93 33 0 28 84 10 33 22 54 7 1 1 63 11 89 68 11 55 71 27 44 87 2 21 93 75 88 49 19 83 12 6 10 29 35 7 86 70 32 66 99 58 41
76 90 68 24 72 42 39 8 50 28 0 1 26 13 91 99 45 11 50 13 79 68 9 53 6 76 93 25 73 26 92 53 51 80 82 66 46 68 64 99 65 70 21 70 81 5 42 49 50 41
23 99 19 26 97 27 85 68 24 84 1 0 62 67 78 99 83 69 42 5 73 5 78 92 12 6 92 74 4 40 93 70 37 63 24 48 49 27 19 31 0 29 20 77 23 45 54 93 17 53
45 93 18 30 12 86 80 56 37 10 26 62 0 57 24 78 35 0 10 61 0 81 57 5 39 79 37 8 40 9 70 12 10 70 23 80 45 81 20 88 6 86 17 33 9 68 87 96 48 36
92 50 34 52 27 87 70 31 80 33 13 67 57 0 56 9 46 67 25 44 79 35 44 83 68 87 38 83 79 49 8 54 64 73 17 10 86 48 37 49 29 51 9 5 34 38 90 34 10 49
89 33 94 2 19 12 46 15 78 22 91 78 24 56 0 48 10 1 63 68 92 58 2 4 54 31 87 63 38 65 35 52 9 39 7 91 20 89 68 90 75 49 26 0 39 99 36 92 66 32
68 83 86 27 32 71 51 89 42 54 99 99 78 9 48 0 54 50 26 89 19 2 52 17 82 8 77 10 19 73 36 94 90 0 10 74 49 51 22 68 92 49 48 49 95 20 29 69 7 20
36 19 99 2 42 36 81 56 5 7 45 83 35 46 10 54 0 29 55 73 34 90 90 56 63 81 70 54 97 84 50 43 12 91 22 46 19 48 60 76 54 5 27 99 36 67 8 40 94 22
9 3 4 39 40 82 48 96 76 1 11 69 0 67 1 50 29 0 79 13 35 32 70 98 55 4 93 71 91 13 28 52 67 20 6 54 34 10 60 70 55 22 51 66 29 20 60 19 50 23
17 40 52 95 0 67 64 44 80 1 50 42 10 25 63 26 55 79 0 0 22 9 69 68 73 62 61 79 83 35 38 63 98 60 31 38 89 69 23 9 29 20 92 88 71 46 51 41 97 42
7 61 62 21 38 99 82 68 38 63 13 5 61 44 68 89 73 13 0 0 54 68 61 37 94 36 79 22 60 32 89 14 84 56 82 64 34 42 4 39 97 66 79 88 21 94 15 59 9 28
23 36 59 43 8 3 39 71 10 11 79 73 0 79 92 19 34 35 22 54 0 34 79 38 42 96 6 71 35 17 84 17 72 73 19 91 14 26 67 8 19 46 88 29 64 38 5 3 89 36
23 16 80 85 3 73 24 50 23 89 68 5 81 35 58 2 90 32 9 68 34 0 29 89 53 98 25 87 22 58 60 95 5 39 11 65 83 84 70 42 47 19 37 97 71 47 32 39 94 96
37 16 73 7 66 68 21 9 29 68 9 78 57 44 2 52 90 70 69 61 79 29 0 85 57 1 82 55 88 83 69 4 81 40 20 76 63 73 92 37 18 73 45 59 98 47 97 37 61 24
9 97 93 79 96 86 82 85 23 11 53 92 5 83 4 17 56 98 68 37 38 89 85 0 28 64 78 61 47 24 35 66 52 17 62 55 67 11 80 99 17 9 87 20 10 8 82 98 53 35
93 51 1 15 93 27 61 43 2 55 6 12 39 68 54 82 63 55 73 94 42 53 57 28 0 51 47 47 9 32 0 60 95 15 77 36 92 73 32 30 51 34 4 32 31 44 5 34 59 42
10 47 25 94 25 26 29 20 52 71 76 6 79 87 31 8 81 4 62 36 96 98 1 64 51 0 57 4 9 96 70 71 53 64 94 59 31 19 96 68 1 33 29 55 59 60 23 13 34 49
91 63 17 36 12 98 21 33 65 27 93 92 37 38 87 77 70 93 61 79 6 25 82 78 47 57 0 83 71 52 14 33 37 66 81 85 45 96 44 77 91 5 78 97 56 32 16 9 3 78
27 79 39 81 39 86 56 73 88 44 25 74 8 83 63 10 54 71 79 22 71 87 55 61 47 4 83 0 90 33 52 31 14 71 40 85 35 67 34 66 65 79 61 63 39 3 79 8 42 75
81 25 58 66 87 61 85 31 94 87 73 4 40 79 38 19 97 91 83 60 35 22 88 47 9 9 71 90 0 98 0 52 4 49 7 13 69 46 47 60 58 91 86 65 32 79 76 96 33 72
18 82 3 90 51 14 94 99 46 2 26 40 9 49 65 73 84 13 35 32 17 58 83 24 32 96 52 33 98 0 24 21 67 51 68 21 4 64 75 34 56 3 25 4 94 40 42 5 66 60
72 16 98 99 80 86 52 82 21 21 92 93 70 8 35 36 50 28 38 89 84 60 69 35 0 70 14 52 0 24 0 43 79 44 28 36 96 39 31 35 31 96 36 76 38 25 14 92 67 71
55 66 34 14 46 47 54 13 56 93 53 70 12 54 52 94 43 52 63 14 17 95 4 66 60 71 33 31 52 21 43 0 21 71 29 24 79 0 71 52 67 91 72 38 69 79 68 86 35 99
86 47 31 38 80 59 61 46 73 75 51 37 10 64 9 90 12 67 98 84 72 5 81 52 95 53 37 14 4 67 79 21 0 51 90 28 11 76 9 35 0 96 62 67 8 89 1 2 65 85
40 18 94 52 61 55 78 78 12 88 80 63 70 73 39 0 91 20 60 56 73 39 40 17 15 64 66 71 49 51 44 71 51 0 51 61 37 24 13 51 67 27 7 10 61 79 9 43 81 42
10 46 69 56 85 83 28 3 24 49 82 24 23 17 7 10 22 6 31 82 19 11 20 62 77 94 81 40 7 68 28 29 90 51 0 58 76 23 65 19 89 49 7 84 89 10 54 93 91 28
80 6 6 90 32 1 42 30 91 19 66 48 80 10 91 74 46 54 38 64 91 65 76 55 36 59 85 85 13 21 36 24 28 61 58 0 36 58 57 53 13 77 56 34 4 56 74 63 84 4
11 45 39 37 3 50 25 80 22 83 46 49 45 86 20 49 19 34 89 34 14 83 63 67 92 31 45 35 69 4 96 79 11 37 76 36 0 74 71 17 51 2 68 28 91 22 10 0 0 88
37 27 47 90 47 49 19 8 14 12 68 27 81 48 89 51 48 10 69 42 26 84 73 11 73 19 96 67 46 64 39 0 76 24 23 58 74 0 81 39 52 12 42 29 99 68 39 83 10 82
48 38 53 84 46 44 10 29 61 6 64 19 20 37 68 22 60 60 23 4 67 70 92 80 32 96 44 34 47 75 31 71 9 13 65 57 71 81 0 7 77 80 10 68 66 32 2 97 37 34
30 21 3 88 62 64 97 28 72 10 99 31 88 49 90 68 76 70 9 39 8 42 37 99 30 68 77 66 60 34 35 52 35 51 19 53 17 39 7 0 91 76 49 85 94 85 49 2 5 93
48 96 98 85 49 37 22 23 34 29 65 0 6 29 75 92 54 55 29 97 19 47 18 17 51 1 91 65 58 56 31 67 0 67 89 13 51 52 77 91 0 71 10 61 49 36 39 65 71 13
46 17 93 56 31 55 56 34 68 35 70 29 86 51 49 49 5 22 20 66 46 19 73 9 34 33 5 79 91 3 96 91 96 27 49 77 2 12 80 76 71 0 41 73 60 32 17 85 17 9
44 79 71 54 44 26 30 38 37 7 21 20 17 9 26 48 27 51 92 79 88 37 45 87 4 29 78 61 86 25 36 72 62 7 7 56 68 42 10 49 10 41 0 60 52 7 20 9 77 69
43 24 43 89 68 74 63 16 66 86 70 77 33 5 0 49 99 66 88 88 29 97 59 20 32 55 97 63 65 4 76 38 67 10 84 34 28 29 68 85 61 73 60 0 10 56 17 92 40 18
39 29 77 87 58 91 18 35 72 70 81 23 9 34 39 95 36 29 71 21 64 71 98 10 31 59 56 39 32 94 38 69 8 61 89 4 91 99 66 94 49 60 52 10 0 35 15 35 66 2
84 98 22 31 59 49 39 47 8 32 5 45 68 38 99 20 67 20 46 94 38 47 47 8 44 60 32 3 79 40 25 79 89 79 10 56 22 68 32 85 36 32 7 56 35 0 62 81 83 93
42 72 95 99 20 69 97 25 91 66 42 54 87 90 36 29 8 60 51 15 5 32 97 82 5 23 16 79 76 42 14 68 1 9 54 74 10 39 2 49 39 17 20 17 15 62 0 2 1 21
94 83 17 79 41 87 71 77 14 99 49 93 96 34 92 69 40 19 41 59 3 39 37 98 34 13 9 8 96 5 92 86 2 43 93 63 0 83 97 2 65 85 9 92 35 81 2 0 21 31
22 74 83 69 22 83 66 70 3 58 50 17 48 10 66 7 94 50 97 9 89 94 61 53 59 34 3 42 33 66 67 35 65 81 91 84 0 10 37 5 71 17 77 40 66 83 1 21 0 47
63 49 53 66 13 89 91 79 58 41 41 53 36 49 32 20 22 23 42 28 36 96 24 35 42 49 78 75 72 60 71 99 85 42 28 4 88 82 34 93 13 9 69 18 2 93 21 31 47 0
RBBBBRBBRRBBRBRRRBBRRRBBBRRRRBRRRRBRRBBBRBRBBRBBBR