50
0 21 61 60 66 57 64 61 80 82 69 81 76 63 61 71 87 84 81 78 59 84 70 51 72 85 59 56 51 76 90 57 67 89 86 69 71 54 88 81 79 84 89 72 85 77 82 76 71 95 
21 0 9 55 87 81 63 83 85 84 62 51 83 85 70 84 81 78 79 64 84 56 75 68 80 61 55 78 59 59 52 86 77 67 58 82 58 61 69 78 75 84 76 59 56 70 62 51 59 93 
61 9 0 5 57 77 66 53 74 58 79 65 57 81 82 55 67 54 70 52 90 59 89 81 71 82 79 71 58 60 76 86 88 65 90 77 81 64 63 90 90 51 79 86 79 86 62 81 59 100 
60 55 5 0 37 65 82 67 55 77 51 78 83 87 74 87 63 80 61 81 72 78 78 56 82 58 84 72 56 89 71 74 67 80 76 86 68 83 87 80 70 53 86 62 59 53 67 90 82 93 
66 87 57 37 0 14 87 68 55 51 59 67 69 68 61 75 63 55 70 82 70 64 69 70 56 88 54 83 54 70 60 84 69 53 78 90 59 55 51 77 85 53 63 74 51 59 64 67 65 95 
57 81 77 65 14 0 26 67 79 69 75 79 87 61 90 73 55 75 61 74 59 81 56 75 73 82 61 75 61 87 73 59 70 83 90 75 89 85 86 73 83 88 87 78 51 62 79 80 59 94 
64 63 66 82 87 26 0 49 66 63 67 59 71 70 74 88 67 86 81 54 86 61 83 61 66 76 86 70 87 80 83 54 67 73 65 69 53 73 54 66 71 68 74 69 79 87 83 73 58 99 
61 83 53 67 68 67 49 0 36 89 59 65 54 89 84 85 64 76 56 63 72 57 53 64 66 85 80 62 61 56 68 73 75 73 72 62 65 68 54 73 59 55 81 61 65 77 85 81 55 100 
80 85 74 55 55 79 66 36 0 34 80 54 71 56 74 75 56 78 53 75 64 83 59 74 88 56 52 87 76 64 74 77 85 56 71 85 85 54 60 60 83 71 84 84 52 88 53 78 61 98 
82 84 58 77 51 69 63 89 34 0 25 88 63 59 59 72 88 62 60 54 76 72 90 82 57 55 78 75 70 55 81 69 88 69 57 87 64 65 82 78 67 84 90 71 76 64 65 52 80 94 
69 62 79 51 59 75 67 59 80 25 0 41 82 53 80 82 87 67 88 73 66 57 66 75 80 61 63 78 59 85 85 57 84 71 69 67 68 51 67 82 83 84 74 77 51 84 74 63 72 94 
81 51 65 78 67 79 59 65 54 88 41 0 20 82 72 56 80 67 76 53 60 76 82 83 70 88 59 55 65 73 60 76 61 54 81 71 77 73 86 90 62 80 52 54 80 88 71 72 65 95 
76 83 57 83 69 87 71 54 71 63 82 20 0 11 55 75 70 78 61 70 70 85 51 67 62 85 55 75 89 67 66 72 72 60 87 87 64 53 51 73 62 55 83 64 61 53 55 88 90 95 
63 85 81 87 68 61 70 89 56 59 53 82 11 0 35 53 81 70 86 61 77 56 61 66 56 64 87 64 81 82 88 78 82 58 77 83 55 68 69 83 55 85 63 65 53 83 61 55 72 95 
61 70 82 74 61 90 74 84 74 59 80 72 55 35 0 2 72 87 61 53 72 70 87 66 52 53 80 86 87 78 52 52 68 88 77 73 54 55 76 74 79 77 89 85 74 76 59 72 71 95 
71 84 55 87 75 73 88 85 75 72 82 56 75 53 2 0 1 53 84 53 88 55 86 77 88 79 89 71 59 72 67 89 73 89 76 88 70 59 69 74 72 72 55 86 67 63 57 58 61 90 
87 81 67 63 63 55 67 64 56 88 87 80 70 81 72 1 0 36 90 70 65 78 80 51 55 67 74 76 54 78 83 89 54 89 63 51 80 54 84 51 55 85 66 74 79 65 85 84 81 93 
84 78 54 80 55 75 86 76 78 62 67 67 78 70 87 53 36 0 15 82 78 52 54 54 83 80 58 64 62 62 82 85 67 74 61 68 53 64 73 77 59 72 59 60 81 77 77 79 61 91 
81 79 70 61 70 61 81 56 53 60 88 76 61 86 61 84 90 15 0 42 88 70 65 66 78 75 78 88 55 59 69 63 90 89 89 76 87 66 80 68 57 51 55 71 87 79 56 86 74 93 
78 64 52 81 82 74 54 63 75 54 73 53 70 61 53 53 70 82 42 0 26 75 88 56 77 62 88 87 87 53 88 81 79 84 71 90 86 53 85 67 55 53 56 65 87 63 66 62 73 100 
59 84 90 72 70 59 86 72 64 76 66 60 70 77 72 88 65 78 88 26 0 7 80 85 85 78 60 62 90 67 72 72 73 56 83 73 85 71 74 55 59 76 63 70 61 58 59 54 81 95 
84 56 59 78 64 81 61 57 83 72 57 76 85 56 70 55 78 52 70 75 7 0 20 69 63 67 60 68 51 51 68 54 79 86 83 65 84 64 70 53 55 67 80 85 80 52 66 82 71 99 
70 75 89 78 69 56 83 53 59 90 66 82 51 61 87 86 80 54 65 88 80 20 0 45 58 82 65 74 73 80 72 69 82 69 89 55 72 69 76 65 85 80 79 70 80 81 69 89 57 100 
51 68 81 56 70 75 61 64 74 82 75 83 67 66 66 77 51 54 66 56 85 69 45 0 18 76 73 68 52 78 77 79 77 83 67 52 78 85 79 83 76 61 51 67 65 70 88 71 53 90 
72 80 71 82 56 73 66 66 88 57 80 70 62 56 52 88 55 83 78 77 85 63 58 18 0 9 67 72 68 61 82 61 83 60 56 70 87 55 70 67 78 58 77 89 57 88 76 63 86 98 
85 61 82 58 88 82 76 85 56 55 61 88 85 64 53 79 67 80 75 62 78 67 82 76 9 0 12 83 88 58 61 69 78 66 53 82 72 75 86 69 71 85 71 82 58 76 85 82 58 98 
59 55 79 84 54 61 86 80 52 78 63 59 55 87 80 89 74 58 78 88 60 60 65 73 67 12 0 7 68 64 71 69 71 81 52 87 66 87 51 83 89 75 59 85 58 84 68 85 88 98 
56 78 71 72 83 75 70 62 87 75 78 55 75 64 86 71 76 64 88 87 62 68 74 68 72 83 7 0 45 66 70 56 74 76 66 82 74 72 65 57 54 79 69 89 74 57 55 61 83 91 
51 59 58 56 54 61 87 61 76 70 59 65 89 81 87 59 54 62 55 87 90 51 73 52 68 88 68 45 0 29 81 59 72 53 80 77 62 57 90 90 89 68 73 90 71 51 52 83 90 94 
76 59 60 89 70 87 80 56 64 55 85 73 67 82 78 72 78 62 59 53 67 51 80 78 61 58 64 66 29 0 39 90 61 86 71 71 56 77 81 67 64 68 77 53 86 52 80 59 51 99 
90 52 76 71 60 73 83 68 74 81 85 60 66 88 52 67 83 82 69 88 72 68 72 77 82 61 71 70 81 39 0 41 52 67 62 55 81 71 64 71 71 87 72 52 80 63 87 79 84 91 
57 86 86 74 84 59 54 73 77 69 57 76 72 78 52 89 89 85 63 81 72 54 69 79 61 69 69 56 59 90 41 0 24 54 70 62 82 61 61 52 53 84 77 64 65 89 81 60 55 99 
67 77 88 67 69 70 67 75 85 88 84 61 72 82 68 73 54 67 90 79 73 79 82 77 83 78 71 74 72 61 52 24 0 35 77 70 74 70 79 81 88 75 74 75 76 59 78 61 69 97 
89 67 65 80 53 83 73 73 56 69 71 54 60 58 88 89 89 74 89 84 56 86 69 83 60 66 81 76 53 86 67 54 35 0 47 85 86 55 52 74 52 75 54 87 80 83 72 63 87 92 
86 58 90 76 78 90 65 72 71 57 69 81 87 77 77 76 63 61 89 71 83 83 89 67 56 53 52 66 80 71 62 70 77 47 0 24 51 75 64 85 64 76 89 55 74 70 64 74 57 94 
69 82 77 86 90 75 69 62 85 87 67 71 87 83 73 88 51 68 76 90 73 65 55 52 70 82 87 82 77 71 55 62 70 85 24 0 3 52 89 85 79 69 67 88 51 83 89 74 53 90 
71 58 81 68 59 89 53 65 85 64 68 77 64 55 54 70 80 53 87 86 85 84 72 78 87 72 66 74 62 56 81 82 74 86 51 3 0 46 61 87 75 85 54 80 73 61 65 53 89 91 
54 61 64 83 55 85 73 68 54 65 51 73 53 68 55 59 54 64 66 53 71 64 69 85 55 75 87 72 57 77 71 61 70 55 75 52 46 0 9 82 88 53 76 84 63 84 86 89 60 95 
88 69 63 87 51 86 54 54 60 82 67 86 51 69 76 69 84 73 80 85 74 70 76 79 70 86 51 65 90 81 64 61 79 52 64 89 61 9 0 40 78 65 85 82 68 79 89 60 70 98 
81 78 90 80 77 73 66 73 60 78 82 90 73 83 74 74 51 77 68 67 55 53 65 83 67 69 83 57 90 67 71 52 81 74 85 85 87 82 40 0 9 87 75 55 63 58 73 51 77 90 
79 75 90 70 85 83 71 59 83 67 83 62 62 55 79 72 55 59 57 55 59 55 85 76 78 71 89 54 89 64 71 53 88 52 64 79 75 88 78 9 0 6 90 62 65 77 85 51 76 99 
84 84 51 53 53 88 68 55 71 84 84 80 55 85 77 72 85 72 51 53 76 67 80 61 58 85 75 79 68 68 87 84 75 75 76 69 85 53 65 87 6 0 42 90 60 64 84 53 66 90 
89 76 79 86 63 87 74 81 84 90 74 52 83 63 89 55 66 59 55 56 63 80 79 51 77 71 59 69 73 77 72 77 74 54 89 67 54 76 85 75 90 42 0 33 66 67 56 76 76 97 
72 59 86 62 74 78 69 61 84 71 77 54 64 65 85 86 74 60 71 65 70 85 70 67 89 82 85 89 90 53 52 64 75 87 55 88 80 84 82 55 62 90 33 0 0 51 77 75 87 95 
85 56 79 59 51 51 79 65 52 76 51 80 61 53 74 67 79 81 87 87 61 80 80 65 57 58 58 74 71 86 80 65 76 80 74 51 73 63 68 63 65 60 66 0 0 7 78 84 56 100 
77 70 86 53 59 62 87 77 88 64 84 88 53 83 76 63 65 77 79 63 58 52 81 70 88 76 84 57 51 52 63 89 59 83 70 83 61 84 79 58 77 64 67 51 7 0 1 57 55 100 
82 62 62 67 64 79 83 85 53 65 74 71 55 61 59 57 85 77 56 66 59 66 69 88 76 85 68 55 52 80 87 81 78 72 64 89 65 86 89 73 85 84 56 77 78 1 0 35 62 98 
76 51 81 90 67 80 73 81 78 52 63 72 88 55 72 58 84 79 86 62 54 82 89 71 63 82 85 61 83 59 79 60 61 63 74 74 53 89 60 51 51 53 76 75 84 57 35 0 21 91 
71 59 59 82 65 59 58 55 61 80 72 65 90 72 71 61 81 61 74 73 81 71 57 53 86 58 88 83 90 51 84 55 69 87 57 53 89 60 70 77 76 66 76 87 56 55 62 21 0 99 
95 93 100 93 95 94 99 100 98 94 94 95 95 95 95 90 93 91 93 100 95 99 100 90 98 98 98 91 94 99 91 99 97 92 94 90 91 95 98 90 99 90 97 95 100 100 98 91 99 0 
BBBRRBRRBBRRRBBBRBBRRRBRBRRBRBRRBRRRBBBRRRBRBRBBBB