50
0 40 50 4 57 73 46 77 66 91 77 35 36 26 31 9 41 86 2 38 36 98 34 76 82 65 90 99 16 91 57 1 35 38 11 9 84 99 61 68 11 23 14 3 49 29 9 28 100 19
40 0 10 32 40 62 52 76 52 76 90 53 94 27 17 1 48 38 24 70 67 100 94 96 73 92 85 66 72 98 27 41 74 23 44 16 88 98 31 80 23 23 37 44 43 9 26 56 87 19
50 10 0 25 53 57 80 100 67 76 85 40 29 52 17 8 77 53 27 36 73 74 94 74 74 96 92 63 62 70 100 50 77 41 33 5 69 97 70 85 7 54 55 29 40 47 11 33 94 33
4 32 25 0 78 99 65 59 97 96 80 40 82 5 46 19 71 91 51 30 19 97 50 77 40 59 54 98 77 77 52 76 7 46 15 17 100 100 27 49 34 1 37 39 9 10 54 37 51 15
57 40 53 78 0 11 23 14 55 52 28 50 30 87 83 25 13 12 57 65 41 42 3 34 2 19 9 24 11 4 42 88 87 20 62 99 18 57 59 44 82 77 92 69 54 99 70 91 32 33
73 62 57 99 11 0 38 3 74 2 12 46 51 71 79 66 28 30 77 30 91 57 19 15 17 36 50 64 34 20 42 99 91 24 95 1 2 38 34 27 62 56 99 63 74 36 47 49 65 98
46 52 80 65 23 38 0 23 8 19 29 59 41 74 72 87 51 61 73 94 58 19 4 4 61 17 34 16 42 23 1 51 48 47 56 60 8 14 49 39 78 69 92 58 97 55 72 61 21 28
77 76 100 59 14 3 23 0 27 20 29 93 62 59 87 83 62 32 49 67 84 2 58 18 36 34 24 28 26 6 6 81 63 70 95 7 7 20 55 32 82 73 54 92 85 90 91 74 26 100
66 52 67 97 55 74 8 27 0 17 19 89 63 54 94 74 21 3 31 96 64 19 30 25 22 4 42 11 64 50 4 76 70 83 94 49 26 16 38 31 81 57 66 47 58 83 58 60 27 67
91 76 76 96 52 2 19 20 17 0 28 83 56 71 76 86 38 42 95 50 86 31 51 23 51 20 7 32 41 11 15 92 72 79 68 16 39 37 32 23 89 57 86 80 13 99 55 59 1 66
77 90 85 80 28 12 29 29 19 28 0 94 31 71 75 69 41 32 64 57 89 70 2 12 37 25 15 70 8 22 20 65 98 58 67 61 4 6 56 12 67 89 80 91 87 77 71 77 28 71
35 53 40 40 50 46 59 93 89 83 94 0 51 81 45 21 91 44 17 26 34 75 65 63 67 47 49 100 57 71 56 78 56 10 32 21 1 98 12 7 35 42 35 45 35 27 28 11 57 19
36 94 29 82 30 51 41 62 63 56 31 51 0 82 57 51 7 39 66 88 72 26 5 3 19 36 31 19 39 53 26 91 37 30 29 67 63 67 14 28 77 74 47 70 38 82 49 99 27 68
26 27 52 5 87 71 74 59 54 71 71 81 82 0 46 2 71 84 80 90 29 100 82 90 78 46 67 63 83 52 63 7 6 26 8 18 71 65 98 98 14 15 11 35 1 56 25 50 86 59
31 17 17 46 83 79 72 87 94 76 75 45 57 46 0 5 91 80 71 44 47 76 55 92 67 97 35 93 80 89 38 17 64 1 23 28 86 69 76 79 13 49 34 76 18 44 3 33 49 27
9 1 8 19 25 66 87 83 74 86 69 21 51 2 5 0 77 55 36 33 26 75 36 32 61 37 58 63 35 93 78 69 57 14 49 7 66 50 37 79 16 53 28 14 55 23 36 81 46 54
41 48 77 71 13 28 51 62 21 38 41 91 7 71 91 77 0 71 91 49 62 31 2 15 33 39 16 32 41 26 36 73 49 89 100 53 19 29 19 17 96 46 54 67 55 75 72 48 54 71
86 38 53 91 12 30 61 32 3 42 32 44 39 84 80 55 71 0 90 71 64 24 73 66 50 62 15 8 1 16 55 98 27 17 87 71 29 29 20 28 52 68 57 95 88 98 87 98 28 16
2 24 27 51 57 77 73 49 31 95 64 17 66 80 71 36 91 90 0 2 24 83 64 54 75 87 39 66 56 73 83 37 13 39 45 97 85 99 20 11 32 39 50 10 32 19 33 21 89 8
38 70 36 30 65 30 94 67 96 50 57 26 88 90 44 33 49 71 2 0 8 99 67 98 30 70 41 98 74 63 30 37 14 22 25 62 54 48 2 10 53 18 22 32 43 56 47 50 71 48
36 67 73 19 41 91 58 84 64 86 89 34 72 29 47 26 62 64 24 8 0 91 68 57 88 96 71 90 60 84 59 42 32 9 41 18 75 96 83 98 4 33 38 41 37 32 3 25 84 37
98 100 74 97 42 57 19 2 19 31 70 75 26 100 76 75 31 24 83 99 91 0 56 10 36 40 56 11 2 41 36 50 61 92 83 100 20 17 53 56 78 47 30 59 71 96 95 97 37 94
34 94 94 50 3 19 4 58 30 51 2 65 5 82 55 36 2 73 64 67 68 56 0 17 89 30 35 51 38 25 16 90 36 93 82 80 4 27 22 11 40 87 16 70 48 83 60 99 24 87
76 96 74 77 34 15 4 18 25 23 12 63 3 90 92 32 15 66 54 98 57 10 17 0 38 38 37 14 5 3 34 70 57 65 48 42 16 34 3 46 57 34 72 52 37 69 77 88 30 82
82 73 74 40 2 17 61 36 22 51 37 67 19 78 67 61 33 50 75 30 88 36 89 38 0 7 38 68 16 26 48 58 59 52 80 5 35 42 44 43 80 80 67 54 97 81 52 71 23 97
65 92 96 59 19 36 17 34 4 20 25 47 36 46 97 37 39 62 87 70 96 40 30 38 7 0 45 23 71 49 9 78 97 67 97 83 58 11 43 24 95 83 100 95 98 84 53 87 25 32
90 85 92 54 9 50 34 24 42 7 15 49 31 67 35 58 16 15 39 41 71 56 35 37 38 45 0 13 8 32 28 77 88 47 53 77 41 7 43 37 58 60 61 70 40 83 36 59 78 83
99 66 63 98 24 64 16 28 11 32 70 100 19 63 93 63 32 8 66 98 90 11 51 14 68 23 13 0 26 36 25 75 31 78 75 97 27 52 10 68 37 88 30 84 56 43 48 74 40 20
16 72 62 77 11 34 42 26 64 41 8 57 39 83 80 35 41 1 56 74 60 2 38 5 16 71 8 26 0 41 52 97 39 20 96 93 43 13 23 4 96 34 69 48 97 45 90 63 5 2
91 98 70 77 4 20 23 6 50 11 22 71 53 52 89 93 26 16 73 63 84 41 25 3 26 49 32 36 41 0 17 88 78 78 70 25 33 25 32 29 88 62 100 58 99 32 100 78 35 98
57 27 100 52 42 42 1 6 4 15 20 56 26 63 38 78 36 55 83 30 59 36 16 34 48 9 28 25 52 17 0 85 49 63 89 71 6 59 10 40 47 53 69 45 78 61 37 75 3 41
1 41 50 76 88 99 51 81 76 92 65 78 91 7 17 69 73 98 37 37 42 50 90 70 58 78 77 75 97 88 85 0 2 18 55 20 85 100 75 72 26 41 15 12 7 18 16 53 61 21
35 74 77 7 87 91 48 63 70 72 98 56 37 6 64 57 49 27 13 14 32 61 36 57 59 97 88 31 39 78 49 2 0 55 55 23 75 49 55 77 77 53 11 6 46 26 15 23 58 25
38 23 41 46 20 24 47 70 83 79 58 10 30 26 1 14 89 17 39 22 9 92 93 65 52 67 47 78 20 78 63 18 55 0 55 96 76 70 88 64 34 20 34 12 18 20 1 50 84 4
11 44 33 15 62 95 56 95 94 68 67 32 29 8 23 49 100 87 45 25 41 83 82 48 80 97 53 75 96 70 89 55 55 55 0 25 50 83 64 49 49 19 15 38 18 37 9 8 55 37
9 16 5 17 99 1 60 7 49 16 61 21 67 18 28 7 53 71 97 62 18 100 80 42 5 83 77 97 93 25 71 20 23 96 25 0 92 93 81 83 16 9 8 3 23 14 9 12 33 98
84 88 69 100 18 2 8 7 26 39 4 1 63 71 86 66 19 29 85 54 75 20 4 16 35 58 41 27 43 33 6 85 75 76 50 92 0 38 14 46 31 95 58 51 90 71 60 99 19 76
99 98 97 100 57 38 14 20 16 37 6 98 67 65 69 50 29 29 99 48 96 17 27 34 42 11 7 52 13 25 59 100 49 70 83 93 38 0 28 50 83 54 67 85 54 95 80 95 75 85
61 31 70 27 59 34 49 55 38 32 56 12 14 98 76 37 19 20 20 2 83 53 22 3 44 43 43 10 23 32 10 75 55 88 64 81 14 28 0 25 90 70 80 66 73 73 81 95 48 76
68 80 85 49 44 27 39 32 31 23 12 7 28 98 79 79 17 28 11 10 98 56 11 46 43 24 37 68 4 29 40 72 77 64 49 83 46 50 25 0 82 84 62 86 88 58 100 89 26 83
11 23 7 34 82 62 78 82 81 89 67 35 77 14 13 16 96 52 32 53 4 78 40 57 80 95 58 37 96 88 47 26 77 34 49 16 31 83 90 82 0 37 42 1 42 52 57 28 83 47
23 23 54 1 77 56 69 73 57 57 89 42 74 15 49 53 46 68 39 18 33 47 87 34 80 83 60 88 34 62 53 41 53 20 19 9 95 54 70 84 37 0 74 7 5 19 62 8 68 39
14 37 55 37 92 99 92 54 66 86 80 35 47 11 34 28 54 57 50 22 38 30 16 72 67 100 61 30 69 100 69 15 11 34 15 8 58 67 80 62 42 74 0 46 25 17 27 31 93 3
3 44 29 39 69 63 58 92 47 80 91 45 70 35 76 14 67 95 10 32 41 59 70 52 54 95 70 84 48 58 45 12 6 12 38 3 51 85 66 86 1 7 46 0 53 22 45 26 94 43
49 43 40 9 54 74 97 85 58 13 87 35 38 1 18 55 55 88 32 43 37 71 48 37 97 98 40 56 97 99 78 7 46 18 18 23 90 54 73 88 42 5 25 53 0 39 13 56 28 25
29 9 47 10 99 36 55 90 83 99 77 27 82 56 44 23 75 98 19 56 32 96 83 69 81 84 83 43 45 32 61 18 26 20 37 14 71 95 73 58 52 19 17 22 39 0 6 11 64 32
9 26 11 54 70 47 72 91 58 55 71 28 49 25 3 36 72 87 33 47 3 95 60 77 52 53 36 48 90 100 37 16 15 1 9 9 60 80 81 100 57 62 27 45 13 6 0 18 83 56
28 56 33 37 91 49 61 74 60 59 77 11 99 50 33 81 48 98 21 50 25 97 99 88 71 87 59 74 63 78 75 53 23 50 8 12 99 95 95 89 28 8 31 26 56 11 18 0 71 14
100 87 94 51 32 65 21 26 27 1 28 57 27 86 49 46 54 28 89 71 84 37 24 30 23 25 78 40 5 35 3 61 58 84 55 33 19 75 48 26 83 68 93 94 28 64 83 71 0 72
19 19 33 15 33 98 28 100 67 66 71 19 68 59 27 54 71 16 8 48 37 94 87 82 97 32 83 20 2 98 41 21 25 4 37 98 76 85 76 83 47 39 3 43 25 32 56 14 72 0
BBBBRRRRRRRBRBBBRRBBBRRRRRRRRRRBBBBBRRRRBBBBBBBBRB
