50
0 35 93 93 87 32 8 81 78 10 55 39 78 9 39 42 96 4 66 29 48 85 43 70 17 96 32 99 51 3 4 32 35 17 88 11 39 78 28 38 32 68 82 18 68 67 98 0 96 94
35 0 60 64 51 76 14 80 65 26 47 72 100 68 80 62 70 33 69 76 50 77 14 25 30 97 17 39 53 19 50 87 41 20 65 72 52 100 18 95 77 18 38 88 21 43 32 13 3 83
93 60 0 30 12 6 24 42 37 15 33 45 6 94 52 96 45 83 34 86 96 87 7 9 16 81 55 100 87 57 10 63 100 93 44 18 100 9 87 56 64 85 40 19 33 27 61 83 30 65
93 64 30 0 85 83 82 62 93 26 47 75 10 64 69 33 78 50 91 31 19 69 71 5 63 17 18 92 2 22 52 52 47 48 76 43 52 56 100 9 59 100 89 40 80 10 18 87 83 69
87 51 12 85 0 3 19 62 28 0 27 13 5 8 98 97 16 51 40 95 75 91 90 92 70 13 77 83 21 61 37 8 34 84 25 51 95 18 32 37 76 29 93 81 95 21 81 88 17 8
32 76 6 83 3 0 9 6 85 21 95 9 98 43 92 16 62 55 58 83 11 80 35 82 64 36 68 86 93 20 21 86 59 42 81 98 12 24 96 65 48 10 21 51 83 57 9 37 91 83
8 14 24 82 19 9 0 0 54 2 11 52 20 2 93 49 10 30 50 30 60 40 24 82 95 88 93 23 3 42 68 31 93 53 97 39 63 85 57 81 48 15 74 23 78 14 9 89 71 25
81 80 42 62 62 6 0 0 57 9 81 0 63 78 91 18 80 14 15 60 51 72 15 37 88 97 37 55 96 65 35 98 88 6 93 13 9 1 70 46 38 79 65 60 22 61 59 94 56 86
78 65 37 93 28 85 54 57 0 34 42 65 22 2 38 100 20 25 96 12 69 84 9 51 33 33 22 2 71 84 28 9 74 31 27 55 83 17 12 44 62 78 80 51 58 94 76 55 87 50
10 26 15 26 0 21 2 9 34 0 70 93 30 84 33 99 56 23 67 54 74 90 34 82 50 73 2 61 12 86 48 32 50 54 83 45 71 15 76 95 71 69 81 8 62 24 84 74 64 69
55 47 33 47 27 95 11 81 42 70 0 43 93 44 39 26 28 64 58 56 94 77 40 80 54 10 63 35 4 74 93 21 85 2 32 14 85 89 1 14 32 42 94 89 50 71 50 95 7 14
39 72 45 75 13 9 52 0 65 93 43 0 75 55 99 66 24 75 2 88 5 86 35 76 44 75 81 65 10 89 29 41 29 9 66 97 25 84 59 92 83 38 92 68 49 21 32 55 96 1
78 100 6 10 5 98 20 63 22 30 93 75 0 75 37 89 53 3 88 53 60 38 0 87 64 9 83 34 27 26 41 78 74 18 83 45 61 2 49 47 72 52 66 21 71 17 23 65 69 99
9 68 94 64 8 43 2 78 2 84 44 55 75 0 36 5 92 97 49 60 7 63 56 56 60 52 98 39 89 82 95 17 53 30 10 63 14 61 51 44 0 88 81 90 17 27 91 46 30 10
39 80 52 69 98 92 93 91 38 33 39 99 37 36 0 25 100 71 8 20 14 56 39 42 24 16 99 61 5 14 9 56 7 52 99 85 2 57 86 14 80 79 41 12 38 58 95 2 0 17
42 62 96 33 97 16 49 18 100 99 26 66 89 5 25 0 22 94 47 33 86 80 34 26 93 77 27 90 87 29 77 52 2 7 89 11 48 13 81 11 44 31 77 4 68 99 47 37 69 79
96 70 45 78 16 62 10 80 20 56 28 24 53 92 100 22 0 92 99 87 98 51 89 97 70 85 50 16 40 14 24 84 65 30 45 13 86 33 64 53 63 79 89 88 14 82 69 94 79 60
4 33 83 50 51 55 30 14 25 23 64 75 3 97 71 94 92 0 14 26 15 54 67 32 51 95 20 4 66 87 69 3 67 27 96 6 6 9 44 20 30 86 13 55 25 94 83 45 61 85
66 69 34 91 40 58 50 15 96 67 58 2 88 49 8 47 99 14 0 30 94 89 42 61 70 92 31 71 52 50 98 10 14 7 63 59 98 97 99 0 51 23 75 35 43 68 21 20 21 22
29 76 86 31 95 83 30 60 12 54 56 88 53 60 20 33 87 26 30 0 100 49 31 42 91 54 42 76 58 94 27 88 36 72 54 27 55 87 24 39 29 22 60 97 72 67 84 96 4 95
48 50 96 19 75 11 60 51 69 74 94 5 60 7 14 86 98 15 94 100 0 8 27 65 32 46 27 2 44 82 98 40 33 6 32 15 69 29 62 90 52 12 75 48 84 17 68 95 39 34
85 77 87 69 91 80 40 72 84 90 77 86 38 63 56 80 51 54 89 49 8 0 42 49 17 36 2 72 65 40 77 67 14 44 73 25 80 43 94 17 98 36 31 94 70 34 51 0 23 87
43 14 7 71 90 35 24 15 9 34 40 35 0 56 39 34 89 67 42 31 27 42 0 23 15 49 10 31 76 78 21 14 60 81 93 17 0 62 98 18 79 32 87 43 39 7 2 82 61 86
70 25 9 5 92 82 82 37 51 82 80 76 87 56 42 26 97 32 61 42 65 49 23 0 12 88 94 76 36 14 64 92 57 14 12 35 64 60 79 71 56 5 51 41 72 5 55 97 4 45
17 30 16 63 70 64 95 88 33 50 54 44 64 60 24 93 70 51 70 91 32 17 15 12 0 10 54 68 89 23 18 67 46 78 99 61 43 25 81 86 28 36 7 54 26 7 99 88 75 8
96 97 81 17 13 36 88 97 33 73 10 75 9 52 16 77 85 95 92 54 46 36 49 88 10 0 10 24 90 11 79 39 67 39 94 87 97 70 26 85 51 63 70 82 67 23 92 14 72 65
32 17 55 18 77 68 93 37 22 2 63 81 83 98 99 27 50 20 31 42 27 2 10 94 54 10 0 26 89 68 88 46 73 81 91 66 34 83 81 67 87 79 58 19 88 47 46 61 23 0
99 39 100 92 83 86 23 55 2 61 35 65 34 39 61 90 16 4 71 76 2 72 31 76 68 24 26 0 31 60 87 44 40 33 28 97 72 58 20 36 59 12 22 32 45 77 57 2 15 25
51 53 87 2 21 93 3 96 71 12 4 10 27 89 5 87 40 66 52 58 44 65 76 36 89 90 89 31 0 59 54 69 8 53 27 16 59 16 43 32 83 100 47 66 42 46 30 25 39 83
3 19 57 22 61 20 42 65 84 86 74 89 26 82 14 29 14 87 50 94 82 40 78 14 23 11 68 60 59 0 8 48 85 88 77 93 38 15 6 15 17 58 42 24 17 18 17 20 91 91
4 50 10 52 37 21 68 35 28 48 93 29 41 95 9 77 24 69 98 27 98 77 21 64 18 79 88 87 54 8 0 7 26 77 26 20 32 86 32 52 14 87 39 51 83 62 56 29 22 29
32 87 63 52 8 86 31 98 9 32 21 41 78 17 56 52 84 3 10 88 40 67 14 92 67 39 46 44 69 48 7 0 30 35 10 69 24 41 6 94 52 22 36 57 6 81 73 29 98 16
35 41 100 47 34 59 93 88 74 50 85 29 74 53 7 2 65 67 14 36 33 14 60 57 46 67 73 40 8 85 26 30 0 58 73 93 14 49 22 49 9 43 55 96 100 19 15 44 38 56
17 20 93 48 84 42 53 6 31 54 2 9 18 30 52 7 30 27 7 72 6 44 81 14 78 39 81 33 53 88 77 35 58 0 33 45 81 85 81 51 25 74 40 40 84 45 64 7 15 0
88 65 44 76 25 81 97 93 27 83 32 66 83 10 99 89 45 96 63 54 32 73 93 12 99 94 91 28 27 77 26 10 73 33 0 41 29 26 29 15 83 7 38 95 93 23 44 81 67 77
11 72 18 43 51 98 39 13 55 45 14 97 45 63 85 11 13 6 59 27 15 25 17 35 61 87 66 97 16 93 20 69 93 45 41 0 78 62 12 14 61 69 11 12 61 74 16 21 34 9
39 52 100 52 95 12 63 9 83 71 85 25 61 14 2 48 86 6 98 55 69 80 0 64 43 97 34 72 59 38 32 24 14 81 29 78 0 60 84 11 13 76 74 54 29 51 2 3 81 52
78 100 9 56 18 24 85 1 17 15 89 84 2 61 57 13 33 9 97 87 29 43 62 60 25 70 83 58 16 15 86 41 49 85 26 62 60 0 98 43 10 91 98 22 52 48 72 77 70 88
28 18 87 100 32 96 57 70 12 76 1 59 49 51 86 81 64 44 99 24 62 94 98 79 81 26 81 20 43 6 32 6 22 81 29 12 84 98 0 14 33 98 4 94 33 62 34 18 76 56
38 95 56 9 37 65 81 46 44 95 14 92 47 44 14 11 53 20 0 39 90 17 18 71 86 85 67 36 32 15 52 94 49 51 15 14 11 43 14 0 13 6 61 13 60 65 69 9 73 18
32 77 64 59 76 48 48 38 62 71 32 83 72 0 80 44 63 30 51 29 52 98 79 56 28 51 87 59 83 17 14 52 9 25 83 61 13 10 33 13 0 71 56 11 96 8 4 88 19 10
68 18 85 100 29 10 15 79 78 69 42 38 52 88 79 31 79 86 23 22 12 36 32 5 36 63 79 12 100 58 87 22 43 74 7 69 76 91 98 6 71 0 79 46 2 62 73 19 10 38
82 38 40 89 93 21 74 65 80 81 94 92 66 81 41 77 89 13 75 60 75 31 87 51 7 70 58 22 47 42 39 36 55 40 38 11 74 98 4 61 56 79 0 39 9 38 79 4 5 94
18 88 19 40 81 51 23 60 51 8 89 68 21 90 12 4 88 55 35 97 48 94 43 41 54 82 19 32 66 24 51 57 96 40 95 12 54 22 94 13 11 46 39 0 35 31 0 95 53 2
68 21 33 80 95 83 78 22 58 62 50 49 71 17 38 68 14 25 43 72 84 70 39 72 26 67 88 45 42 17 83 6 100 84 93 61 29 52 33 60 96 2 9 35 0 94 42 50 72 31
67 43 27 10 21 57 14 61 94 24 71 21 17 27 58 99 82 94 68 67 17 34 7 5 7 23 47 77 46 18 62 81 19 45 23 74 51 48 62 65 8 62 38 31 94 0 42 86 43 92
98 32 61 18 81 9 9 59 76 84 50 32 23 91 95 47 69 83 21 84 68 51 2 55 99 92 46 57 30 17 56 73 15 64 44 16 2 72 34 69 4 73 79 0 42 42 0 32 39 4
0 13 83 87 88 37 89 94 55 74 95 55 65 46 2 37 94 45 20 96 95 0 82 97 88 14 61 2 25 20 29 29 44 7 81 21 3 77 18 9 88 19 4 95 50 86 32 0 66 49
96 3 30 83 17 91 71 56 87 64 7 96 69 30 0 69 79 61 21 4 39 23 61 4 75 72 23 15 39 91 22 98 38 15 67 34 81 70 76 73 19 10 5 53 72 43 39 66 0 88
94 83 65 69 8 83 25 86 50 69 14 1 99 10 17 79 60 85 22 95 34 87 86 45 8 65 0 25 83 91 29 16 56 0 77 9 52 88 56 18 10 38 94 2 31 92 4 49 88 0
RRRRRRRRRRRRRRRRRRRRRRRRRBBBBBBBBBBBBBBBBBBBBBBBBB