50
0 51 78 69 59 35 79 52 85 85 84 85 66 85 34 85 77 65 77 79 32 67 34 59 47 80 80 28 85 28 96 78 84 46 64 68 52 85 61 74 68 61 15 49 66 48 50 33 52 56
51 0 47 70 43 85 52 78 84 85 25 85 85 85 58 85 63 50 78 69 64 35 83 67 45 62 68 85 85 42 85 85 20 31 40 32 53 85 43 75 85 70 31 35 44 82 73 38 30 72
78 47 0 49 39 73 57 85 85 85 31 85 57 85 61 85 66 32 56 79 29 42 19 44 42 45 66 36 85 53 85 32 65 1 43 61 26 85 62 75 28 63 50 43 76 85 56 66 61 58
69 70 49 0 83 28 53 40 85 85 0 85 73 85 41 85 75 30 60 43 35 68 77 54 34 62 77 41 85 71 85 52 43 80 38 73 33 85 49 80 41 39 75 39 67 7 85 42 40 49
59 43 39 83 0 57 42 44 85 85 76 85 30 85 48 85 49 52 79 47 4 51 48 55 43 26 67 68 85 79 85 41 25 59 64 46 82 85 75 62 25 73 32 84 42 63 53 38 21 44
35 85 73 28 57 0 38 42 85 85 62 85 70 85 10 85 84 84 46 74 39 46 41 25 34 52 40 42 85 61 85 56 25 41 58 56 44 85 27 39 72 58 85 26 54 59 54 37 43 84
79 52 57 53 42 38 0 39 85 85 44 85 71 85 14 85 49 75 26 65 78 28 60 78 57 76 52 83 85 80 85 81 31 55 64 74 73 85 65 42 41 57 44 46 77 46 77 56 73 41
52 78 85 40 44 42 39 0 85 85 33 85 63 85 55 85 80 47 59 77 64 37 35 28 81 23 50 38 85 38 85 32 84 65 30 55 39 85 84 40 70 35 70 59 30 45 76 65 72 42
85 84 85 85 85 85 85 85 0 85 85 82 85 85 85 85 85 85 85 85 85 85 85 85 85 85 85 85 85 85 85 85 85 85 85 85 85 85 85 85 85 85 85 85 85 85 85 85 85 85
85 85 85 85 85 85 85 85 85 0 85 85 85 96 85 85 85 85 85 85 85 85 85 85 85 85 85 85 96 85 85 85 85 85 85 85 85 85 85 85 85 85 85 85 85 85 85 85 85 85
84 25 31 0 76 62 44 33 85 85 0 85 43 85 55 85 51 70 29 31 72 56 56 60 68 36 59 48 85 34 85 64 53 77 73 74 37 85 29 30 48 66 56 55 54 39 43 78 45 46
85 85 85 85 85 85 85 85 82 85 85 0 85 79 85 85 85 85 85 85 85 85 85 85 85 85 85 85 85 85 85 85 85 85 85 85 85 85 85 85 85 85 85 85 85 85 85 85 85 85
66 85 57 73 30 70 71 63 85 85 43 85 0 85 85 85 37 32 30 8 80 30 59 75 76 52 50 60 85 63 85 33 79 58 33 84 25 85 75 0 82 74 57 61 61 27 64 63 70 62
85 85 85 85 85 85 85 85 85 96 85 79 85 0 85 85 85 85 85 85 85 85 85 85 85 85 85 85 85 85 85 85 85 85 85 85 85 85 85 85 85 85 85 85 85 85 85 85 85 85
34 58 61 41 48 10 14 55 85 85 55 85 85 85 0 85 67 31 83 53 31 35 72 76 68 82 82 51 85 40 85 29 39 35 38 59 58 85 31 61 27 64 75 41 48 28 47 50 72 78
85 85 85 85 85 85 85 85 85 85 85 85 85 85 85 0 97 85 85 85 85 85 85 85 85 85 85 85 71 85 85 85 85 85 85 85 85 85 85 85 85 85 85 85 85 85 85 85 85 85
77 63 66 75 49 84 49 80 85 85 51 85 37 85 67 97 0 25 71 82 54 83 43 78 64 29 61 76 85 29 85 28 70 34 56 77 59 81 41 67 68 42 44 57 52 41 78 49 44 85
65 50 32 30 52 84 75 47 85 85 70 85 32 85 31 85 25 0 84 61 45 25 71 27 12 78 83 59 85 55 85 85 76 69 30 79 52 85 39 77 60 80 30 62 46 42 2 67 26 83
77 78 56 60 79 46 26 59 85 85 29 85 30 85 83 85 71 84 0 61 46 85 52 31 44 49 79 78 85 32 85 74 52 84 31 53 28 85 76 72 4 64 35 84 27 29 25 70 82 64
79 69 79 43 47 74 65 77 85 85 31 85 8 85 53 85 82 61 61 0 66 27 49 64 88 26 46 82 85 85 85 44 31 53 53 64 29 85 46 30 26 38 44 68 84 82 81 77 60 33
32 64 29 35 4 39 78 64 85 85 72 85 80 85 31 85 54 45 46 66 0 74 26 39 64 63 51 58 85 38 85 29 66 31 64 32 35 85 62 51 80 62 46 53 46 53 27 33 36 76
67 35 42 68 51 46 28 37 85 85 56 85 30 85 35 85 83 25 85 27 74 0 31 66 61 73 38 52 85 83 85 15 39 83 65 38 33 85 85 32 67 39 26 47 80 52 33 21 64 74
34 83 19 77 48 41 60 35 85 85 56 85 59 85 72 85 43 71 52 49 26 31 0 83 85 67 37 45 85 30 85 51 37 48 31 64 67 85 75 48 37 52 34 52 8 36 77 37 25 58
59 67 44 54 55 25 78 28 85 85 60 85 75 85 76 85 78 27 31 64 39 66 83 0 74 1 27 44 85 65 85 67 32 55 83 70 59 85 28 40 41 27 68 70 56 78 45 40 34 54
47 45 42 34 43 34 57 81 85 85 68 85 76 85 68 85 64 12 44 88 64 61 85 74 0 64 58 42 85 29 85 29 33 43 84 84 80 85 84 62 57 78 50 49 59 46 73 74 39 84
80 62 45 62 26 52 76 23 85 85 36 85 52 85 82 85 29 78 49 26 63 73 67 1 64 0 58 41 85 26 85 49 56 53 73 25 80 85 67 34 69 41 73 31 50 75 83 45 26 38
80 68 66 77 67 40 52 50 85 85 59 85 50 85 82 85 61 83 79 46 51 38 37 27 58 58 0 50 85 59 85 72 80 63 38 66 58 85 53 43 55 49 39 51 73 64 32 47 28 73
28 85 36 41 68 42 83 38 85 85 48 85 60 85 51 85 76 59 78 82 58 52 45 44 42 41 50 0 85 29 85 85 44 84 85 35 28 85 25 59 56 42 60 50 28 29 33 35 77 77
85 85 85 85 85 85 85 85 85 96 85 85 85 85 85 71 85 85 85 85 85 85 85 85 85 85 85 85 0 85 85 85 85 85 85 85 85 85 85 85 85 85 85 85 85 85 85 85 85 85
28 42 53 71 79 61 80 38 85 85 34 85 63 85 40 85 29 55 32 85 38 83 30 65 29 26 59 29 85 0 85 80 65 32 2 27 43 85 39 55 67 57 79 66 39 33 49 45 34 66
96 85 85 85 85 85 85 85 85 85 85 85 85 85 85 85 85 85 85 85 85 85 85 85 85 85 85 85 85 85 0 85 85 85 85 85 85 95 85 85 85 85 85 85 85 85 85 85 85 85
78 85 32 52 41 56 81 32 85 85 64 85 33 85 29 85 28 85 74 44 29 15 51 67 29 49 72 85 85 80 85 0 69 81 66 44 48 85 33 70 61 62 39 51 45 47 46 64 62 11
84 20 65 43 25 25 31 84 85 85 53 85 79 85 39 85 70 76 52 31 66 39 37 32 33 56 80 44 85 65 85 69 0 32 55 67 27 85 28 83 78 46 63 63 79 45 45 27 50 81
46 31 1 80 59 41 55 65 85 85 77 85 58 85 35 85 34 69 84 53 31 83 48 55 43 53 63 84 85 32 85 81 32 0 80 49 64 85 50 47 35 84 68 51 36 44 50 77 35 79
64 40 43 38 64 58 64 30 85 85 73 85 33 85 38 85 56 30 31 53 64 65 31 83 84 73 38 85 85 2 85 66 55 80 0 52 29 85 85 38 73 70 28 82 28 35 67 33 31 28
68 32 61 73 46 56 74 55 85 85 74 85 84 85 59 85 77 79 53 64 32 38 64 70 84 25 66 35 85 27 85 44 67 49 52 0 34 85 66 27 45 25 59 68 72 29 67 51 10 82
52 53 26 33 82 44 73 39 85 85 37 85 25 85 58 85 59 52 28 29 35 33 67 59 80 80 58 28 85 43 85 48 27 64 29 34 0 85 61 81 53 68 77 25 62 85 41 33 33 58
85 85 85 85 85 85 85 85 85 85 85 85 85 85 85 85 81 85 85 85 85 85 85 85 85 85 85 85 85 85 95 85 85 85 85 85 85 0 85 85 85 85 85 85 85 85 85 85 85 85
61 43 62 49 75 27 65 84 85 85 29 85 75 85 31 85 41 39 76 46 62 85 75 28 84 67 53 25 85 39 85 33 28 50 85 66 61 85 0 49 67 10 58 49 63 29 69 51 74 49
74 75 75 80 62 39 42 40 85 85 30 85 0 85 61 85 67 77 72 30 51 32 48 40 62 34 43 59 85 55 85 70 83 47 38 27 81 85 49 0 47 27 56 58 45 64 72 46 58 65
68 85 28 41 25 72 41 70 85 85 48 85 82 85 27 85 68 60 4 26 80 67 37 41 57 69 55 56 85 67 85 61 78 35 73 45 53 85 67 47 0 10 53 61 67 73 84 76 49 64
61 70 63 39 73 58 57 35 85 85 66 85 74 85 64 85 42 80 64 38 62 39 52 27 78 41 49 42 85 57 85 62 46 84 70 25 68 85 10 27 10 0 53 34 55 25 78 44 38 55
15 31 50 75 32 85 44 70 85 85 56 85 57 85 75 85 44 30 35 44 46 26 34 68 50 73 39 60 85 79 85 39 63 68 28 59 77 85 58 56 53 53 0 47 29 80 45 38 26 82
49 35 43 39 84 26 46 59 85 85 55 85 61 85 41 85 57 62 84 68 53 47 52 70 49 31 51 50 85 66 85 51 63 51 82 68 25 85 49 58 61 34 47 0 52 25 85 64 32 45
66 44 76 67 42 54 77 30 85 85 54 85 61 85 48 85 52 46 27 84 46 80 8 56 59 50 73 28 85 39 85 45 79 36 28 72 62 85 63 45 67 55 29 52 0 33 68 33 79 74
48 82 85 7 63 59 46 45 85 85 39 85 27 85 28 85 41 42 29 82 53 52 36 78 46 75 64 29 85 33 85 47 45 44 35 29 85 85 29 64 73 25 80 25 33 0 45 83 58 53
50 73 56 85 53 54 77 76 85 85 43 85 64 85 47 85 78 2 25 81 27 33 77 45 73 83 32 33 85 49 85 46 45 50 67 67 41 85 69 72 84 78 45 85 68 45 0 58 29 22
33 38 66 42 38 37 56 65 85 85 78 85 63 85 50 85 49 67 70 77 33 21 37 40 74 45 47 35 85 45 85 64 27 77 33 51 33 85 51 46 76 44 38 64 33 83 58 0 82 27
52 30 61 40 21 43 73 72 85 85 45 85 70 85 72 85 44 26 82 60 36 64 25 34 39 26 28 77 85 34 85 62 50 35 31 10 33 85 74 58 49 38 26 32 79 58 29 82 0 39
56 72 58 49 44 84 41 42 85 85 46 85 62 85 78 85 85 83 64 33 76 74 58 54 84 38 73 77 85 66 85 11 81 79 28 82 58 85 49 65 64 55 82 45 74 53 22 27 39 0
BBBBRBBBRBRBRBBBBRRBRRRRRBBRRRRRBBBRBBRRBRRRBRRRBB
