50
0 7 36 29 3 42 87 48 27 55 14 1 50 16 26 80 78 61 2 42 53 37 76 37 6 89 73 49 67 86 99 76 57 16 41 95 38 12 11 46 30 38 72 83 31 72 64 77 80 0
7 0 66 29 1 86 22 15 48 73 27 69 65 46 22 30 53 37 38 84 36 47 35 66 74 26 2 65 24 68 52 14 37 78 97 44 23 19 4 66 73 45 87 44 86 96 25 90 90 33
36 66 0 37 71 99 54 17 15 36 35 27 68 95 66 89 56 5 12 15 89 10 77 28 31 69 2 62 86 30 56 85 31 17 16 84 71 99 45 32 76 12 6 35 14 26 17 55 35 34
29 29 37 0 60 40 92 38 95 31 87 88 84 5 89 0 88 98 27 85 10 59 59 58 47 38 40 49 66 33 45 75 32 9 60 41 5 10 70 19 91 14 24 80 92 11 52 76 41 12
3 1 71 60 0 83 87 6 81 9 95 30 49 76 78 94 36 24 77 3 83 77 1 76 36 33 4 51 50 10 40 53 80 3 47 68 27 28 17 10 96 32 46 5 76 34 32 28 56 89
42 86 99 40 83 0 17 92 85 91 46 90 58 70 61 62 82 44 63 82 82 11 51 43 95 67 80 8 67 46 16 25 40 35 31 24 75 52 42 46 76 80 24 43 5 86 0 72 13 39
87 22 54 92 87 17 0 77 37 57 10 91 89 86 83 25 38 40 36 75 80 92 50 46 48 58 88 14 6 45 94 17 4 51 95 59 5 10 23 8 44 15 77 56 14 47 84 13 20 29
48 15 17 38 6 92 77 0 32 86 100 67 68 18 28 45 100 34 26 43 1 96 96 22 20 62 98 62 43 84 49 81 96 90 35 84 25 85 44 37 62 55 15 60 57 8 62 2 52 32
27 48 15 95 81 85 37 32 0 36 66 11 15 29 63 0 25 10 18 13 64 59 32 85 1 90 11 92 41 35 32 90 21 53 96 56 11 51 25 15 85 24 6 94 6 60 61 33 75 90
55 73 36 31 9 91 57 86 36 0 24 86 27 66 11 49 82 25 76 20 49 22 74 49 76 9 58 63 11 30 2 80 49 96 9 77 82 4 74 60 22 51 12 53 13 15 63 62 8 60
14 27 35 87 95 46 10 100 66 24 0 93 69 85 85 87 22 64 32 80 14 63 71 72 95 10 100 1 51 42 39 34 47 52 96 24 30 18 55 98 48 78 88 25 16 80 22 28 90 33
1 69 27 88 30 90 91 67 11 86 93 0 91 96 91 28 73 26 72 89 74 36 65 63 50 50 8 84 77 90 59 52 28 36 2 33 91 39 100 85 39 36 74 58 51 60 40 81 1 92
50 65 68 84 49 58 89 68 15 27 69 91 0 47 52 86 17 8 4 77 59 1 55 80 82 96 91 89 13 6 23 95 39 97 0 24 12 95 96 75 96 84 44 27 13 37 95 11 95 85
16 46 95 5 76 70 86 18 29 66 85 96 47 0 8 36 93 14 85 15 18 47 50 28 24 92 99 2 16 60 49 21 86 63 99 78 70 27 75 100 37 50 39 21 11 19 62 22 57 3
26 22 66 89 78 61 83 28 63 11 85 91 52 8 0 98 17 63 4 75 95 78 80 95 58 100 60 50 8 82 50 78 67 75 1 11 81 40 17 45 68 94 66 57 92 60 69 22 13 10
80 30 89 0 94 62 25 45 0 49 87 28 86 36 98 0 12 85 1 22 2 67 61 33 97 55 59 9 88 82 51 57 73 6 66 44 72 14 55 96 9 75 36 34 34 6 79 73 64 30
78 53 56 88 36 82 38 100 25 82 22 73 17 93 17 12 0 63 68 31 20 3 24 68 94 82 77 37 44 4 18 40 43 94 20 53 66 22 65 71 15 81 94 46 20 91 48 52 93 23
61 37 5 98 24 44 40 34 10 25 64 26 8 14 63 85 63 0 14 43 18 83 19 72 56 10 44 62 59 44 51 19 92 15 77 89 69 24 37 23 89 51 24 90 8 71 51 47 82 40
2 38 12 27 77 63 36 26 18 76 32 72 4 85 4 1 68 14 0 1 5 41 31 30 51 63 95 32 15 40 62 36 29 88 51 8 60 13 79 96 32 60 8 64 29 54 72 56 42 33
42 84 15 85 3 82 75 43 13 20 80 89 77 15 75 22 31 43 1 0 4 61 80 29 31 86 85 90 8 79 68 31 84 50 72 100 63 91 71 92 59 15 45 56 17 12 84 75 42 22
53 36 89 10 83 82 80 1 64 49 14 74 59 18 95 2 20 18 5 4 0 50 2 97 43 72 11 79 73 30 36 82 59 23 40 89 77 36 58 50 45 11 91 30 35 46 34 81 21 38
37 47 10 59 77 11 92 96 59 22 63 36 1 47 78 67 3 83 41 61 50 0 44 55 76 22 65 60 20 8 90 80 43 73 58 77 80 6 1 31 0 3 42 14 72 29 100 80 73 53
76 35 77 59 1 51 50 96 32 74 71 65 55 50 80 61 24 19 31 80 2 44 0 4 99 2 53 81 39 22 46 4 87 26 68 94 2 89 12 66 63 80 48 47 30 62 10 95 26 95
37 66 28 58 76 43 46 22 85 49 72 63 80 28 95 33 68 72 30 29 97 55 4 0 50 85 53 30 69 87 0 100 0 48 57 35 24 17 40 46 53 9 23 52 74 36 23 50 70 57
6 74 31 47 36 95 48 20 1 76 95 50 82 24 58 97 94 56 51 31 43 76 99 50 0 6 10 100 70 73 56 10 4 6 47 3 43 43 29 54 5 17 23 40 41 13 68 23 45 47
89 26 69 38 33 67 58 62 90 9 10 50 96 92 100 55 82 10 63 86 72 22 2 85 6 0 55 43 29 98 32 9 38 37 92 49 19 1 41 64 2 91 18 91 37 52 27 28 14 63
73 2 2 40 4 80 88 98 11 58 100 8 91 99 60 59 77 44 95 85 11 65 53 53 10 55 0 74 25 42 85 80 57 70 12 95 0 95 58 12 81 18 72 53 26 92 83 35 77 61
49 65 62 49 51 8 14 62 92 63 1 84 89 2 50 9 37 62 32 90 79 60 81 30 100 43 74 0 44 14 56 0 24 9 42 68 20 89 9 67 56 55 8 99 11 65 63 64 75 94
67 24 86 66 50 67 6 43 41 11 51 77 13 16 8 88 44 59 15 8 73 20 39 69 70 29 25 44 0 76 89 5 63 85 92 86 45 46 91 76 83 44 46 58 40 49 71 7 99 32
86 68 30 33 10 46 45 84 35 30 42 90 6 60 82 82 4 44 40 79 30 8 22 87 73 98 42 14 76 0 13 71 1 9 65 36 46 54 16 78 19 57 97 25 25 5 83 92 49 93
99 52 56 45 40 16 94 49 32 2 39 59 23 49 50 51 18 51 62 68 36 90 46 0 56 32 85 56 89 13 0 79 37 42 84 47 35 14 29 74 5 4 43 100 51 27 32 9 75 21
76 14 85 75 53 25 17 81 90 80 34 52 95 21 78 57 40 19 36 31 82 80 4 100 10 9 80 0 5 71 79 0 35 89 87 63 83 4 87 15 64 74 65 24 98 41 55 87 39 78
57 37 31 32 80 40 4 96 21 49 47 28 39 86 67 73 43 92 29 84 59 43 87 0 4 38 57 24 63 1 37 35 0 36 62 31 100 42 51 60 47 61 59 53 41 79 83 51 96 41
16 78 17 9 3 35 51 90 53 96 52 36 97 63 75 6 94 15 88 50 23 73 26 48 6 37 70 9 85 9 42 89 36 0 11 70 86 32 2 56 21 51 86 20 76 86 95 88 69 61
41 97 16 60 47 31 95 35 96 9 96 2 0 99 1 66 20 77 51 72 40 58 68 57 47 92 12 42 92 65 84 87 62 11 0 2 50 0 23 18 81 89 36 16 26 86 16 38 51 54
95 44 84 41 68 24 59 84 56 77 24 33 24 78 11 44 53 89 8 100 89 77 94 35 3 49 95 68 86 36 47 63 31 70 2 0 26 11 36 13 83 30 40 95 73 67 70 77 78 32
38 23 71 5 27 75 5 25 11 82 30 91 12 70 81 72 66 69 60 63 77 80 2 24 43 19 0 20 45 46 35 83 100 86 50 26 0 65 30 63 8 89 2 74 13 46 22 78 24 7
12 19 99 10 28 52 10 85 51 4 18 39 95 27 40 14 22 24 13 91 36 6 89 17 43 1 95 89 46 54 14 4 42 32 0 11 65 0 52 23 32 71 17 8 64 75 96 92 48 25
11 4 45 70 17 42 23 44 25 74 55 100 96 75 17 55 65 37 79 71 58 1 12 40 29 41 58 9 91 16 29 87 51 2 23 36 30 52 0 56 23 1 31 29 36 85 50 4 62 51
46 66 32 19 10 46 8 37 15 60 98 85 75 100 45 96 71 23 96 92 50 31 66 46 54 64 12 67 76 78 74 15 60 56 18 13 63 23 56 0 30 94 31 98 80 69 36 82 64 60
30 73 76 91 96 76 44 62 85 22 48 39 96 37 68 9 15 89 32 59 45 0 63 53 5 2 81 56 83 19 5 64 47 21 81 83 8 32 23 30 0 6 71 13 2 5 34 75 89 53
38 45 12 14 32 80 15 55 24 51 78 36 84 50 94 75 81 51 60 15 11 3 80 9 17 91 18 55 44 57 4 74 61 51 89 30 89 71 1 94 6 0 30 71 61 90 6 79 28 69
72 87 6 24 46 24 77 15 6 12 88 74 44 39 66 36 94 24 8 45 91 42 48 23 23 18 72 8 46 97 43 65 59 86 36 40 2 17 31 31 71 30 0 24 2 81 33 93 27 7
83 44 35 80 5 43 56 60 94 53 25 58 27 21 57 34 46 90 64 56 30 14 47 52 40 91 53 99 58 25 100 24 53 20 16 95 74 8 29 98 13 71 24 0 76 93 47 42 59 82
31 86 14 92 76 5 14 57 6 13 16 51 13 11 92 34 20 8 29 17 35 72 30 74 41 37 26 11 40 25 51 98 41 76 26 73 13 64 36 80 2 61 2 76 0 42 52 3 60 66
72 96 26 11 34 86 47 8 60 15 80 60 37 19 60 6 91 71 54 12 46 29 62 36 13 52 92 65 49 5 27 41 79 86 86 67 46 75 85 69 5 90 81 93 42 0 82 87 2 92
64 25 17 52 32 0 84 62 61 63 22 40 95 62 69 79 48 51 72 84 34 100 10 23 68 27 83 63 71 83 32 55 83 95 16 70 22 96 50 36 34 6 33 47 52 82 0 75 32 51
77 90 55 76 28 72 13 2 33 62 28 81 11 22 22 73 52 47 56 75 81 80 95 50 23 28 35 64 7 92 9 87 51 88 38 77 78 92 4 82 75 79 93 42 3 87 75 0 1 14
80 90 35 41 56 13 20 52 75 8 90 1 95 57 13 64 93 82 42 42 21 73 26 70 45 14 77 75 99 49 75 39 96 69 51 78 24 48 62 64 89 28 27 59 60 2 32 1 0 26
0 33 34 12 89 39 29 32 90 60 33 92 85 3 10 30 23 40 33 22 38 53 95 57 47 63 61 94 32 93 21 78 41 61 54 32 7 25 51 60 53 69 7 82 66 92 51 14 26 0
RBBBRBBBRBRBBBRBRBBRBRRBBBRBRBRRRRBBRRBBRBRRBRRRRR