48
0 86 0 80 93 87 0 87 86 96 100 1 0 87 85 94 87 92 98 92 91 82 1 93 40 89 85 0 83 94 96 82 83 81 95 100 0 86 0 82 95 84 84 88 99 91 89 80 
86 0 0 84 80 98 0 94 87 88 100 97 0 89 90 83 80 99 89 97 95 85 96 87 40 80 90 0 97 84 91 88 1 92 88 100 0 87 0 86 87 94 81 99 1 95 94 83 
0 0 0 0 98 96 95 93 94 82 81 94 91 89 80 82 81 94 81 0 98 85 86 0 40 87 83 91 90 94 92 83 94 91 92 98 91 100 94 96 1 94 86 81 89 88 1 80 
80 84 0 0 86 92 0 100 81 91 91 98 0 92 88 98 82 88 91 98 95 83 91 86 40 1 93 0 91 92 87 99 95 1 93 88 0 91 0 96 86 82 94 83 95 95 95 87 
93 80 98 86 0 93 95 98 99 81 98 100 88 91 94 85 93 91 96 94 96 95 83 1 100 93 95 84 91 99 85 1 91 83 88 80 80 94 88 82 89 82 85 88 100 91 86 87 
87 98 96 92 93 0 93 81 85 80 84 83 87 98 88 99 100 87 96 88 88 93 100 90 87 91 1 92 86 99 97 82 82 91 82 87 84 82 87 85 94 81 99 87 95 0 89 96 
0 0 95 0 95 93 0 83 84 87 85 84 80 96 86 87 91 1 95 0 90 87 81 0 40 94 92 90 87 1 88 100 89 86 80 84 97 89 99 88 81 82 82 84 86 94 93 89 
87 94 93 100 98 81 83 0 1 100 96 95 100 96 86 89 94 82 99 1 95 82 80 90 92 94 91 88 93 94 99 87 80 85 100 95 92 83 82 84 81 91 93 89 85 88 80 96 
86 87 94 81 99 85 84 1 0 1 80 91 99 100 81 88 94 92 89 80 85 90 92 83 81 85 96 85 0 91 92 83 97 95 92 93 97 84 95 95 81 80 82 98 83 81 93 82 
96 88 82 91 81 80 87 100 1 0 95 88 90 87 88 0 94 90 90 88 80 89 88 80 85 84 88 90 82 84 87 84 96 97 88 92 80 95 85 85 1 85 84 94 87 100 84 80 
100 100 81 91 98 84 85 96 80 95 0 90 83 88 82 88 91 92 98 81 87 83 92 80 1 91 90 84 82 80 0 93 87 96 95 99 84 93 87 83 93 85 96 86 85 1 92 99 
1 97 94 98 100 83 84 95 91 88 90 0 84 87 80 96 93 98 92 98 93 0 81 82 92 91 95 84 92 94 90 98 88 89 84 1 95 81 90 83 93 84 97 84 95 97 81 88 
0 0 91 0 88 87 80 100 99 90 83 84 0 92 91 84 92 97 90 0 96 80 92 0 40 81 85 81 1 97 81 88 93 100 93 91 86 100 92 83 97 1 80 81 89 88 88 80 
87 89 89 92 91 98 96 96 100 87 88 87 92 0 88 97 90 87 88 83 88 1 92 81 83 97 82 90 91 0 85 80 96 1 97 92 98 93 99 89 99 92 96 94 97 82 86 90 
85 90 80 88 94 88 86 86 81 88 82 80 91 88 0 92 89 99 94 100 85 83 82 80 91 88 95 1 82 86 86 87 83 81 93 87 88 94 86 95 93 95 84 99 1 95 93 0 
94 83 82 98 85 99 87 89 88 0 88 96 84 97 92 0 84 96 86 90 87 87 94 1 82 80 87 95 82 84 99 100 97 99 96 100 82 91 95 100 84 80 81 97 90 87 1 80 
87 80 81 82 93 100 91 94 94 94 91 93 92 90 89 84 0 85 0 1 91 100 89 96 88 94 100 97 1 88 82 92 98 81 97 82 90 81 87 95 92 90 91 80 90 80 93 82 
92 99 94 88 91 87 1 82 92 90 92 98 97 87 99 96 85 0 97 83 97 81 97 99 82 99 100 100 85 85 94 81 83 83 87 92 87 98 96 1 92 96 98 99 96 98 94 89 
98 89 81 91 96 96 95 99 89 90 98 92 90 88 94 86 0 97 0 88 81 89 84 95 90 97 94 85 93 95 92 86 93 92 90 91 81 100 94 86 86 1 91 80 99 91 98 1 
92 97 0 98 94 88 0 1 80 88 81 98 0 83 100 90 1 83 88 0 99 88 87 87 40 93 88 0 85 84 85 90 95 82 89 96 0 95 0 83 90 88 90 100 89 100 99 91 
91 95 98 95 96 88 90 95 85 80 87 93 96 88 85 87 91 97 81 99 0 1 100 87 88 97 92 99 95 82 96 95 100 90 98 87 1 90 90 80 94 91 93 81 86 90 84 81 
82 85 85 83 95 93 87 82 90 89 83 0 80 1 83 87 100 81 89 88 1 0 81 92 100 90 96 83 86 85 94 89 96 93 87 87 89 88 85 88 85 85 88 80 85 83 80 91 
1 96 86 91 83 100 81 80 92 88 92 81 92 92 82 94 89 97 84 87 100 81 0 85 89 93 94 88 98 94 86 80 97 85 1 99 90 96 88 87 97 95 84 82 84 93 99 84 
93 87 0 86 1 90 0 90 83 80 80 82 0 81 80 1 96 99 95 87 87 92 85 0 40 82 94 0 89 93 96 90 83 82 90 93 0 90 0 94 87 99 94 96 91 86 81 97 
40 40 40 40 100 87 40 92 81 85 1 92 40 83 91 82 88 82 90 40 88 100 89 40 0 92 1 40 100 100 89 99 86 86 81 92 40 99 40 99 90 90 97 100 87 81 82 82 
89 80 87 1 93 91 94 94 85 84 91 91 81 97 88 80 94 99 97 93 97 90 93 82 92 0 99 87 100 1 90 95 99 99 91 99 83 96 98 0 83 88 86 91 89 100 94 94 
85 90 83 93 95 1 92 91 96 88 90 95 85 82 95 87 100 100 94 88 92 96 94 94 1 99 0 80 81 96 98 87 95 88 81 82 82 85 97 97 83 81 95 94 100 84 85 92 
0 0 91 0 84 92 90 88 85 90 84 84 81 90 1 95 97 100 85 0 99 83 88 0 40 87 80 0 82 87 98 85 90 96 98 99 99 85 89 99 82 97 80 1 93 93 95 86 
83 97 90 91 91 86 87 93 0 82 82 92 1 91 82 82 1 85 93 85 95 86 98 89 100 100 81 82 0 95 82 82 86 88 92 88 90 91 88 89 87 82 96 89 93 92 89 91 
94 84 94 92 99 99 1 94 91 84 80 94 97 0 86 84 88 85 95 84 82 85 94 93 100 1 96 87 95 0 84 82 90 94 85 86 84 93 91 81 82 92 92 80 86 89 96 80 
96 91 92 87 85 97 88 99 92 87 0 90 81 85 86 99 82 94 92 85 96 94 86 96 89 90 98 98 82 84 0 1 81 97 80 80 92 1 86 95 86 98 88 81 100 80 83 88 
82 88 83 99 1 82 100 87 83 84 93 98 88 80 87 100 92 81 86 90 95 89 80 90 99 95 87 85 82 82 1 0 94 83 82 85 94 97 84 95 82 100 97 83 88 100 0 91 
83 1 94 95 91 82 89 80 97 96 87 88 93 96 83 97 98 83 93 95 100 96 97 83 86 99 95 90 86 90 81 94 0 93 82 89 89 94 98 86 94 99 99 92 90 97 88 1 
81 92 91 1 83 91 86 85 95 97 96 89 100 1 81 99 81 83 92 82 90 93 85 82 86 99 88 96 88 94 97 83 93 0 95 82 97 82 92 84 93 86 96 88 94 81 98 90 
95 88 92 93 88 82 80 100 92 88 95 84 93 97 93 96 97 87 90 89 98 87 1 90 81 91 81 98 92 85 80 82 82 95 0 0 98 91 84 88 88 85 1 90 94 93 84 89 
100 100 98 88 80 87 84 95 93 92 99 1 91 92 87 100 82 92 91 96 87 87 99 93 92 99 82 99 88 86 80 85 89 82 0 0 1 93 94 82 98 84 88 97 98 98 86 93 
0 0 91 0 80 84 97 92 97 80 84 95 86 98 88 82 90 87 81 0 1 89 90 0 40 83 82 99 90 84 92 94 89 97 98 1 0 81 83 93 83 81 87 85 88 87 94 81 
86 87 100 91 94 82 89 83 84 95 93 81 100 93 94 91 81 98 100 95 90 88 96 90 99 96 85 85 91 93 1 97 94 82 91 93 81 0 1 94 97 85 99 99 91 95 93 81 
0 0 94 0 88 87 99 82 95 85 87 90 92 99 86 95 87 96 94 0 90 85 88 0 40 98 97 89 88 91 86 84 98 92 84 94 83 1 0 93 93 92 82 99 90 1 87 83 
82 86 96 96 82 85 88 84 95 85 83 83 83 89 95 100 95 1 86 83 80 88 87 94 99 0 97 99 89 81 95 95 86 84 88 82 93 94 93 0 84 91 95 91 84 92 84 81 
95 87 1 86 89 94 81 81 81 1 93 93 97 99 93 84 92 92 86 90 94 85 97 87 90 83 83 82 87 82 86 82 94 93 88 98 83 97 93 84 0 100 83 82 83 93 99 91 
84 94 94 82 82 81 82 91 80 85 85 84 1 92 95 80 90 96 1 88 91 85 95 99 90 88 81 97 82 92 98 100 99 86 85 84 81 85 92 91 100 0 81 93 80 93 98 91 
84 81 86 94 85 99 82 93 82 84 96 97 80 96 84 81 91 98 91 90 93 88 84 94 97 86 95 80 96 92 88 97 99 96 1 88 87 99 82 95 83 81 0 1 0 94 88 89 
88 99 81 83 88 87 84 89 98 94 86 84 81 94 99 97 80 99 80 100 81 80 82 96 100 91 94 1 89 80 81 83 92 88 90 97 85 99 99 91 82 93 1 0 98 81 95 94 
99 1 89 95 100 95 86 85 83 87 85 95 89 97 1 90 90 96 99 89 86 85 84 91 87 89 100 93 93 86 100 88 90 94 94 98 88 91 90 84 83 80 0 98 0 84 95 88 
91 95 88 95 91 0 94 88 81 100 1 97 88 82 95 87 80 98 91 100 90 83 93 86 81 100 84 93 92 89 80 100 97 81 93 98 87 95 1 92 93 93 94 81 84 0 92 96 
89 94 1 95 86 89 93 80 93 84 92 81 88 86 93 1 93 94 98 99 84 80 99 81 82 94 85 95 89 96 83 0 88 98 84 86 94 93 87 84 99 98 88 95 95 92 0 90 
80 83 80 87 87 96 89 96 82 80 99 88 80 90 0 80 82 89 1 91 81 91 84 97 82 94 92 86 91 80 88 91 1 90 89 93 81 81 83 81 91 91 89 94 88 96 90 0 
BBRBRBRRBRRRRBBRRBRBBRRBBRRRBBRBRRBBRBRRBBRBRBBB