50
0 63 56 81 42 86 46 85 39 6 19 51 90 12 19 68 46 18 25 9 46 88 84 23 24 89 68 59 55 67 28 49 0 4 87 33 82 48 73 4 90 24 3 2 6 20 75 62 33 8
63 0 23 40 25 16 82 71 8 97 46 43 55 73 29 1 48 14 46 21 52 70 55 68 85 11 44 53 19 78 25 46 88 30 95 34 85 19 15 32 34 55 47 89 95 12 5 47 86 14
56 23 0 19 71 66 37 28 82 58 96 2 17 67 76 29 57 9 0 3 12 99 54 57 88 46 14 5 30 20 73 59 5 31 53 3 91 24 67 37 27 85 61 15 32 76 72 45 50 0
81 40 19 0 4 43 1 32 16 56 4 38 7 25 49 40 86 76 58 28 1 17 82 62 86 27 90 52 14 49 39 3 98 49 18 31 70 57 96 95 80 17 49 35 5 56 4 52 1 78
42 25 71 4 0 78 8 88 60 12 22 7 20 32 81 81 81 73 93 18 10 94 41 84 52 74 80 58 57 63 81 91 76 52 89 8 46 28 72 92 5 0 2 76 34 28 6 20 58 37
86 16 66 43 78 0 73 61 55 43 75 90 18 25 73 59 71 71 61 43 43 90 51 3 29 84 25 1 35 29 2 41 27 89 57 45 38 47 32 63 33 59 94 60 23 49 81 58 50 12
46 82 37 1 8 73 0 50 37 1 16 89 26 71 31 4 39 87 55 100 42 3 71 26 29 88 40 66 90 87 15 96 7 8 44 84 46 88 36 27 81 17 74 5 16 8 100 67 24 68
85 71 28 32 88 61 50 0 93 55 44 8 99 66 56 50 93 77 12 13 50 46 100 55 25 17 76 17 97 84 48 74 28 35 1 26 97 61 62 45 20 21 86 79 53 35 31 36 87 100
39 8 82 16 60 55 37 93 0 33 67 22 78 44 50 95 92 28 85 57 12 42 57 24 80 2 99 47 77 58 53 8 58 0 83 64 58 47 7 97 36 99 49 9 2 49 9 80 56 38
6 97 58 56 12 43 1 55 33 0 43 93 38 4 83 35 36 41 35 60 60 15 23 10 29 59 23 80 10 48 71 33 82 14 7 98 6 76 9 49 98 5 11 74 95 51 64 10 10 11
19 46 96 4 22 75 16 44 67 43 0 61 83 51 77 95 68 48 65 52 79 37 16 32 89 62 45 59 34 99 98 98 47 48 1 93 61 7 51 31 43 69 82 45 36 9 82 42 96 39
51 43 2 38 7 90 89 8 22 93 61 0 18 95 9 15 53 82 40 95 11 98 91 97 94 82 78 37 97 16 58 93 24 29 97 73 40 57 74 0 73 3 49 22 4 45 34 52 12 76
90 55 17 7 20 18 26 99 78 38 83 18 0 16 53 60 95 94 5 83 73 83 98 56 82 71 84 95 98 47 1 8 75 75 3 17 82 25 12 100 88 65 75 35 27 5 46 31 71 97
12 73 67 25 32 25 71 66 44 4 51 95 16 0 36 33 88 28 15 90 76 96 78 1 94 98 85 50 9 78 92 33 90 22 24 100 74 2 0 65 53 59 24 80 75 32 58 77 80 34
19 29 76 49 81 73 31 56 50 83 77 9 53 36 0 73 7 16 72 34 40 95 66 47 19 46 25 43 4 92 66 11 52 44 42 97 53 10 23 64 96 38 9 19 11 31 46 81 27 67
68 1 29 40 81 59 4 50 95 35 95 15 60 33 73 0 76 88 82 82 100 28 68 6 72 6 34 99 4 66 86 57 87 89 84 19 8 60 7 63 47 0 83 22 42 80 48 36 36 78
46 48 57 86 81 71 39 93 92 36 68 53 95 88 7 76 0 90 9 83 20 65 75 72 45 58 59 34 26 18 82 74 71 11 95 13 72 41 56 87 22 85 67 44 60 41 95 26 44 43
18 14 9 76 73 71 87 77 28 41 48 82 94 28 16 88 90 0 78 52 77 80 97 83 91 52 19 61 19 37 26 59 40 15 49 5 12 5 56 60 36 19 73 27 65 31 86 55 23 21
25 46 0 58 93 61 55 12 85 35 65 40 5 15 72 82 9 78 0 31 75 64 8 76 32 76 27 96 1 66 77 23 32 18 43 98 42 53 71 56 30 6 11 1 87 4 47 73 20 27
9 21 3 28 18 43 100 13 57 60 52 95 83 90 34 82 83 52 31 0 21 85 86 99 82 75 98 22 10 25 41 78 74 22 41 51 50 10 91 21 56 71 87 39 0 92 60 100 41 21
46 52 12 1 10 43 42 50 12 60 79 11 73 76 40 100 20 77 75 21 0 87 1 62 8 8 5 28 96 64 35 31 68 41 23 73 42 76 65 89 51 8 55 44 79 98 79 95 81 51
88 70 99 17 94 90 3 46 42 15 37 98 83 96 95 28 65 80 64 85 87 0 23 98 8 41 13 45 33 75 40 48 90 63 29 52 6 39 94 16 16 5 27 2 20 86 6 27 59 66
84 55 54 82 41 51 71 100 57 23 16 91 98 78 66 68 75 97 8 86 1 23 0 58 53 60 97 70 71 53 29 73 56 28 25 19 54 96 39 74 35 20 83 30 54 32 74 92 43 2
23 68 57 62 84 3 26 55 24 10 32 97 56 1 47 6 72 83 76 99 62 98 58 0 81 47 82 21 5 30 38 35 8 44 8 40 31 19 85 91 12 27 12 73 94 43 5 11 99 98
24 85 88 86 52 29 29 25 80 29 89 94 82 94 19 72 45 91 32 82 8 8 53 81 0 53 35 65 93 56 58 6 88 33 83 44 39 19 20 55 29 68 79 51 91 29 31 47 91 41
89 11 46 27 74 84 88 17 2 59 62 82 71 98 46 6 58 52 76 75 8 41 60 47 53 0 49 92 84 25 27 87 44 18 37 50 74 57 86 78 51 51 79 79 67 66 24 86 1 80
68 44 14 90 80 25 40 76 99 23 45 78 84 85 25 34 59 19 27 98 5 13 97 82 35 49 0 71 5 9 24 57 79 58 69 63 0 92 3 71 82 47 76 84 7 59 63 93 30 1
59 53 5 52 58 1 66 17 47 80 59 37 95 50 43 99 34 61 96 22 28 45 70 21 65 92 71 0 28 67 90 47 16 46 100 36 46 8 31 23 36 42 84 56 1 18 24 28 15 35
55 19 30 14 57 35 90 97 77 10 34 97 98 9 4 4 26 19 1 10 96 33 71 5 93 84 5 28 0 39 30 82 89 58 41 48 91 64 31 15 1 83 8 60 46 43 58 34 45 15
67 78 20 49 63 29 87 84 58 48 99 16 47 78 92 66 18 37 66 25 64 75 53 30 56 25 9 67 39 0 20 3 37 28 99 32 23 42 70 57 36 43 14 12 11 54 90 16 23 93
28 25 73 39 81 2 15 48 53 71 98 58 1 92 66 86 82 26 77 41 35 40 29 38 58 27 24 90 30 20 0 19 60 9 81 4 41 49 63 1 40 34 79 50 34 1 32 46 97 96
49 46 59 3 91 41 96 74 8 33 98 93 8 33 11 57 74 59 23 78 31 48 73 35 6 87 57 47 82 3 19 0 2 35 81 49 88 69 22 66 37 52 22 3 16 44 62 78 18 35
0 88 5 98 76 27 7 28 58 82 47 24 75 90 52 87 71 40 32 74 68 90 56 8 88 44 79 16 89 37 60 2 0 72 100 0 7 78 52 47 86 64 7 43 60 33 81 25 79 25
4 30 31 49 52 89 8 35 0 14 48 29 75 22 44 89 11 15 18 22 41 63 28 44 33 18 58 46 58 28 9 35 72 0 27 2 0 94 29 65 31 75 48 85 88 7 86 74 26 1
87 95 53 18 89 57 44 1 83 7 1 97 3 24 42 84 95 49 43 41 23 29 25 8 83 37 69 100 41 99 81 81 100 27 0 83 25 26 16 48 66 50 31 35 48 45 97 41 78 50
33 34 3 31 8 45 84 26 64 98 93 73 17 100 97 19 13 5 98 51 73 52 19 40 44 50 63 36 48 32 4 49 0 2 83 0 47 32 85 87 58 16 40 94 9 69 94 35 77 70
82 85 91 70 46 38 46 97 58 6 61 40 82 74 53 8 72 12 42 50 42 6 54 31 39 74 0 46 91 23 41 88 7 0 25 47 0 54 93 75 61 14 36 59 78 13 61 80 13 17
48 19 24 57 28 47 88 61 47 76 7 57 25 2 10 60 41 5 53 10 76 39 96 19 19 57 92 8 64 42 49 69 78 94 26 32 54 0 54 92 47 23 91 88 71 1 47 60 68 13
73 15 67 96 72 32 36 62 7 9 51 74 12 0 23 7 56 56 71 91 65 94 39 85 20 86 3 31 31 70 63 22 52 29 16 85 93 54 0 44 6 22 80 59 91 82 95 29 26 12
4 32 37 95 92 63 27 45 97 49 31 0 100 65 64 63 87 60 56 21 89 16 74 91 55 78 71 23 15 57 1 66 47 65 48 87 75 92 44 0 39 52 37 7 54 81 95 29 43 98
90 34 27 80 5 33 81 20 36 98 43 73 88 53 96 47 22 36 30 56 51 16 35 12 29 51 82 36 1 36 40 37 86 31 66 58 61 47 6 39 0 79 50 30 26 2 96 39 35 3
24 55 85 17 0 59 17 21 99 5 69 3 65 59 38 0 85 19 6 71 8 5 20 27 68 51 47 42 83 43 34 52 64 75 50 16 14 23 22 52 79 0 48 11 24 30 81 88 70 27
3 47 61 49 2 94 74 86 49 11 82 49 75 24 9 83 67 73 11 87 55 27 83 12 79 79 76 84 8 14 79 22 7 48 31 40 36 91 80 37 50 48 0 32 87 49 100 87 9 67
2 89 15 35 76 60 5 79 9 74 45 22 35 80 19 22 44 27 1 39 44 2 30 73 51 79 84 56 60 12 50 3 43 85 35 94 59 88 59 7 30 11 32 0 20 74 31 93 63 21
6 95 32 5 34 23 16 53 2 95 36 4 27 75 11 42 60 65 87 0 79 20 54 94 91 67 7 1 46 11 34 16 60 88 48 9 78 71 91 54 26 24 87 20 0 22 26 53 2 45
20 12 76 56 28 49 8 35 49 51 9 45 5 32 31 80 41 31 4 92 98 86 32 43 29 66 59 18 43 54 1 44 33 7 45 69 13 1 82 81 2 30 49 74 22 0 38 39 60 82
75 5 72 4 6 81 100 31 9 64 82 34 46 58 46 48 95 86 47 60 79 6 74 5 31 24 63 24 58 90 32 62 81 86 97 94 61 47 95 95 96 81 100 31 26 38 0 17 4 30
62 47 45 52 20 58 67 36 80 10 42 52 31 77 81 36 26 55 73 100 95 27 92 11 47 86 93 28 34 16 46 78 25 74 41 35 80 60 29 29 39 88 87 93 53 39 17 0 96 48
33 86 50 1 58 50 24 87 56 10 96 12 71 80 27 36 44 23 20 41 81 59 43 99 91 1 30 15 45 23 97 18 79 26 78 77 13 68 26 43 35 70 9 63 2 60 4 96 0 43
8 14 0 78 37 12 68 100 38 11 39 76 97 34 67 78 43 21 27 21 51 66 2 98 41 80 1 35 15 93 96 35 25 1 50 70 17 13 12 98 3 27 67 21 45 82 30 48 43 0
BBRRBRBRRBBBRRBRBRBRRBBRRRRBBBRRBBRBRBRBBBBRRBRBRR