50
0 80 67 83 99 69 90 92 61 97 79 95 93 70 68 79 96 70 27 69 93 99 71 90 97 87 71 64 71 86 100 69 92 60 69 75 86 72 94 92 99 87 67 74 93 79 79 91 82 66
80 0 86 85 75 100 95 67 93 70 88 73 99 77 69 92 70 83 86 92 81 79 77 61 76 80 100 82 66 79 85 63 61 90 77 93 82 80 82 64 100 75 76 91 95 88 96 82 61 36
67 86 0 100 100 100 100 100 100 100 100 100 100 100 100 100 100 100 100 100 100 100 100 100 100 100 100 100 70 100 100 100 100 100 100 100 100 100 100 100 100 100 100 100 100 100 100 100 100 100
83 85 100 0 100 100 100 100 100 100 100 100 94 100 100 100 100 100 100 100 100 100 100 100 100 100 100 100 100 100 100 100 100 100 100 100 100 100 100 100 100 100 100 100 100 100 100 100 100 100
99 75 100 100 0 95 82 99 81 95 93 93 87 97 99 97 93 84 87 97 84 91 90 86 86 91 95 96 81 89 82 91 95 89 84 89 96 95 98 100 88 86 91 99 96 98 87 94 97 91
69 100 100 100 95 0 92 98 84 100 66 84 98 93 84 99 95 87 92 94 100 94 94 83 96 88 91 94 82 98 100 97 83 85 84 91 98 100 87 97 88 91 95 88 85 88 82 85 85 82
90 95 100 100 82 92 0 85 60 54 56 89 76 98 95 86 100 46 82 92 79 72 84 95 39 43 97 63 84 57 96 57 80 71 80 89 84 87 56 70 60 50 75 80 44 71 42 100 89 74
92 67 100 100 99 98 85 0 100 88 90 61 87 35 89 62 97 70 76 56 63 57 94 91 66 100 58 81 73 65 90 82 64 76 77 78 73 63 66 55 86 67 64 68 60 100 61 55 65 98
61 93 100 100 81 84 60 100 0 96 90 82 97 86 29 87 87 97 89 93 90 88 86 96 80 90 99 100 85 99 88 91 90 96 90 85 99 80 88 80 89 93 80 98 88 98 100 88 86 87
97 70 100 100 95 100 54 88 96 0 80 84 80 83 96 86 88 88 99 96 100 79 81 85 91 94 85 84 85 95 79 87 80 92 85 92 79 80 100 87 79 38 100 88 96 88 82 97 97 87
79 88 100 100 93 66 56 90 90 80 0 99 94 89 93 72 92 84 99 76 100 98 95 98 80 90 73 89 100 92 75 70 93 82 84 80 92 69 76 71 87 75 75 91 68 85 86 68 87 71
95 73 100 100 93 84 89 61 82 84 99 0 76 64 98 71 86 93 94 78 71 100 92 90 97 70 99 81 67 85 79 83 86 83 64 69 80 71 75 69 96 94 64 90 65 66 91 97 44 72
93 99 100 94 87 98 76 87 97 80 94 76 0 100 94 95 98 96 96 99 98 98 95 100 98 96 94 99 100 98 95 94 95 96 24 98 99 98 97 94 96 98 100 94 99 97 100 96 94 95
70 77 100 100 97 93 98 35 86 83 89 64 100 0 65 67 78 69 67 51 55 83 96 95 71 51 51 98 61 52 99 76 70 83 72 79 62 82 96 82 98 76 94 82 53 90 90 64 77 52
68 69 100 100 99 84 95 89 29 96 93 98 94 65 0 89 85 84 67 82 81 61 74 84 69 62 74 98 78 98 66 85 86 67 91 92 71 58 89 76 96 63 63 79 70 58 73 80 75 69
79 92 100 100 97 99 86 62 87 86 72 71 95 67 89 0 69 85 79 71 97 88 84 72 97 72 86 95 99 74 69 4 68 88 71 85 74 82 94 68 82 83 100 92 97 70 98 96 77 99
96 70 100 100 93 95 100 97 87 88 92 86 98 78 85 69 0 100 100 100 100 100 100 100 100 100 100 100 100 100 100 100 100 100 100 100 100 100 100 100 100 100 100 100 100 93 100 100 100 100
70 83 100 100 84 87 46 70 97 88 84 93 96 69 84 85 100 0 98 98 100 100 99 97 99 100 97 97 97 97 98 98 99 59 99 99 99 99 97 99 100 98 100 99 99 99 98 98 97 99
27 86 100 100 87 92 82 76 89 99 99 94 96 67 67 79 100 98 0 98 98 100 97 99 99 99 100 97 97 97 99 98 99 97 99 98 98 98 97 100 97 98 99 100 97 100 98 99 100 100
69 92 100 100 97 94 92 56 93 96 76 78 99 51 82 71 100 98 98 0 99 88 85 76 87 72 72 73 83 72 98 77 92 97 84 80 83 95 87 86 90 73 84 74 36 77 98 89 90 85
93 81 100 100 84 100 79 63 90 100 100 71 98 55 81 97 100 100 98 99 0 100 90 80 88 80 84 44 84 90 99 94 85 84 82 98 83 94 86 97 97 86 97 89 82 98 87 99 99 91
99 79 100 100 91 94 72 57 88 79 98 100 98 83 61 88 100 100 100 88 100 0 67 69 3 45 44 32 82 94 56 94 42 50 94 74 91 38 64 38 62 81 56 36 84 96 57 72 63 39
71 77 100 100 90 94 84 94 86 81 95 92 95 96 74 84 100 99 97 85 90 67 0 70 100 81 96 82 76 73 99 91 99 100 90 94 80 82 73 74 82 89 89 82 82 86 93 76 73 87
90 61 100 100 86 83 95 91 96 85 98 90 100 95 84 72 100 97 99 76 80 69 70 0 97 94 93 90 89 82 89 91 84 90 87 94 92 87 89 88 91 98 89 92 82 81 87 82 97 90
97 76 100 100 86 96 39 66 80 91 80 97 98 71 69 97 100 99 99 87 88 3 100 97 0 65 71 49 96 100 77 63 77 45 71 59 42 98 95 75 85 67 60 75 71 94 66 55 59 56
87 80 100 100 91 88 43 100 90 94 90 70 96 51 62 72 100 100 99 72 80 45 81 94 65 0 100 100 100 100 100 100 100 100 100 100 100 100 100 100 100 100 100 100 100 100 100 100 100 100
71 100 100 100 95 91 97 58 99 85 73 99 94 51 74 86 100 97 100 72 84 44 96 93 71 100 0 79 90 87 77 78 64 64 97 87 56 56 75 89 80 83 73 69 67 76 77 72 76 57
64 82 100 100 96 94 63 81 100 84 89 81 99 98 98 95 100 97 97 73 44 32 82 90 49 100 79 0 56 75 52 51 65 73 93 53 59 71 48 52 75 98 98 71 65 62 90 51 78 78
71 66 70 100 81 82 84 73 85 85 100 67 100 61 78 99 100 97 97 83 84 82 76 89 96 100 90 56 0 98 81 96 87 84 89 90 88 96 93 89 87 100 83 100 97 98 83 84 89 92
86 79 100 100 89 98 57 65 99 95 92 85 98 52 98 74 100 97 97 72 90 94 73 82 100 100 87 75 98 0 76 97 67 96 84 61 89 57 78 97 74 80 82 59 100 60 67 88 100 84
100 85 100 100 82 100 96 90 88 79 75 79 95 99 66 69 100 98 99 98 99 56 99 89 77 100 77 52 81 76 0 100 48 81 46 24 85 45 58 98 46 79 86 87 81 59 60 27 79 81
69 63 100 100 91 97 57 82 91 87 70 83 94 76 85 4 100 98 98 77 94 94 91 91 63 100 78 51 96 97 100 0 54 62 99 88 76 69 83 86 51 53 59 60 64 37 42 37 49 88
92 61 100 100 95 83 80 64 90 80 93 86 95 70 86 68 100 99 99 92 85 42 99 84 77 100 64 65 87 67 48 54 0 73 65 56 48 99 93 71 67 72 61 99 56 90 68 92 99 62
60 90 100 100 89 85 71 76 96 92 82 83 96 83 67 88 100 59 97 97 84 50 100 90 45 100 64 73 84 96 81 62 73 0 96 100 73 99 74 100 82 76 98 61 84 95 67 74 71 83
69 77 100 100 84 84 80 77 90 85 84 64 24 72 91 71 100 99 99 84 82 94 90 87 71 100 97 93 89 84 46 99 65 96 0 65 66 96 72 91 86 86 72 79 74 100 64 99 100 71
75 93 100 100 89 91 89 78 85 92 80 69 98 79 92 85 100 99 98 80 98 74 94 94 59 100 87 53 90 61 24 88 56 100 65 0 76 67 60 71 89 64 71 56 79 76 82 85 91 71
86 82 100 100 96 98 84 73 99 79 92 80 99 62 71 74 100 99 98 83 83 91 80 92 42 100 56 59 88 89 85 76 48 73 66 76 0 82 63 67 93 60 91 88 100 81 96 78 81 88
72 80 100 100 95 100 87 63 80 80 69 71 98 82 58 82 100 99 98 95 94 38 82 87 98 100 56 71 96 57 45 69 99 99 96 67 82 0 77 85 87 80 66 77 96 62 58 66 81 67
94 82 100 100 98 87 56 66 88 100 76 75 97 96 89 94 100 97 97 87 86 64 73 89 95 100 75 48 93 78 58 83 93 74 72 60 63 77 0 100 97 99 98 99 100 97 100 98 99 97
92 64 100 100 100 97 70 55 80 87 71 69 94 82 76 68 100 99 100 86 97 38 74 88 75 100 89 52 89 97 98 86 71 100 91 71 67 85 100 0 70 79 90 88 87 74 91 72 82 80
99 100 100 100 88 88 60 86 89 79 87 96 96 98 96 82 100 100 97 90 97 62 82 91 85 100 80 75 87 74 46 51 67 82 86 89 93 87 97 70 0 99 89 100 98 96 30 96 85 98
87 75 100 100 86 91 50 67 93 38 75 94 98 76 63 83 100 98 98 73 86 81 89 98 67 100 83 98 100 80 79 53 72 76 86 64 60 80 99 79 99 0 82 32 57 77 89 99 50 97
67 76 100 100 91 95 75 64 80 100 75 64 100 94 63 100 100 100 99 84 97 56 89 89 60 100 73 98 83 82 86 59 61 98 72 71 91 66 98 90 89 82 0 77 95 83 85 82 94 86
74 91 100 100 99 88 80 68 98 88 91 90 94 82 79 92 100 99 100 74 89 36 82 92 75 100 69 71 100 59 87 60 99 61 79 56 88 77 99 88 100 32 77 0 77 90 100 80 77 90
93 95 100 100 96 85 44 60 88 96 68 65 99 53 70 97 100 99 97 36 82 84 82 82 71 100 67 65 97 100 81 64 56 84 74 79 100 96 100 87 98 57 95 77 0 99 97 98 99 100
79 88 100 100 98 88 71 100 98 88 85 66 97 90 58 70 93 99 100 77 98 96 86 81 94 100 76 62 98 60 59 37 90 95 100 76 81 62 97 74 96 77 83 90 99 0 94 94 93 98
79 96 100 100 87 82 42 61 100 82 86 91 100 90 73 98 100 98 98 98 87 57 93 87 66 100 77 90 83 67 60 42 68 67 64 82 96 58 100 91 30 89 85 100 97 94 0 43 93 89
91 82 100 100 94 85 100 55 88 97 68 97 96 64 80 96 100 98 99 89 99 72 76 82 55 100 72 51 84 88 27 37 92 74 99 85 78 66 98 72 96 99 82 80 98 94 43 0 91 86
82 61 100 100 97 85 89 65 86 97 87 44 94 77 75 77 100 97 100 90 99 63 73 97 59 100 76 78 89 100 79 49 99 71 100 91 81 81 99 82 85 50 94 77 99 93 93 91 0 79
66 36 100 100 91 82 74 98 87 87 71 72 95 52 69 99 100 99 100 85 91 39 87 90 56 100 57 78 92 84 81 88 62 83 71 71 88 67 97 80 98 97 86 90 100 98 89 86 79 0
RBBRBRBBRRBBRRBBBBRBBRRRBBRBRRBRBRRRBRRRRRBBBBBBRR