50
0 73 17 91 37 70 71 12 85 66 20 43 2 71 18 9 7 37 99 78 71 41 31 42 96 78 43 10 66 12 0 73 80 29 27 86 74 51 72 80 98 61 67 80 19 57 75 32 71 77 
73 0 91 0 43 44 68 86 13 19 58 71 39 42 66 92 12 71 89 52 71 13 41 88 81 40 66 22 62 85 30 7 86 10 24 23 92 67 31 33 52 41 1 69 99 51 89 25 78 24 
17 91 0 81 87 19 98 5 94 99 54 5 67 46 17 39 62 84 51 48 32 36 70 49 5 11 39 23 70 57 79 80 69 35 32 88 46 53 30 78 44 6 56 39 70 54 45 59 85 42 
91 0 81 0 59 4 61 34 89 96 38 68 63 18 86 26 86 83 95 66 83 35 9 92 74 8 83 4 59 73 64 70 96 7 20 46 13 27 15 91 91 27 43 82 16 90 12 88 93 83 
37 43 87 59 0 29 71 54 95 0 23 57 26 13 7 77 81 9 48 66 8 61 33 51 2 22 60 52 85 19 68 19 50 69 10 60 51 69 80 37 14 5 93 99 95 52 51 24 68 11 
70 44 19 4 29 0 88 91 23 69 61 81 54 3 71 83 16 82 51 3 73 44 26 85 20 98 4 66 13 86 63 97 45 41 96 55 10 49 3 91 18 46 26 31 92 40 47 77 84 78 
71 68 98 61 71 88 0 75 52 46 31 23 8 12 25 87 77 39 77 75 96 77 56 45 5 39 44 71 33 62 77 100 20 65 22 9 86 78 62 65 90 93 0 48 64 33 58 93 92 13 
12 86 5 34 54 91 75 0 95 49 11 52 54 61 68 83 93 49 6 52 51 48 37 28 20 21 5 75 9 85 85 98 22 100 18 49 29 69 75 84 10 47 60 34 74 83 91 3 27 77 
85 13 94 89 95 23 52 95 0 81 6 49 68 53 53 20 85 42 72 94 88 76 49 56 48 28 20 51 43 70 84 60 68 87 7 32 64 80 23 77 57 34 30 72 76 7 92 8 59 92 
66 19 99 96 0 69 46 49 81 0 43 94 44 75 49 1 69 62 28 88 32 36 92 81 71 94 14 4 7 55 63 34 51 50 65 96 22 95 95 79 49 50 7 96 89 89 38 50 38 8 
20 58 54 38 23 61 31 11 6 43 0 13 53 4 6 93 54 45 48 77 95 92 27 41 11 78 88 86 30 76 28 71 67 63 34 6 40 66 54 66 98 3 5 65 27 99 70 41 2 39 
43 71 5 68 57 81 23 52 49 94 13 0 10 14 17 38 66 14 47 43 56 79 9 44 22 43 54 51 56 63 8 41 40 40 69 36 52 85 84 35 52 57 62 13 54 73 99 2 2 21 
2 39 67 63 26 54 8 54 68 44 53 10 0 25 73 0 15 1 26 38 34 89 32 26 61 57 23 75 50 16 33 100 61 51 28 64 85 62 36 45 64 1 96 41 45 94 40 26 31 45 
71 42 46 18 13 3 12 61 53 75 4 14 25 0 50 7 0 67 14 18 67 91 92 96 4 25 46 75 2 18 58 63 77 94 37 84 32 77 64 53 40 54 20 9 50 32 21 41 52 17 
18 66 17 86 7 71 25 68 53 49 6 17 73 50 0 33 53 67 78 13 27 8 32 33 22 11 62 1 33 94 27 69 97 6 94 30 67 32 87 63 27 98 37 55 45 40 43 99 32 15 
9 92 39 26 77 83 87 83 20 1 93 38 0 7 33 0 69 82 66 33 1 37 60 86 98 48 39 33 66 23 93 28 99 8 27 24 31 14 40 81 68 92 64 41 81 1 55 69 37 51 
7 12 62 86 81 16 77 93 85 69 54 66 15 0 53 69 0 0 40 46 19 90 39 67 68 2 24 15 97 79 45 90 67 15 35 22 31 6 30 75 42 8 97 93 25 79 44 35 70 30 
37 71 84 83 9 82 39 49 42 62 45 14 1 67 67 82 0 0 36 61 24 54 16 15 36 38 52 12 25 86 90 94 55 89 41 27 99 87 87 70 53 38 47 82 79 92 90 24 90 60 
99 89 51 95 48 51 77 6 72 28 48 47 26 14 78 66 40 36 0 32 99 24 55 90 1 46 3 92 12 89 37 53 9 28 51 98 15 69 10 24 36 24 98 50 51 20 15 78 25 49 
78 52 48 66 66 3 75 52 94 88 77 43 38 18 13 33 46 61 32 0 11 43 84 28 14 69 7 70 15 42 33 53 55 3 24 7 93 84 98 79 17 43 68 80 83 20 57 81 85 76 
71 71 32 83 8 73 96 51 88 32 95 56 34 67 27 1 19 24 99 11 0 73 88 68 57 98 95 69 30 16 52 69 47 6 7 43 0 39 60 40 38 73 79 82 50 57 20 79 1 94 
41 13 36 35 61 44 77 48 76 36 92 79 89 91 8 37 90 54 24 43 73 0 2 57 49 98 100 50 50 36 50 0 39 79 4 76 37 83 94 90 37 85 74 17 31 21 48 78 10 10 
31 41 70 9 33 26 56 37 49 92 27 9 32 92 32 60 39 16 55 84 88 2 0 43 85 25 45 6 75 11 48 50 75 72 81 23 94 12 36 75 53 75 79 11 12 59 5 44 41 12 
42 88 49 92 51 85 45 28 56 81 41 44 26 96 33 86 67 15 90 28 68 57 43 0 44 0 85 36 78 0 1 78 87 36 67 37 43 12 18 53 1 33 100 99 89 0 11 95 67 32 
96 81 5 74 2 20 5 20 48 71 11 22 61 4 22 98 68 36 1 14 57 49 85 44 0 84 95 15 26 40 95 15 52 32 77 23 19 22 70 37 53 32 77 70 97 87 65 92 49 85 
78 40 11 8 22 98 39 21 28 94 78 43 57 25 11 48 2 38 46 69 98 98 25 0 84 0 100 59 1 0 84 13 72 16 90 2 65 86 12 58 83 28 33 72 64 23 83 54 4 85 
43 66 39 83 60 4 44 5 20 14 88 54 23 46 62 39 24 52 3 7 95 100 45 85 95 100 0 67 62 27 84 15 70 17 89 9 21 80 3 63 84 76 25 55 66 77 93 71 80 91 
10 22 23 4 52 66 71 75 51 4 86 51 75 75 1 33 15 12 92 70 69 50 6 36 15 59 67 0 20 51 30 87 68 85 22 99 95 46 41 36 88 13 27 91 27 22 79 67 4 57 
66 62 70 59 85 13 33 9 43 7 30 56 50 2 33 66 97 25 12 15 30 50 75 78 26 1 62 20 0 17 84 16 99 55 39 87 88 64 96 45 80 84 81 41 68 23 20 54 66 69 
12 85 57 73 19 86 62 85 70 55 76 63 16 18 94 23 79 86 89 42 16 36 11 0 40 0 27 51 17 0 15 56 83 44 44 16 4 15 7 55 42 55 78 21 71 6 4 31 19 66 
0 30 79 64 68 63 77 85 84 63 28 8 33 58 27 93 45 90 37 33 52 50 48 1 95 84 84 30 84 15 0 47 79 86 19 58 81 54 75 62 27 32 66 59 77 95 16 46 6 9 
73 7 80 70 19 97 100 98 60 34 71 41 100 63 69 28 90 94 53 53 69 0 50 78 15 13 15 87 16 56 47 0 50 92 2 3 29 2 98 22 53 82 56 89 3 0 1 16 0 66 
80 86 69 96 50 45 20 22 68 51 67 40 61 77 97 99 67 55 9 55 47 39 75 87 52 72 70 68 99 83 79 50 0 13 4 62 54 44 26 58 46 64 34 7 4 36 16 26 21 79 
29 10 35 7 69 41 65 100 87 50 63 40 51 94 6 8 15 89 28 3 6 79 72 36 32 16 17 85 55 44 86 92 13 0 66 88 75 43 95 64 54 36 70 82 28 85 63 48 48 88 
27 24 32 20 10 96 22 18 7 65 34 69 28 37 94 27 35 41 51 24 7 4 81 67 77 90 89 22 39 44 19 2 4 66 0 97 43 71 30 70 2 5 29 78 81 47 2 5 68 13 
86 23 88 46 60 55 9 49 32 96 6 36 64 84 30 24 22 27 98 7 43 76 23 37 23 2 9 99 87 16 58 3 62 88 97 0 43 65 77 83 1 77 97 58 82 72 28 31 19 2 
74 92 46 13 51 10 86 29 64 22 40 52 85 32 67 31 31 99 15 93 0 37 94 43 19 65 21 95 88 4 81 29 54 75 43 43 0 68 65 84 99 28 32 84 5 72 32 18 79 57 
51 67 53 27 69 49 78 69 80 95 66 85 62 77 32 14 6 87 69 84 39 83 12 12 22 86 80 46 64 15 54 2 44 43 71 65 68 0 29 97 84 17 0 31 15 39 24 15 26 94 
72 31 30 15 80 3 62 75 23 95 54 84 36 64 87 40 30 87 10 98 60 94 36 18 70 12 3 41 96 7 75 98 26 95 30 77 65 29 0 12 2 55 16 42 12 72 48 61 44 98 
80 33 78 91 37 91 65 84 77 79 66 35 45 53 63 81 75 70 24 79 40 90 75 53 37 58 63 36 45 55 62 22 58 64 70 83 84 97 12 0 66 80 19 34 44 100 76 97 38 23 
98 52 44 91 14 18 90 10 57 49 98 52 64 40 27 68 42 53 36 17 38 37 53 1 53 83 84 88 80 42 27 53 46 54 2 1 99 84 2 66 0 78 20 19 59 42 58 10 83 72 
61 41 6 27 5 46 93 47 34 50 3 57 1 54 98 92 8 38 24 43 73 85 75 33 32 28 76 13 84 55 32 82 64 36 5 77 28 17 55 80 78 0 85 82 35 76 95 40 93 39 
67 1 56 43 93 26 0 60 30 7 5 62 96 20 37 64 97 47 98 68 79 74 79 100 77 33 25 27 81 78 66 56 34 70 29 97 32 0 16 19 20 85 0 86 22 96 11 1 0 28 
80 69 39 82 99 31 48 34 72 96 65 13 41 9 55 41 93 82 50 80 82 17 11 99 70 72 55 91 41 21 59 89 7 82 78 58 84 31 42 34 19 82 86 0 22 73 51 14 28 91 
19 99 70 16 95 92 64 74 76 89 27 54 45 50 45 81 25 79 51 83 50 31 12 89 97 64 66 27 68 71 77 3 4 28 81 82 5 15 12 44 59 35 22 22 0 0 81 96 19 98 
57 51 54 90 52 40 33 83 7 89 99 73 94 32 40 1 79 92 20 20 57 21 59 0 87 23 77 22 23 6 95 0 36 85 47 72 72 39 72 100 42 76 96 73 0 0 70 18 53 71 
75 89 45 12 51 47 58 91 92 38 70 99 40 21 43 55 44 90 15 57 20 48 5 11 65 83 93 79 20 4 16 1 16 63 2 28 32 24 48 76 58 95 11 51 81 70 0 22 53 22 
32 25 59 88 24 77 93 3 8 50 41 2 26 41 99 69 35 24 78 81 79 78 44 95 92 54 71 67 54 31 46 16 26 48 5 31 18 15 61 97 10 40 1 14 96 18 22 0 73 53 
71 78 85 93 68 84 92 27 59 38 2 2 31 52 32 37 70 90 25 85 1 10 41 67 49 4 80 4 66 19 6 0 21 48 68 19 79 26 44 38 83 93 0 28 19 53 53 73 0 99 
77 24 42 83 11 78 13 77 92 8 39 21 45 17 15 51 30 60 49 76 94 10 12 32 85 85 91 57 69 66 9 66 79 88 13 2 57 94 98 23 72 39 28 91 98 71 22 53 99 0 
RRRBBBRRRBRRRBBBRBBRRBRBRRRBBBRRBRBBRBBBBBRBBRBRRR