30
0 2 99 50 50 10 50 12 50 50 50 50 50 50 50 50 50 50 50 50 50 50 50 50 50 50 50 50 50 50 
2 0 11 10 50 50 20 50 20 50 50 50 50 50 50 50 50 50 50 50 50 50 50 50 50 30 50 50 20 50 
99 11 0 11 99 50 50 15 50 15 50 50 50 50 50 50 50 50 50 50 50 50 50 50 50 50 17 50 50 15 
50 10 11 0 11 10 50 50 20 50 75 50 50 50 50 50 50 50 50 50 50 50 50 75 50 50 50 75 50 50 
50 50 99 11 0 11 99 50 50 99 50 95 50 50 50 50 50 50 50 50 50 50 50 50 90 50 50 50 16 50 
10 50 50 10 11 0 11 10 50 50 12 50 14 50 50 50 50 50 50 50 50 50 50 50 50 12 50 50 50 50 
50 20 50 50 99 11 0 11 99 50 50 20 50 99 50 50 50 50 50 50 50 50 50 50 50 50 99 50 50 50 
12 50 15 50 50 10 11 0 11 10 50 50 75 50 10 50 50 50 50 50 50 50 50 50 50 50 50 50 50 50 
50 20 50 20 50 50 99 11 0 99 99 50 50 95 50 20 50 50 50 50 50 50 50 50 50 50 50 50 50 50 
50 50 15 50 99 50 50 10 99 0 99 10 50 50 99 50 17 50 50 50 50 50 50 50 50 50 50 50 50 50 
50 50 50 75 50 12 50 50 99 99 0 99 99 50 50 10 50 75 50 50 50 50 50 50 50 50 50 50 50 50 
50 50 50 50 95 50 20 50 50 10 99 0 99 10 50 50 30 50 20 50 50 50 50 50 50 50 50 50 50 50 
50 50 50 50 50 14 50 75 50 50 99 99 0 99 99 50 50 90 50 16 50 50 50 50 50 50 50 50 50 50 
50 50 50 50 50 50 99 50 95 50 50 10 99 0 99 10 50 50 12 50 99 50 50 50 50 50 50 50 50 50 
50 50 50 50 50 50 50 10 50 99 50 50 99 99 0 99 99 50 50 99 50 12 50 50 50 50 50 50 50 50 
50 50 50 50 50 50 50 50 20 50 10 50 50 10 99 0 99 10 50 50 12 50 30 50 50 50 50 50 50 50 
50 50 50 50 50 50 50 50 50 17 50 30 50 50 99 99 0 99 10 50 50 17 50 17 50 50 50 50 50 50 
50 50 50 50 50 50 50 50 50 50 75 50 90 50 50 10 99 0 99 10 50 50 75 50 90 50 50 50 50 50 
50 50 50 50 50 50 50 50 50 50 50 20 50 12 50 50 10 99 0 99 10 50 50 10 50 10 50 50 50 50 
50 50 50 50 50 50 50 50 50 50 50 50 16 50 99 50 50 10 99 0 99 10 50 50 99 50 18 50 50 50 
50 50 50 50 50 50 50 50 50 50 50 50 50 99 50 12 50 50 10 99 0 99 10 50 50 20 50 99 50 50 
50 50 50 50 50 50 50 50 50 50 50 50 50 50 12 50 17 50 50 10 99 0 99 10 50 50 15 50 10 50 
50 50 50 50 50 50 50 50 50 50 50 50 50 50 50 30 50 75 50 50 10 99 0 99 10 50 50 90 50 30 
50 50 50 75 50 50 50 50 50 50 50 50 50 50 50 50 17 50 10 50 50 10 99 0 99 10 50 50 18 50 
50 50 50 50 90 50 50 50 50 50 50 50 50 50 50 50 50 90 50 99 50 50 10 99 0 99 10 50 50 99 
50 30 50 50 50 12 50 50 50 50 50 50 50 50 50 50 50 50 10 50 20 50 50 10 99 0 99 10 50 50 
50 50 17 50 50 50 99 50 50 50 50 50 50 50 50 50 50 50 50 18 50 15 50 50 10 99 0 99 10 50 
50 50 50 75 50 50 50 50 50 50 50 50 50 50 50 50 50 50 50 50 99 50 90 50 50 10 99 0 99 10 
50 20 50 50 16 50 50 50 50 50 50 50 50 50 50 50 50 50 50 50 50 10 50 18 50 50 10 99 0 99 
50 50 15 50 50 50 50 50 50 50 50 50 50 50 50 50 50 50 50 50 50 50 30 50 99 50 50 10 99 0 
RBRBRBRBRBRBRBRBRBRBRBRBRBRBRB