50
0 25 61 71 89 10 85 8 36 94 76 100 100 100 100 100 100 100 63 54 90 60 24 57 72 58 30 65 18 2 8 62 55 16 84 16 87 67 35 57 35 60 41 45 9 18 83 89 23 47 
25 0 35 9 81 82 91 34 62 35 11 100 100 100 100 100 100 100 99 68 22 13 13 74 39 68 87 86 47 44 15 0 33 43 89 71 14 73 65 38 32 2 36 8 93 18 25 65 13 93 
61 35 0 97 79 41 31 4 24 99 63 100 100 100 100 100 100 100 62 88 24 71 86 26 41 60 84 90 49 12 88 96 71 89 6 87 19 3 42 64 48 90 12 6 25 52 7 89 44 40 
71 9 97 0 46 27 64 70 65 33 74 100 100 100 100 100 100 100 9 9 82 88 100 4 63 38 87 63 37 28 83 41 57 98 12 53 97 10 52 15 51 23 91 63 29 90 54 100 82 10 
89 81 79 46 0 67 38 55 47 4 66 100 100 100 100 100 100 100 36 22 43 92 99 62 91 10 43 76 18 25 51 50 14 89 92 87 42 46 46 69 24 79 79 13 34 29 89 64 68 100 
10 82 41 27 67 0 14 98 81 68 18 100 100 100 100 100 100 100 91 25 51 43 79 15 22 89 77 78 27 5 62 1 81 29 44 100 33 44 73 40 80 9 20 94 8 70 55 12 6 69 
85 91 31 64 38 14 0 64 13 93 56 100 100 100 100 100 100 100 55 59 61 73 72 27 28 30 66 68 88 11 51 37 39 66 81 4 89 37 32 64 17 10 69 6 70 10 64 8 6 100 
8 34 4 70 55 98 64 0 89 75 8 100 100 100 100 100 100 100 36 95 14 63 41 23 49 86 88 39 51 19 41 40 35 45 38 2 51 5 91 71 25 84 29 45 60 0 16 28 55 65 
36 62 24 65 47 81 13 89 0 53 28 100 100 100 100 100 100 100 44 21 60 43 14 49 84 24 94 21 72 36 72 80 32 72 78 40 69 95 17 96 49 73 30 24 15 1 62 73 53 26 
94 35 99 33 4 68 93 75 53 0 12 100 100 100 100 100 100 100 44 89 94 85 42 35 51 21 97 62 83 58 15 91 3 7 28 21 97 64 33 91 15 48 23 56 41 66 39 55 4 8 
76 11 63 74 66 18 56 8 28 12 0 100 100 100 100 100 100 100 53 69 79 11 43 42 11 86 9 87 79 46 58 23 84 60 2 60 35 69 34 21 82 71 93 2 47 46 24 75 93 75 
100 100 100 100 100 100 100 100 100 100 100 0 25 100 100 100 100 100 100 100 100 100 100 100 100 100 100 100 100 100 100 100 100 100 100 100 100 100 100 100 100 100 100 100 100 100 100 100 100 100 
100 100 100 100 100 100 100 100 100 100 100 25 0 25 100 100 100 100 100 100 100 100 100 100 100 100 100 100 100 100 100 100 100 100 100 100 100 100 100 100 100 100 100 100 100 100 100 100 100 100 
100 100 100 100 100 100 100 100 100 100 100 100 25 0 25 100 100 100 100 100 100 100 100 100 100 100 100 100 100 100 100 100 100 100 100 100 100 100 100 100 100 100 100 100 100 100 100 100 100 100 
100 100 100 100 100 100 100 100 100 100 100 100 100 25 0 25 100 100 100 100 100 100 100 100 100 100 100 100 100 100 100 100 100 100 100 100 100 100 100 100 100 100 100 100 100 100 100 100 100 100 
100 100 100 100 100 100 100 100 100 100 100 100 100 100 25 0 25 100 100 100 100 100 100 100 100 100 100 100 100 100 100 100 100 100 100 100 100 100 100 100 100 100 100 100 100 100 100 100 100 100 
100 100 100 100 100 100 100 100 100 100 100 100 100 100 100 25 0 25 100 100 100 100 100 100 100 100 100 100 100 100 100 100 100 100 100 100 100 100 100 100 100 100 100 100 100 100 100 100 100 100 
100 100 100 100 100 100 100 100 100 100 100 100 100 100 100 100 25 0 100 100 100 100 100 100 100 100 100 100 100 100 100 100 100 100 100 100 100 100 100 100 100 100 100 100 100 100 100 100 100 100 
63 99 62 9 36 91 55 36 44 44 53 100 100 100 100 100 100 100 0 1 76 53 25 30 26 47 93 91 68 57 19 22 73 11 47 83 50 3 52 69 93 91 79 71 78 67 75 64 49 70 
54 68 88 9 22 25 59 95 21 89 69 100 100 100 100 100 100 100 1 0 54 47 6 43 5 2 53 7 24 33 53 14 44 2 37 64 55 7 0 48 94 4 30 98 87 43 59 52 98 78 
90 22 24 82 43 51 61 14 60 94 79 100 100 100 100 100 100 100 76 54 0 49 100 23 39 55 26 34 84 77 41 47 42 37 57 22 9 36 37 13 65 30 46 100 99 52 59 68 95 50 
60 13 71 88 92 43 73 63 43 85 11 100 100 100 100 100 100 100 53 47 49 0 60 5 15 40 32 84 11 95 26 57 18 85 90 8 50 40 88 85 79 67 9 50 97 83 42 23 38 45 
24 13 86 100 99 79 72 41 14 42 43 100 100 100 100 100 100 100 25 6 100 60 0 56 36 30 41 56 95 4 59 72 78 49 82 10 83 11 91 4 20 11 14 40 68 22 70 75 17 33 
57 74 26 4 62 15 27 23 49 35 42 100 100 100 100 100 100 100 30 43 23 5 56 0 93 97 6 77 98 37 98 24 97 83 44 88 49 34 76 8 32 85 58 19 58 43 64 92 48 47 
72 39 41 63 91 22 28 49 84 51 11 100 100 100 100 100 100 100 26 5 39 15 36 93 0 27 50 51 20 83 12 66 90 79 7 24 85 29 22 64 41 74 86 71 72 95 0 91 8 35 
58 68 60 38 10 89 30 86 24 21 86 100 100 100 100 100 100 100 47 2 55 40 30 97 27 0 96 39 39 74 76 44 40 15 84 55 25 46 51 7 45 88 16 0 73 93 68 91 64 49 
30 87 84 87 43 77 66 88 94 97 9 100 100 100 100 100 100 100 93 53 26 32 41 6 50 96 0 49 17 66 80 76 66 20 78 19 31 65 97 64 40 98 81 24 18 27 42 90 99 83 
65 86 90 63 76 78 68 39 21 62 87 100 100 100 100 100 100 100 91 7 34 84 56 77 51 39 49 0 29 21 6 85 31 25 34 23 79 16 61 40 74 57 44 78 94 85 16 25 7 86 
18 47 49 37 18 27 88 51 72 83 79 100 100 100 100 100 100 100 68 24 84 11 95 98 20 39 17 29 0 80 45 48 29 66 34 24 89 72 90 58 65 9 53 75 56 48 51 17 19 8 
2 44 12 28 25 5 11 19 36 58 46 100 100 100 100 100 100 100 57 33 77 95 4 37 83 74 66 21 80 0 41 35 5 71 91 87 11 98 11 9 15 62 21 85 52 90 92 66 88 15 
8 15 88 83 51 62 51 41 72 15 58 100 100 100 100 100 100 100 19 53 41 26 59 98 12 76 80 6 45 41 0 84 81 46 59 47 51 86 77 25 41 47 84 42 57 87 26 51 98 82 
62 0 96 41 50 1 37 40 80 91 23 100 100 100 100 100 100 100 22 14 47 57 72 24 66 44 76 85 48 35 84 0 72 79 90 82 0 56 56 46 4 13 1 12 49 58 32 91 87 94 
55 33 71 57 14 81 39 35 32 3 84 100 100 100 100 100 100 100 73 44 42 18 78 97 90 40 66 31 29 5 81 72 0 48 80 92 59 34 8 49 6 26 0 44 62 52 76 98 98 37 
16 43 89 98 89 29 66 45 72 7 60 100 100 100 100 100 100 100 11 2 37 85 49 83 79 15 20 25 66 71 46 79 48 0 43 49 73 83 61 45 21 21 3 60 70 70 67 15 36 97 
84 89 6 12 92 44 81 38 78 28 2 100 100 100 100 100 100 100 47 37 57 90 82 44 7 84 78 34 34 91 59 90 80 43 0 75 10 46 60 91 90 79 3 75 73 84 78 32 70 86 
16 71 87 53 87 100 4 2 40 21 60 100 100 100 100 100 100 100 83 64 22 8 10 88 24 55 19 23 24 87 47 82 92 49 75 0 96 29 58 65 5 95 98 73 63 34 75 3 45 39 
87 14 19 97 42 33 89 51 69 97 35 100 100 100 100 100 100 100 50 55 9 50 83 49 85 25 31 79 89 11 51 0 59 73 10 96 0 81 59 70 37 59 23 57 49 31 73 3 18 12 
67 73 3 10 46 44 37 5 95 64 69 100 100 100 100 100 100 100 3 7 36 40 11 34 29 46 65 16 72 98 86 56 34 83 46 29 81 0 71 33 38 73 90 81 49 0 79 13 57 45 
35 65 42 52 46 73 32 91 17 33 34 100 100 100 100 100 100 100 52 0 37 88 91 76 22 51 97 61 90 11 77 56 8 61 60 58 59 71 0 28 55 65 7 99 97 74 6 14 18 62 
57 38 64 15 69 40 64 71 96 91 21 100 100 100 100 100 100 100 69 48 13 85 4 8 64 7 64 40 58 9 25 46 49 45 91 65 70 33 28 0 48 24 46 51 63 40 30 100 16 30 
35 32 48 51 24 80 17 25 49 15 82 100 100 100 100 100 100 100 93 94 65 79 20 32 41 45 40 74 65 15 41 4 6 21 90 5 37 38 55 48 0 53 47 26 22 81 1 77 98 81 
60 2 90 23 79 9 10 84 73 48 71 100 100 100 100 100 100 100 91 4 30 67 11 85 74 88 98 57 9 62 47 13 26 21 79 95 59 73 65 24 53 0 37 85 28 0 41 14 5 58 
41 36 12 91 79 20 69 29 30 23 93 100 100 100 100 100 100 100 79 30 46 9 14 58 86 16 81 44 53 21 84 1 0 3 3 98 23 90 7 46 47 37 0 26 45 17 93 81 27 89 
45 8 6 63 13 94 6 45 24 56 2 100 100 100 100 100 100 100 71 98 100 50 40 19 71 0 24 78 75 85 42 12 44 60 75 73 57 81 99 51 26 85 26 0 9 82 41 19 1 81 
9 93 25 29 34 8 70 60 15 41 47 100 100 100 100 100 100 100 78 87 99 97 68 58 72 73 18 94 56 52 57 49 62 70 73 63 49 49 97 63 22 28 45 9 0 54 64 28 4 25 
18 18 52 90 29 70 10 0 1 66 46 100 100 100 100 100 100 100 67 43 52 83 22 43 95 93 27 85 48 90 87 58 52 70 84 34 31 0 74 40 81 0 17 82 54 0 81 18 55 66 
83 25 7 54 89 55 64 16 62 39 24 100 100 100 100 100 100 100 75 59 59 42 70 64 0 68 42 16 51 92 26 32 76 67 78 75 73 79 6 30 1 41 93 41 64 81 0 69 68 44 
89 65 89 100 64 12 8 28 73 55 75 100 100 100 100 100 100 100 64 52 68 23 75 92 91 91 90 25 17 66 51 91 98 15 32 3 3 13 14 100 77 14 81 19 28 18 69 0 56 2 
23 13 44 82 68 6 6 55 53 4 93 100 100 100 100 100 100 100 49 98 95 38 17 48 8 64 99 7 19 88 98 87 98 36 70 45 18 57 18 16 98 5 27 1 4 55 68 56 0 6 
47 93 40 10 100 69 100 65 26 8 75 100 100 100 100 100 100 100 70 78 50 45 33 47 35 49 83 86 8 15 82 94 37 97 86 39 12 45 62 30 81 58 89 81 25 66 44 2 6 0 
RBRBRRRRRRRBBBRRRRBBBBRRBBRRBBBRBBBRRRBBBBRBBBRBRR
