50
0 46 72 43 98 66 7 99 93 70 26 91 1 64 65 31 18 93 98 27 69 78 44 3 46 53 89 84 74 50 16 72 94 99 7 50 74 29 44 81 23 27 48 58 14 77 73 81 12 22
46 0 25 96 43 83 86 4 29 80 34 84 84 11 69 98 7 81 39 50 20 26 49 88 99 80 71 16 17 43 21 80 41 17 34 70 33 49 71 91 27 5 55 13 48 29 67 60 67 16
72 25 0 39 91 73 82 30 56 23 57 25 20 86 95 96 9 14 78 6 19 8 13 68 79 83 69 58 84 75 48 36 15 73 61 9 70 67 44 1 13 7 41 66 52 45 39 28 53 79
43 96 39 0 29 18 0 3 0 48 73 50 56 26 73 17 11 74 49 39 76 80 83 95 42 48 47 90 5 81 71 17 96 40 22 64 11 55 58 25 54 61 29 5 22 83 97 90 11 79
98 43 91 29 0 41 3 73 53 42 79 59 89 79 46 32 82 66 64 64 23 51 85 93 44 84 58 82 48 28 35 8 63 88 37 35 25 99 28 98 3 1 89 89 12 86 58 57 79 71
66 83 73 18 41 0 8 41 71 72 6 51 25 21 92 5 59 45 84 91 86 26 63 97 24 93 10 32 74 27 66 78 20 32 37 80 59 51 7 88 38 53 83 9 79 74 76 7 97 97
7 86 82 0 3 8 0 45 95 97 88 63 45 66 3 85 77 46 37 30 96 47 10 67 37 63 88 5 67 60 85 6 52 14 56 7 6 47 66 35 66 57 36 46 60 55 14 54 96 64
99 4 30 3 73 41 45 0 57 57 60 42 22 50 44 74 62 95 8 29 28 50 81 0 92 27 8 66 11 95 13 13 0 77 28 85 58 80 93 59 100 90 73 63 73 36 74 91 12 38
93 29 56 0 53 71 95 57 0 82 3 92 51 100 17 24 72 93 85 39 48 59 82 46 88 99 84 41 19 8 66 43 5 21 22 7 91 33 89 51 31 97 63 1 59 2 7 5 49 98
70 80 23 48 42 72 97 57 82 0 44 50 15 100 19 90 25 53 55 20 76 24 47 23 54 96 40 46 75 47 71 95 92 63 89 42 29 51 69 59 6 100 24 31 27 27 67 65 57 46
26 34 57 73 79 6 88 60 3 44 0 5 62 12 33 55 5 82 22 24 77 47 53 14 44 2 96 38 73 87 17 45 52 25 47 57 97 42 35 38 46 0 100 71 51 89 16 12 64 88
91 84 25 50 59 51 63 42 92 50 5 0 94 43 49 6 35 86 34 97 11 63 27 14 92 61 14 30 59 84 34 74 29 36 43 64 47 65 54 61 65 83 7 5 26 2 16 55 74 36
1 84 20 56 89 25 45 22 51 15 62 94 0 43 84 54 45 13 29 38 38 99 61 13 20 85 26 7 48 43 85 52 48 49 19 52 0 52 83 78 51 65 6 10 36 100 75 19 18 1
64 11 86 26 79 21 66 50 100 100 12 43 43 0 87 14 0 9 42 16 31 63 30 71 4 9 5 36 16 46 36 96 52 33 65 37 93 34 68 74 21 69 3 1 97 94 73 39 83 21
65 69 95 73 46 92 3 44 17 19 33 49 84 87 0 71 92 69 89 66 78 32 75 99 23 6 0 86 81 3 73 95 18 86 18 28 3 58 17 63 40 95 48 62 73 66 53 79 13 75
31 98 96 17 32 5 85 74 24 90 55 6 54 14 71 0 12 35 46 40 73 67 57 26 59 24 86 54 87 27 1 81 94 10 9 50 98 97 60 91 35 7 40 27 100 93 93 100 11 73
18 7 9 11 82 59 77 62 72 25 5 35 45 0 92 12 0 64 40 41 29 31 2 9 60 56 56 36 87 16 21 60 13 69 67 65 71 68 80 92 65 54 62 75 35 11 92 16 30 81
93 81 14 74 66 45 46 95 93 53 82 86 13 9 69 35 64 0 7 91 59 22 35 9 97 87 64 27 58 41 71 79 45 54 99 90 5 97 96 10 6 61 66 8 6 25 14 4 16 57
98 39 78 49 64 84 37 8 85 55 22 34 29 42 89 46 40 7 0 92 39 21 96 0 46 85 100 75 56 67 54 45 52 77 86 60 81 11 40 100 17 37 31 99 43 82 88 13 22 29
27 50 6 39 64 91 30 29 39 20 24 97 38 16 66 40 41 91 92 0 48 61 9 30 55 24 27 49 20 21 45 63 18 82 97 73 89 72 39 68 82 49 12 1 41 68 77 2 8 84
69 20 19 76 23 86 96 28 48 76 77 11 38 31 78 73 29 59 39 48 0 23 90 58 80 35 6 52 58 94 20 53 71 12 98 96 85 97 45 18 26 18 65 71 51 58 72 40 21 97
78 26 8 80 51 26 47 50 59 24 47 63 99 63 32 67 31 22 21 61 23 0 77 63 25 86 34 11 65 50 62 63 63 25 54 79 37 59 62 21 24 46 94 25 45 77 97 85 49 98
44 49 13 83 85 63 10 81 82 47 53 27 61 30 75 57 2 35 96 9 90 77 0 31 94 46 29 73 6 60 26 29 15 99 48 50 74 37 75 24 21 26 100 39 27 92 25 71 56 95
3 88 68 95 93 97 67 0 46 23 14 14 13 71 99 26 9 9 0 30 58 63 31 0 18 30 77 97 44 60 99 24 40 67 41 47 67 2 61 25 19 51 87 46 89 69 63 69 78 69
46 99 79 42 44 24 37 92 88 54 44 92 20 4 23 59 60 97 46 55 80 25 94 18 0 13 53 68 70 1 8 74 97 18 42 35 26 49 36 91 22 13 88 57 84 87 68 13 30 73
53 80 83 48 84 93 63 27 99 96 2 61 85 9 6 24 56 87 85 24 35 86 46 30 13 0 23 95 75 80 37 24 22 51 1 76 52 6 92 71 88 75 48 36 10 41 84 3 24 0
89 71 69 47 58 10 88 8 84 40 96 14 26 5 0 86 56 64 100 27 6 34 29 77 53 23 0 86 82 0 80 12 40 70 98 96 67 81 51 32 16 19 21 89 10 53 88 6 67 68
84 16 58 90 82 32 5 66 41 46 38 30 7 36 86 54 36 27 75 49 52 11 73 97 68 95 86 0 28 52 14 73 59 38 23 33 92 59 70 51 98 66 71 57 17 87 74 96 27 1
74 17 84 5 48 74 67 11 19 75 73 59 48 16 81 87 87 58 56 20 58 65 6 44 70 75 82 28 0 30 74 44 33 78 93 57 19 77 93 10 48 62 25 25 83 10 3 24 72 83
50 43 75 81 28 27 60 95 8 47 87 84 43 46 3 27 16 41 67 21 94 50 60 60 1 80 0 52 30 0 45 14 93 99 32 64 73 88 89 44 81 0 48 33 23 10 32 79 70 54
16 21 48 71 35 66 85 13 66 71 17 34 85 36 73 1 21 71 54 45 20 62 26 99 8 37 80 14 74 45 0 10 48 55 87 92 80 55 15 69 73 54 35 71 86 58 31 48 33 40
72 80 36 17 8 78 6 13 43 95 45 74 52 96 95 81 60 79 45 63 53 63 29 24 74 24 12 73 44 14 10 0 64 24 51 37 24 42 92 86 17 56 30 70 26 75 17 93 79 12
94 41 15 96 63 20 52 0 5 92 52 29 48 52 18 94 13 45 52 18 71 63 15 40 97 22 40 59 33 93 48 64 0 86 0 9 72 33 19 61 26 56 26 82 25 10 91 40 82 88
99 17 73 40 88 32 14 77 21 63 25 36 49 33 86 10 69 54 77 82 12 25 99 67 18 51 70 38 78 99 55 24 86 0 81 92 78 46 10 68 46 14 21 86 77 11 87 36 50 10
7 34 61 22 37 37 56 28 22 89 47 43 19 65 18 9 67 99 86 97 98 54 48 41 42 1 98 23 93 32 87 51 0 81 0 48 68 45 37 59 51 90 87 14 57 78 40 72 80 80
50 70 9 64 35 80 7 85 7 42 57 64 52 37 28 50 65 90 60 73 96 79 50 47 35 76 96 33 57 64 92 37 9 92 48 0 33 83 9 18 28 68 87 27 71 48 17 63 6 4
74 33 70 11 25 59 6 58 91 29 97 47 0 93 3 98 71 5 81 89 85 37 74 67 26 52 67 92 19 73 80 24 72 78 68 33 0 60 14 6 47 33 53 29 36 100 57 70 44 55
29 49 67 55 99 51 47 80 33 51 42 65 52 34 58 97 68 97 11 72 97 59 37 2 49 6 81 59 77 88 55 42 33 46 45 83 60 0 57 74 76 48 80 72 30 99 21 49 78 18
44 71 44 58 28 7 66 93 89 69 35 54 83 68 17 60 80 96 40 39 45 62 75 61 36 92 51 70 93 89 15 92 19 10 37 9 14 57 0 91 63 81 27 53 65 91 33 100 46 73
81 91 1 25 98 88 35 59 51 59 38 61 78 74 63 91 92 10 100 68 18 21 24 25 91 71 32 51 10 44 69 86 61 68 59 18 6 74 91 0 45 55 20 87 57 96 92 76 77 10
23 27 13 54 3 38 66 100 31 6 46 65 51 21 40 35 65 6 17 82 26 24 21 19 22 88 16 98 48 81 73 17 26 46 51 28 47 76 63 45 0 25 67 56 0 57 15 54 19 80
27 5 7 61 1 53 57 90 97 100 0 83 65 69 95 7 54 61 37 49 18 46 26 51 13 75 19 66 62 0 54 56 56 14 90 68 33 48 81 55 25 0 96 22 83 99 89 80 100 97
48 55 41 29 89 83 36 73 63 24 100 7 6 3 48 40 62 66 31 12 65 94 100 87 88 48 21 71 25 48 35 30 26 21 87 87 53 80 27 20 67 96 0 39 55 13 82 46 34 46
58 13 66 5 89 9 46 63 1 31 71 5 10 1 62 27 75 8 99 1 71 25 39 46 57 36 89 57 25 33 71 70 82 86 14 27 29 72 53 87 56 22 39 0 29 22 48 31 29 3
14 48 52 22 12 79 60 73 59 27 51 26 36 97 73 100 35 6 43 41 51 45 27 89 84 10 10 17 83 23 86 26 25 77 57 71 36 30 65 57 0 83 55 29 0 34 17 2 14 86
77 29 45 83 86 74 55 36 2 27 89 2 100 94 66 93 11 25 82 68 58 77 92 69 87 41 53 87 10 10 58 75 10 11 78 48 100 99 91 96 57 99 13 22 34 0 6 31 78 76
73 67 39 97 58 76 14 74 7 67 16 16 75 73 53 93 92 14 88 77 72 97 25 63 68 84 88 74 3 32 31 17 91 87 40 17 57 21 33 92 15 89 82 48 17 6 0 100 22 27
81 60 28 90 57 7 54 91 5 65 12 55 19 39 79 100 16 4 13 2 40 85 71 69 13 3 6 96 24 79 48 93 40 36 72 63 70 49 100 76 54 80 46 31 2 31 100 0 73 36
12 67 53 11 79 97 96 12 49 57 64 74 18 83 13 11 30 16 22 8 21 49 56 78 30 24 67 27 72 70 33 79 82 50 80 6 44 78 46 77 19 100 34 29 14 78 22 73 0 46
22 16 79 79 71 97 64 38 98 46 88 36 1 21 75 73 81 57 29 84 97 98 95 69 73 0 68 1 83 54 40 12 88 10 80 4 55 18 73 10 80 97 46 3 86 76 27 36 46 0
BRRBBBRRBRRRBBRBBRRRRBRBBBBBBRBRRBRBRRBBRRBBRRBRRB
