28
0  2  2  2  2  2  2  2  2  2  2  2  2  2  77 77 77 77 77 77 77 77 77 77 77 77 77 77
2  0  2  2  2  2  2  2  2  2  2  2  2  2  77 77 77 77 77 77 77 77 77 77 77 77 77 77
2  2  0  2  2  2  2  2  2  2  2  2  2  2  77 77 77 77 77 77 77 77 77 77 77 77 77 77
2  2  2  0  2  2  2  2  2  2  2  2  2  2  77 77 77 77 77 77 77 77 77 77 77 77 77 77
2  2  2  2  0  2  2  2  2  2  2  2  2  2  77 77 77 77 77 77 77 77 77 77 77 77 77 77
2  2  2  2  2  0  2  2  2  2  2  2  2  2  77 77 77 77 77 77 77 77 77 77 77 77 77 77
2  2  2  2  2  2  0  2  2  2  2  2  2  2  77 77 77 77 77 77 77 77 77 77 77 77 77 77
2  2  2  2  2  2  2  0  2  2  2  2  2  2  77 77 77 77 77 77 77 77 77 77 77 77 77 77
2  2  2  2  2  2  2  2  0  2  2  2  2  2  77 77 77 77 77 77 77 77 77 77 77 77 77 77
2  2  2  2  2  2  2  2  2  0  2  2  2  2  77 77 77 77 77 77 77 77 77 77 77 77 77 77
2  2  2  2  2  2  2  2  2  2  0  2  2  2  77 77 77 77 77 77 77 77 77 77 77 77 77 77
2  2  2  2  2  2  2  2  2  2  2  0  2  2  77 77 77 77 77 77 77 77 77 77 77 77 77 77
2  2  2  2  2  2  2  2  2  2  2  2  0  2  77 77 77 77 77 77 77 77 77 77 77 77 77 77
2  2  2  2  2  2  2  2  2  2  2  2  2  0  77 77 77 77 77 77 77 77 77 77 77 77 77 77 
77 77 77 77 77 77 77 77 77 77 77 77 77 77 0  2  2  2  2  2  2  2  2  2  2  2  2  2
77 77 77 77 77 77 77 77 77 77 77 77 77 77 2  0  2  2  2  2  2  2  2  2  2  2  2  2 
77 77 77 77 77 77 77 77 77 77 77 77 77 77 2  2  0  2  2  2  2  2  2  2  2  2  2  2
77 77 77 77 77 77 77 77 77 77 77 77 77 77 2  2  2  0  2  2  2  2  2  2  2  2  2  2 
77 77 77 77 77 77 77 77 77 77 77 77 77 77 2  2  2  2  0  2  2  2  2  2  2  2  2  2
77 77 77 77 77 77 77 77 77 77 77 77 77 77 2  2  2  2  2  0  2  2  2  2  2  2  2  2
77 77 77 77 77 77 77 77 77 77 77 77 77 77 2  2  2  2  2  2  0  2  2  2  2  2  2  2
77 77 77 77 77 77 77 77 77 77 77 77 77 77 2  2  2  2  2  2  2  0  2  2  2  2  2  2
77 77 77 77 77 77 77 77 77 77 77 77 77 77 2  2  2  2  2  2  2  2  0  2  2  2  2  2 
77 77 77 77 77 77 77 77 77 77 77 77 77 77 2  2  2  2  2  2  2  2  2  0  2  2  2  2
77 77 77 77 77 77 77 77 77 77 77 77 77 77 2  2  2  2  2  2  2  2  2  2  0  2  2  2
77 77 77 77 77 77 77 77 77 77 77 77 77 77 2  2  2  2  2  2  2  2  2  2  2  0  2  2
77 77 77 77 77 77 77 77 77 77 77 77 77 77 2  2  2  2  2  2  2  2  2  2  2  2  0  2
77 77 77 77 77 77 77 77 77 77 77 77 77 77 2  2  2  2  2  2  2  2  2  2  2  2  2  0 
BBBBBBBBBBBBBBRRRRRRRRRRRRRR
