50
0 3 72 39 18 33 58 28 15 68 76 84 98 84 23 68 64 30 81 32 69 64 73 76 13 2 32 17 89 23 15 89 54 98 31 56 98 85 94 49 78 64 43 95 58 75 79 9 96 42
3 0 66 81 33 100 36 7 17 27 91 39 28 62 14 46 28 59 71 36 12 21 66 25 80 11 72 26 54 71 61 23 3 64 31 16 56 64 97 84 41 45 69 43 58 70 0 24 70 34
72 66 0 13 57 40 94 68 32 85 62 25 75 8 22 90 45 72 20 76 30 63 47 26 4 82 2 67 5 45 71 100 61 93 67 68 81 71 17 18 11 96 81 95 6 47 56 45 71 78
39 81 13 0 60 43 58 98 12 98 50 66 37 71 84 27 98 23 39 20 85 74 5 91 40 53 35 37 34 28 68 47 54 21 28 48 30 33 65 55 83 98 0 18 17 84 66 76 50 11
18 33 57 60 0 58 99 38 100 95 1 64 77 65 89 90 34 10 39 10 39 43 67 94 27 60 100 39 69 3 59 50 65 7 39 89 95 55 53 51 29 47 17 12 64 64 9 69 0 98
33 100 40 43 58 0 20 29 57 30 34 77 72 47 68 16 81 15 70 34 59 68 57 18 43 67 8 6 24 93 54 7 79 44 81 60 39 5 60 32 84 86 56 74 83 29 47 56 51 4
58 36 94 58 99 20 0 14 76 56 29 28 26 20 27 61 92 70 82 76 26 58 61 23 47 85 47 53 38 96 32 52 38 93 56 68 1 10 25 98 40 0 43 10 53 28 7 38 58 55
28 7 68 98 38 29 14 0 94 82 19 100 26 49 20 34 60 6 34 36 86 54 97 2 78 71 27 49 13 83 95 45 68 53 58 6 81 0 30 86 81 66 81 64 51 46 56 26 56 49
15 17 32 12 100 57 76 94 0 50 80 66 76 58 13 35 81 97 51 100 9 63 80 99 70 82 89 66 33 60 82 71 14 8 17 66 75 86 99 95 29 45 77 27 12 71 85 43 0 60
68 27 85 98 95 30 56 82 50 0 40 83 48 64 67 11 18 23 94 4 79 33 78 0 15 37 63 45 59 33 40 51 20 39 12 51 65 8 21 74 8 92 76 72 10 94 82 61 30 83
76 91 62 50 1 34 29 19 80 40 0 73 42 49 75 59 16 65 42 52 29 98 63 73 16 52 41 6 78 16 83 63 9 20 67 61 7 52 57 11 15 1 56 89 52 91 27 26 80 43
84 39 25 66 64 77 28 100 66 83 73 0 32 8 69 4 54 19 63 100 53 59 97 11 43 42 93 38 43 64 38 49 28 72 72 1 30 53 98 39 2 96 65 0 65 84 0 35 37 11
98 28 75 37 77 72 26 26 76 48 42 32 0 67 30 14 60 99 69 28 12 94 55 23 48 91 74 36 42 11 59 91 75 28 99 86 34 10 69 45 57 23 15 82 66 45 2 82 62 59
84 62 8 71 65 47 20 49 58 64 49 8 67 0 71 33 51 87 20 41 26 7 93 42 95 70 16 6 85 99 78 82 14 63 34 3 93 78 30 13 85 46 84 56 92 0 98 66 35 64
23 14 22 84 89 68 27 20 13 67 75 69 30 71 0 91 0 67 77 88 48 83 64 47 48 100 100 81 21 35 89 48 0 74 56 41 90 99 11 21 81 1 81 43 80 11 76 12 32 18
68 46 90 27 90 16 61 34 35 11 59 4 14 33 91 0 72 6 95 45 63 87 2 63 53 50 41 59 94 46 21 37 54 17 96 98 89 9 94 35 20 73 29 60 21 29 10 33 13 66
64 28 45 98 34 81 92 60 81 18 16 54 60 51 0 72 0 12 34 21 89 65 70 38 93 59 37 24 94 84 58 13 60 87 97 35 36 90 69 98 29 18 82 98 38 99 30 3 94 29
30 59 72 23 10 15 70 6 97 23 65 19 99 87 67 6 12 0 91 74 91 50 90 79 18 30 44 28 0 27 93 7 22 48 41 67 34 34 96 95 22 42 56 14 93 1 45 40 31 15
81 71 20 39 39 70 82 34 51 94 42 63 69 20 77 95 34 91 0 59 76 35 47 83 6 17 63 49 10 74 7 14 73 77 95 16 73 18 50 12 17 21 60 26 61 6 35 67 91 56
32 36 76 20 10 34 76 36 100 4 52 100 28 41 88 45 21 74 59 0 19 7 8 13 89 43 74 33 94 59 95 2 47 2 3 77 56 82 17 69 42 63 77 85 84 30 59 12 51 64
69 12 30 85 39 59 26 86 9 79 29 53 12 26 48 63 89 91 76 19 0 49 95 1 48 98 17 63 44 49 42 42 47 59 58 77 96 85 61 98 24 87 59 19 15 62 51 11 84 87
64 21 63 74 43 68 58 54 63 33 98 59 94 7 83 87 65 50 35 7 49 0 82 54 42 25 3 97 42 93 20 92 27 98 70 15 98 52 29 88 70 77 68 46 55 100 67 99 11 66
73 66 47 5 67 57 61 97 80 78 63 97 55 93 64 2 70 90 47 8 95 82 0 19 8 68 25 50 17 78 38 15 78 13 68 33 89 17 62 39 40 57 30 96 18 7 66 10 2 73
76 25 26 91 94 18 23 2 99 0 73 11 23 42 47 63 38 79 83 13 1 54 19 0 81 0 79 54 39 50 64 42 69 84 68 52 54 89 41 9 48 73 3 87 53 8 22 31 36 98
13 80 4 40 27 43 47 78 70 15 16 43 48 95 48 53 93 18 6 89 48 42 8 81 0 5 17 95 44 35 72 95 16 15 35 77 77 32 20 51 99 88 26 92 39 11 6 15 15 9
2 11 82 53 60 67 85 71 82 37 52 42 91 70 100 50 59 30 17 43 98 25 68 0 5 0 31 42 66 5 59 58 29 63 53 40 100 71 51 59 92 57 10 14 21 55 7 97 73 77
32 72 2 35 100 8 47 27 89 63 41 93 74 16 100 41 37 44 63 74 17 3 25 79 17 31 0 76 72 9 12 32 51 33 24 52 1 29 43 97 3 41 16 92 53 44 65 45 15 90
17 26 67 37 39 6 53 49 66 45 6 38 36 6 81 59 24 28 49 33 63 97 50 54 95 42 76 0 3 39 96 96 98 7 22 32 87 44 58 23 62 25 28 15 99 22 41 9 97 92
89 54 5 34 69 24 38 13 33 59 78 43 42 85 21 94 94 0 10 94 44 42 17 39 44 66 72 3 0 28 13 71 36 69 28 14 53 22 61 11 55 100 56 35 78 21 55 70 23 24
23 71 45 28 3 93 96 83 60 33 16 64 11 99 35 46 84 27 74 59 49 93 78 50 35 5 9 39 28 0 92 91 72 65 38 97 56 33 67 19 9 34 69 46 89 18 82 33 23 31
15 61 71 68 59 54 32 95 82 40 83 38 59 78 89 21 58 93 7 95 42 20 38 64 72 59 12 96 13 92 0 73 54 88 48 41 9 19 10 6 0 92 83 98 63 2 73 41 1 2
89 23 100 47 50 7 52 45 71 51 63 49 91 82 48 37 13 7 14 2 42 92 15 42 95 58 32 96 71 91 73 0 100 64 75 17 23 10 61 51 57 2 28 37 96 7 36 7 60 64
54 3 61 54 65 79 38 68 14 20 9 28 75 14 0 54 60 22 73 47 47 27 78 69 16 29 51 98 36 72 54 100 0 16 26 55 44 20 51 87 65 53 20 33 19 65 80 31 41 39
98 64 93 21 7 44 93 53 8 39 20 72 28 63 74 17 87 48 77 2 59 98 13 84 15 63 33 7 69 65 88 64 16 0 71 25 13 5 54 71 98 49 44 95 41 45 18 11 58 30
31 31 67 28 39 81 56 58 17 12 67 72 99 34 56 96 97 41 95 3 58 70 68 68 35 53 24 22 28 38 48 75 26 71 0 57 67 89 60 59 14 30 53 100 16 83 82 95 82 94
56 16 68 48 89 60 68 6 66 51 61 1 86 3 41 98 35 67 16 77 77 15 33 52 77 40 52 32 14 97 41 17 55 25 57 0 40 54 15 57 8 87 80 93 71 20 89 57 5 85
98 56 81 30 95 39 1 81 75 65 7 30 34 93 90 89 36 34 73 56 96 98 89 54 77 100 1 87 53 56 9 23 44 13 67 40 0 4 97 11 72 23 9 39 53 67 21 62 51 69
85 64 71 33 55 5 10 0 86 8 52 53 10 78 99 9 90 34 18 82 85 52 17 89 32 71 29 44 22 33 19 10 20 5 89 54 4 0 63 81 7 32 53 100 55 80 68 45 44 34
94 97 17 65 53 60 25 30 99 21 57 98 69 30 11 94 69 96 50 17 61 29 62 41 20 51 43 58 61 67 10 61 51 54 60 15 97 63 0 46 68 43 86 89 30 9 42 88 19 43
49 84 18 55 51 32 98 86 95 74 11 39 45 13 21 35 98 95 12 69 98 88 39 9 51 59 97 23 11 19 6 51 87 71 59 57 11 81 46 0 42 81 65 97 7 21 51 24 54 7
78 41 11 83 29 84 40 81 29 8 15 2 57 85 81 20 29 22 17 42 24 70 40 48 99 92 3 62 55 9 0 57 65 98 14 8 72 7 68 42 0 80 35 58 10 100 17 8 92 35
64 45 96 98 47 86 0 66 45 92 1 96 23 46 1 73 18 42 21 63 87 77 57 73 88 57 41 25 100 34 92 2 53 49 30 87 23 32 43 81 80 0 34 58 95 42 57 51 33 85
43 69 81 0 17 56 43 81 77 76 56 65 15 84 81 29 82 56 60 77 59 68 30 3 26 10 16 28 56 69 83 28 20 44 53 80 9 53 86 65 35 34 0 17 97 95 65 85 46 7
95 43 95 18 12 74 10 64 27 72 89 0 82 56 43 60 98 14 26 85 19 46 96 87 92 14 92 15 35 46 98 37 33 95 100 93 39 100 89 97 58 58 17 0 51 89 88 79 8 44
58 58 6 17 64 83 53 51 12 10 52 65 66 92 80 21 38 93 61 84 15 55 18 53 39 21 53 99 78 89 63 96 19 41 16 71 53 55 30 7 10 95 97 51 0 0 1 72 48 84
75 70 47 84 64 29 28 46 71 94 91 84 45 0 11 29 99 1 6 30 62 100 7 8 11 55 44 22 21 18 2 7 65 45 83 20 67 80 9 21 100 42 95 89 0 0 29 100 69 99
79 0 56 66 9 47 7 56 85 82 27 0 2 98 76 10 30 45 35 59 51 67 66 22 6 7 65 41 55 82 73 36 80 18 82 89 21 68 42 51 17 57 65 88 1 29 0 65 87 64
9 24 45 76 69 56 38 26 43 61 26 35 82 66 12 33 3 40 67 12 11 99 10 31 15 97 45 9 70 33 41 7 31 11 95 57 62 45 88 24 8 51 85 79 72 100 65 0 74 28
96 70 71 50 0 51 58 56 0 30 80 37 62 35 32 13 94 31 91 51 84 11 2 36 15 73 15 97 23 23 1 60 41 58 82 5 51 44 19 54 92 33 46 8 48 69 87 74 0 97
42 34 78 11 98 4 55 49 60 83 43 11 59 64 18 66 29 15 56 64 87 66 73 98 9 77 90 92 24 31 2 64 39 30 94 85 69 34 43 7 35 85 7 44 84 99 64 28 97 0
RRRBRRRRBBBRBBRRRBBRRBBBBBRRRBRRBRBRRBBBBBRBRRBBRB
