50
0 35 75 85 30 7 28 55 55 66 4 21 93 15 7 31 43 70 52 11 72 53 0 38 35 61 49 55 93 28 79 42 83 31 5 62 43 23 27 21 91 72 74 40 6 43 22 33 12 96 
35 0 56 19 59 3 51 6 22 59 88 39 50 45 94 12 93 44 57 100 29 26 65 20 54 62 62 14 84 40 80 81 48 98 5 14 47 69 52 50 73 4 26 17 12 48 94 82 85 0 
75 56 0 72 56 41 25 35 0 53 40 92 85 95 79 57 48 3 89 93 58 63 9 55 12 86 86 59 77 94 35 28 92 22 9 48 12 9 3 65 39 75 4 78 4 65 71 23 16 14 
85 19 72 0 76 52 75 67 64 77 10 76 14 60 25 70 60 53 63 0 56 56 74 32 52 33 20 51 69 58 79 81 59 75 28 98 37 63 76 74 72 73 21 43 39 80 70 66 13 54 
30 59 56 76 0 22 15 96 67 48 93 40 29 26 7 55 63 39 45 20 51 1 21 93 94 66 98 10 70 79 72 85 44 3 71 61 6 5 21 81 20 29 11 34 16 72 5 37 89 73 
7 3 41 52 22 0 16 90 77 8 79 100 11 14 81 19 29 19 31 48 76 49 48 22 0 5 82 59 65 84 70 50 14 50 89 72 68 95 18 79 25 6 70 96 45 26 96 38 30 1 
28 51 25 75 15 16 0 50 40 60 23 81 94 72 74 97 30 42 93 77 30 68 64 2 6 47 71 33 95 90 58 37 94 63 88 3 73 72 62 90 32 97 67 86 82 45 36 70 58 56 
55 6 35 67 96 90 50 0 67 37 16 30 21 69 5 6 31 68 51 27 53 80 2 95 95 48 80 20 48 70 56 21 11 16 13 84 2 2 25 3 100 13 9 88 48 44 66 13 77 27 
55 22 0 64 67 77 40 67 0 92 56 59 17 100 49 1 59 58 30 81 40 27 25 62 0 70 9 89 50 23 9 78 25 71 50 20 72 52 41 74 44 57 59 64 29 32 54 41 33 27 
66 59 53 77 48 8 60 37 92 0 8 45 30 26 65 64 35 29 15 7 83 30 44 50 72 100 8 28 27 6 46 45 37 35 15 75 20 65 24 99 40 46 53 57 0 87 65 55 51 37 
4 88 40 10 93 79 23 16 56 8 0 84 54 28 23 50 72 69 80 75 92 45 90 78 20 65 84 34 81 5 25 85 31 26 90 90 70 21 4 92 97 87 56 95 63 11 80 85 7 0 
21 39 92 76 40 100 81 30 59 45 84 0 41 5 82 57 36 100 30 54 3 58 48 40 64 97 26 41 38 92 61 7 17 56 7 85 27 100 73 96 42 94 5 42 16 31 26 23 31 14 
93 50 85 14 29 11 94 21 17 30 54 41 0 53 51 54 38 69 23 95 28 84 64 62 68 77 28 74 56 48 24 24 77 90 30 0 60 88 86 84 7 100 63 56 22 29 23 86 16 100 
15 45 95 60 26 14 72 69 100 26 28 5 53 0 81 33 76 31 34 1 63 95 4 23 87 66 48 10 68 7 0 21 80 83 9 9 40 23 79 92 85 46 20 14 77 4 20 28 61 68 
7 94 79 25 7 81 74 5 49 65 23 82 51 81 0 86 51 44 78 20 61 18 29 89 30 4 24 58 63 9 49 24 62 70 0 65 59 74 15 57 35 2 4 83 49 79 30 2 68 45 
31 12 57 70 55 19 97 6 1 64 50 57 54 33 86 0 81 17 66 93 72 78 78 9 44 94 0 29 24 91 31 10 59 12 5 81 35 63 0 42 62 19 6 42 42 2 98 49 100 35 
43 93 48 60 63 29 30 31 59 35 72 36 38 76 51 81 0 20 62 17 51 9 88 41 54 6 25 24 22 64 17 61 41 47 90 2 54 44 37 57 56 67 51 80 32 23 2 35 10 81 
70 44 3 53 39 19 42 68 58 29 69 100 69 31 44 17 20 0 20 23 83 93 17 11 25 3 4 61 52 6 55 71 26 16 55 38 0 4 93 6 28 77 21 25 25 53 59 37 7 10 
52 57 89 63 45 31 93 51 30 15 80 30 23 34 78 66 62 20 0 27 44 99 19 100 36 73 73 67 26 16 4 84 86 23 90 3 7 80 2 28 63 31 11 57 89 67 25 74 25 7 
11 100 93 0 20 48 77 27 81 7 75 54 95 1 20 93 17 23 27 0 68 87 3 46 71 46 27 85 50 48 14 30 93 68 46 67 40 54 72 8 81 2 39 78 84 5 87 50 25 20 
72 29 58 56 51 76 30 53 40 83 92 3 28 63 61 72 51 83 44 68 0 53 73 66 1 18 95 86 23 70 56 24 63 81 29 99 80 33 0 47 54 56 85 25 28 87 25 64 35 26 
53 26 63 56 1 49 68 80 27 30 45 58 84 95 18 78 9 93 99 87 53 0 64 39 42 21 6 17 8 46 62 32 76 4 58 25 23 26 42 40 52 19 63 32 38 44 55 82 34 10 
0 65 9 74 21 48 64 2 25 44 90 48 64 4 29 78 88 17 19 3 73 64 0 62 52 70 22 50 85 64 22 69 47 59 28 41 81 31 97 81 0 46 7 45 40 47 33 87 94 74 
38 20 55 32 93 22 2 95 62 50 78 40 62 23 89 9 41 11 100 46 66 39 62 0 45 81 88 70 0 63 73 81 41 35 52 78 92 57 73 60 15 85 34 28 32 75 4 98 49 22 
35 54 12 52 94 0 6 95 0 72 20 64 68 87 30 44 54 25 36 71 1 42 52 45 0 59 75 5 43 84 74 51 83 83 22 57 54 80 100 7 30 42 24 78 42 51 93 88 43 71 
61 62 86 33 66 5 47 48 70 100 65 97 77 66 4 94 6 3 73 46 18 21 70 81 59 0 51 68 5 34 32 78 80 54 63 13 32 50 16 63 80 79 1 7 57 86 50 59 9 98 
49 62 86 20 98 82 71 80 9 8 84 26 28 48 24 0 25 4 73 27 95 6 22 88 75 51 0 79 35 89 82 58 95 73 97 94 94 35 74 20 98 41 85 34 57 57 76 48 82 21 
55 14 59 51 10 59 33 20 89 28 34 41 74 10 58 29 24 61 67 85 86 17 50 70 5 68 79 0 83 47 36 75 36 75 84 86 96 47 65 18 69 89 58 75 57 41 80 64 13 3 
93 84 77 69 70 65 95 48 50 27 81 38 56 68 63 24 22 52 26 50 23 8 85 0 43 5 35 83 0 94 38 48 2 75 97 88 8 82 19 98 57 64 8 69 43 53 18 28 14 11 
28 40 94 58 79 84 90 70 23 6 5 92 48 7 9 91 64 6 16 48 70 46 64 63 84 34 89 47 94 0 57 25 44 24 45 65 3 48 2 37 4 61 66 94 77 35 41 40 63 25 
79 80 35 79 72 70 58 56 9 46 25 61 24 0 49 31 17 55 4 14 56 62 22 73 74 32 82 36 38 57 0 66 72 27 98 14 36 80 85 50 42 37 9 57 2 52 6 69 58 85 
42 81 28 81 85 50 37 21 78 45 85 7 24 21 24 10 61 71 84 30 24 32 69 81 51 78 58 75 48 25 66 0 34 28 38 99 80 55 30 49 76 77 21 33 35 12 71 57 76 99 
83 48 92 59 44 14 94 11 25 37 31 17 77 80 62 59 41 26 86 93 63 76 47 41 83 80 95 36 2 44 72 34 0 58 31 60 15 35 98 32 16 60 8 71 80 96 15 53 13 24 
31 98 22 75 3 50 63 16 71 35 26 56 90 83 70 12 47 16 23 68 81 4 59 35 83 54 73 75 75 24 27 28 58 0 28 73 30 59 26 91 31 66 90 58 84 83 63 6 62 64 
5 5 9 28 71 89 88 13 50 15 90 7 30 9 0 5 90 55 90 46 29 58 28 52 22 63 97 84 97 45 98 38 31 28 0 20 31 96 5 70 38 50 2 49 92 37 93 97 5 52 
62 14 48 98 61 72 3 84 20 75 90 85 0 9 65 81 2 38 3 67 99 25 41 78 57 13 94 86 88 65 14 99 60 73 20 0 69 53 7 84 65 21 35 59 46 5 24 96 45 62 
43 47 12 37 6 68 73 2 72 20 70 27 60 40 59 35 54 0 7 40 80 23 81 92 54 32 94 96 8 3 36 80 15 30 31 69 0 37 43 63 78 33 75 59 31 83 54 2 92 97 
23 69 9 63 5 95 72 2 52 65 21 100 88 23 74 63 44 4 80 54 33 26 31 57 80 50 35 47 82 48 80 55 35 59 96 53 37 0 92 55 73 51 36 76 96 93 35 0 18 33 
27 52 3 76 21 18 62 25 41 24 4 73 86 79 15 0 37 93 2 72 0 42 97 73 100 16 74 65 19 2 85 30 98 26 5 7 43 92 0 96 21 21 89 95 2 49 18 15 16 47 
21 50 65 74 81 79 90 3 74 99 92 96 84 92 57 42 57 6 28 8 47 40 81 60 7 63 20 18 98 37 50 49 32 91 70 84 63 55 96 0 71 72 77 6 45 38 11 60 95 90 
91 73 39 72 20 25 32 100 44 40 97 42 7 85 35 62 56 28 63 81 54 52 0 15 30 80 98 69 57 4 42 76 16 31 38 65 78 73 21 71 0 85 79 87 35 91 86 38 70 23 
72 4 75 73 29 6 97 13 57 46 87 94 100 46 2 19 67 77 31 2 56 19 46 85 42 79 41 89 64 61 37 77 60 66 50 21 33 51 21 72 85 0 74 77 45 38 37 28 10 68 
74 26 4 21 11 70 67 9 59 53 56 5 63 20 4 6 51 21 11 39 85 63 7 34 24 1 85 58 8 66 9 21 8 90 2 35 75 36 89 77 79 74 0 78 96 82 63 2 90 27 
40 17 78 43 34 96 86 88 64 57 95 42 56 14 83 42 80 25 57 78 25 32 45 28 78 7 34 75 69 94 57 33 71 58 49 59 59 76 95 6 87 77 78 0 58 80 82 12 51 71 
6 12 4 39 16 45 82 48 29 0 63 16 22 77 49 42 32 25 89 84 28 38 40 32 42 57 57 57 43 77 2 35 80 84 92 46 31 96 2 45 35 45 96 58 0 76 22 90 60 63 
43 48 65 80 72 26 45 44 32 87 11 31 29 4 79 2 23 53 67 5 87 44 47 75 51 86 57 41 53 35 52 12 96 83 37 5 83 93 49 38 91 38 82 80 76 0 77 14 57 68 
22 94 71 70 5 96 36 66 54 65 80 26 23 20 30 98 2 59 25 87 25 55 33 4 93 50 76 80 18 41 6 71 15 63 93 24 54 35 18 11 86 37 63 82 22 77 0 28 60 36 
33 82 23 66 37 38 70 13 41 55 85 23 86 28 2 49 35 37 74 50 64 82 87 98 88 59 48 64 28 40 69 57 53 6 97 96 2 0 15 60 38 28 2 12 90 14 28 0 51 91 
12 85 16 13 89 30 58 77 33 51 7 31 16 61 68 100 10 7 25 25 35 34 94 49 43 9 82 13 14 63 58 76 13 62 5 45 92 18 16 95 70 10 90 51 60 57 60 51 0 51 
96 0 14 54 73 1 56 27 27 37 0 14 100 68 45 35 81 10 7 20 26 10 74 22 71 98 21 3 11 25 85 99 24 64 52 62 97 33 47 90 23 68 27 71 63 68 36 91 51 0 
BRBBRRBBBRBRBBBBRBBBRBRRBRRRRRRBBBBRRRBBRRRBRBRRBR