50
0 4 8 8 6 5 0 8 8 9 0 6 2 1 9 0 0 8 6 3 8 4 9 9 4 6 8 1 0 1 6 4 8 4 2 4 1 4 5 2 6 5 0 8 8 9 1 8 0 9 
4 0 72 99 94 63 100 68 70 69 51 100 90 67 74 78 83 58 65 85 93 70 79 59 75 59 69 83 61 62 73 83 61 96 83 56 59 82 75 80 100 75 81 90 91 54 69 74 63 83 
8 72 0 60 55 52 90 65 78 98 86 62 60 97 84 92 60 82 74 65 92 56 90 71 57 64 51 98 57 56 67 80 70 51 91 75 55 80 91 82 79 76 94 89 75 79 82 84 62 58 
8 99 60 0 98 53 65 87 75 73 53 77 71 59 82 87 90 54 89 80 78 93 61 70 75 89 96 70 79 72 100 63 55 62 72 54 66 88 93 91 60 95 67 80 55 51 68 94 54 57 
6 94 55 98 0 75 83 99 85 52 75 75 99 94 56 72 96 70 76 57 91 80 74 78 72 64 89 68 83 69 72 85 88 65 88 94 91 72 95 77 75 69 53 76 65 58 97 60 79 75 
5 63 52 53 75 0 68 69 54 91 98 77 57 87 96 89 57 67 73 94 83 62 90 73 85 84 51 59 54 53 84 68 63 83 79 91 57 98 62 62 89 61 90 95 99 85 85 55 53 59 
0 100 90 65 83 68 0 51 85 70 90 59 56 73 59 64 78 63 100 96 77 82 76 68 90 74 81 51 64 91 90 60 92 76 94 98 78 52 98 64 73 87 72 78 61 82 93 89 96 94 
8 68 65 87 99 69 51 0 86 73 77 63 92 66 86 72 68 99 64 57 58 57 84 53 55 61 56 52 74 80 91 97 59 53 78 52 93 76 97 80 98 74 93 89 91 80 62 61 81 75 
8 70 78 75 85 54 85 86 0 67 90 82 53 93 88 63 100 89 89 80 81 85 88 84 63 91 78 88 88 58 87 63 52 75 55 81 88 65 61 64 84 51 95 86 95 84 98 94 73 86 
9 69 98 73 52 91 70 73 67 0 73 55 73 61 88 87 51 68 76 90 75 62 52 78 88 59 58 75 73 71 88 56 73 85 93 69 68 91 62 92 78 87 97 52 99 86 88 51 53 63 
0 51 86 53 75 98 90 77 90 73 0 91 79 74 94 56 63 54 66 87 77 86 75 84 60 61 77 78 78 69 91 70 98 77 68 100 77 53 87 80 56 100 70 84 75 65 92 88 69 57 
6 100 62 77 75 77 59 63 82 55 91 0 76 97 94 52 80 53 62 56 80 92 76 72 61 74 99 80 73 77 82 61 56 87 60 77 73 87 94 64 76 64 72 53 60 65 55 91 69 68 
2 90 60 71 99 57 56 92 53 73 79 76 0 99 100 59 74 71 71 97 71 100 71 98 82 82 53 70 93 82 92 81 75 57 56 88 80 61 99 96 65 91 64 82 89 63 93 65 84 63 
1 67 97 59 94 87 73 66 93 61 74 97 99 0 63 54 63 84 51 96 65 56 65 59 89 59 90 63 67 95 52 97 57 52 92 71 92 58 55 83 70 97 97 55 59 59 59 73 94 61 
9 74 84 82 56 96 59 86 88 88 94 94 100 63 0 68 58 68 83 67 56 91 58 70 57 54 71 55 61 72 97 81 66 54 87 98 75 83 96 80 94 56 90 66 100 100 86 59 70 68 
0 78 92 87 72 89 64 72 63 87 56 52 59 54 68 0 77 75 60 84 95 68 88 67 75 98 89 73 80 56 76 69 53 52 51 100 81 96 55 70 64 54 72 99 65 91 68 91 67 79 
0 83 60 90 96 57 78 68 100 51 63 80 74 63 58 77 0 77 61 98 64 78 72 63 68 94 94 73 71 62 77 73 65 76 55 60 82 77 75 88 100 73 52 90 92 94 56 70 70 69 
8 58 82 54 70 67 63 99 89 68 54 53 71 84 68 75 77 0 68 83 96 89 97 65 83 91 89 53 54 65 77 68 92 82 80 75 60 54 62 59 77 63 100 70 57 55 90 76 75 59 
6 65 74 89 76 73 100 64 89 76 66 62 71 51 83 60 61 68 0 61 72 97 59 86 81 51 74 86 55 90 62 72 83 95 53 58 54 57 69 64 85 82 63 54 90 70 93 67 94 51 
3 85 65 80 57 94 96 57 80 90 87 56 97 96 67 84 98 83 61 0 79 66 100 88 53 82 90 79 67 94 68 81 68 51 75 70 58 81 76 78 96 60 61 59 64 100 80 58 69 73 
8 93 92 78 91 83 77 58 81 75 77 80 71 65 56 95 64 96 72 79 0 61 97 90 62 86 95 93 76 73 60 71 90 90 88 92 66 58 51 96 85 79 92 95 89 52 60 91 81 69 
4 70 56 93 80 62 82 57 85 62 86 92 100 56 91 68 78 89 97 66 61 0 61 55 79 59 97 92 95 91 85 72 65 94 92 56 85 82 98 100 89 100 98 73 78 91 69 69 94 80 
9 79 90 61 74 90 76 84 88 52 75 76 71 65 58 88 72 97 59 100 97 61 0 61 74 99 71 80 79 79 78 71 75 68 55 98 84 100 92 90 84 73 87 85 61 88 84 85 68 74 
9 59 71 70 78 73 68 53 84 78 84 72 98 59 70 67 63 65 86 88 90 55 61 0 56 86 67 85 98 92 83 68 74 64 98 51 84 73 71 90 72 54 89 63 93 74 85 81 60 97 
4 75 57 75 72 85 90 55 63 88 60 61 82 89 57 75 68 83 81 53 62 79 74 56 0 69 94 84 86 69 89 73 86 73 70 79 58 89 52 71 86 53 56 60 73 95 82 78 85 96 
6 59 64 89 64 84 74 61 91 59 61 74 82 59 54 98 94 91 51 82 86 59 99 86 69 0 71 60 81 53 71 77 73 66 60 60 85 100 84 72 75 53 100 82 93 52 54 79 56 61 
8 69 51 96 89 51 81 56 78 58 77 99 53 90 71 89 94 89 74 90 95 97 71 67 94 71 0 90 80 55 73 57 91 69 79 52 99 84 72 77 56 88 89 68 74 88 51 95 62 54 
1 83 98 70 68 59 51 52 88 75 78 80 70 63 55 73 73 53 86 79 93 92 80 85 84 60 90 0 94 95 96 97 100 76 52 60 68 81 66 90 90 56 58 68 59 58 51 83 87 59 
0 61 57 79 83 54 64 74 88 73 78 73 93 67 61 80 71 54 55 67 76 95 79 98 86 81 80 94 0 72 75 76 95 64 76 89 78 81 84 74 79 81 74 56 84 83 73 67 99 65 
1 62 56 72 69 53 91 80 58 71 69 77 82 95 72 56 62 65 90 94 73 91 79 92 69 53 55 95 72 0 58 56 72 75 65 82 78 99 70 88 70 96 65 64 59 90 54 88 73 89 
6 73 67 100 72 84 90 91 87 88 91 82 92 52 97 76 77 77 62 68 60 85 78 83 89 71 73 96 75 58 0 62 51 71 85 58 55 69 81 73 67 95 80 75 68 56 89 51 83 87 
4 83 80 63 85 68 60 97 63 56 70 61 81 97 81 69 73 68 72 81 71 72 71 68 73 77 57 97 76 56 62 0 70 72 58 65 86 73 76 78 76 63 100 66 76 52 87 62 59 93 
8 61 70 55 88 63 92 59 52 73 98 56 75 57 66 53 65 92 83 68 90 65 75 74 86 73 91 100 95 72 51 70 0 81 91 65 99 85 94 73 55 99 63 55 84 99 77 57 58 91 
4 96 51 62 65 83 76 53 75 85 77 87 57 52 54 52 76 82 95 51 90 94 68 64 73 66 69 76 64 75 71 72 81 0 93 80 68 72 57 81 71 73 58 74 59 70 84 51 52 75 
2 83 91 72 88 79 94 78 55 93 68 60 56 92 87 51 55 80 53 75 88 92 55 98 70 60 79 52 76 65 85 58 91 93 0 67 100 59 60 73 65 60 85 70 95 86 96 54 93 88 
4 56 75 54 94 91 98 52 81 69 100 77 88 71 98 100 60 75 58 70 92 56 98 51 79 60 52 60 89 82 58 65 65 80 67 0 96 75 56 67 81 88 89 55 95 62 65 66 95 67 
1 59 55 66 91 57 78 93 88 68 77 73 80 92 75 81 82 60 54 58 66 85 84 84 58 85 99 68 78 78 55 86 99 68 100 96 0 67 71 83 67 82 94 91 96 56 77 65 52 62 
4 82 80 88 72 98 52 76 65 91 53 87 61 58 83 96 77 54 57 81 58 82 100 73 89 100 84 81 81 99 69 73 85 72 59 75 67 0 62 55 57 52 52 81 57 68 63 96 58 70 
5 75 91 93 95 62 98 97 61 62 87 94 99 55 96 55 75 62 69 76 51 98 92 71 52 84 72 66 84 70 81 76 94 57 60 56 71 62 0 92 71 84 58 68 51 76 88 83 94 69 
2 80 82 91 77 62 64 80 64 92 80 64 96 83 80 70 88 59 64 78 96 100 90 90 71 72 77 90 74 88 73 78 73 81 73 67 83 55 92 0 79 84 65 84 61 81 85 74 95 90 
6 100 79 60 75 89 73 98 84 78 56 76 65 70 94 64 100 77 85 96 85 89 84 72 86 75 56 90 79 70 67 76 55 71 65 81 67 57 71 79 0 82 96 93 62 54 61 77 51 70 
5 75 76 95 69 61 87 74 51 87 100 64 91 97 56 54 73 63 82 60 79 100 73 54 53 53 88 56 81 96 95 63 99 73 60 88 82 52 84 84 82 0 96 92 91 79 51 60 81 77 
0 81 94 67 53 90 72 93 95 97 70 72 64 97 90 72 52 100 63 61 92 98 87 89 56 100 89 58 74 65 80 100 63 58 85 89 94 52 58 65 96 96 0 99 66 72 68 94 58 84 
8 90 89 80 76 95 78 89 86 52 84 53 82 55 66 99 90 70 54 59 95 73 85 63 60 82 68 68 56 64 75 66 55 74 70 55 91 81 68 84 93 92 99 0 79 70 66 65 93 62 
8 91 75 55 65 99 61 91 95 99 75 60 89 59 100 65 92 57 90 64 89 78 61 93 73 93 74 59 84 59 68 76 84 59 95 95 96 57 51 61 62 91 66 79 0 56 75 59 99 88 
9 54 79 51 58 85 82 80 84 86 65 65 63 59 100 91 94 55 70 100 52 91 88 74 95 52 88 58 83 90 56 52 99 70 86 62 56 68 76 81 54 79 72 70 56 0 62 61 66 64 
1 69 82 68 97 85 93 62 98 88 92 55 93 59 86 68 56 90 93 80 60 69 84 85 82 54 51 51 73 54 89 87 77 84 96 65 77 63 88 85 61 51 68 66 75 62 0 80 61 56 
8 74 84 94 60 55 89 61 94 51 88 91 65 73 59 91 70 76 67 58 91 69 85 81 78 79 95 83 67 88 51 62 57 51 54 66 65 96 83 74 77 60 94 65 59 61 80 0 72 92 
0 63 62 54 79 53 96 81 73 53 69 69 84 94 70 67 70 75 94 69 81 94 68 60 85 56 62 87 99 73 83 59 58 52 93 95 52 58 94 95 51 81 58 93 99 66 61 72 0 56 
9 83 58 57 75 59 94 75 86 63 57 68 63 61 68 79 69 59 51 73 69 80 74 97 96 61 54 59 65 89 87 93 91 75 88 67 62 70 69 90 70 77 84 62 88 64 56 92 56 0 
BBRRRRBBBBRBRBBRRRBBBBRRBBBBRBRRBRBBRRRRBBBRBRRRRR
