50
0 79 62 59 23 57 92 97 97 51 95 74 87 41 48 62 8 47 63 92 4 28 64 100 63 50 50 72 88 82 31 98 80 99 62 33 58 73 87 10 58 51 63 31 41 93 29 30 36 19
79 0 50 1 77 51 49 18 64 41 56 20 44 14 14 63 39 62 9 65 97 79 5 66 88 24 71 79 6 84 75 74 18 85 35 74 17 3 10 93 54 26 67 33 93 84 84 68 41 19
62 50 0 11 82 89 16 43 5 78 55 96 51 73 51 76 70 6 52 7 41 20 92 42 99 78 5 23 73 97 41 66 99 78 44 28 80 55 75 23 15 60 9 33 67 81 64 73 3 39
59 1 11 0 51 90 53 68 84 21 44 42 34 71 68 29 61 99 63 98 89 45 79 30 71 11 59 51 37 76 43 53 64 93 53 94 98 29 43 90 95 47 10 65 44 52 32 33 90 84
23 77 82 51 0 88 72 57 71 98 27 52 79 33 21 9 22 25 75 20 2 8 56 85 5 19 28 13 4 28 64 86 26 10 7 18 54 55 77 6 64 62 21 27 75 49 80 77 1 52
57 51 89 90 88 0 82 20 99 98 18 95 67 79 44 32 54 66 51 3 8 52 8 80 71 38 4 79 82 30 66 22 28 38 1 48 33 35 85 78 13 63 4 38 97 55 44 29 53 53
92 49 16 53 72 82 0 67 23 42 11 83 80 44 87 93 46 54 46 33 59 78 85 56 2 9 71 11 71 45 38 14 18 97 73 28 46 86 18 33 83 92 60 31 35 80 26 99 93 81
97 18 43 68 57 20 67 0 16 70 58 22 82 86 19 93 76 73 3 26 65 100 24 98 47 68 16 35 61 30 71 58 47 81 54 51 75 70 12 60 17 96 73 100 11 88 38 59 43 67
97 64 5 84 71 99 23 16 0 86 95 32 61 37 100 96 6 2 69 48 4 99 22 59 99 33 93 4 63 37 34 19 11 42 90 51 39 41 38 30 89 55 13 34 68 79 34 81 84 61
51 41 78 21 98 98 42 70 86 0 59 29 94 95 15 24 23 78 27 7 75 88 66 41 33 68 40 8 28 59 9 65 83 3 96 63 11 66 44 74 89 42 17 81 86 28 9 31 18 59
95 56 55 44 27 18 11 58 95 59 0 2 100 6 56 38 31 66 23 17 73 31 9 93 84 6 40 73 17 72 8 5 48 36 1 61 76 92 50 37 77 59 76 70 50 42 95 75 65 83
74 20 96 42 52 95 83 22 32 29 2 0 79 88 99 99 46 95 90 27 84 67 43 19 17 56 91 63 40 6 79 53 66 35 41 37 62 81 21 69 58 95 79 43 65 20 15 72 51 49
87 44 51 34 79 67 80 82 61 94 100 79 0 34 42 64 8 92 36 45 62 49 58 80 79 63 72 34 9 77 93 7 4 52 4 41 84 20 30 41 8 50 26 35 7 31 25 66 66 16
41 14 73 71 33 79 44 86 37 95 6 88 34 0 66 52 3 91 14 49 56 53 63 79 32 40 73 4 72 56 56 66 93 26 11 7 28 93 35 77 40 87 91 85 7 70 82 96 84 97
48 14 51 68 21 44 87 19 100 15 56 99 42 66 0 98 2 32 97 32 43 57 29 11 24 55 45 15 76 64 25 31 33 13 74 63 75 70 64 95 17 79 60 90 41 72 79 60 61 5
62 63 76 29 9 32 93 93 96 24 38 99 64 52 98 0 59 82 56 61 66 37 14 56 81 59 68 79 71 23 11 58 70 84 35 24 62 51 67 18 98 49 3 59 17 52 84 97 36 42
8 39 70 61 22 54 46 76 6 23 31 46 8 3 2 59 0 25 19 82 9 22 32 50 87 43 36 89 47 36 45 35 20 75 18 30 73 87 87 93 18 10 45 28 80 57 88 4 19 63
47 62 6 99 25 66 54 73 2 78 66 95 92 91 32 82 25 0 88 49 68 43 37 61 87 78 46 58 53 14 97 59 7 62 59 99 51 34 30 63 28 91 57 55 85 9 88 87 77 28
63 9 52 63 75 51 46 3 69 27 23 90 36 14 97 56 19 88 0 32 24 24 95 100 75 11 33 55 14 68 86 54 49 90 64 77 42 40 61 55 72 85 94 78 82 37 58 20 50 45
92 65 7 98 20 3 33 26 48 7 17 27 45 49 32 61 82 49 32 0 97 62 17 58 16 15 51 94 78 100 76 13 86 76 31 37 39 80 57 83 22 48 94 86 21 15 76 66 76 37
4 97 41 89 2 8 59 65 4 75 73 84 62 56 43 66 9 68 24 97 0 17 42 59 5 93 59 87 65 24 86 40 79 1 40 23 72 89 82 39 38 81 52 13 2 99 72 94 80 54
28 79 20 45 8 52 78 100 99 88 31 67 49 53 57 37 22 43 24 62 17 0 9 82 65 17 30 38 96 92 78 83 67 3 10 82 50 62 93 81 49 13 88 44 82 19 23 30 77 68
64 5 92 79 56 8 85 24 22 66 9 43 58 63 29 14 32 37 95 17 42 9 0 96 45 8 71 91 59 65 49 99 35 98 75 11 44 46 97 51 8 56 49 98 52 95 88 43 20 41
100 66 42 30 85 80 56 98 59 41 93 19 80 79 11 56 50 61 100 58 59 82 96 0 7 65 59 83 25 26 28 90 37 20 96 24 82 64 1 43 98 8 76 26 66 64 83 76 3 78
63 88 99 71 5 71 2 47 99 33 84 17 79 32 24 81 87 87 75 16 5 65 45 7 0 88 74 93 75 3 93 94 65 79 91 8 64 60 35 57 17 56 68 69 100 32 1 8 3 72
50 24 78 11 19 38 9 68 33 68 6 56 63 40 55 59 43 78 11 15 93 17 8 65 88 0 57 94 10 90 96 61 90 86 60 41 92 4 47 56 68 9 65 49 95 83 57 99 63 68
50 71 5 59 28 4 71 16 93 40 40 91 72 73 45 68 36 46 33 51 59 30 71 59 74 57 0 5 90 91 90 73 65 69 61 56 91 15 5 11 43 86 87 87 25 50 45 52 23 49
72 79 23 51 13 79 11 35 4 8 73 63 34 4 15 79 89 58 55 94 87 38 91 83 93 94 5 0 60 20 91 59 58 88 81 81 43 88 26 11 47 10 89 6 83 83 17 59 99 51
88 6 73 37 4 82 71 61 63 28 17 40 9 72 76 71 47 53 14 78 65 96 59 25 75 10 90 60 0 46 5 9 24 9 44 16 22 46 7 24 7 25 50 71 14 92 30 19 7 49
82 84 97 76 28 30 45 30 37 59 72 6 77 56 64 23 36 14 68 100 24 92 65 26 3 90 91 20 46 0 31 54 54 30 43 88 33 34 81 63 23 82 87 1 83 28 24 56 93 78
31 75 41 43 64 66 38 71 34 9 8 79 93 56 25 11 45 97 86 76 86 78 49 28 93 96 90 91 5 31 0 84 86 23 50 37 81 38 26 37 27 99 41 41 42 9 69 73 55 60
98 74 66 53 86 22 14 58 19 65 5 53 7 66 31 58 35 59 54 13 40 83 99 90 94 61 73 59 9 54 84 0 76 18 61 94 22 6 22 40 22 38 64 8 82 14 62 40 64 16
80 18 99 64 26 28 18 47 11 83 48 66 4 93 33 70 20 7 49 86 79 67 35 37 65 90 65 58 24 54 86 76 0 79 64 53 43 82 94 38 13 35 29 38 8 48 21 56 64 8
99 85 78 93 10 38 97 81 42 3 36 35 52 26 13 84 75 62 90 76 1 3 98 20 79 86 69 88 9 30 23 18 79 0 86 82 39 48 93 93 98 29 17 69 83 53 68 74 76 77
62 35 44 53 7 1 73 54 90 96 1 41 4 11 74 35 18 59 64 31 40 10 75 96 91 60 61 81 44 43 50 61 64 86 0 10 8 80 1 76 2 72 3 43 66 64 81 50 87 56
33 74 28 94 18 48 28 51 51 63 61 37 41 7 63 24 30 99 77 37 23 82 11 24 8 41 56 81 16 88 37 94 53 82 10 0 69 98 20 52 100 35 83 69 91 10 54 36 39 38
58 17 80 98 54 33 46 75 39 11 76 62 84 28 75 62 73 51 42 39 72 50 44 82 64 92 91 43 22 33 81 22 43 39 8 69 0 36 3 24 47 7 76 46 76 9 4 25 93 51
73 3 55 29 55 35 86 70 41 66 92 81 20 93 70 51 87 34 40 80 89 62 46 64 60 4 15 88 46 34 38 6 82 48 80 98 36 0 63 24 52 32 82 86 62 69 12 97 62 83
87 10 75 43 77 85 18 12 38 44 50 21 30 35 64 67 87 30 61 57 82 93 97 1 35 47 5 26 7 81 26 22 94 93 1 20 3 63 0 90 21 73 44 86 84 9 15 97 45 59
10 93 23 90 6 78 33 60 30 74 37 69 41 77 95 18 93 63 55 83 39 81 51 43 57 56 11 11 24 63 37 40 38 93 76 52 24 24 90 0 86 75 93 82 74 84 91 3 59 73
58 54 15 95 64 13 83 17 89 89 77 58 8 40 17 98 18 28 72 22 38 49 8 98 17 68 43 47 7 23 27 22 13 98 2 100 47 52 21 86 0 22 23 81 20 32 11 87 29 42
51 26 60 47 62 63 92 96 55 42 59 95 50 87 79 49 10 91 85 48 81 13 56 8 56 9 86 10 25 82 99 38 35 29 72 35 7 32 73 75 22 0 93 67 12 29 67 45 65 76
63 67 9 10 21 4 60 73 13 17 76 79 26 91 60 3 45 57 94 94 52 88 49 76 68 65 87 89 50 87 41 64 29 17 3 83 76 82 44 93 23 93 0 3 75 27 5 28 70 91
31 33 33 65 27 38 31 100 34 81 70 43 35 85 90 59 28 55 78 86 13 44 98 26 69 49 87 6 71 1 41 8 38 69 43 69 46 86 86 82 81 67 3 0 18 86 89 31 17 72
41 93 67 44 75 97 35 11 68 86 50 65 7 7 41 17 80 85 82 21 2 82 52 66 100 95 25 83 14 83 42 82 8 83 66 91 76 62 84 74 20 12 75 18 0 45 58 45 2 50
93 84 81 52 49 55 80 88 79 28 42 20 31 70 72 52 57 9 37 15 99 19 95 64 32 83 50 83 92 28 9 14 48 53 64 10 9 69 9 84 32 29 27 86 45 0 95 87 81 36
29 84 64 32 80 44 26 38 34 9 95 15 25 82 79 84 88 88 58 76 72 23 88 83 1 57 45 17 30 24 69 62 21 68 81 54 4 12 15 91 11 67 5 89 58 95 0 15 18 29
30 68 73 33 77 29 99 59 81 31 75 72 66 96 60 97 4 87 20 66 94 30 43 76 8 99 52 59 19 56 73 40 56 74 50 36 25 97 97 3 87 45 28 31 45 87 15 0 41 65
36 41 3 90 1 53 93 43 84 18 65 51 66 84 61 36 19 77 50 76 80 77 20 3 3 63 23 99 7 93 55 64 64 76 87 39 93 62 45 59 29 65 70 17 2 81 18 41 0 1
19 19 39 84 52 53 81 67 61 59 83 49 16 97 5 42 63 28 45 37 54 68 41 78 72 68 49 51 49 78 60 16 8 77 56 38 51 83 59 73 42 76 91 72 50 36 29 65 1 0
RBRRRRRRRRRBRBBBBBRBRBBRRBRRBBBBBRRRRRBBRBBBBRRBBB
