50
0 98 61 96 16 30 64 69 1 7 5 81 72 90 7 44 96 62 14 3 20 58 53 33 7 81 87 39 52 70 24 75 30 32 43 32 45 34 45 45 81 90 58 1 74 1 8 69 39 18 
98 0 96 20 83 61 20 60 22 9 35 46 89 66 43 93 93 73 78 72 34 72 51 89 33 56 9 74 15 29 35 31 11 88 77 72 29 19 19 71 68 54 28 78 89 78 43 71 13 33 
61 96 0 63 90 37 59 47 0 21 36 37 83 29 31 20 23 20 36 69 62 29 99 10 91 77 52 68 77 38 9 20 70 98 56 60 56 91 80 47 86 36 47 13 29 55 79 38 69 1 
96 20 63 0 22 79 60 97 35 44 47 58 66 40 45 87 77 3 70 20 63 70 8 6 97 73 80 8 54 56 13 79 56 46 37 52 82 42 25 37 26 4 14 39 99 26 41 25 72 36 
16 83 90 22 0 67 64 6 45 50 48 71 50 93 74 93 85 1 42 9 49 20 5 57 89 19 25 1 70 90 100 60 59 16 62 41 56 60 27 90 57 10 79 60 83 10 30 35 47 87 
30 61 37 79 67 0 22 18 92 80 63 27 98 23 27 19 20 17 52 0 45 10 75 67 18 29 81 96 30 46 65 68 52 96 63 66 95 65 75 45 62 86 62 7 92 1 13 2 73 50 
64 20 59 60 64 22 0 72 56 91 41 25 20 98 60 42 88 95 60 43 19 75 58 58 93 10 53 53 8 56 87 62 15 66 49 38 25 71 16 9 32 36 55 79 15 61 20 63 12 16 
69 60 47 97 6 18 72 0 52 81 43 78 63 84 30 39 6 8 20 95 81 96 22 51 62 7 54 28 18 21 47 44 32 26 88 90 86 65 24 84 49 96 7 66 59 75 28 18 28 100 
1 22 0 35 45 92 56 52 0 11 52 44 79 57 93 60 50 65 32 63 36 34 67 83 37 6 57 50 48 60 55 1 79 23 17 70 70 5 46 76 0 11 100 33 42 44 17 62 16 13 
7 9 21 44 50 80 91 81 11 0 58 15 81 40 75 37 2 3 17 58 85 10 74 51 58 30 32 20 6 47 69 61 49 51 29 51 78 32 11 15 49 83 70 98 85 73 6 31 62 57 
5 35 36 47 48 63 41 43 52 58 0 67 14 38 15 83 49 17 43 95 14 89 35 92 68 73 52 66 14 3 55 37 11 34 56 80 53 7 58 29 66 67 61 36 12 40 32 28 47 41 
81 46 37 58 71 27 25 78 44 15 67 0 23 27 96 4 54 55 37 63 47 88 97 9 44 9 34 1 51 9 43 71 16 43 61 0 67 56 41 55 84 61 32 4 68 69 68 75 82 59 
72 89 83 66 50 98 20 63 79 81 14 23 0 91 79 31 39 35 27 8 14 84 74 46 54 71 71 28 49 78 7 38 39 64 23 60 38 3 45 30 84 51 34 13 24 13 49 36 40 14 
90 66 29 40 93 23 98 84 57 40 38 27 91 0 14 23 7 69 37 30 54 36 36 21 27 31 87 12 88 35 6 11 50 67 48 31 35 45 26 60 38 62 17 63 95 8 41 22 72 84 
7 43 31 45 74 27 60 30 93 75 15 96 79 14 0 16 67 52 79 89 67 57 53 69 6 93 63 52 73 30 13 10 61 27 36 52 39 11 69 25 19 20 0 67 74 52 29 44 17 34 
44 93 20 87 93 19 42 39 60 37 83 4 31 23 16 0 7 84 73 0 7 81 19 1 15 22 6 46 26 94 68 61 43 7 5 17 39 52 43 90 1 1 100 38 78 80 31 52 93 80 
96 93 23 77 85 20 88 6 50 2 49 54 39 7 67 7 0 18 48 9 33 80 48 36 56 100 41 98 42 58 99 8 82 87 30 88 8 25 60 88 43 66 96 26 66 99 12 88 96 83 
62 73 20 3 1 17 95 8 65 3 17 55 35 69 52 84 18 0 94 54 87 10 63 81 29 93 16 91 16 36 25 60 64 97 5 39 95 33 74 94 92 25 48 33 82 54 49 65 22 49 
14 78 36 70 42 52 60 20 32 17 43 37 27 37 79 73 48 94 0 79 75 24 96 82 45 6 21 21 30 44 29 37 100 52 75 3 2 95 41 27 46 87 44 90 27 68 3 65 50 16 
3 72 69 20 9 0 43 95 63 58 95 63 8 30 89 0 9 54 79 0 82 34 69 40 98 28 57 28 74 74 86 76 83 34 7 83 77 75 96 31 61 80 96 93 78 63 56 38 35 33 
20 34 62 63 49 45 19 81 36 85 14 47 14 54 67 7 33 87 75 82 0 81 39 24 11 75 89 85 18 7 3 58 2 51 1 64 26 32 40 68 99 69 96 22 11 18 54 46 16 82 
58 72 29 70 20 10 75 96 34 10 89 88 84 36 57 81 80 10 24 34 81 0 82 93 26 87 72 92 72 48 22 74 99 68 41 38 68 94 9 16 30 72 81 83 82 56 81 76 69 82 
53 51 99 8 5 75 58 22 67 74 35 97 74 36 53 19 48 63 96 69 39 82 0 12 87 85 47 18 24 28 35 5 87 91 59 14 97 52 36 39 77 43 74 4 4 57 69 68 20 79 
33 89 10 6 57 67 58 51 83 51 92 9 46 21 69 1 36 81 82 40 24 93 12 0 52 44 64 8 44 23 12 22 4 24 100 33 44 97 44 69 31 13 46 98 8 14 32 35 55 44 
7 33 91 97 89 18 93 62 37 58 68 44 54 27 6 15 56 29 45 98 11 26 87 52 0 50 67 42 46 7 93 7 31 7 83 44 76 74 36 60 39 29 90 26 71 73 93 40 67 25 
81 56 77 73 19 29 10 7 6 30 73 9 71 31 93 22 100 93 6 28 75 87 85 44 50 0 69 89 2 55 39 59 54 21 44 38 28 69 67 24 1 58 46 80 97 1 73 24 33 3 
87 9 52 80 25 81 53 54 57 32 52 34 71 87 63 6 41 16 21 57 89 72 47 64 67 69 0 88 49 95 89 15 88 58 74 68 43 81 29 42 36 60 52 12 49 2 3 69 38 60 
39 74 68 8 1 96 53 28 50 20 66 1 28 12 52 46 98 91 21 28 85 92 18 8 42 89 88 0 57 67 72 84 75 73 83 51 60 87 53 22 89 72 96 58 9 57 37 4 4 21 
52 15 77 54 70 30 8 18 48 6 14 51 49 88 73 26 42 16 30 74 18 72 24 44 46 2 49 57 0 33 95 15 3 51 3 42 88 73 7 97 79 94 41 60 98 2 90 42 67 82 
70 29 38 56 90 46 56 21 60 47 3 9 78 35 30 94 58 36 44 74 7 48 28 23 7 55 95 67 33 0 1 93 76 16 23 38 44 38 98 92 54 87 69 8 92 54 83 85 69 3 
24 35 9 13 100 65 87 47 55 69 55 43 7 6 13 68 99 25 29 86 3 22 35 12 93 39 89 72 95 1 0 36 87 62 99 61 90 68 33 4 21 20 40 81 82 30 35 48 52 11 
75 31 20 79 60 68 62 44 1 61 37 71 38 11 10 61 8 60 37 76 58 74 5 22 7 59 15 84 15 93 36 0 89 19 63 37 84 34 54 73 90 15 0 25 17 20 29 40 70 69 
30 11 70 56 59 52 15 32 79 49 11 16 39 50 61 43 82 64 100 83 2 99 87 4 31 54 88 75 3 76 87 89 0 75 7 15 10 77 80 25 1 98 80 12 37 99 98 12 76 12 
32 88 98 46 16 96 66 26 23 51 34 43 64 67 27 7 87 97 52 34 51 68 91 24 7 21 58 73 51 16 62 19 75 0 65 21 99 50 67 61 99 84 55 64 46 53 54 96 25 77 
43 77 56 37 62 63 49 88 17 29 56 61 23 48 36 5 30 5 75 7 1 41 59 100 83 44 74 83 3 23 99 63 7 65 0 94 64 54 33 56 84 66 88 6 70 57 48 42 28 90 
32 72 60 52 41 66 38 90 70 51 80 0 60 31 52 17 88 39 3 83 64 38 14 33 44 38 68 51 42 38 61 37 15 21 94 0 26 30 59 90 36 4 88 75 48 98 99 3 80 78 
45 29 56 82 56 95 25 86 70 78 53 67 38 35 39 39 8 95 2 77 26 68 97 44 76 28 43 60 88 44 90 84 10 99 64 26 0 16 13 77 61 37 29 7 27 4 1 58 29 42 
34 19 91 42 60 65 71 65 5 32 7 56 3 45 11 52 25 33 95 75 32 94 52 97 74 69 81 87 73 38 68 34 77 50 54 30 16 0 21 40 90 9 92 50 53 69 1 83 19 95 
45 19 80 25 27 75 16 24 46 11 58 41 45 26 69 43 60 74 41 96 40 9 36 44 36 67 29 53 7 98 33 54 80 67 33 59 13 21 0 37 56 30 93 40 36 39 99 83 35 36 
45 71 47 37 90 45 9 84 76 15 29 55 30 60 25 90 88 94 27 31 68 16 39 69 60 24 42 22 97 92 4 73 25 61 56 90 77 40 37 0 21 11 24 90 7 93 8 13 51 84 
81 68 86 26 57 62 32 49 0 49 66 84 84 38 19 1 43 92 46 61 99 30 77 31 39 1 36 89 79 54 21 90 1 99 84 36 61 90 56 21 0 100 64 40 53 31 69 100 4 28 
90 54 36 4 10 86 36 96 11 83 67 61 51 62 20 1 66 25 87 80 69 72 43 13 29 58 60 72 94 87 20 15 98 84 66 4 37 9 30 11 100 0 58 74 89 45 53 3 95 84 
58 28 47 14 79 62 55 7 100 70 61 32 34 17 0 100 96 48 44 96 96 81 74 46 90 46 52 96 41 69 40 0 80 55 88 88 29 92 93 24 64 58 0 71 52 75 68 22 28 16 
1 78 13 39 60 7 79 66 33 98 36 4 13 63 67 38 26 33 90 93 22 83 4 98 26 80 12 58 60 8 81 25 12 64 6 75 7 50 40 90 40 74 71 0 57 40 71 65 52 39 
74 89 29 99 83 92 15 59 42 85 12 68 24 95 74 78 66 82 27 78 11 82 4 8 71 97 49 9 98 92 82 17 37 46 70 48 27 53 36 7 53 89 52 57 0 94 89 32 63 40 
1 78 55 26 10 1 61 75 44 73 40 69 13 8 52 80 99 54 68 63 18 56 57 14 73 1 2 57 2 54 30 20 99 53 57 98 4 69 39 93 31 45 75 40 94 0 1 23 89 29 
8 43 79 41 30 13 20 28 17 6 32 68 49 41 29 31 12 49 3 56 54 81 69 32 93 73 3 37 90 83 35 29 98 54 48 99 1 1 99 8 69 53 68 71 89 1 0 29 9 29 
69 71 38 25 35 2 63 18 62 31 28 75 36 22 44 52 88 65 65 38 46 76 68 35 40 24 69 4 42 85 48 40 12 96 42 3 58 83 83 13 100 3 22 65 32 23 29 0 86 6 
39 13 69 72 47 73 12 28 16 62 47 82 40 72 17 93 96 22 50 35 16 69 20 55 67 33 38 4 67 69 52 70 76 25 28 80 29 19 35 51 4 95 28 52 63 89 9 86 0 98 
18 33 1 36 87 50 16 100 13 57 41 59 14 84 34 80 83 49 16 33 82 82 79 44 25 3 60 21 82 3 11 69 12 77 90 78 42 95 36 84 28 84 16 39 40 29 29 6 98 0 
RRBRBRBRBBRBBRBBBBBBRRRRRRRRRBBBRBRBBRRRRBBBBRBRBR