48
0 6 4 6 2 4 98 97 96 98 94 95 93 96 98 92 100 100 100 96 92 98 99 96 97 97 98 92 95 92 95 92 95 91 90 95 92 95 99 90 99 94 94 95 91 99 91 99
6 0 3 9 1 10 97 94 93 99 97 96 90 90 94 98 92 90 100 93 91 91 94 97 100 98 98 95 98 97 99 95 90 93 96 93 93 99 90 91 94 91 90 91 100 92 91 97
4 3 0 4 8 1 25 97 99 98 98 94 92 98 95 99 97 93 98 92 93 98 95 92 93 93 90 98 99 93 97 96 97 95 91 97 100 90 91 100 93 100 97 95 95 100 95 90
6 9 4 0 2 2 97 91 91 96 93 99 93 95 100 92 92 100 96 98 92 99 95 94 90 91 99 91 96 98 90 93 95 95 99 97 95 97 93 98 98 95 96 100 90 94 91 96
2 1 8 2 0 8 96 91 90 98 90 93 90 95 96 98 100 93 96 96 97 100 95 92 95 98 92 90 99 99 91 91 93 94 100 100 95 98 98 96 96 95 92 98 98 93 90 90
4 10 1 2 8 0 28 94 99 100 90 94 92 99 99 95 100 96 92 90 98 99 92 97 99 92 97 96 98 99 91 98 91 99 94 95 94 96 97 99 94 96 94 92 98 92 96 99
98 97 25 97 96 28 0 3 2 10 5 1 99 100 95 100 90 100 100 91 100 90 98 97 100 92 90 99 93 93 95 95 95 99 99 100 91 97 94 95 94 100 90 98 95 91 97 97
97 94 97 91 91 94 3 0 4 1 2 9 92 94 100 94 98 98 95 92 93 100 97 93 100 93 92 96 99 91 98 94 96 98 100 90 96 100 90 93 97 98 99 95 97 100 96 96
96 93 99 91 90 99 2 4 0 3 7 1 32 92 97 96 97 100 90 99 95 100 92 90 93 96 95 91 98 96 90 96 93 94 93 92 92 93 98 93 91 96 97 92 93 92 98 94
98 99 98 96 98 100 10 1 3 0 3 9 94 95 94 91 94 94 98 93 100 100 92 98 93 90 98 99 98 99 92 93 90 96 90 91 98 97 99 97 94 94 91 98 98 93 94 90
94 97 98 93 90 90 5 2 7 3 0 3 99 96 97 91 99 98 93 91 90 93 98 92 91 100 95 90 95 99 95 100 90 91 97 98 91 91 90 90 92 93 99 94 95 99 99 97
95 96 94 99 93 94 1 9 1 9 3 0 29 100 91 91 93 99 100 94 92 98 98 95 99 98 97 90 95 99 94 100 97 91 99 96 99 98 98 97 95 99 96 98 98 94 96 98
93 90 92 93 90 92 99 92 32 94 99 29 0 4 10 5 1 9 90 99 98 94 94 95 99 92 91 93 94 98 91 97 95 93 91 98 99 98 99 93 90 90 94 92 90 91 90 91
96 90 98 95 95 99 100 94 92 95 96 100 4 0 5 2 4 4 98 97 99 90 94 92 98 98 93 97 96 92 97 92 97 90 94 97 96 98 97 100 100 91 100 90 91 95 98 91
98 94 95 100 96 99 95 100 97 94 97 91 10 5 0 10 4 4 25 94 91 98 90 92 95 96 98 90 92 90 96 92 96 98 93 100 92 97 95 97 94 98 94 93 92 91 94 99
92 98 99 92 98 95 100 94 96 91 91 91 5 2 10 0 10 9 91 100 95 97 95 95 90 99 94 94 93 100 93 99 98 90 94 91 97 94 90 91 94 90 98 96 92 91 90 100
100 92 97 92 100 100 90 98 97 94 99 93 1 4 4 10 0 1 97 93 98 91 94 92 94 90 94 97 92 97 97 100 94 99 98 95 91 96 91 95 100 97 95 99 93 90 96 99
100 90 93 100 93 96 100 98 100 94 98 99 9 4 4 9 1 0 25 99 98 93 90 92 91 100 90 94 90 91 95 94 91 90 90 100 98 95 95 93 96 96 99 96 98 96 90 100
100 100 98 96 96 92 100 95 90 98 93 100 90 98 25 91 97 25 0 2 10 8 4 3 90 100 92 97 92 93 95 95 98 100 100 100 90 91 93 96 100 92 90 92 90 94 100 96
96 93 92 98 96 90 91 92 99 93 91 94 99 97 94 100 93 99 2 0 5 10 2 2 90 93 97 97 96 100 97 97 98 99 95 95 94 95 96 100 94 91 98 94 95 100 97 95
92 91 93 92 97 98 100 93 95 100 90 92 98 99 91 95 98 98 10 5 0 8 6 2 34 97 97 98 90 92 99 91 92 93 93 94 94 95 93 99 96 100 97 96 92 96 90 100
98 91 98 99 100 99 90 100 100 100 93 98 94 90 98 97 91 93 8 10 8 0 2 1 93 93 96 91 93 94 91 90 90 96 91 99 92 90 99 97 100 95 98 91 90 90 92 91
99 94 95 95 95 92 98 97 92 92 98 98 94 94 90 95 94 90 4 2 6 2 0 2 96 98 91 97 95 97 100 94 94 99 98 100 96 96 99 92 95 99 92 99 97 100 96 91
96 97 92 94 92 97 97 93 90 98 92 95 95 92 92 95 92 92 3 2 2 1 2 0 27 91 91 96 92 94 98 93 95 97 93 100 97 95 95 97 92 100 95 94 100 91 98 91
97 100 93 90 95 99 100 100 93 93 91 99 99 98 95 90 94 91 90 90 34 93 96 27 0 10 3 8 5 8 97 97 90 92 100 97 92 93 94 90 99 92 98 94 91 98 91 100
97 98 93 91 98 92 92 93 96 90 100 98 92 98 96 99 90 100 100 93 97 93 98 91 10 0 8 1 1 6 93 92 92 100 91 98 92 99 93 100 90 90 91 97 91 100 93 100
98 98 90 99 92 97 90 92 95 98 95 97 91 93 98 94 94 90 92 97 97 96 91 91 3 8 0 2 3 8 29 92 95 94 99 98 99 99 92 92 95 90 91 94 95 92 93 99
92 95 98 91 90 96 99 96 91 99 90 90 93 97 90 94 97 94 97 97 98 91 97 96 8 1 2 0 6 8 97 92 90 94 100 100 95 99 94 96 92 93 96 98 97 97 90 99
95 98 99 96 99 98 93 99 98 98 95 95 94 96 92 93 92 90 92 96 90 93 95 92 5 1 3 6 0 9 90 96 92 92 91 98 97 99 94 90 96 90 99 99 96 95 98 92
92 97 93 98 99 99 93 91 96 99 99 99 98 92 90 100 97 91 93 100 92 94 97 94 8 6 8 8 9 0 29 95 99 90 95 100 91 92 92 98 96 90 97 95 99 94 91 93
95 99 97 90 91 91 95 98 90 92 95 94 91 97 96 93 97 95 95 97 99 91 100 98 97 93 29 97 90 29 0 6 4 1 3 1 100 94 95 98 91 91 91 100 93 91 100 96
92 95 96 93 91 98 95 94 96 93 100 100 97 92 92 99 100 94 95 97 91 90 94 93 97 92 92 92 96 95 6 0 9 9 1 8 100 94 93 97 91 90 100 95 98 100 94 94
95 90 97 95 93 91 95 96 93 90 90 97 95 97 96 98 94 91 98 98 92 90 94 95 90 92 95 90 92 99 4 9 0 7 9 4 27 91 94 99 95 96 91 94 99 93 98 99
91 93 95 95 94 99 99 98 94 96 91 91 93 90 98 90 99 90 100 99 93 96 99 97 92 100 94 94 92 90 1 9 7 0 9 9 97 98 100 100 96 97 93 98 95 92 91 91
90 96 91 99 100 94 99 100 93 90 97 99 91 94 93 94 98 90 100 95 93 91 98 93 100 91 99 100 91 95 3 1 9 9 0 9 95 97 100 93 92 96 95 95 97 93 100 96
95 93 97 97 100 95 100 90 92 91 98 96 98 97 100 91 95 100 100 95 94 99 100 100 97 98 98 100 98 100 1 8 4 9 9 0 33 100 97 100 99 93 94 95 100 93 99 97
92 93 100 95 95 94 91 96 92 98 91 99 99 96 92 97 91 98 90 94 94 92 96 97 92 92 99 95 97 91 100 100 27 97 95 33 0 9 1 2 10 6 95 93 92 99 95 95
95 99 90 97 98 96 97 100 93 97 91 98 98 98 97 94 96 95 91 95 95 90 96 95 93 99 99 99 99 92 94 94 91 98 97 100 9 0 6 3 1 6 97 93 98 94 94 92
99 90 91 93 98 97 94 90 98 99 90 98 99 97 95 90 91 95 93 96 93 99 99 95 94 93 92 94 94 92 95 93 94 100 100 97 1 6 0 9 4 5 31 90 100 98 99 100
90 91 100 98 96 99 95 93 93 97 90 97 93 100 97 91 95 93 96 100 99 97 92 97 90 100 92 96 90 98 98 97 99 100 93 100 2 3 9 0 6 4 100 97 91 95 94 90
99 94 93 98 96 94 94 97 91 94 92 95 90 100 94 94 100 96 100 94 96 100 95 92 99 90 95 92 96 96 91 91 95 96 92 99 10 1 4 6 0 2 97 99 92 94 100 92
94 91 100 95 95 96 100 98 96 94 93 99 90 91 98 90 97 96 92 91 100 95 99 100 92 90 90 93 90 90 91 90 96 97 96 93 6 6 5 4 2 0 25 91 93 96 94 90
94 90 97 96 92 94 90 99 97 91 99 96 94 100 94 98 95 99 90 98 97 98 92 95 98 91 91 96 99 97 91 100 91 93 95 94 95 97 31 100 97 25 0 1 5 9 1 7
95 91 95 100 98 92 98 95 92 98 94 98 92 90 93 96 99 96 92 94 96 91 99 94 94 97 94 98 99 95 100 95 94 98 95 95 93 93 90 97 99 91 1 0 7 6 10 5
91 100 95 90 98 98 95 97 93 98 95 98 90 91 92 92 93 98 90 95 92 90 97 100 91 91 95 97 96 99 93 98 99 95 97 100 92 98 100 91 92 93 5 7 0 1 8 1
99 92 100 94 93 92 91 100 92 93 99 94 91 95 91 91 90 96 94 100 96 90 100 91 98 100 92 97 95 94 91 100 93 92 93 93 99 94 98 95 94 96 9 6 1 0 5 2
91 91 95 91 90 96 97 96 98 94 99 96 90 98 94 90 96 90 100 97 90 92 96 98 91 93 93 90 98 91 100 94 98 91 100 99 95 94 99 94 100 94 1 10 8 5 0 7
99 97 90 96 90 99 97 96 94 90 97 98 91 91 99 100 99 100 96 95 100 91 91 91 100 100 99 99 92 93 96 94 99 91 96 97 95 92 100 90 92 90 7 5 1 2 7 0
BBBBBBRRRRRRBBBBBBRRRRRRBBBBBBRRRRRRBBBBBBRRRRRR