50
0 66 72 63 69 43 92 49 77 100 61 57 6 50 81 54 87 28 75 60 69 52 45 11 16 27 25 74 59 70 50 99 86 23 35 68 45 62 51 96 49 4 71 38 12 96 11 2 82 52
66 0 16 3 62 3 67 44 24 6 98 95 1 63 35 47 91 59 27 5 3 100 33 11 39 17 57 28 4 49 100 92 21 40 68 78 45 28 78 18 6 39 42 96 11 88 36 19 25 24
72 16 0 11 7 64 41 80 85 12 96 34 13 59 96 16 64 69 67 81 59 17 42 11 19 31 5 91 94 61 58 42 80 87 72 44 12 37 94 99 56 64 1 53 65 73 81 88 23 9
63 3 11 0 71 64 12 50 81 11 32 84 47 2 59 99 95 83 69 77 30 80 2 14 94 72 14 54 7 76 87 14 45 15 6 53 92 16 1 39 68 14 21 51 71 76 67 43 4 35
69 62 7 71 0 22 31 17 93 44 72 44 85 73 93 90 83 50 50 49 73 18 73 32 28 50 88 72 4 59 68 33 29 7 42 28 67 84 54 70 22 94 70 19 48 11 38 54 73 11
43 3 64 64 22 0 76 12 60 61 43 10 24 32 26 62 9 68 19 39 4 50 83 63 2 63 30 41 28 82 24 4 42 97 72 44 7 51 38 4 88 82 57 65 79 78 97 81 92 44
92 67 41 12 31 76 0 99 21 70 46 46 52 73 75 40 78 11 71 100 89 66 30 24 36 61 0 22 67 80 1 5 81 71 82 9 47 37 59 2 52 38 26 50 21 41 96 91 98 89
49 44 80 50 17 12 99 0 13 37 99 61 32 78 62 97 23 84 55 52 24 67 52 32 83 52 7 26 79 14 97 98 20 47 91 89 50 17 21 89 8 80 1 81 20 92 38 78 21 52
77 24 85 81 93 60 21 13 0 38 22 94 64 55 98 58 27 85 36 90 76 90 77 73 89 65 38 45 10 41 59 14 0 33 87 65 0 84 54 71 97 60 87 57 6 50 53 90 58 75
100 6 12 11 44 61 70 37 38 0 9 42 72 12 46 54 23 33 70 5 17 76 83 40 86 33 47 26 69 16 34 65 59 97 23 36 27 63 13 29 100 10 71 25 24 90 71 5 46 65
61 98 96 32 72 43 46 99 22 9 0 24 20 6 19 71 39 58 22 50 41 50 77 71 8 77 81 26 26 39 14 62 32 97 28 67 91 68 26 38 13 48 79 99 1 99 93 26 37 75
57 95 34 84 44 10 46 61 94 42 24 0 54 51 29 26 92 5 37 10 25 9 59 50 8 19 93 48 85 86 5 42 3 60 92 36 23 53 2 32 22 91 79 54 25 68 80 42 17 75
6 1 13 47 85 24 52 32 64 72 20 54 0 96 85 42 38 100 82 88 71 41 79 66 77 79 28 61 84 43 25 24 77 63 91 56 14 44 69 46 7 27 70 36 15 68 51 39 50 17
50 63 59 2 73 32 73 78 55 12 6 51 96 0 21 3 56 36 37 27 36 4 43 56 92 75 14 4 12 32 6 63 40 65 61 36 57 7 56 90 75 62 78 54 15 99 85 6 7 35
81 35 96 59 93 26 75 62 98 46 19 29 85 21 0 9 1 17 77 64 27 28 52 29 97 20 65 2 38 56 13 26 74 38 49 83 86 49 70 18 1 88 6 74 7 72 34 71 98 73
54 47 16 99 90 62 40 97 58 54 71 26 42 3 9 0 75 94 8 31 65 50 65 74 0 10 51 36 15 87 10 31 59 61 58 8 70 36 35 77 31 8 31 64 33 8 65 13 100 10
87 91 64 95 83 9 78 23 27 23 39 92 38 56 1 75 0 82 47 85 95 61 6 72 60 46 30 2 13 99 18 48 2 22 53 76 1 1 9 50 69 97 38 71 39 42 61 18 43 31
28 59 69 83 50 68 11 84 85 33 58 5 100 36 17 94 82 0 78 75 95 16 4 35 45 4 18 88 86 51 71 38 2 59 18 44 24 2 50 60 39 86 46 97 32 16 40 5 36 63
75 27 67 69 50 19 71 55 36 70 22 37 82 37 77 8 47 78 0 21 45 63 53 47 100 97 17 15 12 28 44 96 25 35 74 64 78 55 61 96 0 59 35 45 38 68 12 98 54 72
60 5 81 77 49 39 100 52 90 5 50 10 88 27 64 31 85 75 21 0 69 49 82 85 91 48 46 61 98 51 87 84 83 2 70 36 50 60 73 9 60 87 1 70 57 60 79 98 10 9
69 3 59 30 73 4 89 24 76 17 41 25 71 36 27 65 95 95 45 69 0 94 21 49 66 0 56 13 52 97 14 49 20 17 38 100 21 96 15 1 90 14 45 33 88 92 92 79 13 84
52 100 17 80 18 50 66 67 90 76 50 9 41 4 28 50 61 16 63 49 94 0 17 29 87 78 92 29 62 20 49 48 62 45 66 20 2 15 82 88 70 22 67 3 64 55 87 88 16 0
45 33 42 2 73 83 30 52 77 83 77 59 79 43 52 65 6 4 53 82 21 17 0 2 37 18 76 44 95 87 0 69 82 52 21 94 74 29 62 95 64 68 36 87 34 64 13 89 22 27
11 11 11 14 32 63 24 32 73 40 71 50 66 56 29 74 72 35 47 85 49 29 2 0 52 73 8 33 23 10 78 84 78 45 28 56 22 13 87 66 48 11 3 58 18 100 78 11 28 13
16 39 19 94 28 2 36 83 89 86 8 8 77 92 97 0 60 45 100 91 66 87 37 52 0 70 26 60 23 81 14 34 46 64 98 53 29 44 96 55 56 2 39 85 59 8 50 41 82 56
27 17 31 72 50 63 61 52 65 33 77 19 79 75 20 10 46 4 97 48 0 78 18 73 70 0 83 36 66 8 18 88 98 66 86 73 78 30 63 32 29 18 67 41 86 11 43 94 61 10
25 57 5 14 88 30 0 7 38 47 81 93 28 14 65 51 30 18 17 46 56 92 76 8 26 83 0 71 0 13 1 55 37 87 0 31 95 65 57 9 80 79 27 94 52 96 38 88 53 4
74 28 91 54 72 41 22 26 45 26 26 48 61 4 2 36 2 88 15 61 13 29 44 33 60 36 71 0 15 24 81 53 94 87 49 100 7 16 72 76 51 69 81 32 25 79 19 90 40 43
59 4 94 7 4 28 67 79 10 69 26 85 84 12 38 15 13 86 12 98 52 62 95 23 23 66 0 15 0 88 15 12 9 68 19 75 9 43 11 90 11 4 7 13 11 100 59 69 33 41
70 49 61 76 59 82 80 14 41 16 39 86 43 32 56 87 99 51 28 51 97 20 87 10 81 8 13 24 88 0 79 63 80 36 34 71 65 48 85 60 0 42 62 71 33 87 17 71 94 86
50 100 58 87 68 24 1 97 59 34 14 5 25 6 13 10 18 71 44 87 14 49 0 78 14 18 1 81 15 79 0 20 67 7 25 67 76 24 9 36 2 27 82 66 90 8 84 88 6 65
99 92 42 14 33 4 5 98 14 65 62 42 24 63 26 31 48 38 96 84 49 48 69 84 34 88 55 53 12 63 20 0 24 80 17 99 75 14 97 95 93 12 90 0 53 1 91 73 55 83
86 21 80 45 29 42 81 20 0 59 32 3 77 40 74 59 2 2 25 83 20 62 82 78 46 98 37 94 9 80 67 24 0 94 97 71 91 98 83 67 98 4 95 67 73 77 27 42 27 83
23 40 87 15 7 97 71 47 33 97 97 60 63 65 38 61 22 59 35 2 17 45 52 45 64 66 87 87 68 36 7 80 94 0 80 21 60 60 25 67 93 55 78 20 22 21 18 93 9 21
35 68 72 6 42 72 82 91 87 23 28 92 91 61 49 58 53 18 74 70 38 66 21 28 98 86 0 49 19 34 25 17 97 80 0 64 3 72 67 89 46 73 32 15 13 91 20 70 22 44
68 78 44 53 28 44 9 89 65 36 67 36 56 36 83 8 76 44 64 36 100 20 94 56 53 73 31 100 75 71 67 99 71 21 64 0 54 67 85 26 16 51 2 80 95 21 27 46 65 35
45 45 12 92 67 7 47 50 0 27 91 23 14 57 86 70 1 24 78 50 21 2 74 22 29 78 95 7 9 65 76 75 91 60 3 54 0 64 12 47 69 2 2 54 80 81 10 92 39 18
62 28 37 16 84 51 37 17 84 63 68 53 44 7 49 36 1 2 55 60 96 15 29 13 44 30 65 16 43 48 24 14 98 60 72 67 64 0 79 43 60 5 75 84 51 79 96 81 52 35
51 78 94 1 54 38 59 21 54 13 26 2 69 56 70 35 9 50 61 73 15 82 62 87 96 63 57 72 11 85 9 97 83 25 67 85 12 79 0 12 23 15 91 91 87 73 89 90 20 22
96 18 99 39 70 4 2 89 71 29 38 32 46 90 18 77 50 60 96 9 1 88 95 66 55 32 9 76 90 60 36 95 67 67 89 26 47 43 12 0 83 81 24 29 43 49 65 44 58 10
49 6 56 68 22 88 52 8 97 100 13 22 7 75 1 31 69 39 0 60 90 70 64 48 56 29 80 51 11 0 2 93 98 93 46 16 69 60 23 83 0 13 55 30 51 38 4 43 26 75
4 39 64 14 94 82 38 80 60 10 48 91 27 62 88 8 97 86 59 87 14 22 68 11 2 18 79 69 4 42 27 12 4 55 73 51 2 5 15 81 13 0 53 48 81 60 99 22 74 66
71 42 1 21 70 57 26 1 87 71 79 79 70 78 6 31 38 46 35 1 45 67 36 3 39 67 27 81 7 62 82 90 95 78 32 2 2 75 91 24 55 53 0 57 86 98 79 21 27 27
38 96 53 51 19 65 50 81 57 25 99 54 36 54 74 64 71 97 45 70 33 3 87 58 85 41 94 32 13 71 66 0 67 20 15 80 54 84 91 29 30 48 57 0 87 9 89 31 30 82
12 11 65 71 48 79 21 20 6 24 1 25 15 15 7 33 39 32 38 57 88 64 34 18 59 86 52 25 11 33 90 53 73 22 13 95 80 51 87 43 51 81 86 87 0 18 85 15 10 38
96 88 73 76 11 78 41 92 50 90 99 68 68 99 72 8 42 16 68 60 92 55 64 100 8 11 96 79 100 87 8 1 77 21 91 21 81 79 73 49 38 60 98 9 18 0 72 43 55 57
11 36 81 67 38 97 96 38 53 71 93 80 51 85 34 65 61 40 12 79 92 87 13 78 50 43 38 19 59 17 84 91 27 18 20 27 10 96 89 65 4 99 79 89 85 72 0 38 85 14
2 19 88 43 54 81 91 78 90 5 26 42 39 6 71 13 18 5 98 98 79 88 89 11 41 94 88 90 69 71 88 73 42 93 70 46 92 81 90 44 43 22 21 31 15 43 38 0 24 15
82 25 23 4 73 92 98 21 58 46 37 17 50 7 98 100 43 36 54 10 13 16 22 28 82 61 53 40 33 94 6 55 27 9 22 65 39 52 20 58 26 74 27 30 10 55 85 24 0 34
52 24 9 35 11 44 89 52 75 65 75 75 17 35 73 10 31 63 72 9 84 0 27 13 56 10 4 43 41 86 65 83 83 21 44 35 18 35 22 10 75 66 27 82 38 57 14 15 34 0
BRRBBRBBRRBRRRBRBBRRBBRRRBRRBRBBBRBBBBRRRBBBBBRRRR
