46
0 7 85 83 7 70 45 65 84 58 36 62 82 50 29 89 34 26 28 8 83 49 4 6 4 70 49 53 40 5 2 75 97 56 56 89 67 74 67 77 24 73 18 73 56 99 
7 0 26 58 27 48 12 2 5 2 97 26 38 32 94 16 49 60 32 6 12 43 50 17 70 30 23 88 28 80 98 81 49 63 37 67 93 76 59 33 11 3 12 63 46 21 
85 26 0 84 11 96 84 88 33 92 22 87 65 40 38 67 3 33 25 14 53 98 51 90 66 6 94 23 4 10 35 70 18 60 29 22 75 6 12 13 83 80 11 96 1 47 
83 58 84 0 94 23 5 28 80 48 42 38 99 90 79 49 51 63 73 99 12 7 38 95 18 52 54 44 14 52 94 11 82 92 78 27 73 38 40 60 73 25 45 64 40 7 
7 27 11 94 0 63 39 11 86 4 57 13 62 41 65 8 1 1 69 67 11 41 8 37 99 41 45 43 10 65 48 25 55 85 54 82 81 58 41 2 34 72 43 7 82 33 
70 48 96 23 63 0 90 12 79 72 95 24 55 74 98 58 77 91 1 49 54 62 15 10 18 73 67 52 25 5 75 23 41 62 75 63 19 38 37 96 47 14 70 13 32 50 
45 12 84 5 39 90 0 11 34 95 88 12 58 32 76 11 85 30 59 22 90 71 98 42 89 62 65 52 19 6 23 3 1 28 38 57 35 28 94 52 75 87 16 12 42 71 
65 2 88 28 11 12 11 0 46 33 8 25 51 39 81 5 74 3 66 29 85 86 6 24 23 64 16 34 62 48 2 23 59 99 34 29 18 39 4 4 83 48 79 64 80 47 
84 5 33 80 86 79 34 46 0 50 35 81 72 89 95 60 19 73 76 38 79 21 82 92 43 87 83 39 50 31 31 46 52 13 9 92 40 17 41 47 37 52 33 91 33 85 
58 2 92 48 4 72 95 33 50 0 36 54 59 29 67 57 54 43 97 78 48 71 37 6 69 94 21 44 15 2 98 7 50 24 65 4 1 35 53 1 6 27 66 25 94 67 
36 97 22 42 57 95 88 8 35 36 0 4 98 79 68 80 49 83 95 37 74 23 10 98 9 29 75 42 39 14 41 12 58 98 80 4 1 13 58 29 97 42 81 25 91 12 
62 26 87 38 13 24 12 25 81 54 4 0 89 78 1 76 89 20 43 95 49 69 22 5 46 73 45 42 58 65 47 10 56 86 28 25 10 58 33 61 28 53 46 42 16 34 
82 38 65 99 62 55 58 51 72 59 98 89 0 77 79 19 46 79 50 26 70 34 58 10 21 1 8 47 48 44 51 54 52 88 62 61 30 1 38 99 3 51 73 67 32 50 
50 32 40 90 41 74 32 39 89 29 79 78 77 0 93 41 68 10 11 54 17 87 65 63 2 37 74 27 38 68 97 80 44 96 49 95 23 18 6 8 35 88 49 40 55 46 
29 94 38 79 65 98 76 81 95 67 68 1 79 93 0 72 76 51 11 25 52 15 9 61 80 62 98 32 56 65 8 39 3 47 65 83 2 37 48 4 23 88 64 13 99 41 
89 16 67 49 8 58 11 5 60 57 80 76 19 41 72 0 50 85 84 41 57 42 52 9 97 59 21 46 91 80 85 2 83 6 45 8 37 99 4 18 86 38 57 25 71 45 
34 49 3 51 1 77 85 74 19 54 49 89 46 68 76 50 0 97 48 81 65 2 53 37 86 9 89 20 94 25 20 36 45 96 30 26 42 30 25 46 60 83 67 54 5 99 
26 60 33 63 1 91 30 3 73 43 83 20 79 10 51 85 97 0 31 34 88 6 39 50 72 6 85 68 8 52 17 98 89 65 49 6 36 94 19 46 85 20 47 48 98 88 
28 32 25 73 69 1 59 66 76 97 95 43 50 11 11 84 48 31 0 32 83 99 94 78 52 24 72 22 46 5 92 87 57 47 59 13 19 7 74 7 98 60 90 65 2 48 
8 6 14 99 67 49 22 29 38 78 37 95 26 54 25 41 81 34 32 0 69 2 84 20 80 37 71 93 7 98 35 68 55 33 22 79 36 76 42 4 77 24 20 72 17 57 
83 12 53 12 11 54 90 85 79 48 74 49 70 17 52 57 65 88 83 69 0 41 75 2 1 70 60 17 3 92 73 58 25 25 5 8 25 5 84 19 48 78 90 27 16 31 
49 43 98 7 41 62 71 86 21 71 23 69 34 87 15 42 2 6 99 2 41 0 42 22 56 2 70 15 12 83 46 91 41 21 51 98 46 25 69 43 18 17 22 78 25 22 
4 50 51 38 8 15 98 6 82 37 10 22 58 65 9 52 53 39 94 84 75 42 0 98 78 40 7 81 14 69 43 69 17 83 98 51 3 19 96 52 44 29 1 50 2 49 
6 17 90 95 37 10 42 24 92 6 98 5 10 63 61 9 37 50 78 20 2 22 98 0 13 15 19 5 84 12 55 71 32 44 47 56 70 77 93 15 20 91 83 99 13 62 
4 70 66 18 99 18 89 23 43 69 9 46 21 2 80 97 86 72 52 80 1 56 78 13 0 26 9 37 80 75 34 63 51 54 55 42 29 15 85 13 18 2 13 62 44 59 
70 30 6 52 41 73 62 64 87 94 29 73 1 37 62 59 9 6 24 37 70 2 40 15 26 0 83 84 68 44 15 54 46 30 60 82 85 41 65 47 37 49 87 47 18 92 
49 23 94 54 45 67 65 16 83 21 75 45 8 74 98 21 89 85 72 71 60 70 7 19 9 83 0 98 53 78 36 5 21 77 54 58 18 32 27 69 60 52 35 51 6 79 
53 88 23 44 43 52 52 34 39 44 42 42 47 27 32 46 20 68 22 93 17 15 81 5 37 84 98 0 2 43 76 9 88 69 76 95 98 30 17 13 54 84 69 24 48 1 
40 28 4 14 10 25 19 62 50 15 39 58 48 38 56 91 94 8 46 7 3 12 14 84 80 68 53 2 0 10 98 27 93 49 7 40 91 68 11 57 95 48 89 82 84 74 
5 80 10 52 65 5 6 48 31 2 14 65 44 68 65 80 25 52 5 98 92 83 69 12 75 44 78 43 10 0 42 44 91 5 79 14 72 91 69 75 26 62 2 81 37 35 
2 98 35 94 48 75 23 2 31 98 41 47 51 97 8 85 20 17 92 35 73 46 43 55 34 15 36 76 98 42 0 4 14 45 3 77 56 23 62 91 70 39 34 80 17 12 
75 81 70 11 25 23 3 23 46 7 12 10 54 80 39 2 36 98 87 68 58 91 69 71 63 54 5 9 27 44 4 0 72 47 6 79 49 61 44 78 71 48 17 85 73 97 
97 49 18 82 55 41 1 59 52 50 58 56 52 44 3 83 45 89 57 55 25 41 17 32 51 46 21 88 93 91 14 72 0 56 29 27 98 53 88 29 22 18 93 17 71 18 
56 63 60 92 85 62 28 99 13 24 98 86 88 96 47 6 96 65 47 33 25 21 83 44 54 30 77 69 49 5 45 47 56 0 98 43 50 55 77 72 59 2 73 30 56 62 
56 37 29 78 54 75 38 34 9 65 80 28 62 49 65 45 30 49 59 22 5 51 98 47 55 60 54 76 7 79 3 6 29 98 0 22 92 61 11 94 31 18 2 6 38 61 
89 67 22 27 82 63 57 29 92 4 4 25 61 95 83 8 26 6 13 79 8 98 51 56 42 82 58 95 40 14 77 79 27 43 22 0 23 45 84 27 35 46 29 89 2 12 
67 93 75 73 81 19 35 18 40 1 1 10 30 23 2 37 42 36 19 36 25 46 3 70 29 85 18 98 91 72 56 49 98 50 92 23 0 35 92 17 91 32 73 61 20 41 
74 76 6 38 58 38 28 39 17 35 13 58 1 18 37 99 30 94 7 76 5 25 19 77 15 41 32 30 68 91 23 61 53 55 61 45 35 0 25 29 4 77 4 44 63 77 
67 59 12 40 41 37 94 4 41 53 58 33 38 6 48 4 25 19 74 42 84 69 96 93 85 65 27 17 11 69 62 44 88 77 11 84 92 25 0 75 84 50 72 64 15 90 
77 33 13 60 2 96 52 4 47 1 29 61 99 8 4 18 46 46 7 4 19 43 52 15 13 47 69 13 57 75 91 78 29 72 94 27 17 29 75 0 64 54 65 57 53 72 
24 11 83 73 34 47 75 83 37 6 97 28 3 35 23 86 60 85 98 77 48 18 44 20 18 37 60 54 95 26 70 71 22 59 31 35 91 4 84 64 0 79 41 40 29 78 
73 3 80 25 72 14 87 48 52 27 42 53 51 88 88 38 83 20 60 24 78 17 29 91 2 49 52 84 48 62 39 48 18 2 18 46 32 77 50 54 79 0 83 3 1 13 
18 12 11 45 43 70 16 79 33 66 81 46 73 49 64 57 67 47 90 20 90 22 1 83 13 87 35 69 89 2 34 17 93 73 2 29 73 4 72 65 41 83 0 6 12 63 
73 63 96 64 7 13 12 64 91 25 25 42 67 40 13 25 54 48 65 72 27 78 50 99 62 47 51 24 82 81 80 85 17 30 6 89 61 44 64 57 40 3 6 0 36 1 
56 46 1 40 82 32 42 80 33 94 91 16 32 55 99 71 5 98 2 17 16 25 2 13 44 18 6 48 84 37 17 73 71 56 38 2 20 63 15 53 29 1 12 36 0 24 
99 21 47 7 33 50 71 47 85 67 12 34 50 46 41 45 99 88 48 57 31 22 49 62 59 92 79 1 74 35 12 97 18 62 61 12 41 77 90 72 78 13 63 1 24 0 
RRRRRRBRBRRRRRRBBRBBBBRRBBBRRBBRBBRRBBBBBRBRBB