50
0 76 81 68 24 0 68 2 36 85 15 36 78 5 73 34 29 16 88 17 80 10 48 1 25 55 24 28 2 64 15 90 55 36 0 97 15 31 76 50 6 85 48 39 10 80 65 60 3 62
76 0 74 94 87 88 26 58 99 90 9 65 14 30 20 67 15 35 16 89 18 68 83 37 0 66 92 57 24 59 100 99 12 31 49 46 95 47 4 74 14 72 95 7 47 76 19 46 72 92
81 74 0 49 74 52 54 8 24 82 9 54 43 50 99 35 87 95 85 63 81 33 77 61 20 26 36 35 73 61 8 47 61 5 83 0 47 95 50 52 91 64 78 5 95 30 85 9 96 20
68 94 49 0 14 80 63 74 37 43 10 45 37 45 18 76 1 41 81 73 36 85 4 0 38 91 72 30 70 49 45 17 90 41 15 13 50 8 48 90 94 56 91 73 85 80 65 85 69 10
24 87 74 14 0 43 15 7 48 42 67 25 11 100 49 62 15 58 73 76 34 100 64 38 51 30 3 72 8 40 34 34 69 19 14 51 56 91 49 38 48 89 59 19 71 66 49 58 25 72
0 88 52 80 43 0 42 88 47 36 39 46 45 55 75 79 31 88 87 71 92 38 96 44 56 44 0 9 67 11 15 3 60 50 17 61 96 41 58 64 72 50 7 23 89 46 43 98 99 74
68 26 54 63 15 42 0 89 50 52 39 29 25 11 1 84 37 62 23 82 47 46 47 43 87 75 88 17 53 21 11 34 50 36 51 77 34 43 83 21 12 62 5 2 49 54 17 76 32 53
2 58 8 74 7 88 89 0 75 36 61 0 11 50 24 60 56 73 76 69 21 74 31 72 50 100 10 95 4 88 12 53 8 47 93 67 96 49 96 99 55 96 12 31 60 20 45 54 92 56
36 99 24 37 48 47 50 75 0 11 62 38 35 94 59 84 71 3 35 82 71 67 58 51 56 63 53 94 80 100 41 20 27 10 52 11 28 37 24 86 57 96 26 61 0 66 30 11 30 62
85 90 82 43 42 36 52 36 11 0 7 96 71 89 61 26 27 98 57 56 32 7 97 33 25 45 59 11 6 49 10 97 88 65 65 49 86 39 56 49 90 42 39 58 53 22 11 76 45 33
15 9 9 10 67 39 39 61 62 7 0 97 78 99 6 90 86 58 54 4 66 16 21 95 59 50 2 9 75 12 89 95 56 25 7 7 24 66 42 100 47 93 97 89 20 39 70 57 92 84
36 65 54 45 25 46 29 0 38 96 97 0 78 57 8 1 61 3 92 33 94 2 46 3 90 31 85 33 95 65 14 3 42 72 98 10 57 76 47 18 88 11 40 99 34 88 33 87 13 77
78 14 43 37 11 45 25 11 35 71 78 78 0 15 15 1 59 86 83 21 78 36 100 60 46 87 77 85 74 52 98 43 96 70 43 27 53 40 9 65 36 1 8 55 38 48 90 88 22 94
5 30 50 45 100 55 11 50 94 89 99 57 15 0 40 47 84 58 80 6 13 78 52 14 53 91 3 76 77 40 73 46 80 62 26 43 60 69 82 2 83 11 95 18 100 40 71 35 99 71
73 20 99 18 49 75 1 24 59 61 6 8 15 40 0 5 51 75 6 17 68 100 15 5 96 78 36 21 37 4 30 83 75 50 59 40 40 44 38 0 17 76 23 89 71 55 57 3 51 61
34 67 35 76 62 79 84 60 84 26 90 1 1 47 5 0 9 68 9 62 52 67 70 83 63 32 51 55 1 63 53 92 8 99 35 16 10 9 55 89 19 70 15 41 39 16 70 43 59 31
29 15 87 1 15 31 37 56 71 27 86 61 59 84 51 9 0 39 42 0 15 79 38 37 35 52 91 46 51 76 9 66 94 5 26 28 46 20 88 98 55 27 25 76 100 19 9 38 83 36
16 35 95 41 58 88 62 73 3 98 58 3 86 58 75 68 39 0 38 76 76 5 77 43 70 6 65 30 58 16 30 32 3 51 34 72 51 53 13 93 87 22 92 0 66 29 40 50 49 82
88 16 85 81 73 87 23 76 35 57 54 92 83 80 6 9 42 38 0 53 17 8 72 61 91 72 9 84 98 47 32 53 15 5 31 65 93 19 70 8 80 4 52 28 91 14 4 50 88 86
17 89 63 73 76 71 82 69 82 56 4 33 21 6 17 62 0 76 53 0 63 33 46 64 91 93 3 80 13 80 87 93 92 49 64 87 91 90 61 38 93 51 62 11 30 74 35 57 41 41
80 18 81 36 34 92 47 21 71 32 66 94 78 13 68 52 15 76 17 63 0 82 77 88 49 40 87 2 37 66 33 1 69 14 83 25 82 60 52 5 89 0 71 42 49 59 31 1 30 53
10 68 33 85 100 38 46 74 67 7 16 2 36 78 100 67 79 5 8 33 82 0 81 72 22 100 21 20 9 70 2 11 10 39 18 21 63 8 63 7 16 50 99 28 38 58 90 11 97 27
48 83 77 4 64 96 47 31 58 97 21 46 100 52 15 70 38 77 72 46 77 81 0 48 41 53 74 90 72 86 93 86 22 40 81 80 75 90 70 43 1 82 35 49 68 69 73 3 1 95
1 37 61 0 38 44 43 72 51 33 95 3 60 14 5 83 37 43 61 64 88 72 48 0 38 73 52 13 46 22 19 4 99 48 96 58 40 31 54 57 6 83 50 68 84 89 74 13 57 52
25 0 20 38 51 56 87 50 56 25 59 90 46 53 96 63 35 70 91 91 49 22 41 38 0 35 77 5 9 0 76 14 58 7 54 99 70 39 0 41 41 36 66 73 39 32 22 97 99 0
55 66 26 91 30 44 75 100 63 45 50 31 87 91 78 32 52 6 72 93 40 100 53 73 35 0 55 58 3 83 99 53 33 33 12 86 52 42 71 70 58 52 45 77 72 4 100 4 47 83
24 92 36 72 3 0 88 10 53 59 2 85 77 3 36 51 91 65 9 3 87 21 74 52 77 55 0 75 6 36 100 41 19 32 71 62 28 79 29 35 66 98 18 83 26 55 7 73 94 88
28 57 35 30 72 9 17 95 94 11 9 33 85 76 21 55 46 30 84 80 2 20 90 13 5 58 75 0 16 73 95 78 16 74 96 3 88 90 11 41 75 63 0 71 36 85 39 53 69 78
2 24 73 70 8 67 53 4 80 6 75 95 74 77 37 1 51 58 98 13 37 9 72 46 9 3 6 16 0 40 30 94 18 88 13 84 59 6 71 1 3 38 13 41 66 0 34 49 56 82
64 59 61 49 40 11 21 88 100 49 12 65 52 40 4 63 76 16 47 80 66 70 86 22 0 83 36 73 40 0 11 66 25 0 92 10 18 49 11 12 20 95 5 34 81 1 87 20 38 34
15 100 8 45 34 15 11 12 41 10 89 14 98 73 30 53 9 30 32 87 33 2 93 19 76 99 100 95 30 11 0 65 23 17 0 59 18 50 45 84 12 48 97 78 49 40 11 0 82 65
90 99 47 17 34 3 34 53 20 97 95 3 43 46 83 92 66 32 53 93 1 11 86 4 14 53 41 78 94 66 65 0 55 78 59 97 36 17 33 0 100 19 50 15 70 44 23 24 19 40
55 12 61 90 69 60 50 8 27 88 56 42 96 80 75 8 94 3 15 92 69 10 22 99 58 33 19 16 18 25 23 55 0 87 95 11 15 88 5 80 10 98 47 26 33 94 89 8 24 77
36 31 5 41 19 50 36 47 10 65 25 72 70 62 50 99 5 51 5 49 14 39 40 48 7 33 32 74 88 0 17 78 87 0 44 7 71 52 61 88 94 91 34 41 92 11 86 100 71 9
0 49 83 15 14 17 51 93 52 65 7 98 43 26 59 35 26 34 31 64 83 18 81 96 54 12 71 96 13 92 0 59 95 44 0 82 87 8 53 25 58 95 58 53 47 6 43 49 94 80
97 46 0 13 51 61 77 67 11 49 7 10 27 43 40 16 28 72 65 87 25 21 80 58 99 86 62 3 84 10 59 97 11 7 82 0 3 59 68 54 16 43 51 75 35 39 23 4 82 28
15 95 47 50 56 96 34 96 28 86 24 57 53 60 40 10 46 51 93 91 82 63 75 40 70 52 28 88 59 18 18 36 15 71 87 3 0 92 40 13 22 27 36 92 64 87 12 78 32 42
31 47 95 8 91 41 43 49 37 39 66 76 40 69 44 9 20 53 19 90 60 8 90 31 39 42 79 90 6 49 50 17 88 52 8 59 92 0 35 87 0 75 40 74 33 43 23 3 30 89
76 4 50 48 49 58 83 96 24 56 42 47 9 82 38 55 88 13 70 61 52 63 70 54 0 71 29 11 71 11 45 33 5 61 53 68 40 35 0 62 53 70 34 43 78 84 88 67 22 27
50 74 52 90 38 64 21 99 86 49 100 18 65 2 0 89 98 93 8 38 5 7 43 57 41 70 35 41 1 12 84 0 80 88 25 54 13 87 62 0 96 34 29 39 18 10 77 85 77 9
6 14 91 94 48 72 12 55 57 90 47 88 36 83 17 19 55 87 80 93 89 16 1 6 41 58 66 75 3 20 12 100 10 94 58 16 22 0 53 96 0 12 66 47 13 81 37 53 99 14
85 72 64 56 89 50 62 96 96 42 93 11 1 11 76 70 27 22 4 51 0 50 82 83 36 52 98 63 38 95 48 19 98 91 95 43 27 75 70 34 12 0 62 4 79 23 39 34 37 80
48 95 78 91 59 7 5 12 26 39 97 40 8 95 23 15 25 92 52 62 71 99 35 50 66 45 18 0 13 5 97 50 47 34 58 51 36 40 34 29 66 62 0 76 67 10 29 30 73 88
39 7 5 73 19 23 2 31 61 58 89 99 55 18 89 41 76 0 28 11 42 28 49 68 73 77 83 71 41 34 78 15 26 41 53 75 92 74 43 39 47 4 76 0 46 27 86 63 19 8
10 47 95 85 71 89 49 60 0 53 20 34 38 100 71 39 100 66 91 30 49 38 68 84 39 72 26 36 66 81 49 70 33 92 47 35 64 33 78 18 13 79 67 46 0 37 72 69 56 93
80 76 30 80 66 46 54 20 66 22 39 88 48 40 55 16 19 29 14 74 59 58 69 89 32 4 55 85 0 1 40 44 94 11 6 39 87 43 84 10 81 23 10 27 37 0 77 23 90 13
65 19 85 65 49 43 17 45 30 11 70 33 90 71 57 70 9 40 4 35 31 90 73 74 22 100 7 39 34 87 11 23 89 86 43 23 12 23 88 77 37 39 29 86 72 77 0 20 0 56
60 46 9 85 58 98 76 54 11 76 57 87 88 35 3 43 38 50 50 57 1 11 3 13 97 4 73 53 49 20 0 24 8 100 49 4 78 3 67 85 53 34 30 63 69 23 20 0 13 22
3 72 96 69 25 99 32 92 30 45 92 13 22 99 51 59 83 49 88 41 30 97 1 57 99 47 94 69 56 38 82 19 24 71 94 82 32 30 22 77 99 37 73 19 56 90 0 13 0 65
62 92 20 10 72 74 53 56 62 33 84 77 94 71 61 31 36 82 86 41 53 27 95 52 0 83 88 78 82 34 65 40 77 9 80 28 42 89 27 9 14 80 88 8 93 13 56 22 65 0
RBRRRRBRRBBRBBBRBBBBRBRRRRRBRRBBRRBRRBRRBRRBBBBBBB