50
0 67 89 0 11 60 70 65 80 10 52 13 25 78 18 87 83 8 72 38 56 79 42 40 64 72 69 79 64 33 8 27 74 82 77 58 31 3 3 58 16 3 3 93 53 71 76 15 24 57 
67 0 43 51 61 32 33 95 84 48 60 27 75 42 50 40 4 34 9 15 13 94 38 68 36 28 16 83 91 83 61 18 14 83 36 10 97 43 54 24 25 63 6 79 14 70 31 64 92 98 
89 43 0 42 13 15 54 18 7 78 34 2 22 96 17 95 66 26 43 16 87 62 41 47 87 25 92 1 48 76 45 10 56 79 80 49 35 39 100 62 59 89 25 64 92 45 0 32 17 32 
0 51 42 0 73 77 97 99 37 94 3 86 4 83 48 62 57 56 59 60 14 64 47 18 33 42 25 66 40 93 73 21 36 4 35 71 85 89 46 88 20 44 45 72 72 6 50 30 70 80 
11 61 13 73 0 85 3 10 20 55 83 39 60 32 82 100 91 13 90 53 18 27 41 80 23 36 52 26 31 17 24 13 27 86 96 42 94 66 43 3 33 39 15 86 52 24 89 97 80 45 
60 32 15 77 85 0 5 13 26 61 85 21 58 16 62 85 67 55 65 64 52 28 74 45 68 84 80 41 18 51 22 30 68 4 67 18 50 48 93 0 32 84 33 92 27 0 39 85 23 89 
70 33 54 97 3 5 0 75 71 17 80 7 48 89 27 93 88 77 47 13 94 67 29 77 42 65 60 77 96 76 57 67 62 100 33 92 45 78 100 74 62 63 73 22 20 52 52 54 33 87 
65 95 18 99 10 13 75 0 24 65 49 34 16 55 70 51 40 94 28 73 72 94 12 18 45 76 52 4 17 43 77 96 89 88 72 5 25 47 19 38 84 16 12 39 16 98 73 86 60 75 
80 84 7 37 20 26 71 24 0 89 96 77 48 66 17 84 48 6 59 68 68 62 23 44 53 69 14 49 40 85 98 41 66 78 35 89 50 100 95 23 32 93 64 97 91 98 62 62 11 41 
10 48 78 94 55 61 17 65 89 0 78 62 47 68 13 31 62 24 79 96 59 84 22 60 14 77 26 31 73 46 17 97 44 35 6 92 97 16 12 90 47 58 27 71 24 64 76 33 5 98 
52 60 34 3 83 85 80 49 96 78 0 43 52 66 44 19 80 46 95 85 25 12 78 57 37 33 91 80 8 11 59 62 27 14 49 73 71 6 80 78 48 86 31 86 84 37 52 51 39 19 
13 27 2 86 39 21 7 34 77 62 43 0 17 30 11 46 97 91 34 7 7 62 24 36 57 95 24 78 1 35 90 68 91 82 32 48 53 0 55 18 54 62 96 2 54 62 16 81 23 5 
25 75 22 4 60 58 48 16 48 47 52 17 0 83 94 41 78 80 47 24 86 97 51 38 46 23 97 41 79 85 10 35 47 33 68 67 71 63 22 61 79 20 8 91 25 73 7 95 75 58 
78 42 96 83 32 16 89 55 66 68 66 30 83 0 61 70 19 54 56 39 64 76 78 64 67 93 69 40 96 92 68 53 51 30 67 35 66 98 16 56 31 66 47 24 4 4 20 43 59 39 
18 50 17 48 82 62 27 70 17 13 44 11 94 61 0 77 51 15 68 66 18 59 84 69 60 49 23 68 16 25 44 16 94 21 9 53 31 54 17 96 24 33 24 38 58 6 55 87 92 51 
87 40 95 62 100 85 93 51 84 31 19 46 41 70 77 0 44 27 40 15 79 53 48 19 43 3 15 95 49 50 70 36 67 63 88 78 94 37 63 61 59 58 66 77 3 13 64 82 24 34 
83 4 66 57 91 67 88 40 48 62 80 97 78 19 51 44 0 73 37 49 83 64 81 70 93 33 99 60 74 60 86 51 99 17 38 60 30 9 38 74 37 14 63 60 15 50 78 13 21 81 
8 34 26 56 13 55 77 94 6 24 46 91 80 54 15 27 73 0 15 11 79 43 52 67 96 100 63 52 62 100 50 86 45 94 91 68 53 83 52 17 69 65 76 90 7 85 40 34 65 19 
72 9 43 59 90 65 47 28 59 79 95 34 47 56 68 40 37 15 0 1 60 16 15 61 61 92 71 20 60 54 94 42 25 30 66 83 64 93 9 62 62 76 1 14 92 55 51 49 88 40 
38 15 16 60 53 64 13 73 68 96 85 7 24 39 66 15 49 11 1 0 46 52 3 23 17 44 82 32 42 62 1 46 2 69 80 24 35 43 19 70 8 46 46 84 95 39 99 92 31 23 
56 13 87 14 18 52 94 72 68 59 25 7 86 64 18 79 83 79 60 46 0 50 56 42 89 64 29 43 69 97 13 86 52 93 28 7 50 38 77 55 95 61 23 65 18 15 10 15 88 59 
79 94 62 64 27 28 67 94 62 84 12 62 97 76 59 53 64 43 16 52 50 0 94 75 13 17 9 58 93 54 14 78 68 5 77 43 79 24 26 63 14 22 99 44 7 3 31 89 7 40 
42 38 41 47 41 74 29 12 23 22 78 24 51 78 84 48 81 52 15 3 56 94 0 32 26 62 4 68 55 33 97 68 23 20 38 8 20 57 57 90 99 86 24 63 43 51 28 36 14 18 
40 68 47 18 80 45 77 18 44 60 57 36 38 64 69 19 70 67 61 23 42 75 32 0 67 31 11 93 24 31 52 71 64 28 16 31 63 10 47 88 95 31 52 44 73 67 17 50 72 6 
64 36 87 33 23 68 42 45 53 14 37 57 46 67 60 43 93 96 61 17 89 13 26 67 0 48 5 50 68 45 81 24 37 87 49 51 24 52 74 81 42 33 76 17 53 37 90 53 78 68 
72 28 25 42 36 84 65 76 69 77 33 95 23 93 49 3 33 100 92 44 64 17 62 31 48 0 37 72 44 49 28 96 24 49 83 77 76 45 33 23 13 35 37 53 5 84 33 27 14 19 
69 16 92 25 52 80 60 52 14 26 91 24 97 69 23 15 99 63 71 82 29 9 4 11 5 37 0 50 56 83 95 6 16 24 35 33 54 40 0 40 36 10 87 78 33 49 21 24 25 15 
79 83 1 66 26 41 77 4 49 31 80 78 41 40 68 95 60 52 20 32 43 58 68 93 50 72 50 0 7 14 24 12 52 95 79 44 28 71 82 44 21 20 39 5 61 15 19 43 3 49 
64 91 48 40 31 18 96 17 40 73 8 1 79 96 16 49 74 62 60 42 69 93 55 24 68 44 56 7 0 66 96 100 71 75 64 29 45 19 82 68 88 95 44 36 3 59 84 41 56 67 
33 83 76 93 17 51 76 43 85 46 11 35 85 92 25 50 60 100 54 62 97 54 33 31 45 49 83 14 66 0 66 56 45 65 86 93 29 1 15 16 82 85 40 5 51 82 81 6 95 58 
8 61 45 73 24 22 57 77 98 17 59 90 10 68 44 70 86 50 94 1 13 14 97 52 81 28 95 24 96 66 0 72 100 21 37 1 18 46 47 51 13 41 10 91 12 44 66 29 98 18 
27 18 10 21 13 30 67 96 41 97 62 68 35 53 16 36 51 86 42 46 86 78 68 71 24 96 6 12 100 56 72 0 30 66 69 3 32 16 1 70 33 50 78 23 38 18 17 40 0 21 
74 14 56 36 27 68 62 89 66 44 27 91 47 51 94 67 99 45 25 2 52 68 23 64 37 24 16 52 71 45 100 30 0 45 59 38 52 24 45 57 99 40 49 16 40 53 72 36 40 15 
82 83 79 4 86 4 100 88 78 35 14 82 33 30 21 63 17 94 30 69 93 5 20 28 87 49 24 95 75 65 21 66 45 0 59 95 63 26 65 21 66 19 70 27 31 2 43 76 79 65 
77 36 80 35 96 67 33 72 35 6 49 32 68 67 9 88 38 91 66 80 28 77 38 16 49 83 35 79 64 86 37 69 59 59 0 79 8 84 57 66 87 43 4 73 3 53 31 79 82 24 
58 10 49 71 42 18 92 5 89 92 73 48 67 35 53 78 60 68 83 24 7 43 8 31 51 77 33 44 29 93 1 3 38 95 79 0 43 77 18 38 96 87 17 58 49 21 82 0 8 22 
31 97 35 85 94 50 45 25 50 97 71 53 71 66 31 94 30 53 64 35 50 79 20 63 24 76 54 28 45 29 18 32 52 63 8 43 0 50 55 34 68 82 25 56 17 73 40 73 16 46 
3 43 39 89 66 48 78 47 100 16 6 0 63 98 54 37 9 83 93 43 38 24 57 10 52 45 40 71 19 1 46 16 24 26 84 77 50 0 82 70 52 44 62 28 22 59 31 47 18 8 
3 54 100 46 43 93 100 19 95 12 80 55 22 16 17 63 38 52 9 19 77 26 57 47 74 33 0 82 82 15 47 1 45 65 57 18 55 82 0 6 70 89 72 90 46 5 60 12 57 36 
58 24 62 88 3 0 74 38 23 90 78 18 61 56 96 61 74 17 62 70 55 63 90 88 81 23 40 44 68 16 51 70 57 21 66 38 34 70 6 0 97 86 53 37 92 57 70 80 5 8 
16 25 59 20 33 32 62 84 32 47 48 54 79 31 24 59 37 69 62 8 95 14 99 95 42 13 36 21 88 82 13 33 99 66 87 96 68 52 70 97 0 63 73 38 93 18 8 33 3 94 
3 63 89 44 39 84 63 16 93 58 86 62 20 66 33 58 14 65 76 46 61 22 86 31 33 35 10 20 95 85 41 50 40 19 43 87 82 44 89 86 63 0 63 56 45 37 27 100 3 83 
3 6 25 45 15 33 73 12 64 27 31 96 8 47 24 66 63 76 1 46 23 99 24 52 76 37 87 39 44 40 10 78 49 70 4 17 25 62 72 53 73 63 0 39 9 56 80 7 14 75 
93 79 64 72 86 92 22 39 97 71 86 2 91 24 38 77 60 90 14 84 65 44 63 44 17 53 78 5 36 5 91 23 16 27 73 58 56 28 90 37 38 56 39 0 5 83 23 76 89 19 
53 14 92 72 52 27 20 16 91 24 84 54 25 4 58 3 15 7 92 95 18 7 43 73 53 5 33 61 3 51 12 38 40 31 3 49 17 22 46 92 93 45 9 5 0 17 35 6 31 36 
71 70 45 6 24 0 52 98 98 64 37 62 73 4 6 13 50 85 55 39 15 3 51 67 37 84 49 15 59 82 44 18 53 2 53 21 73 59 5 57 18 37 56 83 17 0 6 62 49 48 
76 31 0 50 89 39 52 73 62 76 52 16 7 20 55 64 78 40 51 99 10 31 28 17 90 33 21 19 84 81 66 17 72 43 31 82 40 31 60 70 8 27 80 23 35 6 0 37 95 86 
15 64 32 30 97 85 54 86 62 33 51 81 95 43 87 82 13 34 49 92 15 89 36 50 53 27 24 43 41 6 29 40 36 76 79 0 73 47 12 80 33 100 7 76 6 62 37 0 83 72 
24 92 17 70 80 23 33 60 11 5 39 23 75 59 92 24 21 65 88 31 88 7 14 72 78 14 25 3 56 95 98 0 40 79 82 8 16 18 57 5 3 3 14 89 31 49 95 83 0 28 
57 98 32 80 45 89 87 75 41 98 19 5 58 39 51 34 81 19 40 23 59 40 18 6 68 19 15 49 67 58 18 21 15 65 24 22 46 8 36 8 94 83 75 19 36 48 86 72 28 0 
BRBRBRBBBBRBRRBBBBRRRRRBBBRRBRBBRRRBRRBRRRBRRBRBBB