50
0 78 78 24 13 5 5 34 12 91 5 48 58 75 53 15 99 13 43 33 28 22 1 4 40 20 4 89 16 30 79 54 1 52 54 59 61 41 47 49 23 64 2 13 28 61 65 52 18 33
78 0 11 50 48 6 43 15 21 23 58 58 34 7 24 29 59 96 60 22 58 2 82 89 75 45 66 23 67 41 73 59 68 58 99 16 75 97 60 74 93 31 28 57 32 4 35 37 70 78
78 11 0 99 72 16 16 63 39 28 34 32 57 21 20 91 61 92 95 50 86 65 72 6 60 80 21 99 39 34 97 10 13 64 88 99 61 14 7 2 87 70 58 65 58 36 1 52 92 63
24 50 99 0 2 9 62 41 53 60 74 79 96 90 53 28 34 19 21 75 0 53 72 46 44 24 88 82 34 76 83 14 32 61 67 91 96 80 78 96 82 98 23 29 21 90 94 6 96 72
13 48 72 2 0 86 3 70 25 23 58 5 31 74 67 25 5 45 24 25 96 51 6 48 26 52 86 81 32 19 50 44 30 61 59 13 55 24 10 56 62 92 75 4 0 41 10 72 25 2
5 6 16 9 86 0 77 44 27 46 71 68 15 10 35 40 94 43 90 0 27 10 56 7 22 70 74 95 25 44 36 76 80 19 1 63 60 87 28 25 5 36 19 21 68 97 11 90 20 82
5 43 16 62 3 77 0 22 82 77 96 17 65 95 68 54 90 25 27 11 41 97 49 42 65 61 0 36 5 1 36 77 34 64 5 81 27 82 21 21 30 95 29 98 99 20 78 31 31 27
34 15 63 41 70 44 22 0 33 10 79 49 29 56 63 69 57 46 22 57 62 1 40 25 74 2 8 88 67 63 31 25 79 58 93 31 69 51 71 98 74 54 59 82 94 95 5 36 34 82
12 21 39 53 25 27 82 33 0 2 15 15 19 55 64 40 98 23 14 72 89 6 92 55 18 75 79 77 56 58 43 62 11 95 18 17 96 46 0 6 72 96 97 98 64 98 79 75 97 46
91 23 28 60 23 46 77 10 2 0 52 41 70 83 68 18 90 34 55 29 2 51 29 65 5 17 0 49 18 59 4 75 63 8 78 32 71 94 42 87 34 7 50 90 78 25 32 70 74 57
5 58 34 74 58 71 96 79 15 52 0 37 9 67 59 77 59 99 96 55 82 13 40 10 52 28 74 66 95 32 59 92 20 99 60 12 81 85 1 1 96 62 19 80 82 17 53 79 23 86
48 58 32 79 5 68 17 49 15 41 37 0 96 73 41 46 24 90 72 91 87 64 62 79 36 70 97 46 4 38 24 44 31 46 4 1 34 32 39 27 99 46 63 10 85 88 5 4 8 37
58 34 57 96 31 15 65 29 19 70 9 96 0 68 32 13 30 51 13 54 7 28 64 0 92 87 6 58 80 85 84 14 32 24 42 22 50 25 39 67 42 19 19 84 87 73 54 14 91 46
75 7 21 90 74 10 95 56 55 83 67 73 68 0 85 29 60 7 88 54 31 77 83 23 46 25 79 33 98 38 68 93 56 55 36 15 90 10 75 7 51 85 59 57 91 11 76 56 48 11
53 24 20 53 67 35 68 63 64 68 59 41 32 85 0 44 40 21 98 68 70 49 19 46 4 97 88 75 30 20 87 63 87 44 55 17 50 45 61 41 14 94 83 48 32 36 12 18 36 39
15 29 91 28 25 40 54 69 40 18 77 46 13 29 44 0 55 23 70 60 50 52 24 81 55 23 46 5 82 38 97 63 68 0 36 98 65 25 41 72 10 79 65 7 22 55 52 33 91 78
99 59 61 34 5 94 90 57 98 90 59 24 30 60 40 55 0 0 68 20 55 4 38 34 26 96 43 92 81 48 21 28 0 47 6 53 22 99 9 46 8 26 58 1 54 19 24 30 73 3
13 96 92 19 45 43 25 46 23 34 99 90 51 7 21 23 0 0 28 47 37 80 92 41 30 13 31 17 10 88 17 5 5 21 84 69 42 30 69 46 36 40 68 13 85 21 22 57 78 65
43 60 95 21 24 90 27 22 14 55 96 72 13 88 98 70 68 28 0 77 48 78 20 15 9 6 69 13 9 19 81 31 3 72 18 9 60 67 28 88 47 29 95 22 34 70 51 81 79 19
33 22 50 75 25 0 11 57 72 29 55 91 54 54 68 60 20 47 77 0 52 99 63 60 0 47 82 46 56 92 52 66 84 15 14 48 87 52 64 62 52 2 95 21 14 56 64 38 31 27
28 58 86 0 96 27 41 62 89 2 82 87 7 31 70 50 55 37 48 52 0 37 4 20 45 4 61 33 72 10 51 85 45 89 37 95 21 99 38 88 50 11 47 38 59 66 80 98 5 18
22 2 65 53 51 10 97 1 6 51 13 64 28 77 49 52 4 80 78 99 37 0 17 87 1 62 63 2 7 75 39 45 10 95 12 24 43 82 24 20 25 45 72 21 30 15 57 2 47 26
1 82 72 72 6 56 49 40 92 29 40 62 64 83 19 24 38 92 20 63 4 17 0 0 6 1 66 83 14 52 19 14 42 50 4 96 90 97 73 9 59 51 65 29 50 27 73 48 53 17
4 89 6 46 48 7 42 25 55 65 10 79 0 23 46 81 34 41 15 60 20 87 0 0 94 14 8 2 54 55 36 33 62 87 12 82 39 0 72 98 23 48 43 50 51 95 0 72 36 74
40 75 60 44 26 22 65 74 18 5 52 36 92 46 4 55 26 30 9 0 45 1 6 94 0 49 7 98 61 69 90 9 92 52 64 67 20 62 65 32 50 5 37 94 81 83 18 60 9 16
20 45 80 24 52 70 61 2 75 17 28 70 87 25 97 23 96 13 6 47 4 62 1 14 49 0 19 53 20 67 59 73 92 21 13 33 36 60 22 89 36 75 42 95 88 52 12 14 20 81
4 66 21 88 86 74 0 8 79 0 74 97 6 79 88 46 43 31 69 82 61 63 66 8 7 19 0 12 73 58 88 71 90 77 33 9 88 90 42 28 69 83 71 25 21 40 71 72 36 29
89 23 99 82 81 95 36 88 77 49 66 46 58 33 75 5 92 17 13 46 33 2 83 2 98 53 12 0 36 98 54 57 83 11 93 65 68 90 35 6 30 60 79 5 66 96 43 81 83 6
16 67 39 34 32 25 5 67 56 18 95 4 80 98 30 82 81 10 9 56 72 7 14 54 61 20 73 36 0 20 91 1 91 90 25 66 65 47 57 75 5 19 93 63 25 49 45 75 9 69
30 41 34 76 19 44 1 63 58 59 32 38 85 38 20 38 48 88 19 92 10 75 52 55 69 67 58 98 20 0 77 30 85 17 17 16 29 51 71 3 13 30 39 65 64 45 75 33 61 69
79 73 97 83 50 36 36 31 43 4 59 24 84 68 87 97 21 17 81 52 51 39 19 36 90 59 88 54 91 77 0 30 80 79 30 84 40 19 34 75 81 44 26 63 36 4 14 37 69 98
54 59 10 14 44 76 77 25 62 75 92 44 14 93 63 63 28 5 31 66 85 45 14 33 9 73 71 57 1 30 30 0 79 54 65 78 35 52 82 54 33 47 7 27 0 1 27 25 36 48
1 68 13 32 30 80 34 79 11 63 20 31 32 56 87 68 0 5 3 84 45 10 42 62 92 92 90 83 91 85 80 79 0 41 20 84 56 70 30 14 61 96 86 0 92 7 56 91 81 14
52 58 64 61 61 19 64 58 95 8 99 46 24 55 44 0 47 21 72 15 89 95 50 87 52 21 77 11 90 17 79 54 41 0 93 27 34 16 10 95 7 37 87 35 30 56 57 12 51 95
54 99 88 67 59 1 5 93 18 78 60 4 42 36 55 36 6 84 18 14 37 12 4 12 64 13 33 93 25 17 30 65 20 93 0 85 83 0 82 5 18 50 5 50 88 67 65 56 80 61
59 16 99 91 13 63 81 31 17 32 12 1 22 15 17 98 53 69 9 48 95 24 96 82 67 33 9 65 66 16 84 78 84 27 85 0 22 49 14 65 87 48 82 26 22 26 5 5 4 84
61 75 61 96 55 60 27 69 96 71 81 34 50 90 50 65 22 42 60 87 21 43 90 39 20 36 88 68 65 29 40 35 56 34 83 22 0 34 20 61 97 38 23 53 32 25 78 11 21 34
41 97 14 80 24 87 82 51 46 94 85 32 25 10 45 25 99 30 67 52 99 82 97 0 62 60 90 90 47 51 19 52 70 16 0 49 34 0 30 19 84 81 97 16 18 11 77 67 5 14
47 60 7 78 10 28 21 71 0 42 1 39 39 75 61 41 9 69 28 64 38 24 73 72 65 22 42 35 57 71 34 82 30 10 82 14 20 30 0 45 43 84 20 13 58 79 63 19 72 97
49 74 2 96 56 25 21 98 6 87 1 27 67 7 41 72 46 46 88 62 88 20 9 98 32 89 28 6 75 3 75 54 14 95 5 65 61 19 45 0 51 88 23 43 24 14 44 70 26 61
23 93 87 82 62 5 30 74 72 34 96 99 42 51 14 10 8 36 47 52 50 25 59 23 50 36 69 30 5 13 81 33 61 7 18 87 97 84 43 51 0 10 22 91 9 29 17 88 85 76
64 31 70 98 92 36 95 54 96 7 62 46 19 85 94 79 26 40 29 2 11 45 51 48 5 75 83 60 19 30 44 47 96 37 50 48 38 81 84 88 10 0 43 68 74 52 80 90 51 90
2 28 58 23 75 19 29 59 97 50 19 63 19 59 83 65 58 68 95 95 47 72 65 43 37 42 71 79 93 39 26 7 86 87 5 82 23 97 20 23 22 43 0 96 42 65 76 20 72 4
13 57 65 29 4 21 98 82 98 90 80 10 84 57 48 7 1 13 22 21 38 21 29 50 94 95 25 5 63 65 63 27 0 35 50 26 53 16 13 43 91 68 96 0 77 10 70 97 66 91
28 32 58 21 0 68 99 94 64 78 82 85 87 91 32 22 54 85 34 14 59 30 50 51 81 88 21 66 25 64 36 0 92 30 88 22 32 18 58 24 9 74 42 77 0 88 8 96 32 80
61 4 36 90 41 97 20 95 98 25 17 88 73 11 36 55 19 21 70 56 66 15 27 95 83 52 40 96 49 45 4 1 7 56 67 26 25 11 79 14 29 52 65 10 88 0 1 16 98 79
65 35 1 94 10 11 78 5 79 32 53 5 54 76 12 52 24 22 51 64 80 57 73 0 18 12 71 43 45 75 14 27 56 57 65 5 78 77 63 44 17 80 76 70 8 1 0 54 59 95
52 37 52 6 72 90 31 36 75 70 79 4 14 56 18 33 30 57 81 38 98 2 48 72 60 14 72 81 75 33 37 25 91 12 56 5 11 67 19 70 88 90 20 97 96 16 54 0 83 56
18 70 92 96 25 20 31 34 97 74 23 8 91 48 36 91 73 78 79 31 5 47 53 36 9 20 36 83 9 61 69 36 81 51 80 4 21 5 72 26 85 51 72 66 32 98 59 83 0 68
33 78 63 72 2 82 27 82 46 57 86 37 46 11 39 78 3 65 19 27 18 26 17 74 16 81 29 6 69 69 98 48 14 95 61 84 34 14 97 61 76 90 4 91 80 79 95 56 68 0
BBRBBRRRBRBRRRBRBRBBRBRRRBRRBRBBRBBBBBRRRRBRBBRBRB