50
0 5 10 1 9 97 98 95 90 100 10 15 95 89 0 92 12 98 96 96 9 100 2 100 100 97 7 100 99 86 85 88 85 5 99 7 98 1 2 88 92 1 8 14 91 6 86 13 85 89
5 0 97 8 1 6 87 14 96 88 10 95 13 88 92 14 90 93 86 13 7 1 8 9 12 12 98 8 7 0 87 0 93 1 11 4 99 10 0 5 0 9 12 5 97 95 100 96 12 14
10 97 0 94 5 87 15 87 99 10 10 88 87 96 1 99 12 95 93 10 99 3 10 95 89 96 96 6 92 5 5 93 7 96 1 13 14 2 2 88 8 85 94 6 88 92 91 6 3 100
1 8 94 0 85 10 92 2 15 6 10 4 91 12 92 6 10 96 7 2 8 10 96 0 97 99 11 0 93 92 96 2 15 11 7 3 97 98 99 95 99 14 99 86 11 10 10 91 13 1
9 1 5 85 0 92 87 1 92 14 90 5 100 98 15 87 100 8 100 100 85 96 87 87 15 93 3 4 10 1 5 87 3 92 89 92 7 90 5 7 7 4 10 7 0 95 91 90 12 7
97 6 87 10 92 0 95 4 8 2 5 0 92 1 86 100 12 100 2 85 91 4 97 13 10 97 88 13 1 91 93 90 0 86 86 86 12 93 100 99 12 85 85 93 5 7 99 4 10 93
98 87 15 92 87 95 0 4 14 11 87 5 85 11 88 92 100 98 95 14 88 88 96 4 0 13 87 86 95 4 10 3 1 90 86 90 1 93 95 1 89 99 100 13 9 88 9 91 12 97
95 14 87 2 1 4 4 0 15 3 94 95 15 86 89 5 85 7 11 14 96 4 8 12 100 15 11 0 13 95 99 1 12 4 3 0 87 15 11 1 7 11 14 91 10 4 97 8 96 6
90 96 99 15 92 8 14 15 0 97 88 0 99 90 2 2 15 9 89 9 7 88 97 1 4 98 1 94 13 87 13 3 91 93 88 92 5 2 8 3 87 95 14 88 13 86 6 93 2 15
100 88 10 6 14 2 11 3 97 0 97 85 10 87 98 4 2 4 12 7 98 14 100 7 2 86 8 10 10 15 0 87 2 85 5 85 92 100 89 86 9 99 94 97 6 3 14 87 11 14
10 10 10 10 90 5 87 94 88 97 0 89 8 98 12 4 2 91 1 92 9 13 12 1 95 2 88 97 99 12 85 96 12 98 92 95 96 93 11 88 85 8 2 3 7 3 6 11 10 85
15 95 88 4 5 0 5 95 0 85 89 0 87 97 11 13 13 91 99 12 100 3 10 100 99 89 0 7 89 15 13 6 5 87 87 97 10 8 89 12 91 1 10 85 0 10 90 92 100 4
95 13 87 91 100 92 85 15 99 10 8 87 0 92 5 1 4 96 96 7 4 98 97 7 15 6 96 8 93 86 15 89 14 4 87 90 100 9 6 100 92 13 86 91 100 95 90 94 6 7
89 88 96 12 98 1 11 86 90 87 98 97 92 0 14 89 11 7 4 14 10 93 91 85 15 86 97 93 100 93 96 97 95 5 92 7 100 98 3 8 13 11 94 9 97 98 92 85 7 6
0 92 1 92 15 86 88 89 2 98 12 11 5 14 0 11 94 13 12 89 85 95 1 89 7 15 8 2 86 6 96 93 13 9 87 90 1 89 10 98 2 10 91 99 99 98 15 4 5 1
92 14 99 6 87 100 92 5 2 4 4 13 1 89 11 0 94 100 11 6 4 6 0 5 13 13 85 86 0 3 88 97 89 100 93 89 86 89 99 95 15 87 0 94 8 14 15 96 90 89
12 90 12 10 100 12 100 85 15 2 2 13 4 11 94 94 0 4 6 8 95 15 86 100 91 94 96 1 91 1 0 6 98 89 7 8 13 93 100 87 7 91 95 89 7 1 15 98 96 92
98 93 95 96 8 100 98 7 9 4 91 91 96 7 13 100 4 0 2 2 10 6 99 12 86 93 99 13 96 92 94 86 15 90 11 13 8 13 4 94 100 2 14 14 98 7 2 98 12 4
96 86 93 7 100 2 95 11 89 12 1 99 96 4 12 11 6 2 0 94 96 93 97 13 9 97 88 2 89 97 85 2 93 85 86 90 97 87 8 94 86 85 8 96 13 11 3 88 98 4
96 13 10 2 100 85 14 14 9 7 92 12 7 14 89 6 8 2 94 0 1 6 98 13 97 3 12 10 97 2 1 4 2 90 3 9 93 98 100 90 92 14 12 86 15 11 91 1 15 95
9 7 99 8 85 91 88 96 7 98 9 100 4 10 85 4 95 10 96 1 0 15 99 91 94 91 13 94 10 94 8 95 3 2 92 86 89 98 1 100 10 94 86 7 91 8 87 85 5 85
100 1 3 10 96 4 88 4 88 14 13 3 98 93 95 6 15 6 93 6 15 0 2 3 10 6 86 94 100 90 86 85 90 0 6 92 89 14 93 11 1 13 10 95 0 90 15 86 9 6
2 8 10 96 87 97 96 8 97 100 12 10 97 91 1 0 86 99 97 98 99 2 0 15 14 3 94 99 96 86 86 0 93 10 9 11 8 3 1 13 92 94 15 13 85 90 86 6 9 10
100 9 95 0 87 13 4 12 1 7 1 100 7 85 89 5 100 12 13 13 91 3 15 0 8 93 10 95 4 14 2 96 7 2 3 1 86 89 92 6 99 97 98 4 5 12 98 7 11 2
100 12 89 97 15 10 0 100 4 2 95 99 15 15 7 13 91 86 9 97 94 10 14 8 0 88 9 12 85 92 15 90 5 15 88 12 98 12 88 88 15 96 85 85 98 95 15 96 86 15
97 12 96 99 93 97 13 15 98 86 2 89 6 86 15 13 94 93 97 3 91 6 3 93 88 0 95 9 90 11 97 99 7 95 93 87 98 90 3 95 95 11 98 96 86 7 88 14 90 13
7 98 96 11 3 88 87 11 1 8 88 0 96 97 8 85 96 99 88 12 13 86 94 10 9 95 0 3 99 97 8 3 86 7 8 91 97 6 9 95 94 99 7 97 96 2 94 3 1 85
100 8 6 0 4 13 86 0 94 10 97 7 8 93 2 86 1 13 2 10 94 94 99 95 12 9 3 0 8 90 95 11 90 3 96 0 7 5 89 95 85 7 99 95 100 8 97 85 92 96
99 7 92 93 10 1 95 13 13 10 99 89 93 100 86 0 91 96 89 97 10 100 96 4 85 90 99 8 0 13 14 94 13 4 97 95 98 96 94 90 4 98 6 90 88 94 1 99 13 90
86 0 5 92 1 91 4 95 87 15 12 15 86 93 6 3 1 92 97 2 94 90 86 14 92 11 97 90 13 0 89 11 88 98 13 93 85 96 98 4 89 89 90 86 10 14 85 99 0 99
85 87 5 96 5 93 10 99 13 0 85 13 15 96 96 88 0 94 85 1 8 86 86 2 15 97 8 95 14 89 0 0 87 94 6 12 7 90 91 96 1 92 1 97 91 85 100 91 99 85
88 0 93 2 87 90 3 1 3 87 96 6 89 97 93 97 6 86 2 4 95 85 0 96 90 99 3 11 94 11 0 0 4 15 88 93 2 86 91 94 4 12 9 5 95 93 14 97 96 88
85 93 7 15 3 0 1 12 91 2 12 5 14 95 13 89 98 15 93 2 3 90 93 7 5 7 86 90 13 88 87 4 0 87 13 11 11 98 92 4 99 8 8 6 99 12 2 8 14 98
5 1 96 11 92 86 90 4 93 85 98 87 4 5 9 100 89 90 85 90 2 0 10 2 15 95 7 3 4 98 94 15 87 0 89 89 89 7 97 89 91 5 7 92 88 5 94 3 99 11
99 11 1 7 89 86 86 3 88 5 92 87 87 92 87 93 7 11 86 3 92 6 9 3 88 93 8 96 97 13 6 88 13 89 0 91 0 13 88 92 90 7 96 89 86 98 8 96 13 12
7 4 13 3 92 86 90 0 92 85 95 97 90 7 90 89 8 13 90 9 86 92 11 1 12 87 91 0 95 93 12 93 11 89 91 0 92 86 2 11 91 14 88 89 99 89 8 89 10 100
98 99 14 97 7 12 1 87 5 92 96 10 100 100 1 86 13 8 97 93 89 89 8 86 98 98 97 7 98 85 7 2 11 89 0 92 0 4 87 6 91 8 0 12 12 86 5 7 10 11
1 10 2 98 90 93 93 15 2 100 93 8 9 98 89 89 93 13 87 98 98 14 3 89 12 90 6 5 96 96 90 86 98 7 13 86 4 0 92 87 85 90 10 88 14 10 3 87 94 12
2 0 2 99 5 100 95 11 8 89 11 89 6 3 10 99 100 4 8 100 1 93 1 92 88 3 9 89 94 98 91 91 92 97 88 2 87 92 0 93 95 95 98 7 15 4 12 85 94 96
88 5 88 95 7 99 1 1 3 86 88 12 100 8 98 95 87 94 94 90 100 11 13 6 88 95 95 95 90 4 96 94 4 89 92 11 6 87 93 0 9 93 12 7 4 89 3 92 12 11
92 0 8 99 7 12 89 7 87 9 85 91 92 13 2 15 7 100 86 92 10 1 92 99 15 95 94 85 4 89 1 4 99 91 90 91 91 85 95 9 0 98 5 97 93 92 11 86 9 13
1 9 85 14 4 85 99 11 95 99 8 1 13 11 10 87 91 2 85 14 94 13 94 97 96 11 99 7 98 89 92 12 8 5 7 14 8 90 95 93 98 0 10 1 11 6 6 89 3 92
8 12 94 99 10 85 100 14 14 94 2 10 86 94 91 0 95 14 8 12 86 10 15 98 85 98 7 99 6 90 1 9 8 7 96 88 0 10 98 12 5 10 0 0 91 8 94 97 12 3
14 5 6 86 7 93 13 91 88 97 3 85 91 9 99 94 89 14 96 86 7 95 13 4 85 96 97 95 90 86 97 5 6 92 89 89 12 88 7 7 97 1 0 0 98 14 6 2 88 99
91 97 88 11 0 5 9 10 13 6 7 0 100 97 99 8 7 98 13 15 91 0 85 5 98 86 96 100 88 10 91 95 99 88 86 99 12 14 15 4 93 11 91 98 0 98 87 100 6 98
6 95 92 10 95 7 88 4 86 3 3 10 95 98 98 14 1 7 11 11 8 90 90 12 95 7 2 8 94 14 85 93 12 5 98 89 86 10 4 89 92 6 8 14 98 0 95 88 95 88
86 100 91 10 91 99 9 97 6 14 6 90 90 92 15 15 15 2 3 91 87 15 86 98 15 88 94 97 1 85 100 14 2 94 8 8 5 3 12 3 11 6 94 6 87 95 0 9 5 88
13 96 6 91 90 4 91 8 93 87 11 92 94 85 4 96 98 98 88 1 85 86 6 7 96 14 3 85 99 99 91 97 8 3 96 89 7 87 85 92 86 89 97 2 100 88 9 0 12 0
85 12 3 13 12 10 12 96 2 11 10 100 6 7 5 90 96 12 98 15 5 9 9 11 86 90 1 92 13 0 99 96 14 99 13 10 10 94 94 12 9 3 12 88 6 95 5 12 0 5
89 14 100 1 7 93 97 6 15 14 85 4 7 6 1 89 92 4 4 95 85 6 10 2 15 13 85 96 90 99 85 88 98 11 12 100 11 12 96 11 13 92 3 99 98 88 88 0 5 0
RBRBRBBBBBBBRRRBBBBBRRBBBBRBBBBBBRRRRRRRRRRRRRBRRR