50
0 65 79 54 21 97 40 56 33 61 54 72 51 3 23 12 65 59 24 41 50 11 18 84 24 73 45 74 11 85 62 87 55 97 39 49 26 98 35 9 62 40 45 21 64 70 20 67 20 23 
65 0 64 47 29 38 95 17 95 17 80 12 16 14 20 36 27 27 100 42 48 11 20 39 35 44 45 92 35 19 32 1 92 79 8 26 11 65 43 90 14 18 62 17 83 96 3 1 24 43 
79 64 0 47 2 72 66 49 81 34 14 60 37 25 29 41 55 55 82 74 76 83 33 80 13 42 75 98 6 24 52 32 89 94 28 50 30 85 13 51 74 87 62 52 66 57 98 82 92 2 
54 47 47 0 72 42 55 11 31 89 31 71 61 58 2 43 28 11 79 87 86 33 36 28 27 66 9 100 42 97 82 15 45 68 76 5 61 66 83 73 97 52 82 54 95 97 15 78 93 42 
21 29 2 72 0 56 68 31 6 66 0 56 22 33 11 7 48 49 22 23 97 91 88 6 27 99 23 40 60 4 0 69 72 89 85 11 27 16 76 97 66 70 56 100 48 79 66 69 81 81 
97 38 72 42 56 0 26 38 63 88 90 32 6 54 26 78 15 40 26 71 98 6 9 95 64 8 3 1 69 39 98 53 94 60 18 73 99 42 71 100 97 13 94 66 45 86 27 33 99 39 
40 95 66 55 68 26 0 23 60 59 22 67 99 19 10 57 41 44 6 86 85 39 1 62 87 44 87 39 20 8 97 32 89 80 28 69 7 99 95 0 41 89 79 64 80 63 23 100 74 32 
56 17 49 11 31 38 23 0 71 91 8 81 56 16 60 88 24 73 0 14 72 99 43 1 75 94 70 23 36 86 39 76 30 4 11 37 18 14 35 28 11 5 69 66 78 22 100 68 47 15 
33 95 81 31 6 63 60 71 0 100 25 25 25 77 13 96 65 64 88 45 29 55 41 35 100 92 57 59 32 66 25 70 62 70 20 36 43 84 74 4 6 92 45 79 25 83 92 43 42 87 
61 17 34 89 66 88 59 91 100 0 79 7 88 26 83 76 61 54 84 6 100 45 99 64 9 54 96 66 94 5 86 23 98 95 38 39 81 26 26 30 31 43 14 84 65 4 55 42 36 70 
54 80 14 31 0 90 22 8 25 79 0 91 20 78 43 78 59 17 2 27 42 9 82 13 93 6 12 38 88 82 64 95 83 55 19 28 88 16 67 88 5 78 46 2 92 93 33 64 68 54 
72 12 60 71 56 32 67 81 25 7 91 0 59 69 3 27 1 43 3 87 33 92 48 81 93 48 78 13 93 21 56 89 41 14 72 97 3 39 41 68 57 31 38 65 8 75 42 82 74 87 
51 16 37 61 22 6 99 56 25 88 20 59 0 19 38 53 56 44 78 5 72 72 74 94 76 81 23 58 76 14 18 66 22 58 2 84 94 10 54 27 42 90 73 29 38 62 64 31 32 66 
3 14 25 58 33 54 19 16 77 26 78 69 19 0 65 99 78 97 32 99 22 59 85 42 85 0 14 95 32 32 88 79 6 13 20 14 87 25 68 51 64 81 32 87 73 50 44 92 52 98 
23 20 29 2 11 26 10 60 13 83 43 3 38 65 0 94 58 93 42 89 39 6 38 43 8 64 77 39 31 23 9 1 44 66 98 47 49 45 88 61 57 37 39 3 60 62 51 99 26 4 
12 36 41 43 7 78 57 88 96 76 78 27 53 99 94 0 81 36 20 34 79 56 34 11 92 16 97 70 73 66 69 27 38 16 83 77 23 38 16 34 64 15 13 50 10 79 65 67 26 90 
65 27 55 28 48 15 41 24 65 61 59 1 56 78 58 81 0 59 90 53 16 100 7 50 89 13 7 15 59 58 39 62 63 23 46 89 42 95 94 8 56 60 68 42 84 34 22 60 28 53 
59 27 55 11 49 40 44 73 64 54 17 43 44 97 93 36 59 0 37 0 98 30 51 78 13 3 12 46 19 15 83 46 90 14 97 47 49 76 29 81 0 35 49 69 13 94 75 49 88 19 
24 100 82 79 22 26 6 0 88 84 2 3 78 32 42 20 90 37 0 13 7 30 13 95 26 57 54 43 90 60 8 14 45 10 95 20 68 65 19 90 38 95 23 88 84 1 100 86 69 7 
41 42 74 87 23 71 86 14 45 6 27 87 5 99 89 34 53 0 13 0 38 86 94 2 46 86 73 83 94 22 22 19 73 64 4 80 38 76 30 65 15 77 45 59 38 49 74 98 12 41 
50 48 76 86 97 98 85 72 29 100 42 33 72 22 39 79 16 98 7 38 0 75 40 96 88 97 85 29 79 78 95 60 84 63 85 13 93 75 20 39 94 82 0 83 65 67 10 81 61 99 
11 11 83 33 91 6 39 99 55 45 9 92 72 59 6 56 100 30 30 86 75 0 72 43 26 77 88 29 36 35 91 11 69 80 97 28 75 74 29 88 60 25 83 52 45 51 48 3 14 61 
18 20 33 36 88 9 1 43 41 99 82 48 74 85 38 34 7 51 13 94 40 72 0 11 33 94 83 11 56 34 84 46 68 66 64 19 33 13 11 64 2 75 62 10 19 78 58 85 80 70 
84 39 80 28 6 95 62 1 35 64 13 81 94 42 43 11 50 78 95 2 96 43 11 0 74 47 25 63 41 97 98 29 55 68 30 33 10 26 41 25 50 29 75 94 66 31 72 3 47 28 
24 35 13 27 27 64 87 75 100 9 93 93 76 85 8 92 89 13 26 46 88 26 33 74 0 73 33 71 48 10 8 86 49 25 16 38 75 21 3 59 34 70 51 82 45 85 56 7 21 9 
73 44 42 66 99 8 44 94 92 54 6 48 81 0 64 16 13 3 57 86 97 77 94 47 73 0 93 63 43 17 61 76 39 6 92 20 54 40 20 7 21 71 44 20 41 48 58 38 31 48 
45 45 75 9 23 3 87 70 57 96 12 78 23 14 77 97 7 12 54 73 85 88 83 25 33 93 0 28 33 96 10 88 55 0 86 85 44 69 6 59 68 13 93 47 58 85 77 91 39 33 
74 92 98 100 40 1 39 23 59 66 38 13 58 95 39 70 15 46 43 83 29 29 11 63 71 63 28 0 17 44 13 34 61 17 92 67 7 79 60 64 5 41 58 22 35 53 31 32 20 17 
11 35 6 42 60 69 20 36 32 94 88 93 76 32 31 73 59 19 90 94 79 36 56 41 48 43 33 17 0 26 18 71 16 27 0 43 52 100 28 58 66 29 35 92 36 61 69 84 43 89 
85 19 24 97 4 39 8 86 66 5 82 21 14 32 23 66 58 15 60 22 78 35 34 97 10 17 96 44 26 0 87 66 12 19 29 65 90 12 31 89 15 39 79 23 5 72 24 6 72 4 
62 32 52 82 0 98 97 39 25 86 64 56 18 88 9 69 39 83 8 22 95 91 84 98 8 61 10 13 18 87 0 69 46 73 71 20 86 54 81 66 96 98 3 47 89 19 3 40 21 55 
87 1 32 15 69 53 32 76 70 23 95 89 66 79 1 27 62 46 14 19 60 11 46 29 86 76 88 34 71 66 69 0 92 88 8 88 27 55 60 23 28 55 2 73 93 7 36 1 11 96 
55 92 89 45 72 94 89 30 62 98 83 41 22 6 44 38 63 90 45 73 84 69 68 55 49 39 55 61 16 12 46 92 0 4 86 43 8 100 89 29 85 85 95 3 11 44 81 10 24 40 
97 79 94 68 89 60 80 4 70 95 55 14 58 13 66 16 23 14 10 64 63 80 66 68 25 6 0 17 27 19 73 88 4 0 13 63 1 3 45 74 100 90 81 77 46 61 13 76 24 96 
39 8 28 76 85 18 28 11 20 38 19 72 2 20 98 83 46 97 95 4 85 97 64 30 16 92 86 92 0 29 71 8 86 13 0 38 6 43 46 67 72 67 0 91 92 0 57 12 33 36 
49 26 50 5 11 73 69 37 36 39 28 97 84 14 47 77 89 47 20 80 13 28 19 33 38 20 85 67 43 65 20 88 43 63 38 0 21 76 9 79 71 67 38 10 43 44 35 95 74 95 
26 11 30 61 27 99 7 18 43 81 88 3 94 87 49 23 42 49 68 38 93 75 33 10 75 54 44 7 52 90 86 27 8 1 6 21 0 86 27 2 36 72 91 63 38 33 17 57 78 34 
98 65 85 66 16 42 99 14 84 26 16 39 10 25 45 38 95 76 65 76 75 74 13 26 21 40 69 79 100 12 54 55 100 3 43 76 86 0 20 80 97 22 58 28 10 17 59 96 71 44 
35 43 13 83 76 71 95 35 74 26 67 41 54 68 88 16 94 29 19 30 20 29 11 41 3 20 6 60 28 31 81 60 89 45 46 9 27 20 0 39 76 48 2 72 8 38 18 76 76 23 
9 90 51 73 97 100 0 28 4 30 88 68 27 51 61 34 8 81 90 65 39 88 64 25 59 7 59 64 58 89 66 23 29 74 67 79 2 80 39 0 74 40 30 35 9 89 81 44 25 74 
62 14 74 97 66 97 41 11 6 31 5 57 42 64 57 64 56 0 38 15 94 60 2 50 34 21 68 5 66 15 96 28 85 100 72 71 36 97 76 74 0 69 84 14 26 73 97 27 53 6 
40 18 87 52 70 13 89 5 92 43 78 31 90 81 37 15 60 35 95 77 82 25 75 29 70 71 13 41 29 39 98 55 85 90 67 67 72 22 48 40 69 0 14 81 41 49 65 42 39 90 
45 62 62 82 56 94 79 69 45 14 46 38 73 32 39 13 68 49 23 45 0 83 62 75 51 44 93 58 35 79 3 2 95 81 0 38 91 58 2 30 84 14 0 58 86 0 53 9 26 55 
21 17 52 54 100 66 64 66 79 84 2 65 29 87 3 50 42 69 88 59 83 52 10 94 82 20 47 22 92 23 47 73 3 77 91 10 63 28 72 35 14 81 58 0 63 4 19 69 5 93 
64 83 66 95 48 45 80 78 25 65 92 8 38 73 60 10 84 13 84 38 65 45 19 66 45 41 58 35 36 5 89 93 11 46 92 43 38 10 8 9 26 41 86 63 0 49 41 55 7 82 
70 96 57 97 79 86 63 22 83 4 93 75 62 50 62 79 34 94 1 49 67 51 78 31 85 48 85 53 61 72 19 7 44 61 0 44 33 17 38 89 73 49 0 4 49 0 77 1 34 20 
20 3 98 15 66 27 23 100 92 55 33 42 64 44 51 65 22 75 100 74 10 48 58 72 56 58 77 31 69 24 3 36 81 13 57 35 17 59 18 81 97 65 53 19 41 77 0 94 90 86 
67 1 82 78 69 33 100 68 43 42 64 82 31 92 99 67 60 49 86 98 81 3 85 3 7 38 91 32 84 6 40 1 10 76 12 95 57 96 76 44 27 42 9 69 55 1 94 0 44 44 
20 24 92 93 81 99 74 47 42 36 68 74 32 52 26 26 28 88 69 12 61 14 80 47 21 31 39 20 43 72 21 11 24 24 33 74 78 71 76 25 53 39 26 5 7 34 90 44 0 33 
23 43 2 42 81 39 32 15 87 70 54 87 66 98 4 90 53 19 7 41 99 61 70 28 9 48 33 17 89 4 55 96 40 96 36 95 34 44 23 74 6 90 55 93 82 20 86 44 33 0 
BRRBRBBBBBRRRBRRBRBRRRRBBRRRRBBRBRRBRBRBBBRRRBBBBB