50
0 86 47 73 96 80 74 91 2 86 48 44 81 13 78 72 16 31 57 82 82 90 46 46 2 11 86 16 37 54 96 37 11 33 2 56 28 52 48 97 59 41 12 98 50 76 43 35 100 91
86 0 88 84 73 70 38 40 76 24 10 25 89 52 53 97 90 15 27 76 6 34 76 18 79 74 54 13 9 14 32 19 18 13 97 54 55 34 89 68 17 14 52 63 32 16 62 32 8 98
47 88 0 40 26 8 52 8 45 7 41 31 60 32 60 18 69 39 59 29 41 81 85 60 47 84 22 22 26 81 84 66 79 19 68 46 29 90 2 83 67 65 68 67 87 44 9 51 90 91
73 84 40 0 55 23 26 54 34 35 31 91 5 88 35 88 47 3 76 38 41 91 56 69 1 27 55 16 78 45 6 31 95 47 56 100 25 60 30 91 12 24 11 53 97 21 18 12 98 57
96 73 26 55 0 19 21 49 56 90 63 14 74 58 32 98 65 92 68 55 23 25 50 83 69 65 100 26 18 91 61 23 57 65 50 9 85 52 73 68 69 25 52 25 77 20 88 60 42 66
80 70 8 23 19 0 29 62 22 60 85 56 64 19 3 99 34 9 50 0 57 76 66 63 58 100 36 94 71 72 4 96 42 10 82 59 19 21 76 34 38 25 18 31 72 76 39 19 55 41
74 38 52 26 21 29 0 54 86 87 20 33 49 27 29 23 17 43 65 19 38 69 52 47 65 66 38 4 79 85 5 28 3 97 0 75 85 11 17 22 45 33 87 80 50 30 90 34 77 85
91 40 8 54 49 62 54 0 45 7 63 36 48 66 4 52 89 70 60 49 31 38 88 12 79 28 14 35 85 4 68 47 78 79 53 17 90 82 16 68 20 17 50 89 98 14 7 95 69 62
2 76 45 34 56 22 86 45 0 41 6 72 53 73 87 14 8 45 3 94 6 61 43 28 44 80 19 11 60 14 59 35 5 43 15 52 43 95 94 87 41 71 59 71 1 78 12 46 31 42
86 24 7 35 90 60 87 7 41 0 92 32 0 80 89 75 71 82 74 39 21 22 0 49 69 48 74 81 74 97 30 9 62 15 80 77 18 34 69 34 1 34 65 29 25 76 47 88 88 8
48 10 41 31 63 85 20 63 6 92 0 49 62 66 40 62 92 28 9 36 95 43 16 18 61 30 40 91 41 83 12 27 35 77 73 20 56 84 11 51 89 76 88 58 8 26 15 41 8 93
44 25 31 91 14 56 33 36 72 32 49 0 43 71 51 54 24 49 84 56 99 38 39 52 20 11 96 38 30 43 77 32 6 57 7 99 60 37 74 11 54 95 72 48 21 39 46 73 38 19
81 89 60 5 74 64 49 48 53 0 62 43 0 94 7 72 96 35 41 69 50 74 26 99 65 8 23 18 53 50 70 51 90 30 16 91 50 51 79 93 49 69 27 16 60 32 97 56 61 38
13 52 32 88 58 19 27 66 73 80 66 71 94 0 55 41 44 9 97 2 9 89 16 63 85 58 73 11 75 73 22 52 10 38 61 18 15 88 89 46 8 69 100 40 7 9 26 77 34 33
78 53 60 35 32 3 29 4 87 89 40 51 7 55 0 8 3 7 2 83 24 25 52 5 34 19 36 37 63 29 33 7 67 83 26 56 13 97 65 33 38 54 99 68 81 80 89 13 32 57
72 97 18 88 98 99 23 52 14 75 62 54 72 41 8 0 82 58 93 21 17 93 48 51 97 80 56 15 67 8 4 42 1 26 95 52 48 29 43 86 48 51 57 23 92 60 73 73 1 83
16 90 69 47 65 34 17 89 8 71 92 24 96 44 3 82 0 3 16 16 16 56 43 93 8 10 71 23 29 67 45 34 2 92 30 95 26 28 54 44 100 76 58 90 29 67 16 64 28 81
31 15 39 3 92 9 43 70 45 82 28 49 35 9 7 58 3 0 55 96 16 82 7 79 47 77 43 8 70 44 13 51 37 2 43 15 33 95 53 4 22 6 19 46 66 23 27 52 91 98
57 27 59 76 68 50 65 60 3 74 9 84 41 97 2 93 16 55 0 59 23 0 28 58 28 29 6 62 30 27 32 33 44 21 60 59 95 10 67 89 95 66 65 79 82 92 20 93 43 30
82 76 29 38 55 0 19 49 94 39 36 56 69 2 83 21 16 96 59 0 5 2 40 0 72 23 57 53 55 54 11 4 80 16 30 48 85 31 91 70 32 57 54 80 3 82 51 55 96 11
82 6 41 41 23 57 38 31 6 21 95 99 50 9 24 17 16 16 23 5 0 81 97 60 25 45 96 74 2 40 23 38 45 98 9 62 57 32 61 88 51 39 33 35 11 87 39 74 91 37
90 34 81 91 25 76 69 38 61 22 43 38 74 89 25 93 56 82 0 2 81 0 84 84 100 36 75 83 49 62 24 67 60 0 38 79 50 67 25 73 83 88 4 93 97 90 86 85 71 14
46 76 85 56 50 66 52 88 43 0 16 39 26 16 52 48 43 7 28 40 97 84 0 68 36 93 49 92 50 98 34 27 19 76 54 61 59 79 42 97 48 48 32 21 5 56 16 19 70 72
46 18 60 69 83 63 47 12 28 49 18 52 99 63 5 51 93 79 58 0 60 84 68 0 21 58 23 14 86 19 70 44 78 30 81 73 3 46 25 46 49 70 1 99 11 96 92 14 17 20
2 79 47 1 69 58 65 79 44 69 61 20 65 85 34 97 8 47 28 72 25 100 36 21 0 26 20 16 32 42 50 35 0 0 52 18 26 25 37 23 37 98 63 100 3 42 32 49 15 54
11 74 84 27 65 100 66 28 80 48 30 11 8 58 19 80 10 77 29 23 45 36 93 58 26 0 48 34 82 74 75 77 88 75 11 12 39 77 40 25 61 48 49 45 63 3 10 40 76 95
86 54 22 55 100 36 38 14 19 74 40 96 23 73 36 56 71 43 6 57 96 75 49 23 20 48 0 48 57 24 28 43 52 24 40 61 12 99 46 6 33 52 32 79 59 37 17 68 16 80
16 13 22 16 26 94 4 35 11 81 91 38 18 11 37 15 23 8 62 53 74 83 92 14 16 34 48 0 28 17 12 98 82 51 57 22 15 23 66 64 46 14 45 15 64 31 15 56 66 42
37 9 26 78 18 71 79 85 60 74 41 30 53 75 63 67 29 70 30 55 2 49 50 86 32 82 57 28 0 64 14 97 66 87 78 73 39 59 91 30 71 20 69 69 1 79 31 72 27 26
54 14 81 45 91 72 85 4 14 97 83 43 50 73 29 8 67 44 27 54 40 62 98 19 42 74 24 17 64 0 73 82 61 84 90 69 11 76 0 87 34 69 86 49 82 75 21 4 42 31
96 32 84 6 61 4 5 68 59 30 12 77 70 22 33 4 45 13 32 11 23 24 34 70 50 75 28 12 14 73 0 61 65 89 67 41 61 23 33 27 60 91 76 42 77 28 51 88 95 14
37 19 66 31 23 96 28 47 35 9 27 32 51 52 7 42 34 51 33 4 38 67 27 44 35 77 43 98 97 82 61 0 95 27 27 6 44 83 32 91 95 35 34 24 0 67 44 27 22 31
11 18 79 95 57 42 3 78 5 62 35 6 90 10 67 1 2 37 44 80 45 60 19 78 0 88 52 82 66 61 65 95 0 0 50 36 51 5 97 15 85 91 78 15 10 28 79 24 28 24
33 13 19 47 65 10 97 79 43 15 77 57 30 38 83 26 92 2 21 16 98 0 76 30 0 75 24 51 87 84 89 27 0 0 25 38 42 85 9 71 96 31 18 62 75 77 24 2 71 54
2 97 68 56 50 82 0 53 15 80 73 7 16 61 26 95 30 43 60 30 9 38 54 81 52 11 40 57 78 90 67 27 50 25 0 24 60 36 45 27 24 33 65 84 48 21 19 36 10 77
56 54 46 100 9 59 75 17 52 77 20 99 91 18 56 52 95 15 59 48 62 79 61 73 18 12 61 22 73 69 41 6 36 38 24 0 18 72 77 26 19 44 43 3 85 47 9 42 94 99
28 55 29 25 85 19 85 90 43 18 56 60 50 15 13 48 26 33 95 85 57 50 59 3 26 39 12 15 39 11 61 44 51 42 60 18 0 45 74 92 42 90 20 90 87 69 80 22 24 36
52 34 90 60 52 21 11 82 95 34 84 37 51 88 97 29 28 95 10 31 32 67 79 46 25 77 99 23 59 76 23 83 5 85 36 72 45 0 15 37 86 74 28 23 43 91 93 67 100 37
48 89 2 30 73 76 17 16 94 69 11 74 79 89 65 43 54 53 67 91 61 25 42 25 37 40 46 66 91 0 33 32 97 9 45 77 74 15 0 22 49 94 66 59 89 13 49 16 35 46
97 68 83 91 68 34 22 68 87 34 51 11 93 46 33 86 44 4 89 70 88 73 97 46 23 25 6 64 30 87 27 91 15 71 27 26 92 37 22 0 65 34 1 64 64 68 64 55 18 84
59 17 67 12 69 38 45 20 41 1 89 54 49 8 38 48 100 22 95 32 51 83 48 49 37 61 33 46 71 34 60 95 85 96 24 19 42 86 49 65 0 9 85 68 71 0 45 0 96 3
41 14 65 24 25 25 33 17 71 34 76 95 69 69 54 51 76 6 66 57 39 88 48 70 98 48 52 14 20 69 91 35 91 31 33 44 90 74 94 34 9 0 98 59 88 22 74 75 11 51
12 52 68 11 52 18 87 50 59 65 88 72 27 100 99 57 58 19 65 54 33 4 32 1 63 49 32 45 69 86 76 34 78 18 65 43 20 28 66 1 85 98 0 75 22 52 69 11 2 24
98 63 67 53 25 31 80 89 71 29 58 48 16 40 68 23 90 46 79 80 35 93 21 99 100 45 79 15 69 49 42 24 15 62 84 3 90 23 59 64 68 59 75 0 62 71 23 3 39 80
50 32 87 97 77 72 50 98 1 25 8 21 60 7 81 92 29 66 82 3 11 97 5 11 3 63 59 64 1 82 77 0 10 75 48 85 87 43 89 64 71 88 22 62 0 66 31 13 7 41
76 16 44 21 20 76 30 14 78 76 26 39 32 9 80 60 67 23 92 82 87 90 56 96 42 3 37 31 79 75 28 67 28 77 21 47 69 91 13 68 0 22 52 71 66 0 20 51 69 37
43 62 9 18 88 39 90 7 12 47 15 46 97 26 89 73 16 27 20 51 39 86 16 92 32 10 17 15 31 21 51 44 79 24 19 9 80 93 49 64 45 74 69 23 31 20 0 70 89 47
35 32 51 12 60 19 34 95 46 88 41 73 56 77 13 73 64 52 93 55 74 85 19 14 49 40 68 56 72 4 88 27 24 2 36 42 22 67 16 55 0 75 11 3 13 51 70 0 58 32
100 8 90 98 42 55 77 69 31 88 8 38 61 34 32 1 28 91 43 96 91 71 70 17 15 76 16 66 27 42 95 22 28 71 10 94 24 100 35 18 96 11 2 39 7 69 89 58 0 38
91 98 91 57 66 41 85 62 42 8 93 19 38 33 57 83 81 98 30 11 37 14 72 20 54 95 80 42 26 31 14 31 24 54 77 99 36 37 46 84 3 51 24 80 41 37 47 32 38 0
BRBBBRRBBBRRRBBRBRBBRRBBRBRRRBBRRRRBRBBBRRRBBBBRRR