50
   0   4  25  13  17   4   7  22   1  26  17   6  22  28  25  28  26  11  27  14   3  20   5  24   7  14  13   1  24   4  29   5  17  21  16  14  29   4  26  10  10   4  18   8   6  26  15  27   1  25
   4   0   9  14  14  17   4  13   4  29   9   5  13  29  19  26  27   3   7   6   2   3   1   8  23   5  19  19  22  21  22   2   1  23  28   5  18  12  26   2  14  14   7  29  17   3  24  28   2   3
  25   9   0  13  12  10   7   3  12  18  20  10  10   5  26  19  24  14   9  11  11  16  12   2  21   6   5   3  15  15   5  28  19  10  13   9  14  17  19  23  26  21   4  26  13  22  11  27   9   9
  13  14  13   0  16  21   4  14   8   2  12  17   8  10  16   5  13  10  16  14   9  27  19   3  16  14  13  17   9  19  18  12  10  26  10  23  19  22  15  28   7   8  22  13   5  15  29   1  21  19
  17  14  12  16   0  29  13  27  20  16   7  22   8  16  14   5  12  21   4  19   6  24  16  29   4   7  29  19   8  12  22  10   5  19   7   5   9   4  14  18  15  18  19   2  10   7  23  17  14  14
   4  17  10  21  29   0  17  29  17   4  27   2   5   4   7  21  15   1  21   6  18  18  26   7  26   5  22   6  24   3  15  29   5  19  19  18  15   2  25   5  10   4  23  28  23  16  24  19  11   8
   7   4   7   4  13  17   0   1   7  21   5  13   8  21  10  24  16  29   2  27  21  29  11   6  10  27  13  15  13  14  18  27  28  10  15   2   1   8  29  13  11   8   5  22  12   1  23  18   4   8
  22  13   3  14  27  29   1   0   6  29  15   7  26  29  15  18   8  28  14   5  21  17   3   9  12   2  23   5  24   5  11  18   4  14   4  11  23   2  22   1   3   8   9   6  16   9   5   5  17  27
   1   4  12   8  20  17   7   6   0  24  11  12   7   3  19  10   3   7  13  27  15  23  12   6  17  10   3  21   5  29  10  11  15   8  17  19   5  17  12  16  20  13  22   3  14  19   6   5  13   5
  26  29  18   2  16   4  21  29  24   0  13  15  12  13  11   1  27  11  28  11  18   5  11  24  24   4   2  10  27  13   8  12  29  22  18  28  22  23   1   8  19  27  26   3   5  20   2  26  10   5
  17   9  20  12   7  27   5  15  11  13   0  16   3  12  25  20  15  12  11   3  24  22   9  19  20   4  15  26   4  21  17   3  17   4   5  21  21  19   3  27   8   1  23   5   6  26  26  21  12  15
   6   5  10  17  22   2  13   7  12  15  16   0   3  18  29  12  25  11  28  25  24  16  23  16  23  26   8  12  20   7  25  17  28  17  29  24   4  25   7  22  23  25   1  14  27  27   5   3  23   8
  22  13  10   8   8   5   8  26   7  12   3   3   0  16   1   5   5  25  15  24  28  26  13  20   5  12   2  11   4  15  18  14  10   1   7   9  15  10   3  13  13  16  12  10  22   3  23   6   8  28
  28  29   5  10  16   4  21  29   3  13  12  18  16   0   2  20  19   9  21   5  20   6  12   3   9  24   1  29  21  26   8   2  17  11   8  25  14  15   4  12  10  27  11  16  24  12  23  20  23  22
  25  19  26  16  14   7  10  15  19  11  25  29   1   2   0   5   8  24  19  10   5   9  16  17  20  15  29  27  26  14  29   5  29  16  24  23  11  20  11  23  11  13  18  14  18  15   9  12  24  24
  28  26  19   5   5  21  24  18  10   1  20  12   5  20   5   0  29   4  19   6   9   2  11  18  11  12  20   4  23   5   4  12   6  28  21  12  28   6  24   6   9  21  17   4  23   5  10  10  17  20
  26  27  24  13  12  15  16   8   3  27  15  25   5  19   8  29   0  14   2   5  18  16   1  19  12  12  15  26   2  22  29   4  15  15   3   4  11  19  24   2  23  20  18  10  19  14  26   8  14  22
  11   3  14  10  21   1  29  28   7  11  12  11  25   9  24   4  14   0  18  16  15  20  27   2  18  16  19   4   2  13  14   9   5   5  17   9  22  17  16  12   5  29  13  17  10  29  10   4  22  11
  27   7   9  16   4  21   2  14  13  28  11  28  15  21  19  19   2  18   0   9   8  10   9  16   8  26   5  14  28   5   4  13  12  10  21  26  13   5  25  22   7   7   6   2  10   9   3   4   2  14
  14   6  11  14  19   6  27   5  27  11   3  25  24   5  10   6   5  16   9   0  12   6  18   4   2  29   2  10  11  15   8   6  25   4   7   1  26  16  21  11  16  28  20  24   7  23  23  11  20   7
   3   2  11   9   6  18  21  21  15  18  24  24  28  20   5   9  18  15   8  12   0   9   9  26   5   7   1  15   5  14  18  22   2   6  16  19  19  12  15  17  19   6  22   1  24   6   7  19  13   6
  20   3  16  27  24  18  29  17  23   5  22  16  26   6   9   2  16  20  10   6   9   0  16  20   1  20   7  12   5   8  20  21  14   4   8  18  17  23  25  18  19  28   5   2   6   9   4  11  23  26
   5   1  12  19  16  26  11   3  12  11   9  23  13  12  16  11   1  27   9  18   9  16   0  20   5  21   3   2  12  12  17  25  11   4   8   9  27  24   7   5  28   3  20   2  14   5  17  24  18  25
  24   8   2   3  29   7   6   9   6  24  19  16  20   3  17  18  19   2  16   4  26  20  20   0  26  27  24   6  19  27  11   2  19  19  15  26   5  14  22   3   2   5   9   9  12   1  27   4   7  17
   7  23  21  16   4  26  10  12  17  24  20  23   5   9  20  11  12  18   8   2   5   1   5  26   0  24   5  16  11  15   3   5   5   3   5  17  25  26  28  12   7   9  22  14  16  28  10  27  24   6
  14   5   6  14   7   5  27   2  10   4   4  26  12  24  15  12  12  16  26  29   7  20  21  27  24   0  29  12  14   7  27  18   8  19   5   7   5   5  10   3  24   5  10   8  17  18  11  16  17  21
  13  19   5  13  29  22  13  23   3   2  15   8   2   1  29  20  15  19   5   2   1   7   3  24   5  29   0  22  15  14  12  17  13  14  11  19   9  16  17   6  12  19  23  12  24  28  23   1   4   4
   1  19   3  17  19   6  15   5  21  10  26  12  11  29  27   4  26   4  14  10  15  12   2   6  16  12  22   0  10  25  16   1  14   1  25  15  16  11  13  15   8  22   9  24  19  16   7  27   5  16
  24  22  15   9   8  24  13  24   5  27   4  20   4  21  26  23   2   2  28  11   5   5  12  19  11  14  15  10   0  29  28  14  28  28  16   8  26  14  11  10   9  24  27   9  17   5  24  21  19  21
   4  21  15  19  12   3  14   5  29  13  21   7  15  26  14   5  22  13   5  15  14   8  12  27  15   7  14  25  29   0  17  10   3  19  17   1  14  10  26  14  10   9  16  25   1  15  11  17   4   8
  29  22   5  18  22  15  18  11  10   8  17  25  18   8  29   4  29  14   4   8  18  20  17  11   3  27  12  16  28  17   0  28   5  10   6   9  25   3  19  15   5  14  12  23  24   6   4   9  28  11
   5   2  28  12  10  29  27  18  11  12   3  17  14   2   5  12   4   9  13   6  22  21  25   2   5  18  17   1  14  10  28   0   6   2  10  21  27   3  28  24  10  25  12  19  25  11  28  19  18   9
  17   1  19  10   5   5  28   4  15  29  17  28  10  17  29   6  15   5  12  25   2  14  11  19   5   8  13  14  28   3   5   6   0  22   3  13   6  23   7  17  13   1   4  27  13   9  12  15  27  19
  21  23  10  26  19  19  10  14   8  22   4  17   1  11  16  28  15   5  10   4   6   4   4  19   3  19  14   1  28  19  10   2  22   0   6  14  10  14   5  23  17   9   7  26  16  10  11   9   8   7
  16  28  13  10   7  19  15   4  17  18   5  29   7   8  24  21   3  17  21   7  16   8   8  15   5   5  11  25  16  17   6  10   3   6   0  26  10   2  17  25   2  21   9   7  16  20  25   4  20  13
  14   5   9  23   5  18   2  11  19  28  21  24   9  25  23  12   4   9  26   1  19  18   9  26  17   7  19  15   8   1   9  21  13  14  26   0   1  24  28  16   6   8   6  22   2  15  18  11  24  26
  29  18  14  19   9  15   1  23   5  22  21   4  15  14  11  28  11  22  13  26  19  17  27   5  25   5   9  16  26  14  25  27   6  10  10   1   0   4   6   6  29  22   7  16  11   1   7  21  28  18
   4  12  17  22   4   2   8   2  17  23  19  25  10  15  20   6  19  17   5  16  12  23  24  14  26   5  16  11  14  10   3   3  23  14   2  24   4   0  17   7  22   1   3  23  18   5  15   2  12   5
  26  26  19  15  14  25  29  22  12   1   3   7   3   4  11  24  24  16  25  21  15  25   7  22  28  10  17  13  11  26  19  28   7   5  17  28   6  17   0  21   7  26  25   5  20  13  22  13  16   7
  10   2  23  28  18   5  13   1  16   8  27  22  13  12  23   6   2  12  22  11  17  18   5   3  12   3   6  15  10  14  15  24  17  23  25  16   6   7  21   0  25  23   2  14   6  20  25   4  15   6
  10  14  26   7  15  10  11   3  20  19   8  23  13  10  11   9  23   5   7  16  19  19  28   2   7  24  12   8   9  10   5  10  13  17   2   6  29  22   7  25   0  15  23  25  27   5   1  14  22  22
   4  14  21   8  18   4   8   8  13  27   1  25  16  27  13  21  20  29   7  28   6  28   3   5   9   5  19  22  24   9  14  25   1   9  21   8  22   1  26  23  15   0  23  26   7  10  12  12  10  19
  18   7   4  22  19  23   5   9  22  26  23   1  12  11  18  17  18  13   6  20  22   5  20   9  22  10  23   9  27  16  12  12   4   7   9   6   7   3  25   2  23  23   0   4  15   6  20  15   2   9
   8  29  26  13   2  28  22   6   3   3   5  14  10  16  14   4  10  17   2  24   1   2   2   9  14   8  12  24   9  25  23  19  27  26   7  22  16  23   5  14  25  26   4   0  21  11   5   9   4  21
   6  17  13   5  10  23  12  16  14   5   6  27  22  24  18  23  19  10  10   7  24   6  14  12  16  17  24  19  17   1  24  25  13  16  16   2  11  18  20   6  27   7  15  21   0  25  28  21  15  13
  26   3  22  15   7  16   1   9  19  20  26  27   3  12  15   5  14  29   9  23   6   9   5   1  28  18  28  16   5  15   6  11   9  10  20  15   1   5  13  20   5  10   6  11  25   0   5   5  27  24
  15  24  11  29  23  24  23   5   6   2  26   5  23  23   9  10  26  10   3  23   7   4  17  27  10  11  23   7  24  11   4  28  12  11  25  18   7  15  22  25   1  12  20   5  28   5   0  20   5   5
  27  28  27   1  17  19  18   5   5  26  21   3   6  20  12  10   8   4   4  11  19  11  24   4  27  16   1  27  21  17   9  19  15   9   4  11  21   2  13   4  14  12  15   9  21   5  20   0   7  19
   1   2   9  21  14  11   4  17  13  10  12  23   8  23  24  17  14  22   2  20  13  23  18   7  24  17   4   5  19   4  28  18  27   8  20  24  28  12  16  15  22  10   2   4  15  27   5   7   0   4
  25   3   9  19  14   8   8  27   5   5  15   8  28  22  24  20  22  11  14   7   6  26  25  17   6  21   4  16  21   8  11   9  19   7  13  26  18   5   7   6  22  19   9  21  13  24   5  19   4   0
BRBBRRBBRBRBBRBRRRBBBBRRRRRRRRRRBBBBBBRBBBRBRRRBBR