50
0 64 88 72 13 90 12 44 56 94 100 54 1 52 97 78 31 73 91 75 17 96 85 27 100 15 65 22 19 78 8 15 88 18 46 23 18 93 75 8 84 73 32 83 3 53 12 96 4 35 
64 0 40 68 1 85 37 51 31 90 92 86 53 84 87 60 87 9 33 33 36 71 68 80 10 73 10 55 60 70 43 61 65 0 40 96 70 90 36 62 85 21 22 9 11 88 94 27 53 33 
88 40 0 20 47 53 42 99 78 97 44 86 0 91 14 86 47 99 89 91 19 20 82 80 84 95 75 82 76 76 2 52 52 12 47 25 37 44 40 23 98 19 49 62 26 87 79 60 90 60 
72 68 20 0 14 82 23 26 76 44 100 12 71 81 18 16 0 24 60 6 35 66 94 10 92 29 56 75 40 35 50 82 59 40 39 4 77 96 27 11 49 28 22 85 16 85 96 44 52 83 
13 1 47 14 0 57 60 30 47 69 64 88 38 61 57 75 1 27 43 27 98 29 23 72 3 6 98 57 27 79 80 80 45 74 79 32 67 37 48 62 10 62 16 26 100 88 68 38 66 66 
90 85 53 82 57 0 86 87 73 38 22 38 93 45 19 7 11 34 82 98 42 44 31 57 96 19 6 94 67 6 25 33 20 86 17 30 10 45 12 20 83 83 83 2 63 61 62 58 89 80 
12 37 42 23 60 86 0 69 93 35 55 1 19 81 29 77 68 23 8 63 88 8 85 85 87 77 72 17 20 4 54 79 36 83 93 76 45 87 29 76 7 37 100 92 3 1 70 5 25 49 
44 51 99 26 30 87 69 0 70 7 93 83 31 35 88 44 91 37 21 51 60 77 8 82 8 74 28 57 18 61 10 79 40 42 19 45 66 84 12 17 35 1 3 77 25 95 87 61 66 22 
56 31 78 76 47 73 93 70 0 0 14 91 39 43 67 17 84 1 93 91 81 96 74 25 41 18 63 81 66 63 39 33 58 32 84 93 62 64 31 57 70 8 46 27 93 63 94 15 33 29 
94 90 97 44 69 38 35 7 0 0 73 25 61 14 0 66 57 50 10 17 0 28 92 17 69 92 90 21 86 12 9 1 48 31 9 61 9 18 3 66 95 92 5 7 51 72 48 18 63 100 
100 92 44 100 64 22 55 93 14 73 0 18 46 78 76 10 1 10 34 3 24 24 52 98 83 50 92 43 12 89 98 11 20 22 5 34 65 35 90 84 21 44 34 43 65 68 9 35 94 43 
54 86 86 12 88 38 1 83 91 25 18 0 67 85 71 80 47 95 78 60 100 78 80 14 3 1 69 19 89 78 40 21 21 71 92 13 56 33 86 69 26 38 32 54 35 31 25 55 41 23 
1 53 0 71 38 93 19 31 39 61 46 67 0 51 44 43 91 64 65 29 0 51 88 98 91 38 16 25 99 74 30 53 100 67 31 29 49 100 20 99 42 48 41 58 9 98 6 88 51 93 
52 84 91 81 61 45 81 35 43 14 78 85 51 0 41 24 31 96 12 50 12 57 87 66 93 95 40 83 12 69 38 51 25 79 22 75 26 72 46 75 100 31 18 7 86 58 48 3 55 79 
97 87 14 18 57 19 29 88 67 0 76 71 44 41 0 41 76 31 11 17 36 92 5 28 35 43 6 39 48 99 10 46 68 69 98 12 5 91 28 50 12 0 90 85 79 39 90 91 9 83 
78 60 86 16 75 7 77 44 17 66 10 80 43 24 41 0 11 25 40 8 22 66 28 90 85 76 0 28 13 51 41 40 49 46 93 68 14 5 48 82 35 34 36 48 31 69 67 13 21 69 
31 87 47 0 1 11 68 91 84 57 1 47 91 31 76 11 0 81 5 36 85 38 43 74 51 30 68 73 17 53 54 10 54 98 7 12 29 43 2 61 37 20 98 46 4 7 56 57 35 93 
73 9 99 24 27 34 23 37 1 50 10 95 64 96 31 25 81 0 24 28 86 10 17 84 33 35 50 1 48 73 61 16 50 82 93 85 53 99 83 56 90 51 21 75 96 1 47 80 5 49 
91 33 89 60 43 82 8 21 93 10 34 78 65 12 11 40 5 24 0 6 85 81 76 92 28 5 58 83 46 79 4 50 27 38 98 56 57 27 6 60 89 49 18 23 71 19 37 35 62 8 
75 33 91 6 27 98 63 51 91 17 3 60 29 50 17 8 36 28 6 0 97 95 28 98 99 46 26 90 61 16 91 45 20 32 95 81 5 84 84 48 76 41 70 42 87 38 9 22 74 10 
17 36 19 35 98 42 88 60 81 0 24 100 0 12 36 22 85 86 85 97 0 82 57 15 64 13 71 64 95 64 89 5 17 10 84 47 84 66 4 32 45 8 5 19 63 15 28 28 86 73 
96 71 20 66 29 44 8 77 96 28 24 78 51 57 92 66 38 10 81 95 82 0 64 73 74 69 32 0 24 98 47 39 86 86 19 46 27 52 86 72 88 15 47 63 80 58 26 11 22 45 
85 68 82 94 23 31 85 8 74 92 52 80 88 87 5 28 43 17 76 28 57 64 0 20 27 96 99 58 15 61 41 95 94 41 1 28 39 50 94 93 32 64 11 80 93 72 52 94 96 93 
27 80 80 10 72 57 85 82 25 17 98 14 98 66 28 90 74 84 92 98 15 73 20 0 64 49 19 0 58 72 40 67 71 53 38 18 64 85 77 75 10 17 18 89 67 1 10 6 36 21 
100 10 84 92 3 96 87 8 41 69 83 3 91 93 35 85 51 33 28 99 64 74 27 64 0 14 25 10 13 96 73 18 76 98 84 30 61 94 26 12 12 77 53 23 44 36 48 29 80 60 
15 73 95 29 6 19 77 74 18 92 50 1 38 95 43 76 30 35 5 46 13 69 96 49 14 0 71 21 1 93 19 69 67 0 11 83 95 32 42 88 18 69 43 46 41 49 29 62 69 30 
65 10 75 56 98 6 72 28 63 90 92 69 16 40 6 0 68 50 58 26 71 32 99 19 25 71 0 94 32 5 80 50 91 13 40 64 0 50 37 80 27 85 18 22 78 94 37 44 83 56 
22 55 82 75 57 94 17 57 81 21 43 19 25 83 39 28 73 1 83 90 64 0 58 0 10 21 94 0 32 96 88 100 45 13 29 35 49 78 63 6 67 85 21 56 44 75 44 97 50 25 
19 60 76 40 27 67 20 18 66 86 12 89 99 12 48 13 17 48 46 61 95 24 15 58 13 1 32 32 0 28 86 68 19 13 33 26 90 48 49 62 36 61 13 48 96 64 83 80 92 54 
78 70 76 35 79 6 4 61 63 12 89 78 74 69 99 51 53 73 79 16 64 98 61 72 96 93 5 96 28 0 65 37 44 48 8 47 48 50 36 22 67 38 85 39 80 16 100 89 53 15 
8 43 2 50 80 25 54 10 39 9 98 40 30 38 10 41 54 61 4 91 89 47 41 40 73 19 80 88 86 65 0 77 42 17 34 48 83 40 48 62 94 59 5 97 100 39 70 51 55 49 
15 61 52 82 80 33 79 79 33 1 11 21 53 51 46 40 10 16 50 45 5 39 95 67 18 69 50 100 68 37 77 0 55 100 66 67 6 75 8 42 41 70 56 24 61 40 59 97 70 7 
88 65 52 59 45 20 36 40 58 48 20 21 100 25 68 49 54 50 27 20 17 86 94 71 76 67 91 45 19 44 42 55 0 29 50 10 72 80 50 38 62 31 37 62 68 5 55 77 87 17 
18 0 12 40 74 86 83 42 32 31 22 71 67 79 69 46 98 82 38 32 10 86 41 53 98 0 13 13 13 48 17 100 29 0 3 46 35 81 7 17 14 37 82 21 73 38 66 42 38 59 
46 40 47 39 79 17 93 19 84 9 5 92 31 22 98 93 7 93 98 95 84 19 1 38 84 11 40 29 33 8 34 66 50 3 0 77 9 44 35 6 83 75 52 1 27 59 22 16 30 44 
23 96 25 4 32 30 76 45 93 61 34 13 29 75 12 68 12 85 56 81 47 46 28 18 30 83 64 35 26 47 48 67 10 46 77 0 12 66 34 18 63 0 66 12 27 18 52 33 33 20 
18 70 37 77 67 10 45 66 62 9 65 56 49 26 5 14 29 53 57 5 84 27 39 64 61 95 0 49 90 48 83 6 72 35 9 12 0 34 14 43 14 98 89 55 14 68 46 2 11 87 
93 90 44 96 37 45 87 84 64 18 35 33 100 72 91 5 43 99 27 84 66 52 50 85 94 32 50 78 48 50 40 75 80 81 44 66 34 0 10 60 98 29 84 28 92 32 40 34 65 40 
75 36 40 27 48 12 29 12 31 3 90 86 20 46 28 48 2 83 6 84 4 86 94 77 26 42 37 63 49 36 48 8 50 7 35 34 14 10 0 71 35 89 36 62 29 89 78 78 15 90 
8 62 23 11 62 20 76 17 57 66 84 69 99 75 50 82 61 56 60 48 32 72 93 75 12 88 80 6 62 22 62 42 38 17 6 18 43 60 71 0 1 60 26 37 47 68 4 38 97 84 
84 85 98 49 10 83 7 35 70 95 21 26 42 100 12 35 37 90 89 76 45 88 32 10 12 18 27 67 36 67 94 41 62 14 83 63 14 98 35 1 0 35 82 10 70 61 88 54 43 60 
73 21 19 28 62 83 37 1 8 92 44 38 48 31 0 34 20 51 49 41 8 15 64 17 77 69 85 85 61 38 59 70 31 37 75 0 98 29 89 60 35 0 44 55 57 74 13 46 74 2 
32 22 49 22 16 83 100 3 46 5 34 32 41 18 90 36 98 21 18 70 5 47 11 18 53 43 18 21 13 85 5 56 37 82 52 66 89 84 36 26 82 44 0 50 27 9 17 74 95 53 
83 9 62 85 26 2 92 77 27 7 43 54 58 7 85 48 46 75 23 42 19 63 80 89 23 46 22 56 48 39 97 24 62 21 1 12 55 28 62 37 10 55 50 0 37 60 88 44 73 76 
3 11 26 16 100 63 3 25 93 51 65 35 9 86 79 31 4 96 71 87 63 80 93 67 44 41 78 44 96 80 100 61 68 73 27 27 14 92 29 47 70 57 27 37 0 4 68 41 44 83 
53 88 87 85 88 61 1 95 63 72 68 31 98 58 39 69 7 1 19 38 15 58 72 1 36 49 94 75 64 16 39 40 5 38 59 18 68 32 89 68 61 74 9 60 4 0 46 35 67 32 
12 94 79 96 68 62 70 87 94 48 9 25 6 48 90 67 56 47 37 9 28 26 52 10 48 29 37 44 83 100 70 59 55 66 22 52 46 40 78 4 88 13 17 88 68 46 0 55 78 87 
96 27 60 44 38 58 5 61 15 18 35 55 88 3 91 13 57 80 35 22 28 11 94 6 29 62 44 97 80 89 51 97 77 42 16 33 2 34 78 38 54 46 74 44 41 35 55 0 39 57 
4 53 90 52 66 89 25 66 33 63 94 41 51 55 9 21 35 5 62 74 86 22 96 36 80 69 83 50 92 53 55 70 87 38 30 33 11 65 15 97 43 74 95 73 44 67 78 39 0 9 
35 33 60 83 66 80 49 22 29 100 43 23 93 79 83 69 93 49 8 10 73 45 93 21 60 30 56 25 54 15 49 7 17 59 44 20 87 40 90 84 60 2 53 76 83 32 87 57 9 0 
RBBRRRBBRRBRBRRRRRBBRBRBBBRRRBBBBRBRRBRBBRBRBBRBBR