50
0 100 46 69 46 74 42 67 56 57 11 52 30 88 97 48 78 51 83 1 50 19 69 34 31 6 81 83 54 4 57 56 24 94 6 11 47 77 31 33 100 68 99 6 60 89 83 24 53 55
100 0 98 1 71 5 39 55 3 9 40 18 6 14 30 16 10 35 16 62 32 43 82 68 89 46 91 12 38 81 92 99 56 11 83 62 95 13 74 94 24 52 1 41 64 46 26 52 59 90
46 98 0 30 31 97 43 60 55 46 48 85 10 96 52 79 97 63 19 20 70 1 74 10 27 19 60 87 81 11 35 75 45 89 12 78 17 66 1 6 98 66 62 22 91 75 65 27 29 52
69 1 30 0 67 1 82 96 21 26 96 50 19 11 8 22 2 53 25 66 24 98 48 64 75 29 83 44 52 70 51 47 70 16 86 71 52 42 79 82 65 49 36 52 21 21 16 64 65 89
46 71 31 67 0 66 43 38 2 83 8 85 76 81 95 95 88 93 52 55 92 58 21 47 46 18 4 95 92 30 51 78 34 26 2 8 17 50 86 44 66 78 11 31 27 96 64 26 12 22
74 5 97 1 66 0 66 72 3 5 76 47 1 6 42 20 47 60 22 30 79 95 85 62 68 90 100 13 50 91 52 18 27 37 61 61 68 38 88 41 15 26 35 96 25 50 84 96 60 82
42 39 43 82 43 66 0 16 97 92 38 69 5 70 67 73 67 33 66 55 98 26 9 37 32 29 9 93 65 7 1 53 6 73 27 51 28 71 56 15 77 68 81 16 65 97 94 43 5 9
67 55 60 96 38 72 16 0 71 83 31 97 7 61 52 83 54 84 35 30 64 43 6 5 25 4 10 59 70 38 16 87 13 91 39 41 56 46 15 17 67 58 100 23 89 96 49 23 29 41
56 3 55 21 2 3 97 71 0 15 78 19 78 37 52 63 83 50 39 33 38 96 89 92 95 94 71 15 56 81 53 73 81 2 6 8 99 30 63 88 35 30 41 81 3 64 51 83 75 68
57 9 46 26 83 5 92 83 15 0 82 19 8 60 37 100 8 64 23 94 62 65 95 53 77 95 72 10 4 99 91 43 84 26 69 56 90 18 66 85 49 34 38 72 34 31 28 61 65 57
11 40 48 96 8 76 38 31 78 82 0 57 4 39 80 91 52 92 56 5 70 14 35 40 17 42 52 75 39 1 21 69 7 60 56 56 100 66 53 19 91 76 60 5 62 33 88 15 12 68
52 18 85 50 85 47 69 97 19 19 57 0 9 40 46 2 41 17 32 98 4 91 16 45 52 58 61 49 15 28 80 34 87 49 55 69 82 26 75 80 25 1 16 79 36 29 11 37 97 68
30 6 10 19 76 1 5 7 78 8 4 9 0 12 5 6 6 6 10 3 59 21 60 2 2 9 14 8 61 5 66 21 20 26 51 69 1 40 4 2 8 13 6 15 90 24 75 93 15 89
88 14 96 11 81 6 70 61 37 60 39 40 12 0 35 33 14 57 27 96 12 71 83 97 42 90 34 57 18 42 80 8 79 31 87 54 18 36 93 51 49 17 13 90 9 51 33 45 71 62
97 30 52 8 95 42 67 52 52 37 80 46 5 35 0 71 10 12 11 71 70 62 39 87 52 67 89 29 41 97 90 16 78 8 51 64 54 32 82 90 41 30 51 50 14 16 39 58 76 100
48 16 79 22 95 20 73 83 63 100 91 2 6 33 71 0 62 37 71 96 56 71 68 57 66 98 64 38 22 72 98 36 46 35 42 73 100 72 51 62 29 1 81 82 19 95 15 53 80 59
78 10 97 2 88 47 67 54 83 8 52 41 6 14 10 62 0 5 13 86 36 49 51 25 47 74 83 27 44 89 42 12 97 9 90 95 94 19 80 35 3 31 43 40 58 33 18 91 97 60
51 35 63 53 93 60 33 84 50 64 92 17 6 57 12 37 5 0 32 99 55 92 91 100 66 47 75 49 29 86 89 53 63 19 88 96 68 17 78 74 33 23 48 72 24 68 14 81 80 26
83 16 19 25 52 22 66 35 39 23 56 32 10 27 11 71 13 32 0 82 30 74 51 59 71 58 89 15 17 46 88 9 81 26 75 67 74 13 89 74 32 5 48 84 34 32 21 80 79 74
1 62 20 66 55 30 55 30 33 94 5 98 3 96 71 96 86 99 82 0 67 53 34 7 9 23 50 72 87 1 44 98 50 85 41 25 50 50 14 39 72 62 56 41 39 61 39 19 44 28
50 32 70 24 92 79 98 64 38 62 70 4 59 12 70 56 36 55 30 67 0 72 75 87 80 54 53 13 9 81 1 61 65 93 54 83 66 27 91 55 26 47 33 78 21 3 7 2 98 95
19 43 1 98 58 95 26 43 96 65 14 91 21 71 62 71 49 92 74 53 72 0 16 79 27 15 7 82 45 5 3 72 40 45 63 62 25 98 21 57 48 100 44 34 65 68 70 46 63 11
69 82 74 48 21 85 9 6 89 95 35 16 60 83 39 68 51 91 51 34 75 16 0 11 42 14 28 67 99 19 6 62 84 88 48 17 33 64 16 1 59 23 13 6 96 44 90 37 2 20
34 68 10 64 47 62 37 5 92 53 40 45 2 97 87 57 25 100 59 7 87 79 11 0 66 20 11 92 84 37 47 57 45 51 18 55 30 26 39 42 91 55 67 58 40 59 79 55 35 37
31 89 27 75 46 68 32 25 95 77 17 52 2 42 52 66 47 66 71 9 80 27 42 66 0 54 68 54 96 4 11 58 12 97 53 22 11 54 41 10 78 85 36 72 53 77 91 15 27 36
6 46 19 29 18 90 29 4 94 95 42 58 9 90 67 98 74 47 58 23 54 15 14 20 54 0 17 66 57 4 17 57 19 59 61 15 50 69 22 10 58 61 62 69 91 51 61 26 14 66
81 91 60 83 4 100 9 10 71 72 52 61 14 34 89 64 83 75 89 50 53 7 28 11 68 17 0 33 25 45 25 95 20 75 39 42 27 65 48 45 83 84 45 37 89 49 56 1 14 49
83 12 87 44 95 13 93 59 15 10 75 49 8 57 29 38 27 49 15 72 13 82 67 92 54 66 33 0 42 68 57 42 78 50 53 47 72 26 81 99 3 54 49 86 43 29 21 56 44 100
54 38 81 52 92 50 65 70 56 4 39 15 61 18 41 22 44 29 17 87 9 45 99 84 96 57 25 42 0 65 11 67 68 42 98 56 87 43 100 65 32 73 37 49 10 25 3 7 91 96
4 81 11 70 30 91 7 38 81 99 1 28 5 42 97 72 89 86 46 1 81 5 19 37 4 4 45 68 65 0 57 74 21 90 6 32 58 64 10 26 77 97 62 77 99 98 55 38 33 27
57 92 35 51 51 52 1 16 53 91 21 80 66 80 90 98 42 89 88 44 1 3 6 47 11 17 25 57 11 57 0 67 19 83 7 28 30 80 31 16 60 59 86 39 97 51 23 12 19 34
56 99 75 47 78 18 53 87 73 43 69 34 21 8 16 36 12 53 9 98 61 72 62 57 58 57 95 42 67 74 67 0 84 10 91 77 65 2 10 52 38 2 39 88 75 83 78 62 89 77
24 56 45 70 34 27 6 13 81 84 7 87 20 79 78 46 97 63 81 50 65 40 84 45 12 19 20 78 68 21 19 84 0 65 58 52 39 70 31 78 87 91 73 18 67 100 82 6 17 24
94 11 89 16 26 37 73 91 2 26 60 49 26 31 8 35 9 19 26 85 93 45 88 51 97 59 75 50 42 90 83 10 65 0 95 60 52 23 98 74 36 39 43 86 31 10 12 65 87 85
6 83 12 86 2 61 27 39 6 69 56 55 51 87 51 42 90 88 75 41 54 63 48 18 53 61 39 53 98 6 7 91 58 95 0 1 56 42 76 22 64 97 88 34 16 68 73 21 33 44
11 62 78 71 8 61 51 41 8 56 56 69 69 54 64 73 95 96 67 25 83 62 17 55 22 15 42 47 56 32 28 77 52 60 1 0 66 59 18 3 71 97 70 66 35 43 99 32 34 38
47 95 17 52 17 68 28 56 99 90 100 82 1 18 54 100 94 68 74 50 66 25 33 30 11 50 27 72 87 58 30 65 39 52 56 66 0 82 7 38 65 89 57 14 93 100 72 37 10 38
77 13 66 42 50 38 71 46 30 18 66 26 40 36 32 72 19 17 13 50 27 98 64 26 54 69 65 26 43 64 80 2 70 23 42 59 82 0 88 60 36 40 6 76 34 2 15 95 89 58
31 74 1 79 86 88 56 15 63 66 53 75 4 93 82 51 80 78 89 14 91 21 16 39 41 22 48 81 100 10 31 10 31 98 76 18 7 88 0 61 89 55 84 25 92 98 97 90 29 37
33 94 6 82 44 41 15 17 88 85 19 80 2 51 90 62 35 74 74 39 55 57 1 42 10 10 45 99 65 26 16 52 78 74 22 3 38 60 61 0 18 42 98 9 72 51 24 31 23 10
100 24 98 65 66 15 77 67 35 49 91 25 8 49 41 29 3 33 32 72 26 48 59 91 78 58 83 3 32 77 60 38 87 36 64 71 65 36 89 18 0 4 2 72 55 39 37 50 72 35
68 52 66 49 78 26 68 58 30 34 76 1 13 17 30 1 31 23 5 62 47 100 23 55 85 61 84 54 73 97 59 2 91 39 97 97 89 40 55 42 4 0 20 44 25 37 25 74 84 100
99 1 62 36 11 35 81 100 41 38 60 16 6 13 51 81 43 48 48 56 33 44 13 67 36 62 45 49 37 62 86 39 73 43 88 70 57 6 84 98 2 20 0 91 31 6 28 95 69 59
6 41 22 52 31 96 16 23 81 72 5 79 15 90 50 82 40 72 84 41 78 34 6 58 72 69 37 86 49 77 39 88 18 86 34 66 14 76 25 9 72 44 91 0 53 54 63 4 15 28
60 64 91 21 27 25 65 89 3 34 62 36 90 9 14 19 58 24 34 39 21 65 96 40 53 91 89 43 10 99 97 75 67 31 16 35 93 34 92 72 55 25 31 53 0 39 15 78 76 40
89 46 75 21 96 50 97 96 64 31 33 29 24 51 16 95 33 68 32 61 3 68 44 59 77 51 49 29 25 98 51 83 100 10 68 43 100 2 98 51 39 37 6 54 39 0 24 48 78 19
83 26 65 16 64 84 94 49 51 28 88 11 75 33 39 15 18 14 21 39 7 70 90 79 91 61 56 21 3 55 23 78 82 12 73 99 72 15 97 24 37 25 28 63 15 24 0 5 66 70
24 52 27 64 26 96 43 23 83 61 15 37 93 45 58 53 91 81 80 19 2 46 37 55 15 26 1 56 7 38 12 62 6 65 21 32 37 95 90 31 50 74 95 4 78 48 5 0 75 32
53 59 29 65 12 60 5 29 75 65 12 97 15 71 76 80 97 80 79 44 98 63 2 35 27 14 14 44 91 33 19 89 17 87 33 34 10 89 29 23 72 84 69 15 76 78 66 75 0 20
55 90 52 89 22 82 9 41 68 57 68 68 89 62 100 59 60 26 74 28 95 11 20 37 36 66 49 100 96 27 34 77 24 85 44 38 38 58 37 10 35 100 59 28 40 19 70 32 20 0
RBRBRBRRBBRBBBBBBBBRBRRRRRRBBRRBRBRRRBRRBBBRBBBRRR
