50 
 0 48 22 52 98 16 25 93  5 24 59 54 25 30 43 40  4 14 68 48 76 29 78 59 61 6 31 63 54 28 41 22 65  4 48 63 30 26 39 80 81 68 47 33 19 62 48 51 58 55
48  0 57 44 67 44 34 24 20 20 24 48 49 73 35 29 32 13 50 51 22 58 71 80 69 48 33 55 35 45 64 59 42 29 70 23 90 74 65 29  8 22 57 35 72 58 18 54 45 26
22 57  0 42 47 53 81 67 36 38 55 44 44 51 49 14 63 48 10 64 32 59 83 30 80 64 76 46 37 66 77 61 24 14 92 56 41 61 47 61 44 14 32 52 43 41 42 39 38  6
52 44 42  0 38 68 48 64 39 39 14 37 45 10 87 22 54 82 59 42 60 63 42 55 22 38 33 56 41 60  6 58 37 36 39 51 49 72 48 84 89 30  9 31 48 42 61 78 57 35
98 67 47 38  0 40 54 94 60 37 69 66 46 33 70 93 69 39 74 67 61 71 53 46 40 58 55 73 47 86 49 47 41 11 48 45 53 35 21 24 68 78 56 68 82 83 38 13 20 50
16 44 53 68 40  0 51 54 67  5 59 53 41 32 35 83 50 61 10 37 72 58 44 85 29 64 53 70 81 42 37 57 88 69 56 62 28 58 19 24 27 21 63 61 39 75 62 10 65 55
25 34 81 48 54 51  0 43 61 52 62 55 64 82 84 75 43 41 14 55 65 63 53 31 59 29 46 64 72 43 15 70 75 69 47 47 22 74  5 71 11 47 71 27 73 33 78 67 37 23
93 24 67 64 94 54 43  0 42 73 23 24 91 54 33 54 26 33 13 89 57 54 40 38 83 45 34 49 50  9 55 58 97 36 44 46 77 36 48 79 88 67 59 74 64 45 46 72 26 37
 5 20 36 39 60 67 61 42  0 36 63 62 35 47 19 48 35 41 77 67 58 87 79 78 89 78 75 24 64 49 54 74 61 66 46 52 51 62 24 41 67 17 61 48 65 50 26 28 51 23
24 20 38 39 37  5 52 73 36  0 78 25 67 30  9 71 83 79 94 65 49  9 46 36 16 88 55 35 40 49 67 37 20 71 55 34 54 81 37 29 46 51 44 58 60 55 18 17 33 69
59 24 55 14 69 59 62 23 63 78  0  7 81 47 54 43 46 59 87 24 60 72 39 59 39 77 77 55 67 17 60 43 36 53 71 12 31 72 70 72 48 66 85 50 30 33 47 76 77 32
54 48 44 37 66 53 55 24 62 25  7  0 70 59 68 44 15 43 56 47 52 69 40 50 50 40 53 55 81 57 57 31 69 49 50 82 42 47 15 89 60 84 70 43 36 31 65 41 56 82
25 49 44 45 46 41 64 91 35 67 81 70  0 28 49 34 50 36 33 66 10 67 44 18 61 42 68 63 80 17 79 15 18 16 93 43 32 23 36 61 41 50 48 31 45 57 14 35 34 67
30 73 51 10 33 32 82 54 47 30 47 59 28  0 45 60 62 39 74 39 34 51 27 33 34 64 83 31 52 47 10 74 13 44 59 72 59 68 49 35 54 55 61 90 63 56  5 40 73 56
43 35 49 87 70 35 84 33 19  9 54 68 49 45  0 60 48 31 56 64 58 58 17 29 72 42 65 74 27 73 73 34 96 51 18 18 79 11 18 36 77 36 58 26 86 61 82 40 57 54
40 29 14 22 93 83 75 54 48 71 43 44 34 60 60  0 42 15 85 64 29 26 18 73 44 36 41 26 24 41 70 41 45 24 58 44  8 38 53 55  8 64 35 21 58 19 35 71 36 37
 4 32 63 54 69 50 43 26 35 83 46 15 50 62 48 42  0 57 49 72 49 60 39 54 91 22 38 55 40 67 74 47 41 25 57 49 24 77 59 32 71 49 59 54 12 68 59 67 53 60
14 13 48 82 39 61 41 33 41 79 59 43 36 39 31 15 57  0 74 36 48 29 74 51 43 77 70 24 45 63 35 18 85 48 45 59 62 86 26 36 45 32 82 45 48 69 29 68 28 64
68 50 10 59 74 10 14 13 77 94 87 56 33 74 56 85 49 74  0 19 44 28 64 69 53 63 39 47 15 59 37 17 97 75 33 14 36 28 48 71 73 75 33 31 53 27 41 87 74 56
48 51 64 42 67 37 55 89 67 65 24 47 66 39 64 64 72 36 19  0 98 77 57 34 51 24 24 53 56 31 26  5 27 50 50 52 61 82 45 61 80 67  7 74 73 53 14 44 66 13
76 22 32 60 61 72 65 57 58 49 60 52 10 34 58 29 49 48 44 98  0 40  7 22 11 83 65 56 56 60 49 72 30 57 94 95 18 62 35 43 43 67 41 65 82 10  5 70 37 75
29 58 59 63 71 58 63 54 87  9 72 69 67 51 58 26 60 29 28 77 40  0 64 28 34 61 56 19 80 54 47 33 23 84 23 26 35 98 60 77 51 49 41 58 93 57 58 85 56 60
78 71 83 42 53 44 53 40 79 46 39 40 44 27 17 18 39 74 64 57  7 64  0 49 60 39 48 11 79 45 47 52 68 52 77 27 71 24 51 36 44 83 21 44 58  7 13 45 33 56
59 80 30 55 46 85 31 38 78 36 59 50 18 33 29 73 54 51 69 34 22 28 49  0 43 78 38 35 49 69 26 63 67 22 33 19 68 68 95 57 51 32 23 39 37 39 49 67 68 22
61 69 80 22 40 29 59 83 89 16 39 50 61 34 72 44 91 43 53 51 11 34 60 43  0 63 85 63 91 32 50 65 87 52 81 56 76 14 44 19 90 54 48 51 24 77 59 94 42 63
 6 48 64 38 58 64 29 45 78 88 77 40 42 64 42 36 22 77 63 24 83 61 39 78 63  0 54 60 89 31 60 70 21 37 28 42 51 27 73 27 74 31 22 61 43 43 64 74 34 50
31 33 76 33 55 53 46 34 75 55 77 53 68 83 65 41 38 70 39 24 65 56 48 38 85 54  0 47 19 42 75 56 61 34 48 83 74 52 40 84 40 77 84 54 37 51 47 42 67 67
63 55 46 56 73 70 64 49 24 35 55 55 63 31 74 26 55 24 47 53 56 19 11 35 63 60 47  0 96 19 69 80 60 27 54 42 57 85 72 13 59 53 86 27  5 39 28 81  9 81
54 35 37 41 47 81 72 50 64 40 67 81 80 52 27 24 40 45 15 56 56 80 79 49 91 89 19 96  0 68 75 67 28 52 69 83 77 61 33 46  7 66 88 94 39 70 49 29 70 49
28 45 66 60 86 42 43  9 49 49 17 57 17 47 73 41 67 63 59 31 60 54 45 69 32 31 42 19 68  0 32 26 26 43 75 80 42 61 53 43 30 53 65 26 61 45 28 67 19 48
41 64 77  6 49 37 15 55 54 67 60 57 79 10 73 70 74 35 37 26 49 47 47 26 50 60 75 69 75 32  0 20 95 45 55 89 75 64 64 16 57 37 67 38 20 14 50 46 51 83
22 59 61 58 47 57 70 58 74 37 43 31 15 74 34 41 47 18 17  5 72 33 52 63 65 70 56 80 67 26 20  0 37 64 43 63 92 85 48 18 64 60 15 35 88 57 52 38 28 55
65 42 24 37 41 88 75 97 61 20 36 69 18 13 96 45 41 85 97 27 30 23 68 67 87 21 61 60 28 26 95 37  0 49 50 52 29 52 86 52 74 32 27 37 37 59 30 54 78 38
 4 29 14 36 11 69 69 36 66 71 53 49 16 44 51 24 25 48 75 50 57 84 52 22 52 37 34 27 52 43 45 64 49  0 47 44 52 43  3 69 63 69 47 74 21 39 67 49 68 66
48 70 92 39 48 56 47 44 46 55 71 50 93 59 18 58 57 45 33 50 94 23 77 33 81 28 48 54 69 75 55 43 50 47  0 14 55 61 54 57 34 61 36 90 74 11 68 21 60 50
63 23 56 51 45 62 47 46 52 34 12 82 43 72 18 44 49 59 14 52 95 26 27 19 56 42 83 42 83 80 89 63 52 44 14  0 63 52 41 34  5 53 29 96 59 52 46 16 70 52
30 90 41 49 53 28 22 77 51 54 31 42 32 59 79  8 24 62 36 61 18 35 71 68 76 51 74 57 77 42 75 92 29 52 55 63  0 62 75 27 39 36 47 30 45 64 16 51 28 77
26 74 61 72 35 58 74 36 62 81 72 47 23 68 11 38 77 86 28 82 62 98 24 68 14 27 52 85 61 61 64 85 52 43 61 52 62  0 41 36 85 45 74 87 37 75 83 66 17 47
39 65 47 48 21 19  5 48 24 37 70 15 36 49 18 53 59 26 48 45 35 60 51 95 44 73 40 72 33 53 64 48 86  3 54 41 75 41  0 78 37 55 22 83 84 27 48 80 21 44
80 29 61 84 24 24 71 79 41 29 72 89 61 35 36 55 32 36 71 61 43 77 36 57 19 27 84 13 46 43 16 18 52 69 57 34 27 36 78  0 77 57 57 50 39 45 67 53 68 89
81  8 44 89 68 27 11 88 67 46 48 60 41 54 77  8 71 45 73 80 43 51 44 51 90 74 40 59  7 30 57 64 74 63 34  5 39 85 37 77  0 59 20 58 82 42 34 38 55 15
68 22 14 30 78 21 47 67 17 51 66 84 50 55 36 64 49 32 75 67 67 49 83 32 54 31 77 53 66 53 37 60 32 69 61 53 36 45 55 57 59  0 87 87 69 50 45 44 61 61
47 57 32  9 56 63 71 59 61 44 85 70 48 61 58 35 59 82 33  7 41 41 21 23 48 22 84 86 88 65 67 15 27 47 36 29 47 74 22 57 20 87  0 48 90 33 55 64 35 82
33 35 52 31 68 61 27 74 48 58 50 43 31 90 26 21 54 45 31 74 65 58 44 39 51 61 54 27 94 26 38 35 37 74 90 96 30 87 83 50 58 87 48  0 67 58 48 31 37 48
19 72 43 48 82 39 73 64 65 60 30 36 45 63 86 58 12 48 53 73 82 93 58 37 24 43 37  5 39 61 20 88 37 21 74 59 45 37 84 39 82 69 90 67  0 15 63 16 23 80
62 58 41 42 83 75 33 45 50 55 33 31 57 56 61 19 68 69 27 53 10 57  7 39 77 43 51 39 70 45 14 57 59 39 11 52 64 75 27 45 42 50 33 58 15  0 91 16 94 34
48 18 42 61 38 62 78 46 26 18 47 65 14  5 82 35 59 29 41 14  5 58 13 49 59 64 47 28 49 28 50 52 30 67 68 46 16 83 48 67 34 45 55 48 63 91  0 55 51 15
51 54 39 78 13 10 67 72 28 17 76 41 35 40 40 71 67 68 87 44 70 85 45 67 94 74 42 81 29 67 46 38 54 49 21 16 51 66 80 53 38 44 64 31 16 16 55  0 50 73
58 45 38 57 20 65 37 26 51 33 77 56 34 73 57 36 53 28 74 66 37 56 33 68 42 34 67  9 70 19 51 28 78 68 60 70 28 17 21 68 55 61 35 37 23 94 51 50  0 75
55 26  6 35 50 55 23 37 23 69 32 82 67 56 54 37 60 64 56 13 75 60 56 22 63 50 67 81 49 48 83 55 38 66 50 52 77 47 44 89 15 61 82 48 80 34 15 73 75  0
RRRRRRRRRRRRRRRRRRRRRRRRRBBBBBBBBBBBBBBBBBBBBBBBBB