50
0 20 50 52 51 55 49 49 50 49 55 50 48 45 55 52 46 53 50 53 46 54 53 52 49 54 47 46 52 49 50 45 48 47 53 51 48 52 48 51 55 51 51 45 55 45 50 45 52 53 
20 0 28 51 51 46 50 50 52 55 53 54 51 55 55 46 50 54 49 53 51 52 52 45 48 47 51 50 54 49 50 47 52 50 50 47 53 45 49 49 52 53 54 45 49 52 54 51 54 50 
50 28 0 24 45 52 48 48 53 47 52 45 52 48 45 55 45 54 53 53 51 54 53 47 51 51 46 54 50 53 51 48 45 55 53 49 50 51 51 53 53 53 55 49 51 54 46 51 55 53 
52 51 24 0 26 50 54 47 55 48 55 52 55 46 53 50 45 50 54 49 50 46 46 45 54 45 54 53 49 49 55 48 47 54 48 47 47 46 47 55 45 52 47 45 52 45 52 54 54 55 
51 51 45 26 0 28 53 45 49 48 52 51 55 47 55 55 47 54 48 52 54 52 55 47 52 47 51 49 46 54 50 47 45 49 55 52 46 47 50 51 46 53 51 51 47 50 53 49 50 50 
55 46 52 50 28 0 29 47 50 51 45 54 50 52 50 50 49 54 45 52 49 48 53 45 55 48 49 55 45 46 49 46 48 45 55 54 49 51 54 45 46 53 48 47 47 49 49 55 51 46 
49 50 48 54 53 29 0 20 48 46 45 55 46 55 54 50 51 53 48 49 47 46 48 45 53 53 47 48 52 47 49 45 45 47 50 48 48 48 54 50 48 51 52 46 47 54 51 45 49 51 
49 50 48 47 45 47 20 0 22 45 48 51 54 49 46 53 46 49 55 48 45 47 48 53 49 48 49 51 46 52 52 51 45 45 53 50 49 46 47 45 54 45 48 46 48 50 46 53 50 46 
50 52 53 55 49 50 48 22 0 23 55 48 52 50 48 48 48 52 49 47 50 46 51 47 53 54 54 53 48 48 53 46 48 46 48 50 54 48 45 47 45 46 48 48 47 47 49 47 55 46 
49 55 47 48 48 51 46 45 23 0 23 55 53 55 55 45 48 54 54 49 47 50 52 49 46 49 45 47 53 53 52 55 50 52 45 53 54 48 54 52 54 55 46 54 52 45 53 51 54 52 
55 53 52 55 52 45 45 48 55 23 0 29 45 51 50 46 48 51 53 55 54 47 52 53 49 50 52 49 55 50 45 52 46 48 55 54 48 49 47 53 51 46 51 48 55 55 55 45 52 45 
50 54 45 52 51 54 55 51 48 55 29 0 24 46 50 52 45 49 51 55 54 47 54 55 47 45 53 45 53 51 47 52 46 46 45 55 47 46 45 48 49 50 50 54 45 50 51 55 49 55 
48 51 52 55 55 50 46 54 52 53 45 24 0 26 53 49 55 48 47 52 48 51 46 48 54 52 45 47 50 48 48 47 47 48 51 45 53 46 54 51 53 45 52 52 48 48 45 46 53 48 
45 55 48 46 47 52 55 49 50 55 51 46 26 0 22 49 53 55 47 45 53 52 53 50 54 55 50 45 53 51 53 47 45 53 48 51 52 55 49 49 49 50 53 45 46 53 53 45 51 51 
55 55 45 53 55 50 54 46 48 55 50 50 53 22 0 29 54 54 50 54 49 46 55 49 48 55 47 55 52 51 54 52 51 51 46 55 45 50 55 54 52 45 49 53 49 49 55 54 55 47 
52 46 55 50 55 50 50 53 48 45 46 52 49 49 29 0 24 46 45 48 50 46 46 54 54 48 50 49 51 51 46 46 51 55 52 54 53 46 48 52 55 45 53 51 53 49 49 53 53 46 
46 50 45 45 47 49 51 46 48 48 48 45 55 53 54 24 0 21 45 52 49 48 46 45 49 55 47 52 46 50 53 51 46 47 50 52 53 53 45 48 51 46 54 50 50 50 46 48 49 49 
53 54 54 50 54 54 53 49 52 54 51 49 48 55 54 46 21 0 29 51 52 54 51 51 45 50 53 49 53 51 46 54 52 48 54 52 50 55 48 50 55 52 50 55 52 49 47 54 49 47 
50 49 53 54 48 45 48 55 49 54 53 51 47 47 50 45 45 29 0 20 47 45 45 45 54 49 54 53 47 48 47 55 47 46 52 53 55 51 50 46 49 52 54 55 55 51 50 53 55 47 
53 53 53 49 52 52 49 48 47 49 55 55 52 45 54 48 52 51 20 0 22 47 49 54 45 51 51 55 48 54 51 50 46 54 55 46 53 53 47 49 55 52 47 52 47 53 47 51 54 49 
46 51 51 50 54 49 47 45 50 47 54 54 48 53 49 50 49 52 47 22 0 24 53 48 54 47 52 46 50 48 48 55 50 46 47 54 45 46 51 52 48 49 46 46 53 54 52 45 46 45 
54 52 54 46 52 48 46 47 46 50 47 47 51 52 46 46 48 54 45 47 24 0 30 55 50 50 54 50 45 54 47 48 49 52 52 48 55 49 45 45 46 46 49 49 52 49 55 45 53 49 
53 52 53 46 55 53 48 48 51 52 52 54 46 53 55 46 46 51 45 49 53 30 0 27 46 50 50 47 46 55 54 46 50 51 45 53 50 49 51 48 45 50 53 46 49 47 50 53 54 53 
52 45 47 45 47 45 45 53 47 49 53 55 48 50 49 54 45 51 45 54 48 55 27 0 25 45 52 51 51 46 55 46 48 54 55 50 54 47 55 45 46 50 49 53 47 50 47 45 46 47 
49 48 51 54 52 55 53 49 53 46 49 47 54 54 48 54 49 45 54 45 54 50 46 25 0 21 51 50 50 51 46 46 55 55 50 52 54 49 53 46 53 51 45 51 53 45 46 54 53 46 
54 47 51 45 47 48 53 48 54 49 50 45 52 55 55 48 55 50 49 51 47 50 50 45 21 0 60 47 49 50 45 49 47 51 49 49 51 51 53 53 47 50 53 47 49 52 49 46 53 46 
47 51 46 54 51 49 47 49 54 45 52 53 45 50 47 50 47 53 54 51 52 54 50 52 51 60 0 21 49 47 48 53 50 50 53 47 54 46 47 49 50 55 54 55 52 47 51 54 50 50 
46 50 54 53 49 55 48 51 53 47 49 45 47 45 55 49 52 49 53 55 46 50 47 51 50 47 21 0 21 46 51 52 52 53 54 48 51 54 50 55 50 47 45 50 52 53 55 49 50 50 
52 54 50 49 46 45 52 46 48 53 55 53 50 53 52 51 46 53 47 48 50 45 46 51 50 49 49 21 0 24 50 47 54 52 51 52 51 46 48 52 55 45 54 47 51 54 45 55 53 46 
49 49 53 49 54 46 47 52 48 53 50 51 48 51 51 51 50 51 48 54 48 54 55 46 51 50 47 46 24 0 28 53 55 52 53 48 45 53 55 54 55 55 47 53 46 45 49 48 46 55 
50 50 51 55 50 49 49 52 53 52 45 47 48 53 54 46 53 46 47 51 48 47 54 55 46 45 48 51 50 28 0 22 49 46 45 45 45 47 48 48 50 49 53 55 45 52 46 50 51 52 
45 47 48 48 47 46 45 51 46 55 52 52 47 47 52 46 51 54 55 50 55 48 46 46 46 49 53 52 47 53 22 0 24 48 46 46 47 48 50 53 52 50 55 52 53 53 49 49 48 55 
48 52 45 47 45 48 45 45 48 50 46 46 47 45 51 51 46 52 47 46 50 49 50 48 55 47 50 52 54 55 49 24 0 23 46 51 52 46 53 46 55 48 46 54 48 52 55 52 49 52 
47 50 55 54 49 45 47 45 46 52 48 46 48 53 51 55 47 48 46 54 46 52 51 54 55 51 50 53 52 52 46 48 23 0 24 55 51 45 50 49 52 49 54 55 45 49 52 52 46 54 
53 50 53 48 55 55 50 53 48 45 55 45 51 48 46 52 50 54 52 55 47 52 45 55 50 49 53 54 51 53 45 46 46 24 0 28 53 46 55 54 55 45 55 52 51 53 55 54 49 50 
51 47 49 47 52 54 48 50 50 53 54 55 45 51 55 54 52 52 53 46 54 48 53 50 52 49 47 48 52 48 45 46 51 55 28 0 24 55 55 45 50 52 52 53 48 50 46 51 53 49 
48 53 50 47 46 49 48 49 54 54 48 47 53 52 45 53 53 50 55 53 45 55 50 54 54 51 54 51 51 45 45 47 52 51 53 24 0 26 51 46 53 53 55 48 46 50 49 46 46 52 
52 45 51 46 47 51 48 46 48 48 49 46 46 55 50 46 53 55 51 53 46 49 49 47 49 51 46 54 46 53 47 48 46 45 46 55 26 0 29 54 49 54 45 55 47 52 49 48 55 50 
48 49 51 47 50 54 54 47 45 54 47 45 54 49 55 48 45 48 50 47 51 45 51 55 53 53 47 50 48 55 48 50 53 50 55 55 51 29 0 20 50 47 46 45 47 48 50 50 51 47 
51 49 53 55 51 45 50 45 47 52 53 48 51 49 54 52 48 50 46 49 52 45 48 45 46 53 49 55 52 54 48 53 46 49 54 45 46 54 20 0 21 54 51 50 45 55 55 51 45 50 
55 52 53 45 46 46 48 54 45 54 51 49 53 49 52 55 51 55 49 55 48 46 45 46 53 47 50 50 55 55 50 52 55 52 55 50 53 49 50 21 0 27 46 51 52 55 47 45 46 54 
51 53 53 52 53 53 51 45 46 55 46 50 45 50 45 45 46 52 52 52 49 46 50 50 51 50 55 47 45 55 49 50 48 49 45 52 53 54 47 54 27 0 25 52 50 45 50 47 55 47 
51 54 55 47 51 48 52 48 48 46 51 50 52 53 49 53 54 50 54 47 46 49 53 49 45 53 54 45 54 47 53 55 46 54 55 52 55 45 46 51 46 25 0 25 55 55 54 49 54 53 
45 45 49 45 51 47 46 46 48 54 48 54 52 45 53 51 50 55 55 52 46 49 46 53 51 47 55 50 47 53 55 52 54 55 52 53 48 55 45 50 51 52 25 0 21 47 54 48 45 52 
55 49 51 52 47 47 47 48 47 52 55 45 48 46 49 53 50 52 55 47 53 52 49 47 53 49 52 52 51 46 45 53 48 45 51 48 46 47 47 45 52 50 55 21 0 30 49 49 49 54 
45 52 54 45 50 49 54 50 47 45 55 50 48 53 49 49 50 49 51 53 54 49 47 50 45 52 47 53 54 45 52 53 52 49 53 50 50 52 48 55 55 45 55 47 30 0 27 55 51 53 
50 54 46 52 53 49 51 46 49 53 55 51 45 53 55 49 46 47 50 47 52 55 50 47 46 49 51 55 45 49 46 49 55 52 55 46 49 49 50 55 47 50 54 54 49 27 0 30 53 54 
45 51 51 54 49 55 45 53 47 51 45 55 46 45 54 53 48 54 53 51 45 45 53 45 54 46 54 49 55 48 50 49 52 52 54 51 46 48 50 51 45 47 49 48 49 55 30 0 26 52 
52 54 55 54 50 51 49 50 55 54 52 49 53 51 55 53 49 49 55 54 46 53 54 46 53 53 50 50 53 46 51 48 49 46 49 53 46 55 51 45 46 55 54 45 49 51 53 26 0 28 
53 50 53 55 50 46 51 46 46 52 45 55 48 51 47 46 49 47 47 49 45 49 53 47 46 46 50 50 46 55 52 55 52 54 50 49 52 50 47 50 54 47 53 52 54 53 54 52 28 0 
RBBRBRBBBRBRRBBRBRBBRRBBRRRBRBRRBRBBBBBRRBRRRRRBRB