40
0 32 48 13 84 47 76 76 49 42 35 78 82 94 99 75 39 61 95 37 41 24 63 10 27 20 55 82 84 38 29 89 54 4 69 72 36 54 26 15 
32 0 34 47 16 40 26 45 20 3 42 58 16 26 55 92 89 59 64 16 63 53 37 27 98 49 65 32 38 22 79 58 19 48 38 95 95 70 5 22 
48 34 0 6 16 26 86 79 63 90 3 19 73 11 48 35 39 36 29 34 81 57 53 63 36 33 93 48 92 56 63 62 22 91 62 79 98 57 31 61 
13 47 6 0 60 46 27 73 39 26 50 95 94 90 1 61 66 17 74 67 94 91 29 75 71 85 27 45 37 35 54 29 75 81 91 20 54 98 96 48 
84 16 16 60 0 73 20 58 56 57 96 24 81 25 49 66 86 26 85 63 52 80 23 95 36 19 67 8 53 56 72 34 70 48 4 14 78 46 91 73 
47 40 26 46 73 0 32 29 18 72 56 96 9 49 16 10 47 68 30 15 92 77 72 33 91 25 15 46 80 48 56 84 100 61 66 86 77 74 93 97 
76 26 86 27 20 32 0 69 20 62 35 1 79 89 88 92 20 74 52 32 75 70 96 40 41 90 24 75 21 98 86 68 86 91 97 25 98 3 59 35 
76 45 79 73 58 29 69 0 91 71 27 73 15 98 25 52 69 56 79 100 50 60 14 24 88 38 94 13 26 47 64 15 10 81 37 71 4 95 31 56 
49 20 63 39 56 18 20 91 0 27 49 26 44 58 97 49 77 88 12 79 65 8 80 38 94 82 51 93 24 88 7 92 79 80 14 38 75 29 41 75 
42 3 90 26 57 72 62 71 27 0 91 96 68 31 51 56 77 18 49 71 87 66 38 94 85 64 31 65 99 68 56 20 96 34 53 18 84 90 68 1 
35 42 3 50 96 56 35 27 49 91 0 68 70 26 74 74 74 29 66 49 90 47 31 25 53 74 24 98 81 41 62 3 81 24 61 81 14 49 34 67 
78 58 19 95 24 96 1 73 26 96 68 0 21 15 61 60 73 45 30 93 100 82 11 30 84 81 71 10 24 61 72 50 79 77 40 71 72 37 65 95 
82 16 73 94 81 9 79 15 44 68 70 21 0 19 77 62 35 91 19 62 91 34 7 32 32 46 41 69 55 70 14 61 76 43 14 69 58 69 41 35 
94 26 11 90 25 49 89 98 58 31 26 15 19 0 56 78 72 41 17 61 64 74 16 31 43 34 10 43 28 32 61 61 100 38 22 98 55 46 22 98 
99 55 48 1 49 16 88 25 97 51 74 61 77 56 0 49 10 43 26 15 76 64 91 72 70 15 66 30 24 100 27 37 15 31 89 93 41 17 81 28 
75 92 35 61 66 10 92 52 49 56 74 60 62 78 49 0 53 30 4 79 62 92 97 52 42 69 32 52 26 41 51 79 74 88 21 72 94 15 24 18 
39 89 39 66 86 47 20 69 77 77 74 73 35 72 10 53 0 18 46 82 93 37 97 96 4 65 52 18 42 54 35 89 57 62 46 51 87 16 14 42 
61 59 36 17 26 68 74 56 88 18 29 45 91 41 43 30 18 0 11 62 30 76 68 77 19 8 16 75 88 20 3 67 87 77 87 98 31 75 32 41 
95 64 29 74 85 30 52 79 12 49 66 30 19 17 26 4 46 11 0 49 1 62 25 39 69 45 96 28 80 19 15 56 89 99 100 65 58 71 75 51 
37 16 34 67 63 15 32 100 79 71 49 93 62 61 15 79 82 62 49 0 8 37 86 14 79 56 72 83 95 10 27 78 26 36 11 86 13 91 38 28 
41 63 81 94 52 92 75 50 65 87 90 100 91 64 76 62 93 30 1 8 0 90 68 26 14 30 20 45 60 62 46 70 39 64 41 80 91 18 97 79 
24 53 57 91 80 77 70 60 8 66 47 82 34 74 64 92 37 76 62 37 90 0 6 64 49 67 72 40 27 58 99 30 38 86 26 13 25 50 85 95 
63 37 53 29 23 72 96 14 80 38 31 11 7 16 91 97 97 68 25 86 68 6 0 98 30 76 46 17 62 36 100 52 74 39 99 100 55 14 40 66 
10 27 63 75 95 33 40 24 38 94 25 30 32 31 72 52 96 77 39 14 26 64 98 0 22 58 10 85 96 52 15 47 61 84 13 23 72 45 88 18 
27 98 36 71 36 91 41 88 94 85 53 84 32 43 70 42 4 19 69 79 14 49 30 22 0 21 70 96 48 23 60 38 17 49 63 70 80 19 9 94 
20 49 33 85 19 25 90 38 82 64 74 81 46 34 15 69 65 8 45 56 30 67 76 58 21 0 88 92 73 27 32 48 37 1 66 81 95 36 72 23 
55 65 93 27 67 15 24 94 51 31 24 71 41 10 66 32 52 16 96 72 20 72 46 10 70 88 0 54 28 13 15 12 79 43 27 81 34 100 55 60 
82 32 48 45 8 46 75 13 93 65 98 10 69 43 30 52 18 75 28 83 45 40 17 85 96 92 54 0 87 46 72 74 53 27 50 91 81 74 100 66 
84 38 92 37 53 80 21 26 24 99 81 24 55 28 24 26 42 88 80 95 60 27 62 96 48 73 28 87 0 14 22 42 8 93 67 30 42 40 91 87 
38 22 56 35 56 48 98 47 88 68 41 61 70 32 100 41 54 20 19 10 62 58 36 52 23 27 13 46 14 0 82 28 74 69 38 10 11 34 17 70 
29 79 63 54 72 56 86 64 7 56 62 72 14 61 27 51 35 3 15 27 46 99 100 15 60 32 15 72 22 82 0 62 25 52 75 47 42 41 33 45 
89 58 62 29 34 84 68 15 92 20 3 50 61 61 37 79 89 67 56 78 70 30 52 47 38 48 12 74 42 28 62 0 91 45 8 44 92 48 80 25 
54 19 22 75 70 100 86 10 79 96 81 79 76 100 15 74 57 87 89 26 39 38 74 61 17 37 79 53 8 74 25 91 0 88 51 22 42 76 13 93 
4 48 91 81 48 61 91 81 80 34 24 77 43 38 31 88 62 77 99 36 64 86 39 84 49 1 43 27 93 69 52 45 88 0 23 85 30 38 38 43 
69 38 62 91 4 66 97 37 14 53 61 40 14 22 89 21 46 87 100 11 41 26 99 13 63 66 27 50 67 38 75 8 51 23 0 61 60 71 38 22 
72 95 79 20 14 86 25 71 38 18 81 71 69 98 93 72 51 98 65 86 80 13 100 23 70 81 81 91 30 10 47 44 22 85 61 0 97 4 11 100 
36 95 98 54 78 77 98 4 75 84 14 72 58 55 41 94 87 31 58 13 91 25 55 72 80 95 34 81 42 11 42 92 42 30 60 97 0 73 30 9 
54 70 57 98 46 74 3 95 29 90 49 37 69 46 17 15 16 75 71 91 18 50 14 45 19 36 100 74 40 34 41 48 76 38 71 4 73 0 37 21 
26 5 31 96 91 93 59 31 41 68 34 65 41 22 81 24 14 32 75 38 97 85 40 88 9 72 55 100 91 17 33 80 13 38 38 11 30 37 0 33 
15 22 61 48 73 97 35 56 75 1 67 95 35 98 28 18 42 41 51 28 79 95 66 18 94 23 60 66 87 70 45 25 93 43 22 100 9 21 33 0 
RRBRRRRRRBRBRBBBRRBBBRBRRBRRBBBBBBRBRBBR