50
0 97 61 84 70 35 34 14 54 89 3 76 77 38 79 80 20 70 66 74 90 85 78 56 31 15 41 17 51 89 84 62 60 67 16 84 59 3 30 86 34 94 51 78 51 39 5 67 42 80 
97 0 49 92 42 88 48 40 60 61 45 29 63 59 39 32 29 21 6 2 33 75 63 82 39 55 66 58 97 57 31 68 9 95 56 22 49 84 14 51 43 86 54 84 25 37 99 98 90 64 
61 49 0 17 66 28 70 68 83 47 69 42 55 14 81 46 44 73 6 94 75 15 39 20 5 14 97 29 100 92 22 50 95 15 36 38 52 64 55 6 46 91 7 51 7 29 77 18 54 60 
84 92 17 0 4 1 43 88 48 63 3 4 15 67 39 32 61 82 98 3 0 66 88 26 77 17 43 64 82 93 50 49 72 3 44 51 78 27 25 45 65 5 4 94 11 21 62 87 76 2 
70 42 66 4 0 4 30 50 79 34 92 13 71 35 22 2 54 76 42 9 82 93 3 70 71 93 44 29 69 8 95 31 27 87 44 34 35 87 2 45 5 90 1 11 43 97 56 1 17 34 
35 88 28 1 4 0 74 92 39 12 97 2 47 47 19 4 26 35 90 29 57 56 46 25 36 64 47 43 15 59 51 69 69 81 66 83 56 66 23 78 73 3 78 33 62 54 31 54 6 77 
34 48 70 43 30 74 0 32 59 68 72 7 68 41 94 37 23 59 21 15 96 36 83 26 84 24 22 68 0 33 34 9 62 77 85 26 71 32 82 76 97 65 13 74 55 87 90 48 44 20 
14 40 68 88 50 92 32 0 85 62 7 7 76 48 59 21 11 63 43 23 36 95 12 94 7 88 39 27 60 51 7 32 66 47 47 8 100 55 42 13 46 94 12 32 52 89 86 12 33 65 
54 60 83 48 79 39 59 85 0 79 7 42 23 70 5 52 79 90 36 35 63 56 71 100 5 63 65 73 71 46 57 89 38 68 14 15 70 98 89 63 6 50 38 14 11 95 48 82 51 98 
89 61 47 63 34 12 68 62 79 0 36 55 76 32 39 18 9 10 17 74 32 41 33 15 35 95 40 35 94 48 22 22 57 41 76 63 97 4 95 51 20 42 98 58 4 24 22 27 34 44 
3 45 69 3 92 97 72 7 7 36 0 74 28 65 23 20 74 84 33 40 79 62 2 90 91 48 58 13 52 10 37 97 66 19 75 56 40 71 24 1 10 33 89 6 36 34 68 90 87 52 
76 29 42 4 13 2 7 7 42 55 74 0 99 6 8 67 25 53 99 27 60 81 47 55 76 89 84 61 70 84 38 99 20 39 96 6 61 85 56 14 25 92 31 37 95 63 73 70 74 21 
77 63 55 15 71 47 68 76 23 76 28 99 0 30 18 74 28 36 75 49 99 23 52 3 67 68 100 16 65 49 76 58 51 79 39 100 75 69 88 67 80 93 82 25 18 32 100 86 38 0 
38 59 14 67 35 47 41 48 70 32 65 6 30 0 5 31 74 46 38 39 0 1 4 59 56 4 89 43 20 65 23 4 12 80 46 48 35 14 58 37 0 62 8 33 27 14 79 87 12 23 
79 39 81 39 22 19 94 59 5 39 23 8 18 5 0 86 66 1 41 31 14 53 57 64 81 24 37 40 65 47 94 9 10 97 54 32 27 60 16 97 88 72 39 49 48 76 9 79 71 47 
80 32 46 32 2 4 37 21 52 18 20 67 74 31 86 0 74 22 26 90 4 95 35 3 41 28 2 7 99 18 74 20 92 89 90 73 98 79 25 50 94 34 58 54 92 55 99 74 54 61 
20 29 44 61 54 26 23 11 79 9 74 25 28 74 66 74 0 65 53 55 12 68 0 76 3 17 61 71 11 54 48 33 12 68 71 2 35 42 99 69 18 13 99 8 95 54 86 0 15 84 
70 21 73 82 76 35 59 63 90 10 84 53 36 46 1 22 65 0 74 98 93 63 19 82 81 24 47 68 69 16 88 11 90 52 2 43 100 58 30 13 17 98 4 31 0 71 58 14 3 29 
66 6 6 98 42 90 21 43 36 17 33 99 75 38 41 26 53 74 0 78 95 63 11 7 19 22 23 78 62 86 36 80 47 73 20 67 86 25 87 48 97 66 41 38 65 11 33 20 62 33 
74 2 94 3 9 29 15 23 35 74 40 27 49 39 31 90 55 98 78 0 48 50 54 65 39 88 4 55 37 83 38 36 45 18 86 97 21 31 80 74 36 27 92 40 23 93 74 58 52 72 
90 33 75 0 82 57 96 36 63 32 79 60 99 0 14 4 12 93 95 48 0 73 4 46 36 46 32 55 80 14 13 23 34 93 59 76 83 81 74 84 81 98 2 48 66 48 60 0 58 67 
85 75 15 66 93 56 36 95 56 41 62 81 23 1 53 95 68 63 63 50 73 0 93 24 12 88 80 17 1 6 78 4 42 71 88 89 99 49 72 20 0 61 60 43 75 69 9 12 42 72 
78 63 39 88 3 46 83 12 71 33 2 47 52 4 57 35 0 19 11 54 4 93 0 46 35 13 97 20 90 6 40 38 38 60 41 12 27 45 79 40 100 33 40 7 89 60 56 48 47 88 
56 82 20 26 70 25 26 94 100 15 90 55 3 59 64 3 76 82 7 65 46 24 46 0 17 57 10 23 82 39 50 0 57 43 21 43 67 12 85 47 1 90 56 22 69 61 2 4 39 8 
31 39 5 77 71 36 84 7 5 35 91 76 67 56 81 41 3 81 19 39 36 12 35 17 0 1 88 53 48 96 47 11 33 63 0 3 77 37 6 44 61 7 71 65 85 71 79 32 8 12 
15 55 14 17 93 64 24 88 63 95 48 89 68 4 24 28 17 24 22 88 46 88 13 57 1 0 4 82 10 56 66 61 83 62 100 27 8 52 16 48 93 81 41 83 79 8 83 22 54 50 
41 66 97 43 44 47 22 39 65 40 58 84 100 89 37 2 61 47 23 4 32 80 97 10 88 4 0 36 45 26 37 94 23 90 13 38 82 23 51 29 83 16 90 51 16 50 73 17 12 61 
17 58 29 64 29 43 68 27 73 35 13 61 16 43 40 7 71 68 78 55 55 17 20 23 53 82 36 0 59 23 92 20 25 57 64 34 31 81 21 81 31 10 96 14 4 21 9 31 68 66 
51 97 100 82 69 15 0 60 71 94 52 70 65 20 65 99 11 69 62 37 80 1 90 82 48 10 45 59 0 11 43 74 48 21 49 37 71 38 53 92 83 26 99 7 74 39 59 89 75 23 
89 57 92 93 8 59 33 51 46 48 10 84 49 65 47 18 54 16 86 83 14 6 6 39 96 56 26 23 11 0 36 19 94 44 38 81 95 24 49 35 39 72 5 15 53 51 39 23 16 13 
84 31 22 50 95 51 34 7 57 22 37 38 76 23 94 74 48 88 36 38 13 78 40 50 47 66 37 92 43 36 0 0 2 24 54 19 3 31 12 64 50 61 84 38 100 35 12 65 20 93 
62 68 50 49 31 69 9 32 89 22 97 99 58 4 9 20 33 11 80 36 23 4 38 0 11 61 94 20 74 19 0 0 73 91 7 83 61 83 8 38 36 42 88 57 16 41 90 74 24 24 
60 9 95 72 27 69 62 66 38 57 66 20 51 12 10 92 12 90 47 45 34 42 38 57 33 83 23 25 48 94 2 73 0 85 97 54 29 91 1 58 35 16 14 67 38 73 95 68 60 1 
67 95 15 3 87 81 77 47 68 41 19 39 79 80 97 89 68 52 73 18 93 71 60 43 63 62 90 57 21 44 24 91 85 0 49 34 11 96 83 70 58 93 95 52 29 4 93 19 41 28 
16 56 36 44 44 66 85 47 14 76 75 96 39 46 54 90 71 2 20 86 59 88 41 21 0 100 13 64 49 38 54 7 97 49 0 55 71 1 8 50 78 77 12 57 88 96 53 35 89 52 
84 22 38 51 34 83 26 8 15 63 56 6 100 48 32 73 2 43 67 97 76 89 12 43 3 27 38 34 37 81 19 83 54 34 55 0 98 76 97 68 70 69 20 35 48 60 87 27 55 63 
59 49 52 78 35 56 71 100 70 97 40 61 75 35 27 98 35 100 86 21 83 99 27 67 77 8 82 31 71 95 3 61 29 11 71 98 0 53 99 76 77 82 96 67 92 16 19 54 53 74 
3 84 64 27 87 66 32 55 98 4 71 85 69 14 60 79 42 58 25 31 81 49 45 12 37 52 23 81 38 24 31 83 91 96 1 76 53 0 75 85 1 78 83 73 71 56 29 97 22 14 
30 14 55 25 2 23 82 42 89 95 24 56 88 58 16 25 99 30 87 80 74 72 79 85 6 16 51 21 53 49 12 8 1 83 8 97 99 75 0 19 53 11 58 40 100 8 91 22 9 51 
86 51 6 45 45 78 76 13 63 51 1 14 67 37 97 50 69 13 48 74 84 20 40 47 44 48 29 81 92 35 64 38 58 70 50 68 76 85 19 0 35 78 29 82 60 50 59 55 93 32 
34 43 46 65 5 73 97 46 6 20 10 25 80 0 88 94 18 17 97 36 81 0 100 1 61 93 83 31 83 39 50 36 35 58 78 70 77 1 53 35 0 84 25 75 98 69 22 6 10 73 
94 86 91 5 90 3 65 94 50 42 33 92 93 62 72 34 13 98 66 27 98 61 33 90 7 81 16 10 26 72 61 42 16 93 77 69 82 78 11 78 84 0 40 91 17 42 13 37 13 36 
51 54 7 4 1 78 13 12 38 98 89 31 82 8 39 58 99 4 41 92 2 60 40 56 71 41 90 96 99 5 84 88 14 95 12 20 96 83 58 29 25 40 0 47 44 31 23 96 19 81 
78 84 51 94 11 33 74 32 14 58 6 37 25 33 49 54 8 31 38 40 48 43 7 22 65 83 51 14 7 15 38 57 67 52 57 35 67 73 40 82 75 91 47 0 58 68 50 91 58 19 
51 25 7 11 43 62 55 52 11 4 36 95 18 27 48 92 95 0 65 23 66 75 89 69 85 79 16 4 74 53 100 16 38 29 88 48 92 71 100 60 98 17 44 58 0 94 30 9 64 100 
39 37 29 21 97 54 87 89 95 24 34 63 32 14 76 55 54 71 11 93 48 69 60 61 71 8 50 21 39 51 35 41 73 4 96 60 16 56 8 50 69 42 31 68 94 0 74 86 43 52 
5 99 77 62 56 31 90 86 48 22 68 73 100 79 9 99 86 58 33 74 60 9 56 2 79 83 73 9 59 39 12 90 95 93 53 87 19 29 91 59 22 13 23 50 30 74 0 72 39 42 
67 98 18 87 1 54 48 12 82 27 90 70 86 87 79 74 0 14 20 58 0 12 48 4 32 22 17 31 89 23 65 74 68 19 35 27 54 97 22 55 6 37 96 91 9 86 72 0 64 73 
42 90 54 76 17 6 44 33 51 34 87 74 38 12 71 54 15 3 62 52 58 42 47 39 8 54 12 68 75 16 20 24 60 41 89 55 53 22 9 93 10 13 19 58 64 43 39 64 0 38 
80 64 60 2 34 77 20 65 98 44 52 21 0 23 47 61 84 29 33 72 67 72 88 8 12 50 61 66 23 13 93 24 1 28 52 63 74 14 51 32 73 36 81 19 100 52 42 73 38 0 
RBRRBBBRBBRRRRBBRRRBBRRRRRRBBBBBBBBBRBRRBRBRBBRRRB