50
0 14 64 7 97 31 19 59 59 99 26 82 29 13 66 8 45 28 50 85 77 0 37 72 31 69 55 1 64 4 38 21 37 57 96 69 38 78 45 34 31 6 43 60 90 91 4 52 55 83
14 0 47 52 44 59 57 38 37 52 39 49 53 61 44 58 35 60 44 44 59 55 56 56 44 65 61 63 63 37 46 51 50 61 43 55 47 41 40 56 42 46 52 41 45 45 64 50 52 35
64 47 0 37 39 57 56 50 60 43 52 59 65 50 47 65 45 41 42 56 62 48 55 38 51 52 49 57 51 51 59 42 54 38 40 35 51 36 36 54 51 44 43 46 43 57 55 40 37 48
7 52 37 0 74 60 80 81 77 57 73 98 82 97 78 90 98 93 99 62 66 64 80 99 94 50 54 78 52 93 60 65 80 76 58 51 71 56 72 99 56 88 56 96 86 69 68 56 56 59
97 44 39 74 0 6 38 19 17 26 45 16 41 8 27 31 5 17 5 5 5 48 16 34 41 19 3 0 6 27 48 26 15 4 37 4 9 28 25 17 50 14 19 17 27 49 40 7 31 6
31 59 57 60 6 0 98 89 63 62 90 96 94 84 77 50 91 85 61 62 52 53 50 63 62 62 86 70 80 60 66 54 86 63 51 70 60 89 90 86 92 98 84 50 63 87 68 52 75 95
19 57 56 80 38 98 0 15 0 14 7 31 22 44 44 31 2 24 5 26 12 26 28 10 13 6 10 38 39 29 27 40 40 5 10 30 22 35 33 1 45 16 36 5 35 27 42 14 30 50
59 38 50 81 19 89 15 0 57 35 56 51 44 51 40 55 53 47 53 40 44 40 48 55 65 48 39 42 42 38 44 35 48 43 46 35 45 61 40 51 61 35 65 37 36 48 58 37 62 55
59 37 60 77 17 63 0 57 0 44 59 48 58 62 38 40 63 60 40 58 57 55 39 50 51 45 40 47 41 42 58 53 55 43 50 51 63 50 48 42 63 63 48 60 51 36 51 37 50 65
99 52 43 57 26 62 14 35 44 0 80 52 63 88 98 77 64 62 55 52 85 95 58 90 87 63 70 75 53 52 88 78 77 70 71 75 52 58 84 50 71 55 58 91 83 65 62 77 67 85
26 39 52 73 45 90 7 56 59 80 0 23 34 26 24 29 4 49 48 15 35 29 35 20 39 23 15 0 41 10 2 27 38 30 34 9 44 41 11 47 14 5 3 41 35 12 38 12 42 33
82 49 59 98 16 96 31 51 48 52 23 0 12 33 4 30 0 32 4 1 32 4 16 17 40 35 13 44 9 13 14 33 22 32 14 18 16 8 28 40 40 0 45 35 38 10 13 28 8 39
29 53 65 82 41 94 22 44 58 63 34 12 0 60 60 63 48 41 42 42 55 46 50 38 48 43 44 62 50 55 60 49 42 64 47 35 42 51 52 52 48 39 56 53 48 49 36 64 45 36
13 61 50 97 8 84 44 51 62 88 26 33 60 0 35 24 2 39 5 50 33 45 48 11 41 0 45 40 1 2 30 16 14 43 24 24 22 41 43 42 50 37 33 19 28 33 30 16 41 32
66 44 47 78 27 77 44 40 38 98 24 4 60 35 0 39 41 51 54 46 35 57 59 51 40 35 36 62 64 43 44 46 38 36 52 59 45 47 55 42 54 42 55 39 49 50 55 39 53 61
8 58 65 90 31 50 31 55 40 77 29 30 63 24 39 0 77 93 72 100 58 96 56 70 94 100 83 77 98 56 90 83 50 55 67 97 71 91 93 56 100 80 55 91 99 60 58 81 62 56
45 35 45 98 5 91 2 53 63 64 4 0 48 2 41 77 0 66 89 86 84 84 62 59 74 95 60 66 66 58 100 85 58 78 91 56 92 95 76 73 53 98 82 88 53 76 70 50 87 62
28 60 41 93 17 85 24 47 60 62 49 32 41 39 51 93 66 0 43 50 57 37 52 63 38 46 42 47 46 51 42 41 65 51 61 61 51 54 59 43 54 55 36 44 51 58 52 50 60 47
50 44 42 99 5 61 5 53 40 55 48 4 42 5 54 72 89 43 0 83 75 55 69 71 62 90 99 65 81 72 61 64 74 92 96 53 82 60 95 51 88 50 71 62 76 58 63 94 82 66
85 44 56 62 5 62 26 40 58 52 15 1 42 50 46 100 86 50 83 0 5 4 3 39 11 44 40 39 42 34 4 40 3 27 17 3 47 19 21 30 37 29 40 33 6 11 46 24 15 7
77 59 62 66 5 52 12 44 57 85 35 32 55 33 35 58 84 57 75 5 0 88 79 51 94 61 97 96 51 68 89 73 68 75 54 72 84 72 87 93 92 77 64 70 62 78 93 62 60 96
0 55 48 64 48 53 26 40 55 95 29 4 46 45 57 96 84 37 55 4 88 0 62 35 46 52 43 47 58 37 45 46 40 64 46 36 43 44 45 60 41 54 44 60 61 50 47 39 60 56
37 56 55 80 16 50 28 48 39 58 35 16 50 48 59 56 62 52 69 3 79 62 0 50 91 86 66 61 92 71 50 86 56 96 78 96 71 59 59 99 56 67 55 86 74 92 58 90 92 59
72 56 38 99 34 63 10 55 50 90 20 17 38 11 51 70 59 63 71 39 51 35 50 0 69 83 54 63 73 98 68 89 72 58 52 72 61 52 69 82 98 77 67 61 92 72 58 62 70 99
31 44 51 94 41 62 13 65 51 87 39 40 48 41 40 94 74 38 62 11 94 46 91 69 0 50 56 48 42 47 57 50 35 46 43 52 63 54 65 63 36 65 55 65 39 60 49 65 49 58
69 65 52 50 19 62 6 48 45 63 23 35 43 0 35 100 95 46 90 44 61 52 86 83 50 0 19 34 33 19 40 37 30 37 40 42 21 26 5 32 25 15 34 10 26 29 14 9 7 30
55 61 49 54 3 86 10 39 40 70 15 13 44 45 36 83 60 42 99 40 97 43 66 54 56 19 0 73 87 69 65 64 62 51 65 95 72 81 52 57 54 87 57 64 53 58 69 63 98 96
1 63 57 78 0 70 38 42 47 75 0 44 62 40 62 77 66 47 65 39 96 47 61 63 48 34 73 0 25 7 27 42 47 38 30 17 3 28 13 2 0 19 14 1 21 25 34 14 42 6
64 63 51 52 6 80 39 42 41 53 41 9 50 1 64 98 66 46 81 42 51 58 92 73 42 33 87 25 0 7 18 7 48 12 38 50 21 9 18 6 19 18 44 20 8 35 44 15 41 13
4 37 51 93 27 60 29 38 42 52 10 13 55 2 43 56 58 51 72 34 68 37 71 98 47 19 69 7 7 0 55 44 63 37 45 63 43 51 35 38 39 65 57 36 61 49 44 54 46 39
38 46 59 60 48 66 27 44 58 88 2 14 60 30 44 90 100 42 61 4 89 45 50 68 57 40 65 27 18 55 0 82 89 54 75 97 84 73 58 74 92 91 53 61 81 57 66 51 63 89
21 51 42 65 26 54 40 35 53 78 27 33 49 16 46 83 85 41 64 40 73 46 86 89 50 37 64 42 7 44 82 0 33 48 36 41 34 31 17 31 3 38 1 22 28 15 45 18 4 28
37 50 54 80 15 86 40 48 55 77 38 22 42 14 38 50 58 65 74 3 68 40 56 72 35 30 62 47 48 63 89 33 0 51 46 49 59 60 53 59 65 39 45 64 42 41 64 36 48 36
57 61 38 76 4 63 5 43 43 70 30 32 64 43 36 55 78 51 92 27 75 64 96 58 46 37 51 38 12 37 54 48 51 0 55 53 65 58 56 51 40 53 61 43 48 55 39 57 56 45
96 43 40 58 37 51 10 46 50 71 34 14 47 24 52 67 91 61 96 17 54 46 78 52 43 40 65 30 38 45 75 36 46 55 0 25 31 34 49 21 32 47 15 6 11 40 39 11 34 11
69 55 35 51 4 70 30 35 51 75 9 18 35 24 59 97 56 61 53 3 72 36 96 72 52 42 95 17 50 63 97 41 49 53 25 0 60 51 38 38 39 40 42 39 54 48 58 49 39 61
38 47 51 71 9 60 22 45 63 52 44 16 42 22 45 71 92 51 82 47 84 43 71 61 63 21 72 3 21 43 84 34 59 65 31 60 0 38 60 61 56 64 58 39 59 65 36 59 52 36
78 41 36 56 28 89 35 61 50 58 41 8 51 41 47 91 95 54 60 19 72 44 59 52 54 26 81 28 9 51 73 31 60 58 34 51 38 0 54 43 63 37 60 42 56 49 35 42 55 53
45 40 36 72 25 90 33 40 48 84 11 28 52 43 55 93 76 59 95 21 87 45 59 69 65 5 52 13 18 35 58 17 53 56 49 38 60 54 0 61 36 63 52 39 56 54 41 63 43 42
34 56 54 99 17 86 1 51 42 50 47 40 52 42 42 56 73 43 51 30 93 60 99 82 63 32 57 2 6 38 74 31 59 51 21 38 61 43 61 0 68 70 78 56 91 50 74 53 70 53
31 42 51 56 50 92 45 61 63 71 14 40 48 50 54 100 53 54 88 37 92 41 56 98 36 25 54 0 19 39 92 3 65 40 32 39 56 63 36 68 0 2 35 43 32 24 11 12 14 32
6 46 44 88 14 98 16 35 63 55 5 0 39 37 42 80 98 55 50 29 77 54 67 77 65 15 87 19 18 65 91 38 39 53 47 40 64 37 63 70 2 0 97 79 76 98 64 68 89 78
43 52 43 56 19 84 36 65 48 58 3 45 56 33 55 55 82 36 71 40 64 44 55 67 55 34 57 14 44 57 53 1 45 61 15 42 58 60 52 78 35 97 0 51 44 44 45 37 58 37
60 41 46 96 17 50 5 37 60 91 41 35 53 19 39 91 88 44 62 33 70 60 86 61 65 10 64 1 20 36 61 22 64 43 6 39 39 42 39 56 43 79 51 0 91 90 61 82 83 59
90 45 43 86 27 63 35 36 51 83 35 38 48 28 49 99 53 51 76 6 62 61 74 92 39 26 53 21 8 61 81 28 42 48 11 54 59 56 56 91 32 76 44 91 0 41 9 14 49 42
91 45 57 69 49 87 27 48 36 65 12 10 49 33 50 60 76 58 58 11 78 50 92 72 60 29 58 25 35 49 57 15 41 55 40 48 65 49 54 50 24 98 44 90 41 0 47 51 63 59
4 64 55 68 40 68 42 58 51 62 38 13 36 30 55 58 70 52 63 46 93 47 58 58 49 14 69 34 44 44 66 45 64 39 39 58 36 35 41 74 11 64 45 61 9 47 0 36 36 53
52 50 40 56 7 52 14 37 37 77 12 28 64 16 39 81 50 50 94 24 62 39 90 62 65 9 63 14 15 54 51 18 36 57 11 49 59 42 63 53 12 68 37 82 14 51 36 0 56 36
55 52 37 56 31 75 30 62 50 67 42 8 45 41 53 62 87 60 82 15 60 60 92 70 49 7 98 42 41 46 63 4 48 56 34 39 52 55 43 70 14 89 58 83 49 63 36 56 0 16
83 35 48 59 6 95 50 55 65 85 33 39 36 32 61 56 62 47 66 7 96 56 59 99 58 30 96 6 13 39 89 28 36 45 11 61 36 53 42 53 32 78 37 59 42 59 53 36 16 0
RRRRRRRRRRRRRRRRRRRRRRRRRBBBBBBBBBBBBBBBBBBBBBBBBB