50
0 38 19 9 54 26 19 0 97 26 33 93 2 66 41 27 0 62 76 24 57 42 71 4 14 95 55 9 38 0 61 28 5 23 14 71 0 21 11 91 10 0 0 43 10 51 73 30 0 75 
38 0 19 0 70 98 9 6 45 56 24 92 80 87 98 0 49 0 0 95 82 89 0 21 92 0 0 87 74 0 13 66 6 0 54 99 22 89 0 59 61 1 13 48 0 66 62 95 51 62 
19 19 0 0 100 94 38 60 81 25 27 0 0 98 6 73 18 3 39 3 27 0 33 73 58 20 89 0 12 68 78 0 98 54 27 44 5 91 94 82 0 27 32 23 80 39 38 8 44 38 
9 0 0 0 0 4 0 33 34 0 59 23 49 57 38 38 34 99 91 0 8 72 27 2 90 9 73 9 45 72 94 3 42 70 51 64 0 0 25 79 46 94 78 8 55 64 57 80 3 0 
54 70 100 0 0 45 28 10 83 18 37 68 93 16 98 0 3 99 97 0 68 79 2 30 36 0 0 66 30 45 100 0 45 46 88 19 61 0 94 89 76 0 61 0 7 1 90 0 43 74 
26 98 94 4 45 0 0 27 94 2 62 76 82 31 76 71 9 27 96 46 32 22 52 34 67 91 0 88 10 38 10 88 59 75 33 45 85 39 46 13 0 0 52 99 54 33 43 0 43 74 
19 9 38 0 28 0 0 91 20 47 89 19 96 0 0 47 48 91 82 0 73 42 46 89 6 53 57 91 81 10 54 0 8 70 0 87 16 83 9 42 64 0 0 64 36 51 22 83 25 38 
0 6 60 33 10 27 91 0 86 30 0 0 84 23 82 0 55 72 48 69 86 25 99 8 76 27 28 70 51 9 71 16 0 93 68 54 44 43 51 60 0 0 87 13 28 0 68 0 3 0 
97 45 81 34 83 94 20 86 0 15 11 9 47 0 57 25 62 28 31 28 0 68 52 16 26 80 0 88 21 2 24 56 80 0 4 55 0 27 31 0 64 89 0 12 43 0 70 48 28 2 
26 56 25 0 18 2 47 30 15 0 27 84 26 95 0 0 93 63 3 65 43 90 54 69 71 78 33 28 53 58 55 0 0 14 0 90 0 68 62 38 52 63 57 55 11 0 91 20 37 82 
33 24 27 59 37 62 89 0 11 27 0 9 0 97 62 78 29 0 37 39 98 33 18 17 12 79 51 0 68 64 50 50 43 82 99 45 5 10 41 76 52 58 8 88 36 25 0 0 9 40 
93 92 0 23 68 76 19 0 9 84 9 0 46 43 85 39 83 12 3 22 0 69 93 8 0 82 47 47 0 16 13 0 0 49 99 46 78 77 31 47 82 73 99 93 0 57 15 34 34 47 
2 80 0 49 93 82 96 84 47 26 0 46 0 100 46 83 95 91 70 34 78 46 42 22 0 71 9 0 33 78 0 23 87 0 90 54 49 47 49 87 0 87 37 93 0 0 100 96 0 87 
66 87 98 57 16 31 0 23 0 95 97 43 100 0 52 61 58 94 0 100 60 0 65 93 30 0 72 29 99 31 15 13 95 27 8 77 70 0 86 62 13 63 15 0 0 1 6 77 96 96 
41 98 6 38 98 76 0 82 57 0 62 85 46 52 0 9 98 77 57 40 85 0 17 49 8 79 83 95 14 32 69 61 100 10 58 73 71 41 75 98 7 0 92 72 39 0 4 39 0 81 
27 0 73 38 0 71 47 0 25 0 78 39 83 61 9 0 15 60 31 53 27 3 3 67 30 0 0 41 22 22 100 0 1 99 55 47 92 91 92 20 96 94 24 71 0 80 65 3 0 0 
0 49 18 34 3 9 48 55 62 93 29 83 95 58 98 15 0 71 30 8 92 0 83 66 60 11 47 81 2 83 0 11 53 15 46 0 63 56 8 34 73 33 68 0 71 0 8 92 90 8 
62 0 3 99 99 27 91 72 28 63 0 12 91 94 77 60 71 0 80 9 83 95 96 4 87 69 1 0 82 8 25 0 52 42 57 0 74 0 52 79 88 11 7 56 25 0 63 32 0 71 
76 0 39 91 97 96 82 48 31 3 37 3 70 0 57 31 30 80 0 0 46 80 31 93 20 0 1 33 24 0 18 83 4 26 97 22 77 0 0 59 70 91 40 73 25 60 2 85 17 54 
24 95 3 0 0 46 0 69 28 65 39 22 34 100 40 53 8 9 0 0 28 93 61 81 99 29 42 18 88 96 56 0 61 9 98 1 39 13 100 0 0 87 0 80 52 61 0 61 69 21 
57 82 27 8 68 32 73 86 0 43 98 0 78 60 85 27 92 83 46 28 0 15 94 74 71 43 27 9 60 0 41 97 0 53 50 84 46 0 0 37 66 32 55 83 86 17 26 0 6 9 
42 89 0 72 79 22 42 25 68 90 33 69 46 0 0 3 0 95 80 93 15 0 88 45 53 74 59 29 19 26 0 39 80 0 0 0 54 81 10 58 28 0 46 16 50 45 33 41 3 81 
71 0 33 27 2 52 46 99 52 54 18 93 42 65 17 3 83 96 31 61 94 88 0 73 16 54 11 87 1 0 96 5 64 21 96 96 0 89 8 62 17 93 0 99 59 0 68 49 97 15 
4 21 73 2 30 34 89 8 16 69 17 8 22 93 49 67 66 4 93 81 74 45 73 0 0 94 90 0 0 37 28 82 44 0 49 62 60 35 96 55 44 17 18 0 86 0 0 43 97 14 
14 92 58 90 36 67 6 76 26 71 12 0 0 30 8 30 60 87 20 99 71 53 16 0 0 84 78 13 9 0 13 95 60 39 85 31 0 7 83 5 73 0 87 48 31 26 78 0 37 93 
95 0 20 9 0 91 53 27 80 78 79 82 71 0 79 0 11 69 0 29 43 74 54 94 84 0 68 40 0 27 86 1 79 78 44 25 72 62 94 42 18 60 0 1 55 71 37 30 27 48 
55 0 89 73 0 0 57 28 0 33 51 47 9 72 83 0 47 1 1 42 27 59 11 90 78 68 0 73 6 20 68 36 22 92 25 0 72 0 82 70 70 46 93 53 79 10 0 37 70 0 
9 87 0 9 66 88 91 70 88 28 0 47 0 29 95 41 81 0 33 18 9 29 87 0 13 40 73 0 0 10 94 7 63 33 25 41 31 37 45 15 63 15 38 0 0 70 67 65 92 27 
38 74 12 45 30 10 81 51 21 53 68 0 33 99 14 22 2 82 24 88 60 19 1 0 9 0 6 0 0 18 0 61 46 6 90 50 57 97 24 35 0 25 72 0 16 53 0 29 75 28 
0 0 68 72 45 38 10 9 2 58 64 16 78 31 32 22 83 8 0 96 0 26 0 37 0 27 20 10 18 0 32 74 15 62 19 48 44 55 96 54 26 0 31 59 34 64 91 71 51 78 
61 13 78 94 100 10 54 71 24 55 50 13 0 15 69 100 0 25 18 56 41 0 96 28 13 86 68 94 0 32 0 6 48 0 59 84 73 0 53 58 46 32 36 49 91 22 12 17 37 0 
28 66 0 3 0 88 0 16 56 0 50 0 23 13 61 0 11 0 83 0 97 39 5 82 95 1 36 7 61 74 6 0 36 78 77 64 10 99 64 0 67 61 61 10 40 49 87 8 0 0 
5 6 98 42 45 59 8 0 80 0 43 0 87 95 100 1 53 52 4 61 0 80 64 44 60 79 22 63 46 15 48 36 0 64 25 42 100 75 52 43 12 57 54 95 100 79 39 84 41 2 
23 0 54 70 46 75 70 93 0 14 82 49 0 27 10 99 15 42 26 9 53 0 21 0 39 78 92 33 6 62 0 78 64 0 82 50 35 5 45 39 19 30 60 6 71 0 12 45 74 34 
14 54 27 51 88 33 0 68 4 0 99 99 90 8 58 55 46 57 97 98 50 0 96 49 85 44 25 25 90 19 59 77 25 82 0 21 74 80 22 24 21 65 59 76 47 74 55 10 9 0 
71 99 44 64 19 45 87 54 55 90 45 46 54 77 73 47 0 0 22 1 84 0 96 62 31 25 0 41 50 48 84 64 42 50 21 0 16 29 52 52 84 1 82 23 48 6 22 23 0 0 
0 22 5 0 61 85 16 44 0 0 5 78 49 70 71 92 63 74 77 39 46 54 0 60 0 72 72 31 57 44 73 10 100 35 74 16 0 86 0 54 80 0 49 98 71 0 17 46 50 77 
21 89 91 0 0 39 83 43 27 68 10 77 47 0 41 91 56 0 0 13 0 81 89 35 7 62 0 37 97 55 0 99 75 5 80 29 86 0 61 21 0 24 54 25 0 8 66 92 45 50 
11 0 94 25 94 46 9 51 31 62 41 31 49 86 75 92 8 52 0 100 0 10 8 96 83 94 82 45 24 96 53 64 52 45 22 52 0 61 0 31 0 73 7 98 84 91 88 19 26 26 
91 59 82 79 89 13 42 60 0 38 76 47 87 62 98 20 34 79 59 0 37 58 62 55 5 42 70 15 35 54 58 0 43 39 24 52 54 21 31 0 47 90 61 21 33 0 1 0 12 78 
10 61 0 46 76 0 64 0 64 52 52 82 0 13 7 96 73 88 70 0 66 28 17 44 73 18 70 63 0 26 46 67 12 19 21 84 80 0 0 47 0 0 18 55 22 0 11 14 61 68 
0 1 27 94 0 0 0 0 89 63 58 73 87 63 0 94 33 11 91 87 32 0 93 17 0 60 46 15 25 0 32 61 57 30 65 1 0 24 73 90 0 0 81 95 24 45 29 0 24 56 
0 13 32 78 61 52 0 87 0 57 8 99 37 15 92 24 68 7 40 0 55 46 0 18 87 0 93 38 72 31 36 61 54 60 59 82 49 54 7 61 18 81 0 52 6 62 0 2 20 60 
43 48 23 8 0 99 64 13 12 55 88 93 93 0 72 71 0 56 73 80 83 16 99 0 48 1 53 0 0 59 49 10 95 6 76 23 98 25 98 21 55 95 52 0 38 43 0 53 63 0 
10 0 80 55 7 54 36 28 43 11 36 0 0 0 39 0 71 25 25 52 86 50 59 86 31 55 79 0 16 34 91 40 100 71 47 48 71 0 84 33 22 24 6 38 0 6 0 39 44 0 
51 66 39 64 1 33 51 0 0 0 25 57 0 1 0 80 0 0 60 61 17 45 0 0 26 71 10 70 53 64 22 49 79 0 74 6 0 8 91 0 0 45 62 43 6 0 80 76 25 71 
73 62 38 57 90 43 22 68 70 91 0 15 100 6 4 65 8 63 2 0 26 33 68 0 78 37 0 67 0 91 12 87 39 12 55 22 17 66 88 1 11 29 0 0 0 80 0 0 62 59 
30 95 8 80 0 0 83 0 48 20 0 34 96 77 39 3 92 32 85 61 0 41 49 43 0 30 37 65 29 71 17 8 84 45 10 23 46 92 19 0 14 0 2 53 39 76 0 0 16 54 
0 51 44 3 43 43 25 3 28 37 9 34 0 96 0 0 90 0 17 69 6 3 97 97 37 27 70 92 75 51 37 0 41 74 9 0 50 45 26 12 61 24 20 63 44 25 62 16 0 0 
75 62 38 0 74 74 38 0 2 82 40 47 87 96 81 0 8 71 54 21 9 81 15 14 93 48 0 27 28 78 0 0 2 34 0 0 77 50 26 78 68 56 60 0 0 71 59 54 0 0 
RBRBRRRBRRBBRRRRRRBBBBBBRBBBRRRBBBRBRRBRRBRBRBBBBR