50
0 58 60 85 65 35 19 16 38 92 81 30 50 98 92 26 12 35 7 88 7 50 42 84 87 2 19 74 55 97 86 14 14 75 59 49 14 45 67 53 68 99 82 5 14 64 57 41 91 10 
58 0 52 31 75 76 26 46 53 99 68 41 9 30 63 79 48 33 53 6 38 81 80 6 59 1 2 77 96 29 43 65 35 56 11 39 14 40 87 24 63 70 83 78 20 93 99 60 2 26 
60 52 0 25 53 7 25 59 30 93 71 48 49 99 83 24 59 97 95 48 2 79 60 74 12 82 60 26 18 54 90 86 40 29 80 95 85 32 57 4 63 100 2 99 27 36 8 74 65 24 
85 31 25 0 26 18 65 67 9 2 63 49 21 43 72 47 4 0 45 2 92 62 60 77 35 43 21 51 39 86 97 48 4 14 71 30 60 87 27 20 60 60 76 51 45 74 13 13 99 95 
65 75 53 26 0 18 85 43 99 36 88 88 15 30 10 49 64 89 62 37 85 10 84 51 31 9 87 45 62 47 52 62 97 63 14 99 68 25 14 40 57 34 64 27 78 62 21 68 57 12 
35 76 7 18 18 0 73 41 22 83 40 24 5 44 9 29 43 27 51 55 98 76 23 39 95 59 25 40 76 6 76 20 49 0 39 22 88 23 28 64 70 8 78 72 77 92 8 20 17 41 
19 26 25 65 85 73 0 99 42 70 19 85 0 81 9 94 91 3 84 13 97 74 69 84 23 54 73 80 88 9 96 32 84 76 59 6 56 51 80 4 48 72 17 67 54 53 83 65 9 73 
16 46 59 67 43 41 99 0 55 3 56 31 12 48 6 19 50 37 13 13 81 30 31 33 27 21 96 81 57 99 45 36 58 42 41 26 80 84 19 17 5 48 68 14 94 99 7 64 100 87 
38 53 30 9 99 22 42 55 0 78 37 96 84 49 99 77 26 10 11 15 62 87 2 69 41 79 31 81 99 11 53 97 8 82 79 43 32 15 87 87 59 24 94 65 34 21 43 54 43 37 
92 99 93 2 36 83 70 3 78 0 89 77 1 26 10 72 57 97 88 9 19 21 4 9 95 92 42 29 5 95 57 86 22 46 58 97 67 81 25 21 55 36 76 99 83 77 71 33 89 88 
81 68 71 63 88 40 19 56 37 89 0 6 4 8 58 54 72 19 24 59 92 49 49 78 85 54 59 35 62 51 5 7 11 26 59 13 91 84 11 78 62 87 90 50 11 38 54 25 0 26 
30 41 48 49 88 24 85 31 96 77 6 0 87 67 62 76 83 43 46 81 44 71 99 98 53 75 49 78 76 31 5 6 62 51 23 25 94 16 36 59 75 38 19 33 63 34 60 71 41 10 
50 9 49 21 15 5 0 12 84 1 4 87 0 53 68 45 51 7 36 33 29 84 93 61 80 96 13 64 35 51 53 62 47 40 84 62 19 35 29 17 51 3 1 3 69 33 36 97 27 1 
98 30 99 43 30 44 81 48 49 26 8 67 53 0 33 15 77 62 3 69 61 3 5 94 9 46 25 93 49 3 88 80 10 46 9 98 43 60 71 99 72 86 75 24 55 7 0 3 41 69 
92 63 83 72 10 9 9 6 99 10 58 62 68 33 0 22 96 81 74 83 1 54 60 69 62 85 42 94 86 1 98 23 62 26 94 54 60 88 48 91 35 47 15 16 32 75 6 63 16 44 
26 79 24 47 49 29 94 19 77 72 54 76 45 15 22 0 13 33 45 52 26 41 7 1 35 41 22 68 96 86 47 1 44 61 45 10 3 12 2 50 90 50 28 7 3 34 17 58 41 31 
12 48 59 4 64 43 91 50 26 57 72 83 51 77 96 13 0 70 61 12 90 83 22 4 90 24 70 3 51 92 82 17 75 74 10 4 15 38 98 96 83 79 79 39 34 14 2 72 81 76 
35 33 97 0 89 27 3 37 10 97 19 43 7 62 81 33 70 0 39 88 2 1 9 90 80 24 83 56 34 26 48 58 40 33 79 63 68 75 8 32 50 54 6 10 23 27 45 74 67 60 
7 53 95 45 62 51 84 13 11 88 24 46 36 3 74 45 61 39 0 40 49 74 9 4 79 65 23 19 42 72 74 28 31 98 61 40 17 91 5 59 42 1 2 69 42 79 3 9 87 29 
88 6 48 2 37 55 13 13 15 9 59 81 33 69 83 52 12 88 40 0 65 10 19 16 44 11 61 72 48 85 76 96 14 67 11 18 41 57 50 12 65 26 98 75 52 78 84 31 91 74 
7 38 2 92 85 98 97 81 62 19 92 44 29 61 1 26 90 2 49 65 0 26 52 70 59 31 24 13 71 35 49 17 71 75 28 32 68 50 73 75 21 3 90 84 86 29 82 65 6 70 
50 81 79 62 10 76 74 30 87 21 49 71 84 3 54 41 83 1 74 10 26 0 32 60 13 28 7 18 90 80 59 20 33 88 4 65 37 50 6 93 18 68 32 82 56 32 27 43 86 41 
42 80 60 60 84 23 69 31 2 4 49 99 93 5 60 7 22 9 9 19 52 32 0 75 57 91 50 66 61 3 8 85 2 5 54 89 72 4 79 38 41 95 42 5 62 42 41 43 37 20 
84 6 74 77 51 39 84 33 69 9 78 98 61 94 69 1 4 90 4 16 70 60 75 0 22 57 18 91 67 86 35 72 87 48 53 69 60 5 44 99 75 35 25 23 76 39 12 62 36 80 
87 59 12 35 31 95 23 27 41 95 85 53 80 9 62 35 90 80 79 44 59 13 57 22 0 63 54 69 43 2 8 64 55 81 39 77 3 78 60 47 12 27 7 89 78 43 23 4 24 18 
2 1 82 43 9 59 54 21 79 92 54 75 96 46 85 41 24 24 65 11 31 28 91 57 63 0 30 49 95 46 12 24 89 88 33 16 10 78 23 34 32 66 74 63 40 55 94 61 98 99 
19 2 60 21 87 25 73 96 31 42 59 49 13 25 42 22 70 83 23 61 24 7 50 18 54 30 0 53 13 50 67 21 47 23 23 9 94 91 15 59 9 92 57 29 32 21 58 60 4 55 
74 77 26 51 45 40 80 81 81 29 35 78 64 93 94 68 3 56 19 72 13 18 66 91 69 49 53 0 24 94 41 56 19 88 84 6 60 1 53 4 20 33 80 54 25 44 83 31 48 97 
55 96 18 39 62 76 88 57 99 5 62 76 35 49 86 96 51 34 42 48 71 90 61 67 43 95 13 24 0 99 99 72 51 67 27 59 44 28 94 69 46 90 18 70 41 4 59 52 91 4 
97 29 54 86 47 6 9 99 11 95 51 31 51 3 1 86 92 26 72 85 35 80 3 86 2 46 50 94 99 0 12 78 59 50 47 21 89 29 30 85 87 41 68 24 98 35 73 87 12 92 
86 43 90 97 52 76 96 45 53 57 5 5 53 88 98 47 82 48 74 76 49 59 8 35 8 12 67 41 99 12 0 7 45 58 17 0 5 49 19 89 50 14 2 67 8 19 50 35 2 28 
14 65 86 48 62 20 32 36 97 86 7 6 62 80 23 1 17 58 28 96 17 20 85 72 64 24 21 56 72 78 7 0 52 59 39 11 11 6 84 34 27 78 47 72 18 72 65 4 25 69 
14 35 40 4 97 49 84 58 8 22 11 62 47 10 62 44 75 40 31 14 71 33 2 87 55 89 47 19 51 59 45 52 0 46 45 64 15 26 13 33 77 86 47 59 60 16 28 55 54 36 
75 56 29 14 63 0 76 42 82 46 26 51 40 46 26 61 74 33 98 67 75 88 5 48 81 88 23 88 67 50 58 59 46 0 12 29 78 61 60 76 79 74 77 96 87 95 21 8 10 34 
59 11 80 71 14 39 59 41 79 58 59 23 84 9 94 45 10 79 61 11 28 4 54 53 39 33 23 84 27 47 17 39 45 12 0 95 56 35 84 65 20 84 8 39 32 58 50 0 58 14 
49 39 95 30 99 22 6 26 43 97 13 25 62 98 54 10 4 63 40 18 32 65 89 69 77 16 9 6 59 21 0 11 64 29 95 0 94 80 90 19 61 12 35 66 12 5 7 68 17 37 
14 14 85 60 68 88 56 80 32 67 91 94 19 43 60 3 15 68 17 41 68 37 72 60 3 10 94 60 44 89 5 11 15 78 56 94 0 61 70 75 62 73 47 50 75 23 2 83 3 82 
45 40 32 87 25 23 51 84 15 81 84 16 35 60 88 12 38 75 91 57 50 50 4 5 78 78 91 1 28 29 49 6 26 61 35 80 61 0 45 57 22 92 30 73 68 68 54 24 77 46 
67 87 57 27 14 28 80 19 87 25 11 36 29 71 48 2 98 8 5 50 73 6 79 44 60 23 15 53 94 30 19 84 13 60 84 90 70 45 0 25 70 69 41 89 17 93 57 74 96 78 
53 24 4 20 40 64 4 17 87 21 78 59 17 99 91 50 96 32 59 12 75 93 38 99 47 34 59 4 69 85 89 34 33 76 65 19 75 57 25 0 45 9 8 76 49 84 48 42 5 73 
68 63 63 60 57 70 48 5 59 55 62 75 51 72 35 90 83 50 42 65 21 18 41 75 12 32 9 20 46 87 50 27 77 79 20 61 62 22 70 45 0 0 2 55 26 23 55 13 49 33 
99 70 100 60 34 8 72 48 24 36 87 38 3 86 47 50 79 54 1 26 3 68 95 35 27 66 92 33 90 41 14 78 86 74 84 12 73 92 69 9 0 0 52 70 68 25 25 66 23 32 
82 83 2 76 64 78 17 68 94 76 90 19 1 75 15 28 79 6 2 98 90 32 42 25 7 74 57 80 18 68 2 47 47 77 8 35 47 30 41 8 2 52 0 45 80 59 59 58 25 44 
5 78 99 51 27 72 67 14 65 99 50 33 3 24 16 7 39 10 69 75 84 82 5 23 89 63 29 54 70 24 67 72 59 96 39 66 50 73 89 76 55 70 45 0 13 68 18 2 100 98 
14 20 27 45 78 77 54 94 34 83 11 63 69 55 32 3 34 23 42 52 86 56 62 76 78 40 32 25 41 98 8 18 60 87 32 12 75 68 17 49 26 68 80 13 0 30 26 72 35 25 
64 93 36 74 62 92 53 99 21 77 38 34 33 7 75 34 14 27 79 78 29 32 42 39 43 55 21 44 4 35 19 72 16 95 58 5 23 68 93 84 23 25 59 68 30 0 50 80 10 52 
57 99 8 13 21 8 83 7 43 71 54 60 36 0 6 17 2 45 3 84 82 27 41 12 23 94 58 83 59 73 50 65 28 21 50 7 2 54 57 48 55 25 59 18 26 50 0 88 51 61 
41 60 74 13 68 20 65 64 54 33 25 71 97 3 63 58 72 74 9 31 65 43 43 62 4 61 60 31 52 87 35 4 55 8 0 68 83 24 74 42 13 66 58 2 72 80 88 0 36 17 
91 2 65 99 57 17 9 100 43 89 0 41 27 41 16 41 81 67 87 91 6 86 37 36 24 98 4 48 91 12 2 25 54 10 58 17 3 77 96 5 49 23 25 100 35 10 51 36 0 71 
10 26 24 95 12 41 73 87 37 88 26 10 1 69 44 31 76 60 29 74 70 41 20 80 18 99 55 97 4 92 28 69 36 34 14 37 82 46 78 73 33 32 44 98 25 52 61 17 71 0 
BRBRBRRRBRBRRBBBRBRBRBRBRRBRRRBRBBBRBBRBBBBRRBRBRR
