40
0 21 22 99 73 95 63 75 52 71 34 83 53 45 9 95 81 4 65 38 5 6 33 8 99 97 85 49 96 98 44 23 88 54 61 66 93 91 27 94
21 0 61 2 73 73 55 62 80 97 82 8 30 46 25 16 58 33 19 100 91 100 6 2 21 29 64 38 86 43 39 87 57 43 79 37 49 28 30 74
22 61 0 42 96 76 66 66 68 46 87 79 56 57 5 20 75 51 5 31 2 5 74 96 89 46 86 46 13 33 97 100 44 82 68 51 40 36 88 38
99 2 42 0 62 98 49 11 91 60 42 10 32 63 55 29 63 37 22 86 43 34 16 68 88 1 64 25 19 38 74 66 90 77 9 5 55 92 17 66
73 73 96 62 0 61 81 61 58 57 6 3 14 15 32 100 16 16 10 41 85 64 90 43 75 3 70 97 55 52 9 9 91 39 41 8 3 50 77 33
95 73 76 98 61 0 1 28 56 30 59 33 30 14 89 52 79 3 48 20 8 26 77 4 35 74 4 42 85 74 52 92 38 88 28 81 82 80 26 47
63 55 66 49 81 1 0 73 23 4 57 80 71 25 94 65 79 2 100 58 4 9 82 78 82 85 24 6 50 17 17 83 1 43 22 29 99 54 2 30
75 62 66 11 61 28 73 0 61 55 94 37 75 71 54 65 65 15 95 44 97 61 87 42 43 12 38 53 19 39 64 70 69 27 10 33 5 27 61 77
52 80 68 91 58 56 23 61 0 96 89 9 78 98 62 41 2 56 42 20 75 32 58 3 98 90 49 20 22 100 92 59 75 69 76 19 7 79 4 96
71 97 46 60 57 30 4 55 96 0 39 25 96 68 45 21 53 22 48 23 76 77 17 32 17 15 56 31 21 100 16 67 70 62 51 39 98 44 54 37
34 82 87 42 6 59 57 94 89 39 0 10 82 63 40 31 46 64 22 58 3 59 41 39 29 54 52 36 75 5 4 90 53 41 8 72 35 12 72 27
83 8 79 10 3 33 80 37 9 25 10 0 41 9 69 10 45 78 17 40 44 19 12 7 93 12 46 20 3 32 21 82 57 55 93 28 12 74 17 100
53 30 56 32 14 30 71 75 78 96 82 41 0 74 73 8 53 6 1 69 29 29 81 32 86 25 9 18 2 41 95 91 84 36 57 6 4 51 93 64
45 46 57 63 15 14 25 71 98 68 63 9 74 0 56 14 36 96 70 6 3 86 89 51 32 81 68 81 32 69 96 17 84 74 7 39 16 98 23 5
9 25 5 55 32 89 94 54 62 45 40 69 73 56 0 58 68 67 67 51 15 15 28 39 88 48 18 30 24 66 30 35 84 59 21 23 81 56 48 39
95 16 20 29 100 52 65 65 41 21 31 10 8 14 58 0 4 97 31 54 23 30 55 37 98 54 56 45 75 61 57 34 27 31 11 64 59 98 59 99
81 58 75 63 16 79 79 65 2 53 46 45 53 36 68 4 0 14 86 94 100 92 49 76 67 100 100 58 20 9 34 48 46 80 42 90 91 55 64 62
4 33 51 37 16 3 2 15 56 22 64 78 6 96 67 97 14 0 24 61 86 41 2 27 50 19 39 3 39 14 12 71 11 50 99 55 23 53 86 4
65 19 5 22 10 48 100 95 42 48 22 17 1 70 67 31 86 24 0 72 28 44 23 23 4 6 92 20 6 3 89 57 69 82 2 1 53 27 52 2
38 100 31 86 41 20 58 44 20 23 58 40 69 6 51 54 94 61 72 0 89 57 59 44 41 14 20 92 89 64 57 68 20 62 60 36 65 44 93 53
5 91 2 43 85 8 4 97 75 76 3 44 29 3 15 23 100 86 28 89 0 43 96 52 78 69 95 8 80 33 17 67 71 99 36 70 80 70 54 66
6 100 5 34 64 26 9 61 32 77 59 19 29 86 15 30 92 41 44 57 43 0 26 17 3 48 52 94 36 62 8 11 54 23 15 73 100 48 48 26
33 6 74 16 90 77 82 87 58 17 41 12 81 89 28 55 49 2 23 59 96 26 0 78 75 36 33 16 5 79 9 6 19 92 56 38 82 55 40 17
8 2 96 68 43 4 78 42 3 32 39 7 32 51 39 37 76 27 23 44 52 17 78 0 6 68 59 48 89 71 36 48 35 72 94 35 17 10 7 58
99 21 89 88 75 35 82 43 98 17 29 93 86 32 88 98 67 50 4 41 78 3 75 6 0 52 42 13 67 80 23 85 42 98 68 4 28 8 16 40
97 29 46 1 3 74 85 12 90 15 54 12 25 81 48 54 100 19 6 14 69 48 36 68 52 0 9 65 7 60 18 73 22 45 83 56 28 70 61 61
85 64 86 64 70 4 24 38 49 56 52 46 9 68 18 56 100 39 92 20 95 52 33 59 42 9 0 22 87 67 64 76 56 10 45 32 100 80 33 47
49 38 46 25 97 42 6 53 20 31 36 20 18 81 30 45 58 3 20 92 8 94 16 48 13 65 22 0 68 95 6 45 81 43 28 79 92 3 79 51
96 86 13 19 55 85 50 19 22 21 75 3 2 32 24 75 20 39 6 89 80 36 5 89 67 7 87 68 0 20 19 49 40 70 71 29 58 89 87 15
98 43 33 38 52 74 17 39 100 100 5 32 41 69 66 61 9 14 3 64 33 62 79 71 80 60 67 95 20 0 19 76 33 94 87 82 95 41 24 33
44 39 97 74 9 52 17 64 92 16 4 21 95 96 30 57 34 12 89 57 17 8 9 36 23 18 64 6 19 19 0 41 41 31 40 86 40 18 43 86
23 87 100 66 9 92 83 70 59 67 90 82 91 17 35 34 48 71 57 68 67 11 6 48 85 73 76 45 49 76 41 0 82 63 27 63 99 54 37 30
88 57 44 90 91 38 1 69 75 70 53 57 84 84 84 27 46 11 69 20 71 54 19 35 42 22 56 81 40 33 41 82 0 17 83 79 98 31 84 37
54 43 82 77 39 88 43 27 69 62 41 55 36 74 59 31 80 50 82 62 99 23 92 72 98 45 10 43 70 94 31 63 17 0 25 44 94 34 63 41
61 79 68 9 41 28 22 10 76 51 8 93 57 7 21 11 42 99 2 60 36 15 56 94 68 83 45 28 71 87 40 27 83 25 0 26 34 74 48 2
66 37 51 5 8 81 29 33 19 39 72 28 6 39 23 64 90 55 1 36 70 73 38 35 4 56 32 79 29 82 86 63 79 44 26 0 8 96 74 64
93 49 40 55 3 82 99 5 7 98 35 12 4 16 81 59 91 23 53 65 80 100 82 17 28 28 100 92 58 95 40 99 98 94 34 8 0 47 65 82
91 28 36 92 50 80 54 27 79 44 12 74 51 98 56 98 55 53 27 44 70 48 55 10 8 70 80 3 89 41 18 54 31 34 74 96 47 0 44 79
27 30 88 17 77 26 2 61 4 54 72 17 93 23 48 59 64 86 52 93 54 48 40 7 16 61 33 79 87 24 43 37 84 63 48 74 65 44 0 54
94 74 38 66 33 47 30 77 96 37 27 100 64 5 39 99 62 4 2 53 66 26 17 58 40 61 47 51 15 33 86 30 37 41 2 64 82 79 54 0
BRBRBRBRBRBRBRBRBRBRBRBRBRBRBRBRBRBRBRBR
