50
0 68 82 81 62 66 87 94 83 74 65 75 87 87 97 73 66 85 68 94 92 89 74 95 60 97 83 82 81 80 85 77 72 8 81 82 100 92 79 60 97 95 88 92 66 88 77 89 67 95
68 0 70 83 82 94 81 95 97 96 5 71 69 87 87 95 71 65 70 66 98 78 68 86 60 73 96 89 95 83 77 70 100 68 100 79 69 69 78 92 91 88 82 93 60 83 84 62 92 76
82 70 0 88 69 94 88 72 64 80 82 77 91 75 81 89 60 69 91 94 66 90 85 83 98 5 71 70 76 93 99 79 69 64 63 89 91 75 82 5 60 82 99 60 64 92 7 99 82 60
81 83 88 0 2 70 76 87 82 79 85 77 97 67 91 72 76 98 91 95 60 74 82 81 87 61 100 80 69 65 81 82 69 61 73 93 87 84 83 68 64 69 80 4 91 79 75 75 99 83
62 82 69 2 0 74 92 80 67 75 86 65 64 61 75 86 84 78 69 67 80 68 63 68 100 62 75 68 84 68 69 99 70 62 82 99 60 79 68 78 61 90 73 100 89 63 91 92 74 91
66 94 94 70 74 0 97 84 91 62 71 91 90 66 78 79 82 95 97 62 69 76 73 93 88 5 63 5 80 74 100 62 73 74 68 85 60 3 93 68 81 88 83 60 76 71 72 75 73 84
87 81 88 76 92 97 0 90 86 81 91 87 80 73 80 97 62 94 71 66 63 68 81 62 81 68 86 70 88 1 88 71 67 67 84 60 87 78 69 100 71 68 95 62 67 7 87 85 76 63
94 95 72 87 80 84 90 0 93 85 94 65 79 65 90 91 69 99 76 2 72 90 87 80 82 62 98 90 88 67 90 67 87 79 79 98 87 65 60 82 63 92 94 77 85 68 90 79 60 88
83 97 64 82 67 91 86 93 0 79 73 67 77 85 87 97 70 2 95 77 97 68 67 87 65 65 99 97 75 98 96 87 79 74 61 74 81 78 74 80 70 82 66 80 99 78 66 80 74 96
74 96 80 79 75 62 81 85 79 0 69 94 79 62 94 76 92 68 66 81 84 93 87 62 95 94 95 76 78 65 97 70 73 62 80 6 82 89 64 63 80 71 78 67 97 85 71 99 96 69
65 5 82 85 86 71 91 94 73 69 0 2 80 64 73 90 97 88 62 90 91 67 62 73 78 60 82 100 95 83 61 88 79 71 92 89 73 75 98 91 78 99 75 78 78 62 65 61 70 89
75 71 77 77 65 91 87 65 67 94 2 0 63 61 66 91 89 62 63 70 74 81 66 8 94 75 84 77 82 66 60 87 62 89 91 89 100 79 83 73 61 92 63 62 98 63 66 65 76 70
87 69 91 97 64 90 80 79 77 79 80 63 0 94 81 64 99 100 76 98 90 64 85 82 81 98 96 98 96 63 99 62 71 66 68 93 86 97 68 80 69 78 90 71 68 80 83 82 100 68
87 87 75 67 61 66 73 65 85 62 64 61 94 0 71 4 87 80 79 5 86 63 96 62 99 72 79 87 66 86 65 82 61 77 76 84 94 90 83 97 98 78 72 72 83 95 71 87 71 74
97 87 81 91 75 78 80 90 87 94 73 66 81 71 0 80 67 6 88 94 99 74 76 100 99 62 62 76 73 86 71 85 79 90 75 92 93 60 76 69 70 60 88 60 60 99 88 64 82 60
73 95 89 72 86 79 97 91 97 76 90 91 64 4 80 0 85 66 100 89 87 98 86 63 77 86 74 79 81 89 60 89 7 71 66 95 79 69 69 96 65 65 60 87 78 63 69 70 1 87
66 71 60 76 84 82 62 69 70 92 97 89 99 87 67 85 0 80 75 92 97 67 84 100 66 92 99 98 99 71 82 96 60 67 67 75 65 97 89 61 95 85 4 74 92 88 81 68 84 87
85 65 69 98 78 95 94 99 2 68 88 62 100 80 6 66 80 0 65 87 88 84 92 92 72 88 93 100 62 83 64 91 81 92 88 73 73 81 91 72 2 82 85 100 66 97 85 89 97 78
68 70 91 91 69 97 71 76 95 66 62 63 76 79 88 100 75 65 0 62 81 77 96 97 99 66 68 83 68 80 61 80 72 75 66 65 79 68 74 73 92 69 98 83 68 65 93 62 72 67
94 66 94 95 67 62 66 2 77 81 90 70 98 5 94 89 92 87 62 0 95 95 66 66 91 86 74 76 74 63 97 100 96 74 7 5 83 100 96 70 93 73 68 85 84 99 95 97 81 62
92 98 66 60 80 69 63 72 97 84 91 74 90 86 99 87 97 88 81 95 0 72 83 69 83 62 69 82 76 87 8 3 71 87 61 80 89 74 90 89 84 85 66 84 85 100 94 96 66 86
89 78 90 74 68 76 68 90 68 93 67 81 64 63 74 98 67 84 77 95 72 0 94 96 78 71 70 85 79 63 66 93 69 62 91 96 87 92 69 61 89 79 63 67 93 86 60 6 96 66
74 68 85 82 63 73 81 87 67 87 62 66 85 96 76 86 84 92 96 66 83 94 0 93 87 74 60 96 82 96 1 81 77 91 99 61 1 63 69 71 100 2 97 86 91 79 64 82 89 69
95 86 83 81 68 93 62 80 87 62 73 8 82 62 100 63 100 92 97 66 69 96 93 0 87 63 65 84 80 77 61 98 78 94 92 72 94 99 88 65 63 64 86 76 88 68 94 74 89 91
60 60 98 87 100 88 81 82 65 95 78 94 81 99 99 77 66 72 99 91 83 78 87 87 0 91 86 100 78 69 62 94 77 68 98 74 76 70 92 60 73 91 86 83 88 70 82 93 71 88
97 73 5 61 62 5 68 62 65 94 60 75 98 72 62 86 92 88 66 86 62 71 74 63 91 0 83 96 78 83 66 82 76 71 76 99 89 83 88 97 95 2 85 63 79 92 74 78 80 64
83 96 71 100 75 63 86 98 99 95 82 84 96 79 62 74 99 93 68 74 69 70 60 65 86 83 0 79 84 78 62 83 87 86 61 77 61 76 99 94 62 61 95 98 95 65 94 89 80 79
82 89 70 80 68 5 70 90 97 76 100 77 98 87 76 79 98 100 83 76 82 85 96 84 100 96 79 0 80 85 85 91 86 75 62 72 84 62 89 99 96 62 95 98 82 91 75 72 66 76
81 95 76 69 84 80 88 88 75 78 95 82 96 66 73 81 99 62 68 74 76 79 82 80 78 78 84 80 0 86 95 63 100 60 80 82 71 68 89 67 95 98 75 88 85 63 98 98 75 66
80 83 93 65 68 74 1 67 98 65 83 66 63 86 86 89 71 83 80 63 87 63 96 77 69 83 78 85 86 0 93 68 63 74 89 89 64 60 62 90 70 100 62 83 79 71 88 75 70 64
85 77 99 81 69 100 88 90 96 97 61 60 99 65 71 60 82 64 61 97 8 66 1 61 62 66 62 85 95 93 0 4 100 85 72 64 73 97 93 78 95 80 96 72 62 99 60 73 63 74
77 70 79 82 99 62 71 67 87 70 88 87 62 82 85 89 96 91 80 100 3 93 81 98 94 82 83 91 63 68 4 0 92 8 4 66 79 85 83 93 74 77 94 60 62 84 74 66 99 66
72 100 69 69 70 73 67 87 79 73 79 62 71 61 79 7 60 81 72 96 71 69 77 78 77 76 87 86 100 63 100 92 0 96 62 65 88 100 89 69 84 92 68 79 94 100 81 60 97 95
8 68 64 61 62 74 67 79 74 62 71 89 66 77 90 71 67 92 75 74 87 62 91 94 68 71 86 75 60 74 85 8 96 0 68 86 99 70 88 98 69 6 99 76 78 100 96 87 79 68
81 100 63 73 82 68 84 79 61 80 92 91 68 76 75 66 67 88 66 7 61 91 99 92 98 76 61 62 80 89 72 4 62 68 0 93 97 62 87 94 78 92 82 65 82 72 74 95 87 81
82 79 89 93 99 85 60 98 74 6 89 89 93 84 92 95 75 73 65 5 80 96 61 72 74 99 77 72 82 89 64 66 65 86 93 0 93 79 97 97 73 85 82 77 71 67 76 78 65 88
100 69 91 87 60 60 87 87 81 82 73 100 86 94 93 79 65 73 79 83 89 87 1 94 76 89 61 84 71 64 73 79 88 99 97 93 0 68 85 70 77 72 70 78 90 93 78 85 8 79
92 69 75 84 79 3 78 65 78 89 75 79 97 90 60 69 97 81 68 100 74 92 63 99 70 83 76 62 68 60 97 85 100 70 62 79 68 0 99 82 90 63 100 76 93 100 92 82 98 96
79 78 82 83 68 93 69 60 74 64 98 83 68 83 76 69 89 91 74 96 90 69 69 88 92 88 99 89 89 62 93 83 89 88 87 97 85 99 0 87 82 73 65 99 72 90 1 74 68 79
60 92 5 68 78 68 100 82 80 63 91 73 80 97 69 96 61 72 73 70 89 61 71 65 60 97 94 99 67 90 78 93 69 98 94 97 70 82 87 0 63 100 94 80 95 70 75 3 73 79
97 91 60 64 61 81 71 63 70 80 78 61 69 98 70 65 95 2 92 93 84 89 100 63 73 95 62 96 95 70 95 74 84 69 78 73 77 90 82 63 0 85 71 79 74 79 90 81 64 4
95 88 82 69 90 88 68 92 82 71 99 92 78 78 60 65 85 82 69 73 85 79 2 64 91 2 61 62 98 100 80 77 92 6 92 85 72 63 73 100 85 0 85 1 93 96 99 85 64 6
88 82 99 80 73 83 95 94 66 78 75 63 90 72 88 60 4 85 98 68 66 63 97 86 86 85 95 95 75 62 96 94 68 99 82 82 70 100 65 94 71 85 0 81 60 88 82 76 8 71
92 93 60 4 100 60 62 77 80 67 78 62 71 72 60 87 74 100 83 85 84 67 86 76 83 63 98 98 88 83 72 60 79 76 65 77 78 76 99 80 79 1 81 0 89 88 99 85 69 63
66 60 64 91 89 76 67 85 99 97 78 98 68 83 60 78 92 66 68 84 85 93 91 88 88 79 95 82 85 79 62 62 94 78 82 71 90 93 72 95 74 93 60 89 0 97 78 77 85 73
88 83 92 79 63 71 7 68 78 85 62 63 80 95 99 63 88 97 65 99 100 86 79 68 70 92 65 91 63 71 99 84 100 100 72 67 93 100 90 70 79 96 88 88 97 0 66 73 97 96
77 84 7 75 91 72 87 90 66 71 65 66 83 71 88 69 81 85 93 95 94 60 64 94 82 74 94 75 98 88 60 74 81 96 74 76 78 92 1 75 90 99 82 99 78 66 0 99 100 81
89 62 99 75 92 75 85 79 80 99 61 65 82 87 64 70 68 89 62 97 96 6 82 74 93 78 89 72 98 75 73 66 60 87 95 78 85 82 74 3 81 85 76 85 77 73 99 0 86 76
67 92 82 99 74 73 76 60 74 96 70 76 100 71 82 1 84 97 72 81 66 96 89 89 71 80 80 66 75 70 63 99 97 79 87 65 8 98 68 73 64 64 8 69 85 97 100 86 0 89
95 76 60 83 91 84 63 88 96 69 89 70 68 74 60 87 87 78 67 62 86 66 69 91 88 64 79 76 66 64 74 66 95 68 81 88 79 96 79 79 4 6 71 63 73 96 81 76 89 0
RRRBRBBRBBRRBRBRRBRBBRBRBRRBBRRRRRRBRRRRBBBBBBBBBB