50
0 56 52 6 19 66 23 56 46 25 38 40 54 93 71 53 57 57 96 52 3 100 28 35 28 63 32 39 83 45 34 4 31 39 68 94 8 7 79 19 29 55 95 44 5 78 70 7 23 55 
56 0 7 12 73 1 21 55 46 82 64 39 43 30 75 87 5 79 73 1 20 35 26 21 66 96 87 80 3 35 75 7 52 84 89 76 10 88 57 26 98 64 69 100 39 86 68 36 94 30 
52 7 0 100 81 94 63 18 67 2 59 27 28 93 83 65 54 21 75 10 14 94 17 77 33 82 17 60 86 20 29 3 35 3 50 65 76 79 49 97 95 83 4 6 20 1 8 24 77 68 
6 12 100 0 43 61 20 81 51 88 23 51 18 88 37 78 88 9 84 25 40 20 19 20 72 25 11 50 32 25 56 53 62 35 83 16 69 86 68 36 4 44 68 1 94 47 35 18 8 30 
19 73 81 43 0 15 16 45 38 43 21 100 37 22 73 89 24 49 74 61 55 39 97 40 13 32 59 62 65 2 35 87 55 39 10 11 24 28 96 40 31 68 34 98 69 75 11 70 58 54 
66 1 94 61 15 0 79 22 24 48 14 96 43 50 88 34 60 2 81 57 9 53 45 30 94 89 46 19 66 62 44 23 42 15 71 51 50 29 13 33 30 45 95 90 54 72 7 38 90 69 
23 21 63 20 16 79 0 86 18 87 48 74 22 60 92 32 87 34 19 71 12 91 27 100 83 93 91 18 5 62 71 76 63 60 47 35 87 24 3 60 47 38 8 34 92 83 62 97 4 53 
56 55 18 81 45 22 86 0 74 58 85 92 80 39 10 67 10 95 83 22 79 82 57 73 88 83 42 76 58 25 65 96 51 5 77 34 2 15 94 94 92 34 81 22 26 64 89 48 30 51 
46 46 67 51 38 24 18 74 0 20 44 25 67 99 85 66 21 35 56 49 41 66 88 92 86 51 65 42 39 28 61 32 59 30 48 60 50 27 74 7 73 94 75 21 67 93 10 67 15 86 
25 82 2 88 43 48 87 58 20 0 81 48 88 51 67 72 31 26 84 42 42 21 19 39 88 91 86 26 28 88 80 40 64 4 67 39 43 89 98 30 50 31 21 78 93 66 38 16 23 72 
38 64 59 23 21 14 48 85 44 81 0 43 91 7 48 18 57 22 38 18 5 67 58 6 60 92 89 70 67 58 70 2 69 49 69 69 30 76 55 68 43 80 12 44 46 79 7 15 7 21 
40 39 27 51 100 96 74 92 25 48 43 0 7 30 99 4 52 38 26 72 24 2 9 95 33 7 97 44 88 43 93 94 78 88 83 67 26 69 87 85 79 80 89 63 39 5 4 15 92 4 
54 43 28 18 37 43 22 80 67 88 91 7 0 35 93 75 35 43 56 62 53 93 70 60 87 17 99 42 71 14 50 66 80 50 20 53 82 98 64 48 29 93 19 68 57 33 12 54 44 87 
93 30 93 88 22 50 60 39 99 51 7 30 35 0 56 11 49 52 31 63 50 22 90 3 89 93 11 15 43 66 72 2 1 26 4 70 71 2 2 69 19 48 77 52 9 5 10 57 93 39 
71 75 83 37 73 88 92 10 85 67 48 99 93 56 0 71 85 50 90 4 58 43 63 22 15 90 49 32 74 75 66 21 65 28 94 43 90 30 66 6 9 77 89 75 11 38 42 17 57 89 
53 87 65 78 89 34 32 67 66 72 18 4 75 11 71 0 18 34 99 89 15 15 25 93 99 97 72 26 2 78 42 46 12 53 98 17 15 90 52 63 94 22 89 86 37 56 17 9 77 71 
57 5 54 88 24 60 87 10 21 31 57 52 35 49 85 18 0 39 29 7 89 49 17 73 66 10 5 54 58 7 66 29 9 31 18 56 58 45 30 10 19 91 22 58 26 85 11 47 7 28 
57 79 21 9 49 2 34 95 35 26 22 38 43 52 50 34 39 0 60 96 37 69 9 60 87 50 72 98 30 97 1 56 73 54 33 75 38 45 100 21 61 10 50 26 62 58 79 80 80 33 
96 73 75 84 74 81 19 83 56 84 38 26 56 31 90 99 29 60 0 42 19 8 32 96 52 41 35 83 4 82 80 43 16 93 60 93 63 96 4 33 67 2 97 51 42 48 34 10 85 89 
52 1 10 25 61 57 71 22 49 42 18 72 62 63 4 89 7 96 42 0 70 11 17 23 17 58 95 1 65 80 48 67 79 93 52 25 67 71 55 48 15 63 32 4 77 21 11 38 78 48 
3 20 14 40 55 9 12 79 41 42 5 24 53 50 58 15 89 37 19 70 0 96 45 88 66 12 73 95 6 25 44 67 34 16 94 41 15 88 99 18 79 99 14 6 60 49 57 71 65 20 
100 35 94 20 39 53 91 82 66 21 67 2 93 22 43 15 49 69 8 11 96 0 67 79 44 84 78 36 73 45 17 67 99 61 24 35 56 22 31 58 80 15 35 47 29 18 51 85 14 77 
28 26 17 19 97 45 27 57 88 19 58 9 70 90 63 25 17 9 32 17 45 67 0 40 49 4 74 5 30 55 87 76 28 87 60 25 46 22 32 60 13 19 82 67 50 97 84 35 66 63 
35 21 77 20 40 30 100 73 92 39 6 95 60 3 22 93 73 60 96 23 88 79 40 0 92 20 70 24 36 70 94 79 5 4 24 8 65 4 44 81 53 6 47 72 87 38 45 60 68 30 
28 66 33 72 13 94 83 88 86 88 60 33 87 89 15 99 66 87 52 17 66 44 49 92 0 67 22 90 10 43 65 26 30 73 77 40 87 64 92 65 11 48 92 8 6 96 92 5 62 100 
63 96 82 25 32 89 93 83 51 91 92 7 17 93 90 97 10 50 41 58 12 84 4 20 67 0 1 16 44 32 51 75 50 4 68 54 56 30 83 53 76 1 71 11 23 6 73 91 96 65 
32 87 17 11 59 46 91 42 65 86 89 97 99 11 49 72 5 72 35 95 73 78 74 70 22 1 0 36 69 68 27 65 70 66 26 85 58 94 81 22 56 84 83 93 7 41 93 91 42 55 
39 80 60 50 62 19 18 76 42 26 70 44 42 15 32 26 54 98 83 1 95 36 5 24 90 16 36 0 85 49 35 14 49 17 48 58 16 45 9 59 74 25 22 22 70 41 45 87 46 26 
83 3 86 32 65 66 5 58 39 28 67 88 71 43 74 2 58 30 4 65 6 73 30 36 10 44 69 85 0 17 37 46 48 84 42 27 66 28 93 3 62 100 34 37 30 94 86 53 66 96 
45 35 20 25 2 62 62 25 28 88 58 43 14 66 75 78 7 97 82 80 25 45 55 70 43 32 68 49 17 0 48 20 47 49 44 42 54 14 23 32 54 91 84 81 89 45 99 26 76 54 
34 75 29 56 35 44 71 65 61 80 70 93 50 72 66 42 66 1 80 48 44 17 87 94 65 51 27 35 37 48 0 65 22 38 69 3 65 68 2 22 51 94 56 64 54 38 35 10 96 20 
4 7 3 53 87 23 76 96 32 40 2 94 66 2 21 46 29 56 43 67 67 67 76 79 26 75 65 14 46 20 65 0 32 99 53 81 66 20 30 94 40 47 3 46 53 9 93 89 26 4 
31 52 35 62 55 42 63 51 59 64 69 78 80 1 65 12 9 73 16 79 34 99 28 5 30 50 70 49 48 47 22 32 0 4 45 85 14 42 50 62 91 12 38 10 93 41 73 10 51 29 
39 84 3 35 39 15 60 5 30 4 49 88 50 26 28 53 31 54 93 93 16 61 87 4 73 4 66 17 84 49 38 99 4 0 3 26 45 48 44 47 44 80 51 34 93 84 41 19 63 56 
68 89 50 83 10 71 47 77 48 67 69 83 20 4 94 98 18 33 60 52 94 24 60 24 77 68 26 48 42 44 69 53 45 3 0 59 93 53 9 39 26 77 86 19 26 61 82 88 67 99 
94 76 65 16 11 51 35 34 60 39 69 67 53 70 43 17 56 75 93 25 41 35 25 8 40 54 85 58 27 42 3 81 85 26 59 0 57 88 51 90 59 33 92 15 41 75 7 52 80 76 
8 10 76 69 24 50 87 2 50 43 30 26 82 71 90 15 58 38 63 67 15 56 46 65 87 56 58 16 66 54 65 66 14 45 93 57 0 77 64 47 55 46 56 96 22 99 40 13 29 80 
7 88 79 86 28 29 24 15 27 89 76 69 98 2 30 90 45 45 96 71 88 22 22 4 64 30 94 45 28 14 68 20 42 48 53 88 77 0 88 46 79 66 77 61 6 2 92 34 52 85 
79 57 49 68 96 13 3 94 74 98 55 87 64 2 66 52 30 100 4 55 99 31 32 44 92 83 81 9 93 23 2 30 50 44 9 51 64 88 0 34 26 76 71 42 75 13 10 73 79 92 
19 26 97 36 40 33 60 94 7 30 68 85 48 69 6 63 10 21 33 48 18 58 60 81 65 53 22 59 3 32 22 94 62 47 39 90 47 46 34 0 3 41 20 79 84 11 68 15 12 83 
29 98 95 4 31 30 47 92 73 50 43 79 29 19 9 94 19 61 67 15 79 80 13 53 11 76 56 74 62 54 51 40 91 44 26 59 55 79 26 3 0 14 58 55 64 36 50 81 27 45 
55 64 83 44 68 45 38 34 94 31 80 80 93 48 77 22 91 10 2 63 99 15 19 6 48 1 84 25 100 91 94 47 12 80 77 33 46 66 76 41 14 0 2 18 7 88 52 28 84 3 
95 69 4 68 34 95 8 81 75 21 12 89 19 77 89 89 22 50 97 32 14 35 82 47 92 71 83 22 34 84 56 3 38 51 86 92 56 77 71 20 58 2 0 67 40 51 34 97 82 47 
44 100 6 1 98 90 34 22 21 78 44 63 68 52 75 86 58 26 51 4 6 47 67 72 8 11 93 22 37 81 64 46 10 34 19 15 96 61 42 79 55 18 67 0 47 39 37 30 37 38 
5 39 20 94 69 54 92 26 67 93 46 39 57 9 11 37 26 62 42 77 60 29 50 87 6 23 7 70 30 89 54 53 93 93 26 41 22 6 75 84 64 7 40 47 0 90 50 62 46 91 
78 86 1 47 75 72 83 64 93 66 79 5 33 5 38 56 85 58 48 21 49 18 97 38 96 6 41 41 94 45 38 9 41 84 61 75 99 2 13 11 36 88 51 39 90 0 60 45 89 90 
70 68 8 35 11 7 62 89 10 38 7 4 12 10 42 17 11 79 34 11 57 51 84 45 92 73 93 45 86 99 35 93 73 41 82 7 40 92 10 68 50 52 34 37 50 60 0 89 87 61 
7 36 24 18 70 38 97 48 67 16 15 15 54 57 17 9 47 80 10 38 71 85 35 60 5 91 91 87 53 26 10 89 10 19 88 52 13 34 73 15 81 28 97 30 62 45 89 0 74 18 
23 94 77 8 58 90 4 30 15 23 7 92 44 93 57 77 7 80 85 78 65 14 66 68 62 96 42 46 66 76 96 26 51 63 67 80 29 52 79 12 27 84 82 37 46 89 87 74 0 25 
55 30 68 30 54 69 53 51 86 72 21 4 87 39 89 71 28 33 89 48 20 77 63 30 100 65 55 26 96 54 20 4 29 56 99 76 80 85 92 83 45 3 47 38 91 90 61 18 25 0 
RRBBRRBRRBRBBRBBRBRBBRBBBBBBBBRRRRBRBBBRRBRBRRRRRR