50
0 82 2 75 47 52 56 70 89 12 11 28 100 94 46 62 73 8 95 56 1 42 83 50 2 68 13 41 14 54 11 12 7 83 96 75 97 59 73 55 72 100 14 41 20 4 24 22 30 33
82 0 12 88 83 44 54 38 37 55 10 35 81 49 55 50 56 60 84 32 33 76 94 22 6 86 21 52 71 48 8 100 54 26 68 13 44 63 6 70 83 64 72 50 45 24 0 66 84 4
2 12 0 49 71 46 80 49 1 37 5 82 0 28 53 18 63 13 76 83 82 87 78 36 55 21 86 95 31 44 6 32 56 97 87 43 39 66 31 79 32 23 23 10 31 0 100 80 56 48
75 88 49 0 4 65 69 73 31 50 46 91 85 23 73 33 97 15 29 71 84 53 67 66 59 55 56 51 85 38 23 40 43 26 23 27 4 50 32 93 69 16 12 81 16 93 17 71 52 3
47 83 71 4 0 79 41 43 61 91 95 66 75 8 36 36 46 92 68 43 96 95 62 79 84 46 73 26 1 17 87 71 79 27 55 3 58 54 66 57 89 33 0 55 34 66 24 66 71 55
52 44 46 65 79 0 17 46 76 27 30 11 30 69 61 18 45 32 83 14 9 16 9 89 33 6 15 0 82 58 91 88 73 18 80 13 32 100 63 63 65 57 63 43 32 81 62 77 8 87
56 54 80 69 41 17 0 36 97 65 51 18 46 74 4 15 41 76 47 69 4 96 55 53 60 7 62 82 70 43 50 91 5 12 98 14 98 67 12 97 30 86 47 60 61 8 86 19 54 53
70 38 49 73 43 46 36 0 56 66 13 24 11 20 61 42 69 65 71 22 51 57 52 16 43 80 52 79 28 18 88 6 46 48 45 29 25 66 63 11 30 92 70 12 39 30 66 60 54 47
89 37 1 31 61 76 97 56 0 58 16 17 6 64 51 74 98 0 73 47 49 19 82 57 7 67 33 23 100 85 21 79 51 39 77 4 88 98 46 90 83 85 40 29 28 45 81 70 76 87
12 55 37 50 91 27 65 66 58 0 70 20 48 31 67 56 63 94 2 3 32 69 14 62 87 31 100 0 69 82 49 85 22 35 89 48 55 96 50 11 100 97 10 38 13 77 100 99 28 68
11 10 5 46 95 30 51 13 16 70 0 19 3 94 18 22 9 73 77 100 48 84 79 7 90 81 17 28 82 77 89 3 62 94 89 27 41 5 18 48 67 56 34 12 8 22 8 1 25 84
28 35 82 91 66 11 18 24 17 20 19 0 69 49 78 11 9 17 20 63 48 98 10 91 21 68 99 8 71 69 75 82 40 82 90 17 8 46 6 67 90 28 57 88 37 90 78 13 7 55
100 81 0 85 75 30 46 11 6 48 3 69 0 47 1 40 51 21 7 67 87 37 2 21 23 24 21 56 75 51 13 61 9 12 36 11 77 62 48 74 71 95 70 43 11 82 51 20 6 53
94 49 28 23 8 69 74 20 64 31 94 49 47 0 79 74 35 25 9 82 33 94 67 71 73 30 57 61 91 52 98 18 74 0 56 5 82 33 55 33 19 16 4 24 94 27 88 12 10 2
46 55 53 73 36 61 4 61 51 67 18 78 1 79 0 11 68 99 20 67 65 84 49 56 71 12 63 19 62 94 82 90 12 20 50 60 37 64 70 47 46 58 60 27 34 90 8 75 54 92
62 50 18 33 36 18 15 42 74 56 22 11 40 74 11 0 63 87 47 87 61 5 84 16 61 55 61 66 8 86 11 45 52 2 51 0 45 80 97 96 34 58 83 18 64 53 8 33 78 66
73 56 63 97 46 45 41 69 98 63 9 9 51 35 68 63 0 72 2 25 51 43 98 62 91 4 58 72 69 86 7 93 15 15 90 39 38 96 25 94 80 22 97 74 47 30 100 43 6 3
8 60 13 15 92 32 76 65 0 94 73 17 21 25 99 87 72 0 36 13 44 100 72 53 94 12 46 33 25 98 62 57 47 48 53 91 78 37 73 53 2 92 16 20 0 45 24 82 62 2
95 84 76 29 68 83 47 71 73 2 77 20 7 9 20 47 2 36 0 28 97 66 25 3 31 98 100 7 37 51 47 29 24 59 90 67 82 94 58 59 86 81 33 85 3 75 87 72 94 50
56 32 83 71 43 14 69 22 47 3 100 63 67 82 67 87 25 13 28 0 70 87 47 67 21 98 94 77 65 83 97 46 40 5 70 100 93 99 3 80 31 70 34 73 20 22 54 15 26 80
1 33 82 84 96 9 4 51 49 32 48 48 87 33 65 61 51 44 97 70 0 52 14 92 78 60 100 13 40 7 12 6 54 35 59 61 15 55 4 91 75 88 73 72 66 87 7 88 3 4
42 76 87 53 95 16 96 57 19 69 84 98 37 94 84 5 43 100 66 87 52 0 38 16 84 95 86 65 27 98 43 53 18 51 8 93 4 94 32 2 29 76 84 67 3 85 47 20 78 35
83 94 78 67 62 9 55 52 82 14 79 10 2 67 49 84 98 72 25 47 14 38 0 55 65 50 61 69 47 30 50 16 30 0 70 8 47 33 73 56 100 9 59 96 82 61 93 44 3 72
50 22 36 66 79 89 53 16 57 62 7 91 21 71 56 16 62 53 3 67 92 16 55 0 49 63 54 26 57 52 43 71 12 96 90 38 16 15 50 34 15 44 9 48 44 51 91 62 87 69
2 6 55 59 84 33 60 43 7 87 90 21 23 73 71 61 91 94 31 21 78 84 65 49 0 87 77 68 69 77 28 5 10 14 53 76 55 11 60 66 8 4 41 51 32 51 20 73 12 92
68 86 21 55 46 6 7 80 67 31 81 68 24 30 12 55 4 12 98 98 60 95 50 63 87 0 31 89 100 49 22 25 83 66 18 67 42 0 5 29 59 81 66 94 28 90 32 39 70 0
13 21 86 56 73 15 62 52 33 100 17 99 21 57 63 61 58 46 100 94 100 86 61 54 77 31 0 21 96 14 0 56 89 19 72 89 41 75 99 80 77 62 92 6 99 79 23 29 42 15
41 52 95 51 26 0 82 79 23 0 28 8 56 61 19 66 72 33 7 77 13 65 69 26 68 89 21 0 22 67 44 65 4 59 22 85 71 65 5 15 60 67 34 26 83 46 64 22 87 28
14 71 31 85 1 82 70 28 100 69 82 71 75 91 62 8 69 25 37 65 40 27 47 57 69 100 96 22 0 74 67 27 74 29 95 69 57 40 74 14 76 67 84 11 27 36 48 15 12 19
54 48 44 38 17 58 43 18 85 82 77 69 51 52 94 86 86 98 51 83 7 98 30 52 77 49 14 67 74 0 2 29 75 6 8 53 69 99 49 72 67 41 2 46 50 87 7 70 13 88
11 8 6 23 87 91 50 88 21 49 89 75 13 98 82 11 7 62 47 97 12 43 50 43 28 22 0 44 67 2 0 78 54 23 27 92 76 11 35 60 39 64 1 30 31 14 5 58 6 73
12 100 32 40 71 88 91 6 79 85 3 82 61 18 90 45 93 57 29 46 6 53 16 71 5 25 56 65 27 29 78 0 36 83 94 7 63 79 5 36 44 8 93 37 14 96 23 58 28 76
7 54 56 43 79 73 5 46 51 22 62 40 9 74 12 52 15 47 24 40 54 18 30 12 10 83 89 4 74 75 54 36 0 95 56 75 43 38 75 23 36 13 25 7 94 79 61 96 75 80
83 26 97 26 27 18 12 48 39 35 94 82 12 0 20 2 15 48 59 5 35 51 0 96 14 66 19 59 29 6 23 83 95 0 78 24 10 89 20 87 49 89 72 74 34 79 4 37 42 20
96 68 87 23 55 80 98 45 77 89 89 90 36 56 50 51 90 53 90 70 59 8 70 90 53 18 72 22 95 8 27 94 56 78 0 48 21 12 40 16 18 12 25 90 94 22 11 11 19 49
75 13 43 27 3 13 14 29 4 48 27 17 11 5 60 0 39 91 67 100 61 93 8 38 76 67 89 85 69 53 92 7 75 24 48 0 65 36 93 20 51 52 97 25 92 30 62 24 5 17
97 44 39 4 58 32 98 25 88 55 41 8 77 82 37 45 38 78 82 93 15 4 47 16 55 42 41 71 57 69 76 63 43 10 21 65 0 91 13 69 68 72 74 51 53 95 72 12 21 1
59 63 66 50 54 100 67 66 98 96 5 46 62 33 64 80 96 37 94 99 55 94 33 15 11 0 75 65 40 99 11 79 38 89 12 36 91 0 41 78 53 47 35 40 94 18 54 32 66 6
73 6 31 32 66 63 12 63 46 50 18 6 48 55 70 97 25 73 58 3 4 32 73 50 60 5 99 5 74 49 35 5 75 20 40 93 13 41 0 45 32 94 73 81 39 18 3 19 46 65
55 70 79 93 57 63 97 11 90 11 48 67 74 33 47 96 94 53 59 80 91 2 56 34 66 29 80 15 14 72 60 36 23 87 16 20 69 78 45 0 93 17 23 87 13 43 73 2 30 8
72 83 32 69 89 65 30 30 83 100 67 90 71 19 46 34 80 2 86 31 75 29 100 15 8 59 77 60 76 67 39 44 36 49 18 51 68 53 32 93 0 39 88 86 56 3 26 17 40 88
100 64 23 16 33 57 86 92 85 97 56 28 95 16 58 58 22 92 81 70 88 76 9 44 4 81 62 67 67 41 64 8 13 89 12 52 72 47 94 17 39 0 59 88 30 93 75 16 37 48
14 72 23 12 0 63 47 70 40 10 34 57 70 4 60 83 97 16 33 34 73 84 59 9 41 66 92 34 84 2 1 93 25 72 25 97 74 35 73 23 88 59 0 8 65 56 44 10 3 39
41 50 10 81 55 43 60 12 29 38 12 88 43 24 27 18 74 20 85 73 72 67 96 48 51 94 6 26 11 46 30 37 7 74 90 25 51 40 81 87 86 88 8 0 70 44 60 92 98 28
20 45 31 16 34 32 61 39 28 13 8 37 11 94 34 64 47 0 3 20 66 3 82 44 32 28 99 83 27 50 31 14 94 34 94 92 53 94 39 13 56 30 65 70 0 65 84 21 94 56
4 24 0 93 66 81 8 30 45 77 22 90 82 27 90 53 30 45 75 22 87 85 61 51 51 90 79 46 36 87 14 96 79 79 22 30 95 18 18 43 3 93 56 44 65 0 93 84 57 98
24 0 100 17 24 62 86 66 81 100 8 78 51 88 8 8 100 24 87 54 7 47 93 91 20 32 23 64 48 7 5 23 61 4 11 62 72 54 3 73 26 75 44 60 84 93 0 6 54 28
22 66 80 71 66 77 19 60 70 99 1 13 20 12 75 33 43 82 72 15 88 20 44 62 73 39 29 22 15 70 58 58 96 37 11 24 12 32 19 2 17 16 10 92 21 84 6 0 59 38
30 84 56 52 71 8 54 54 76 28 25 7 6 10 54 78 6 62 94 26 3 78 3 87 12 70 42 87 12 13 6 28 75 42 19 5 21 66 46 30 40 37 3 98 94 57 54 59 0 64
33 4 48 3 55 87 53 47 87 68 84 55 53 2 92 66 3 2 50 80 4 35 72 69 92 0 15 28 19 88 73 76 80 20 49 17 1 6 65 8 88 48 39 28 56 98 28 38 64 0
RBRRBBBBBRBRRRBBBRBRBBRBRRRRRBRRRRBBBBBBRBBRRBRRBR