50
0 0 0 0 0 0 0 0 0 0 0 0 0 0 0 0 0 0 0 0 0 0 0 0 0 0 0 0 0 0 0 0 0 0 0 0 0 0 0 0 0 0 0 0 0 0 0 0 0 0
0 0 20 20 20 48 48 20 20 48 48 20 20 48 48 20 20 48 48 20 20 48 48 20 20 48 48 20 20 48 48 20 20 48 48 20 20 48 48 20 20 48 48 20 20 48 48 20 20 48
0 20 0 20 20 48 48 20 20 48 48 20 20 48 48 20 20 48 48 20 20 48 48 20 20 48 48 20 20 48 48 20 20 48 48 20 20 48 48 20 20 48 48 20 20 48 48 20 20 48
0 20 20 0 20 20 20 20 20 20 20 48 48 48 48 20 20 20 20 48 48 48 48 20 20 20 20 48 48 48 48 20 20 20 20 48 48 48 48 20 20 20 20 48 48 48 48 20 20 20
0 20 20 20 0 20 20 20 20 20 20 48 48 48 48 20 20 20 20 48 48 48 48 20 20 20 20 48 48 48 48 20 20 20 20 48 48 48 48 20 20 20 20 48 48 48 48 20 20 20
0 48 48 20 20 0 20 20 20 20 20 48 48 48 48 20 20 20 20 48 48 48 48 20 20 20 20 48 48 48 48 20 20 20 20 48 48 48 48 20 20 20 20 48 48 48 48 20 20 20
0 48 48 20 20 20 0 20 20 20 20 48 48 48 48 20 20 20 20 48 48 48 48 20 20 20 20 48 48 48 48 20 20 20 20 48 48 48 48 20 20 20 20 48 48 48 48 20 20 20
0 20 20 20 20 20 20 0 20 20 20 20 20 20 20 20 20 20 20 20 20 20 20 48 48 48 48 48 48 48 48 20 20 20 20 20 20 20 20 48 48 48 48 48 48 48 48 20 20 20
0 20 20 20 20 20 20 20 0 20 20 20 20 20 20 20 20 20 20 20 20 20 20 48 48 48 48 48 48 48 48 20 20 20 20 20 20 20 20 48 48 48 48 48 48 48 48 20 20 20
0 48 48 20 20 20 20 20 20 0 20 20 20 20 20 20 20 20 20 20 20 20 20 48 48 48 48 48 48 48 48 20 20 20 20 20 20 20 20 48 48 48 48 48 48 48 48 20 20 20
0 48 48 20 20 20 20 20 20 20 0 20 20 20 20 20 20 20 20 20 20 20 20 48 48 48 48 48 48 48 48 20 20 20 20 20 20 20 20 48 48 48 48 48 48 48 48 20 20 20
0 20 20 48 48 48 48 20 20 20 20 0 20 20 20 20 20 20 20 20 20 20 20 48 48 48 48 48 48 48 48 20 20 20 20 20 20 20 20 48 48 48 48 48 48 48 48 20 20 20
0 20 20 48 48 48 48 20 20 20 20 20 0 20 20 20 20 20 20 20 20 20 20 48 48 48 48 48 48 48 48 20 20 20 20 20 20 20 20 48 48 48 48 48 48 48 48 20 20 20
0 48 48 48 48 48 48 20 20 20 20 20 20 0 20 20 20 20 20 20 20 20 20 48 48 48 48 48 48 48 48 20 20 20 20 20 20 20 20 48 48 48 48 48 48 48 48 20 20 20
0 48 48 48 48 48 48 20 20 20 20 20 20 20 0 20 20 20 20 20 20 20 20 48 48 48 48 48 48 48 48 20 20 20 20 20 20 20 20 48 48 48 48 48 48 48 48 20 20 20
0 20 20 20 20 20 20 20 20 20 20 20 20 20 20 0 20 20 20 20 20 20 20 20 20 20 20 20 20 20 20 20 20 20 20 20 20 20 20 20 20 20 20 20 20 20 20 48 48 48
0 20 20 20 20 20 20 20 20 20 20 20 20 20 20 20 0 20 20 20 20 20 20 20 20 20 20 20 20 20 20 20 20 20 20 20 20 20 20 20 20 20 20 20 20 20 20 48 48 48
0 48 48 20 20 20 20 20 20 20 20 20 20 20 20 20 20 0 20 20 20 20 20 20 20 20 20 20 20 20 20 20 20 20 20 20 20 20 20 20 20 20 20 20 20 20 20 48 48 48
0 48 48 20 20 20 20 20 20 20 20 20 20 20 20 20 20 20 0 20 20 20 20 20 20 20 20 20 20 20 20 20 20 20 20 20 20 20 20 20 20 20 20 20 20 20 20 48 48 48
0 20 20 48 48 48 48 20 20 20 20 20 20 20 20 20 20 20 20 0 20 20 20 20 20 20 20 20 20 20 20 20 20 20 20 20 20 20 20 20 20 20 20 20 20 20 20 48 48 48
0 20 20 48 48 48 48 20 20 20 20 20 20 20 20 20 20 20 20 20 0 20 20 20 20 20 20 20 20 20 20 20 20 20 20 20 20 20 20 20 20 20 20 20 20 20 20 48 48 48
0 48 48 48 48 48 48 20 20 20 20 20 20 20 20 20 20 20 20 20 20 0 20 20 20 20 20 20 20 20 20 20 20 20 20 20 20 20 20 20 20 20 20 20 20 20 20 48 48 48
0 48 48 48 48 48 48 20 20 20 20 20 20 20 20 20 20 20 20 20 20 20 0 20 20 20 20 20 20 20 20 20 20 20 20 20 20 20 20 20 20 20 20 20 20 20 20 48 48 48
0 20 20 20 20 20 20 48 48 48 48 48 48 48 48 20 20 20 20 20 20 20 20 0 20 20 20 20 20 20 20 20 20 20 20 20 20 20 20 20 20 20 20 20 20 20 20 48 48 48
0 20 20 20 20 20 20 48 48 48 48 48 48 48 48 20 20 20 20 20 20 20 20 20 0 20 20 20 20 20 20 20 20 20 20 20 20 20 20 20 20 20 20 20 20 20 20 48 48 48
0 48 48 20 20 20 20 48 48 48 48 48 48 48 48 20 20 20 20 20 20 20 20 20 20 0 20 20 20 20 20 20 20 20 20 20 20 20 20 20 20 20 20 20 20 20 20 48 48 48
0 48 48 20 20 20 20 48 48 48 48 48 48 48 48 20 20 20 20 20 20 20 20 20 20 20 0 20 20 20 20 20 20 20 20 20 20 20 20 20 20 20 20 20 20 20 20 48 48 48
0 20 20 48 48 48 48 48 48 48 48 48 48 48 48 20 20 20 20 20 20 20 20 20 20 20 20 0 20 20 20 20 20 20 20 20 20 20 20 20 20 20 20 20 20 20 20 48 48 48
0 20 20 48 48 48 48 48 48 48 48 48 48 48 48 20 20 20 20 20 20 20 20 20 20 20 20 20 0 20 20 20 20 20 20 20 20 20 20 20 20 20 20 20 20 20 20 48 48 48
0 48 48 48 48 48 48 48 48 48 48 48 48 48 48 20 20 20 20 20 20 20 20 20 20 20 20 20 20 0 20 20 20 20 20 20 20 20 20 20 20 20 20 20 20 20 20 48 48 48
0 48 48 48 48 48 48 48 48 48 48 48 48 48 48 20 20 20 20 20 20 20 20 20 20 20 20 20 20 20 0 20 20 20 20 20 20 20 20 20 20 20 20 20 20 20 20 48 48 48
0 20 20 20 20 20 20 20 20 20 20 20 20 20 20 20 20 20 20 20 20 20 20 20 20 20 20 20 20 20 20 0 20 20 20 20 20 20 20 20 20 20 20 20 20 20 20 20 20 20
0 20 20 20 20 20 20 20 20 20 20 20 20 20 20 20 20 20 20 20 20 20 20 20 20 20 20 20 20 20 20 20 0 20 20 20 20 20 20 20 20 20 20 20 20 20 20 20 20 20
0 48 48 20 20 20 20 20 20 20 20 20 20 20 20 20 20 20 20 20 20 20 20 20 20 20 20 20 20 20 20 20 20 0 20 20 20 20 20 20 20 20 20 20 20 20 20 20 20 20
0 48 48 20 20 20 20 20 20 20 20 20 20 20 20 20 20 20 20 20 20 20 20 20 20 20 20 20 20 20 20 20 20 20 0 20 20 20 20 20 20 20 20 20 20 20 20 20 20 20
0 20 20 48 48 48 48 20 20 20 20 20 20 20 20 20 20 20 20 20 20 20 20 20 20 20 20 20 20 20 20 20 20 20 20 0 20 20 20 20 20 20 20 20 20 20 20 20 20 20
0 20 20 48 48 48 48 20 20 20 20 20 20 20 20 20 20 20 20 20 20 20 20 20 20 20 20 20 20 20 20 20 20 20 20 20 0 20 20 20 20 20 20 20 20 20 20 20 20 20
0 48 48 48 48 48 48 20 20 20 20 20 20 20 20 20 20 20 20 20 20 20 20 20 20 20 20 20 20 20 20 20 20 20 20 20 20 0 20 20 20 20 20 20 20 20 20 20 20 20
0 48 48 48 48 48 48 20 20 20 20 20 20 20 20 20 20 20 20 20 20 20 20 20 20 20 20 20 20 20 20 20 20 20 20 20 20 20 0 20 20 20 20 20 20 20 20 20 20 20
0 20 20 20 20 20 20 48 48 48 48 48 48 48 48 20 20 20 20 20 20 20 20 20 20 20 20 20 20 20 20 20 20 20 20 20 20 20 20 0 20 20 20 20 20 20 20 20 20 20
0 20 20 20 20 20 20 48 48 48 48 48 48 48 48 20 20 20 20 20 20 20 20 20 20 20 20 20 20 20 20 20 20 20 20 20 20 20 20 20 0 20 20 20 20 20 20 20 20 20
0 48 48 20 20 20 20 48 48 48 48 48 48 48 48 20 20 20 20 20 20 20 20 20 20 20 20 20 20 20 20 20 20 20 20 20 20 20 20 20 20 0 20 20 20 20 20 20 20 20
0 48 48 20 20 20 20 48 48 48 48 48 48 48 48 20 20 20 20 20 20 20 20 20 20 20 20 20 20 20 20 20 20 20 20 20 20 20 20 20 20 20 0 20 20 20 20 20 20 20
0 20 20 48 48 48 48 48 48 48 48 48 48 48 48 20 20 20 20 20 20 20 20 20 20 20 20 20 20 20 20 20 20 20 20 20 20 20 20 20 20 20 20 0 20 20 20 20 20 20
0 20 20 48 48 48 48 48 48 48 48 48 48 48 48 20 20 20 20 20 20 20 20 20 20 20 20 20 20 20 20 20 20 20 20 20 20 20 20 20 20 20 20 20 0 20 20 20 20 20
0 48 48 48 48 48 48 48 48 48 48 48 48 48 48 20 20 20 20 20 20 20 20 20 20 20 20 20 20 20 20 20 20 20 20 20 20 20 20 20 20 20 20 20 20 0 20 20 20 20
0 48 48 48 48 48 48 48 48 48 48 48 48 48 48 20 20 20 20 20 20 20 20 20 20 20 20 20 20 20 20 20 20 20 20 20 20 20 20 20 20 20 20 20 20 20 0 20 20 20
0 20 20 20 20 20 20 20 20 20 20 20 20 20 20 48 48 48 48 48 48 48 48 48 48 48 48 48 48 48 48 20 20 20 20 20 20 20 20 20 20 20 20 20 20 20 20 0 20 20
0 20 20 20 20 20 20 20 20 20 20 20 20 20 20 48 48 48 48 48 48 48 48 48 48 48 48 48 48 48 48 20 20 20 20 20 20 20 20 20 20 20 20 20 20 20 20 20 0 20
0 48 48 20 20 20 20 20 20 20 20 20 20 20 20 48 48 48 48 48 48 48 48 48 48 48 48 48 48 48 48 20 20 20 20 20 20 20 20 20 20 20 20 20 20 20 20 20 20 0
BRBRBRBRBRBRBRBRBRBRBRBRBRBRBRBRBRBRBRBRBRBRBRBRBR
