50
0 6 15 21 24 19 19 8 14 17 6 24 6 16 21 17 6 24 19 23 16 8 14 17 8 73 65 100 54 52 92 68 81 61 97 90 97 78 58 63 89 74 68 94 83 57 73 80 98 50
6 0 5 20 8 2 23 7 3 21 11 20 4 12 2 6 14 23 20 25 15 23 20 8 17 92 80 60 86 52 50 77 65 88 61 82 94 86 92 96 71 76 53 81 88 63 78 97 60 67
15 5 0 6 20 22 10 11 23 12 1 4 25 25 18 24 4 17 20 17 20 5 11 15 9 87 51 57 51 88 85 64 61 95 71 93 73 61 86 70 93 59 94 67 70 84 55 52 73 81
21 20 6 0 22 20 23 14 17 18 20 17 21 3 4 15 18 5 1 10 8 5 18 24 8 52 55 80 71 87 63 83 57 77 58 67 87 79 85 70 58 54 61 95 91 72 62 74 57 81
24 8 20 22 0 11 22 12 23 5 20 19 23 25 6 7 10 19 25 11 21 8 25 6 18 54 87 68 62 99 74 73 90 71 98 73 61 63 94 52 71 73 85 68 74 55 70 100 86 96
19 2 22 20 11 0 24 9 23 17 15 8 24 11 19 15 4 24 3 3 1 23 9 17 14 81 92 95 88 82 84 61 65 67 63 94 96 89 76 78 76 77 89 97 89 74 64 86 51 57
19 23 10 23 22 24 0 3 19 4 7 25 22 22 3 19 9 21 16 16 23 6 7 21 25 74 64 85 60 78 82 81 76 68 65 73 98 90 60 97 97 56 89 73 97 85 88 95 94 81
8 7 11 14 12 9 3 0 9 8 24 17 6 24 9 2 4 6 10 19 20 25 17 3 1 77 84 91 69 70 92 81 68 98 91 72 52 55 100 97 62 92 81 50 100 82 67 89 67 83
14 3 23 17 23 23 19 9 0 25 16 23 1 7 8 17 4 22 23 2 12 11 18 21 2 50 66 78 80 85 100 62 68 55 65 83 85 93 90 98 89 73 99 92 55 82 73 91 61 65
17 21 12 18 5 17 4 8 25 0 25 18 22 16 4 14 9 23 7 21 11 20 16 12 18 90 96 54 93 92 88 52 64 75 68 53 95 56 51 62 67 87 88 58 54 54 96 95 64 70
6 11 1 20 20 15 7 24 16 25 0 6 8 15 18 8 19 25 21 10 23 10 15 17 7 65 52 51 56 61 68 56 68 95 70 87 50 57 54 85 52 66 70 80 70 59 51 89 67 70
24 20 4 17 19 8 25 17 23 18 6 0 22 2 4 1 19 15 20 22 9 25 17 9 7 91 96 72 61 91 100 54 63 92 88 96 80 92 52 87 57 72 77 60 51 60 54 75 57 53
6 4 25 21 23 24 22 6 1 22 8 22 0 22 21 1 15 18 22 13 2 14 7 23 25 61 59 97 59 86 72 85 83 94 81 52 64 92 54 74 90 90 70 90 79 59 72 68 90 57
16 12 25 3 25 11 22 24 7 16 15 2 22 0 16 2 12 22 13 4 13 25 9 7 6 83 79 61 91 78 98 70 52 54 97 75 55 68 57 61 88 100 89 71 89 74 95 75 58 95
21 2 18 4 6 19 3 9 8 4 18 4 21 16 0 17 17 18 4 5 1 2 13 18 6 100 68 50 75 61 50 74 87 90 90 71 96 60 51 69 99 60 82 95 78 69 73 86 56 75
17 6 24 15 7 15 19 2 17 14 8 1 1 2 17 0 7 15 23 10 24 3 25 24 4 58 58 81 100 77 84 90 55 61 73 85 93 75 84 89 98 66 74 52 70 99 83 60 55 95
6 14 4 18 10 4 9 4 4 9 19 19 15 12 17 7 0 3 14 24 23 23 5 19 11 66 72 80 66 62 57 75 89 69 92 92 83 99 74 81 76 94 85 99 98 95 93 100 95 70
24 23 17 5 19 24 21 6 22 23 25 15 18 22 18 15 3 0 15 7 16 8 23 12 1 75 79 57 88 52 57 78 85 90 51 81 51 91 85 62 77 62 64 56 89 69 58 82 59 93
19 20 20 1 25 3 16 10 23 7 21 20 22 13 4 23 14 15 0 1 3 8 20 16 14 66 79 76 86 69 91 80 50 93 95 84 74 96 92 76 86 72 81 67 54 75 62 72 97 84
23 25 17 10 11 3 16 19 2 21 10 22 13 4 5 10 24 7 1 0 9 21 10 25 10 95 96 74 74 88 73 84 82 92 69 72 87 99 79 58 94 94 65 85 52 84 66 70 98 54
16 15 20 8 21 1 23 20 12 11 23 9 2 13 1 24 23 16 3 9 0 13 2 14 12 55 92 74 76 85 92 98 97 82 98 81 68 60 52 69 67 71 76 91 67 66 52 96 98 70
8 23 5 5 8 23 6 25 11 20 10 25 14 25 2 3 23 8 8 21 13 0 13 11 16 58 97 76 77 55 99 81 89 82 59 82 80 86 76 60 53 85 64 82 84 81 64 94 70 51
14 20 11 18 25 9 7 17 18 16 15 17 7 9 13 25 5 23 20 10 2 13 0 10 14 51 91 98 53 79 59 95 73 61 73 59 82 81 81 61 51 52 72 80 76 91 99 52 65 56
17 8 15 24 6 17 21 3 21 12 17 9 23 7 18 24 19 12 16 25 14 11 10 0 17 95 90 66 63 65 76 78 65 75 79 55 78 70 64 96 86 71 62 56 54 61 52 65 94 85
8 17 9 8 18 14 25 1 2 18 7 7 25 6 6 4 11 1 14 10 12 16 14 17 0 66 92 79 54 54 96 68 60 77 67 100 74 99 77 97 77 61 74 58 53 71 99 80 91 69
73 92 87 52 54 81 74 77 50 90 65 91 61 83 100 58 66 75 66 95 55 58 51 95 66 0 19 8 17 23 25 10 24 11 11 3 8 16 23 1 2 4 13 3 1 24 16 16 20 21
65 80 51 55 87 92 64 84 66 96 52 96 59 79 68 58 72 79 79 96 92 97 91 90 92 19 0 10 13 14 21 16 11 12 9 22 22 10 24 23 8 21 19 14 14 25 17 25 4 7
100 60 57 80 68 95 85 91 78 54 51 72 97 61 50 81 80 57 76 74 74 76 98 66 79 8 10 0 4 7 5 24 17 8 18 5 14 5 10 3 15 11 7 19 23 18 25 2 7 7
54 86 51 71 62 88 60 69 80 93 56 61 59 91 75 100 66 88 86 74 76 77 53 63 54 17 13 4 0 20 24 20 4 21 17 24 9 17 20 2 19 20 22 13 3 5 1 3 17 3
52 52 88 87 99 82 78 70 85 92 61 91 86 78 61 77 62 52 69 88 85 55 79 65 54 23 14 7 20 0 14 17 6 19 11 6 15 10 17 4 11 6 2 22 7 14 13 13 12 9
92 50 85 63 74 84 82 92 100 88 68 100 72 98 50 84 57 57 91 73 92 99 59 76 96 25 21 5 24 14 0 1 12 13 22 4 25 20 2 6 8 16 25 4 8 25 14 12 11 19
68 77 64 83 73 61 81 81 62 52 56 54 85 70 74 90 75 78 80 84 98 81 95 78 68 10 16 24 20 17 1 0 13 5 6 8 6 16 23 3 17 12 19 6 24 13 10 20 11 8
81 65 61 57 90 65 76 68 68 64 68 63 83 52 87 55 89 85 50 82 97 89 73 65 60 24 11 17 4 6 12 13 0 10 12 6 6 1 19 4 14 17 16 11 17 20 2 4 9 16
61 88 95 77 71 67 68 98 55 75 95 92 94 54 90 61 69 90 93 92 82 82 61 75 77 11 12 8 21 19 13 5 10 0 1 3 1 2 11 5 13 2 20 12 16 5 10 18 4 21
97 61 71 58 98 63 65 91 65 68 70 88 81 97 90 73 92 51 95 69 98 59 73 79 67 11 9 18 17 11 22 6 12 1 0 23 10 19 13 17 10 8 11 4 10 4 25 16 11 14
90 82 93 67 73 94 73 72 83 53 87 96 52 75 71 85 92 81 84 72 81 82 59 55 100 3 22 5 24 6 4 8 6 3 23 0 8 3 11 1 18 2 1 7 25 17 16 15 12 17
97 94 73 87 61 96 98 52 85 95 50 80 64 55 96 93 83 51 74 87 68 80 82 78 74 8 22 14 9 15 25 6 6 1 10 8 0 5 10 6 23 1 3 4 19 2 1 6 2 5
78 86 61 79 63 89 90 55 93 56 57 92 92 68 60 75 99 91 96 99 60 86 81 70 99 16 10 5 17 10 20 16 1 2 19 3 5 0 2 6 17 9 24 18 25 2 25 2 5 1
58 92 86 85 94 76 60 100 90 51 54 52 54 57 51 84 74 85 92 79 52 76 81 64 77 23 24 10 20 17 2 23 19 11 13 11 10 2 0 25 5 15 3 7 14 13 14 3 15 16
63 96 70 70 52 78 97 97 98 62 85 87 74 61 69 89 81 62 76 58 69 60 61 96 97 1 23 3 2 4 6 3 4 5 17 1 6 6 25 0 11 1 13 15 22 25 19 7 8 17
89 71 93 58 71 76 97 62 89 67 52 57 90 88 99 98 76 77 86 94 67 53 51 86 77 2 8 15 19 11 8 17 14 13 10 18 23 17 5 11 0 9 18 21 9 24 9 8 10 2
74 76 59 54 73 77 56 92 73 87 66 72 90 100 60 66 94 62 72 94 71 85 52 71 61 4 21 11 20 6 16 12 17 2 8 2 1 9 15 1 9 0 6 20 16 15 14 25 9 19
68 53 94 61 85 89 89 81 99 88 70 77 70 89 82 74 85 64 81 65 76 64 72 62 74 13 19 7 22 2 25 19 16 20 11 1 3 24 3 13 18 6 0 16 3 8 20 9 17 23
94 81 67 95 68 97 73 50 92 58 80 60 90 71 95 52 99 56 67 85 91 82 80 56 58 3 14 19 13 22 4 6 11 12 4 7 4 18 7 15 21 20 16 0 2 15 3 2 5 2
83 88 70 91 74 89 97 100 55 54 70 51 79 89 78 70 98 89 54 52 67 84 76 54 53 1 14 23 3 7 8 24 17 16 10 25 19 25 14 22 9 16 3 2 0 9 17 3 3 5
57 63 84 72 55 74 85 82 82 54 59 60 59 74 69 99 95 69 75 84 66 81 91 61 71 24 25 18 5 14 25 13 20 5 4 17 2 2 13 25 24 15 8 15 9 0 17 15 24 25
73 78 55 62 70 64 88 67 73 96 51 54 72 95 73 83 93 58 62 66 52 64 99 52 99 16 17 25 1 13 14 10 2 10 25 16 1 25 14 19 9 14 20 3 17 17 0 4 18 16
80 97 52 74 100 86 95 89 91 95 89 75 68 75 86 60 100 82 72 70 96 94 52 65 80 16 25 2 3 13 12 20 4 18 16 15 6 2 3 7 8 25 9 2 3 15 4 0 25 1
98 60 73 57 86 51 94 67 61 64 67 57 90 58 56 55 95 59 97 98 98 70 65 94 91 20 4 7 17 12 11 11 9 4 11 12 2 5 15 8 10 9 17 5 3 24 18 25 0 19
50 67 81 81 96 57 81 83 65 70 70 53 57 95 75 95 70 93 84 54 70 51 56 85 69 21 7 7 3 9 19 8 16 21 14 17 5 1 16 17 2 19 23 2 5 25 16 1 19 0
RRRRRRRRRRRRRRRRRRRRRRRRRBBBBBBBBBBBBBBBBBBBBBBBBB