50
0 6 6 3 7 5 8 4 9 19 10 5 17 4 20 10 16 14 8 13 8 3 16 3 12 8 16 20 6 0 18 11 13 5 9 2 13 10 0 15 17 12 0 15 10 2 18 4 0 11
6 0 14 6 16 3 16 20 16 6 20 10 1 15 0 8 8 19 19 18 19 12 13 15 3 15 17 1 4 9 17 15 7 12 6 7 6 8 1 6 6 5 5 1 10 9 18 11 9 2
6 14 0 17 11 3 5 19 4 4 2 15 20 17 15 20 12 2 9 11 18 8 10 11 19 2 14 15 9 8 14 8 18 7 0 19 0 0 14 20 3 12 16 19 5 14 19 6 9 12
3 6 17 0 5 19 0 20 1 4 12 3 6 20 9 7 16 17 2 19 4 17 15 14 0 13 15 3 4 4 13 16 7 4 20 10 7 9 5 0 6 13 16 17 7 17 7 16 11 2
7 16 11 5 0 17 4 13 1 9 16 7 20 16 0 15 13 15 11 14 0 16 10 11 2 16 13 3 18 10 0 4 14 19 11 9 5 16 0 2 14 14 15 3 10 13 6 1 10 17
5 3 3 19 17 0 6 10 3 6 15 14 14 2 6 8 17 13 18 16 9 16 10 9 8 1 5 15 9 17 7 7 14 3 5 14 2 7 0 1 10 9 2 4 1 12 9 13 12 18
8 16 5 0 4 6 0 18 18 6 12 9 3 13 11 3 18 10 15 13 17 11 16 19 16 6 7 7 10 9 6 19 2 16 7 16 0 18 16 13 0 15 3 17 20 6 3 11 18 11
4 20 19 20 13 10 18 0 11 19 10 13 20 7 11 5 5 13 12 18 13 2 9 7 8 13 16 1 7 20 14 2 3 18 1 13 15 4 11 2 13 0 19 11 11 14 0 14 0 18
9 16 4 1 1 3 18 11 0 11 11 16 16 4 14 6 11 20 13 12 3 12 20 0 16 16 8 2 0 13 14 9 10 4 9 13 6 7 0 5 13 6 4 0 11 12 16 19 6 18
19 6 4 4 9 6 6 19 11 0 1 20 1 0 1 17 18 14 12 11 18 19 3 11 6 12 5 9 14 13 18 12 3 6 9 10 11 11 17 0 8 10 20 13 16 9 14 17 13 19
10 20 2 12 16 15 12 10 11 1 0 5 2 20 15 14 5 10 5 8 12 9 16 15 11 20 16 8 17 13 2 3 5 6 1 3 20 19 7 4 16 8 5 4 2 11 17 10 5 15
5 10 15 3 7 14 9 13 16 20 5 0 1 11 12 18 17 16 18 5 8 7 17 18 13 11 14 1 10 8 4 14 2 8 3 6 19 18 1 4 9 10 1 3 3 3 7 12 18 10
17 1 20 6 20 14 3 20 16 1 2 1 0 7 13 3 19 11 6 2 20 8 16 15 9 2 3 5 14 9 6 18 13 14 0 1 5 3 5 2 19 7 17 12 4 7 6 16 7 8
4 15 17 20 16 2 13 7 4 0 20 11 7 0 18 17 19 19 1 0 14 2 17 16 14 0 5 15 8 2 18 13 0 4 7 1 10 5 18 17 3 16 9 1 13 7 18 14 15 1
20 0 15 9 0 6 11 11 14 1 15 12 13 18 0 19 16 13 0 17 16 3 2 5 14 11 0 12 4 9 19 7 14 12 12 2 12 14 19 0 18 3 4 18 1 0 17 1 4 12
10 8 20 7 15 8 3 5 6 17 14 18 3 17 19 0 0 12 12 6 8 13 5 14 8 6 0 20 8 1 0 0 4 16 17 1 10 12 10 17 2 20 10 5 1 17 9 3 13 2
16 8 12 16 13 17 18 5 11 18 5 17 19 19 16 0 0 4 12 4 9 20 20 17 17 11 15 4 19 8 17 19 20 9 19 10 6 13 20 5 15 10 7 20 0 14 19 1 13 3
14 19 2 17 15 13 10 13 20 14 10 16 11 19 13 12 4 0 20 14 2 11 10 11 19 19 19 14 11 6 7 7 8 1 18 11 16 0 4 13 18 20 1 2 18 15 7 0 1 17
8 19 9 2 11 18 15 12 13 12 5 18 6 1 0 12 12 20 0 11 4 14 10 5 5 7 16 7 2 11 15 19 15 17 18 15 0 13 10 20 8 2 6 10 19 17 12 8 9 0
13 18 11 19 14 16 13 18 12 11 8 5 2 0 17 6 4 14 11 0 7 4 13 5 14 0 1 14 9 14 18 15 20 8 14 19 8 17 6 16 19 1 2 2 16 4 6 18 10 11
8 19 18 4 0 9 17 13 3 18 12 8 20 14 16 8 9 2 4 7 0 7 1 18 15 5 17 8 7 4 2 20 18 18 13 2 5 6 19 20 2 16 0 11 18 20 4 17 20 3
3 12 8 17 16 16 11 2 12 19 9 7 8 2 3 13 20 11 14 4 7 0 1 8 0 5 3 17 15 20 10 18 4 7 0 10 0 14 10 14 20 8 8 7 1 5 20 8 14 5
16 13 10 15 10 10 16 9 20 3 16 17 16 17 2 5 20 10 10 13 1 1 0 7 15 2 20 10 0 6 12 3 13 3 2 17 18 20 11 5 12 12 14 12 12 3 10 7 2 14
3 15 11 14 11 9 19 7 0 11 15 18 15 16 5 14 17 11 5 5 18 8 7 0 14 2 18 10 17 18 3 7 9 10 2 4 16 6 13 16 11 7 8 2 16 20 16 4 0 6
12 3 19 0 2 8 16 8 16 6 11 13 9 14 14 8 17 19 5 14 15 0 15 14 0 20 13 10 0 3 19 11 0 3 12 18 7 19 13 8 16 5 0 4 5 6 12 17 19 11
8 15 2 13 16 1 6 13 16 12 20 11 2 0 11 6 11 19 7 0 5 5 2 2 20 0 1 3 15 6 4 20 7 5 20 10 1 8 12 15 7 0 14 17 8 11 8 8 4 8
16 17 14 15 13 5 7 16 8 5 16 14 3 5 0 0 15 19 16 1 17 3 20 18 13 1 0 6 20 8 6 10 11 1 19 17 3 7 1 13 8 19 12 19 13 9 1 2 10 3
20 1 15 3 3 15 7 1 2 9 8 1 5 15 12 20 4 14 7 14 8 17 10 10 10 3 6 0 6 9 13 18 17 4 11 14 0 10 20 3 13 2 3 6 15 14 10 7 5 20
6 4 9 4 18 9 10 7 0 14 17 10 14 8 4 8 19 11 2 9 7 15 0 17 0 15 20 6 0 6 20 16 10 13 5 16 0 17 0 18 1 13 12 2 19 16 17 12 7 4
0 9 8 4 10 17 9 20 13 13 13 8 9 2 9 1 8 6 11 14 4 20 6 18 3 6 8 9 6 0 16 3 9 10 6 7 4 3 11 10 18 6 10 5 4 13 8 1 3 0
18 17 14 13 0 7 6 14 14 18 2 4 6 18 19 0 17 7 15 18 2 10 12 3 19 4 6 13 20 16 0 2 11 2 6 6 0 8 0 8 13 20 11 20 15 18 2 5 20 13
11 15 8 16 4 7 19 2 9 12 3 14 18 13 7 0 19 7 19 15 20 18 3 7 11 20 10 18 16 3 2 0 10 0 15 17 17 17 16 7 19 9 17 8 13 8 2 1 9 13
13 7 18 7 14 14 2 3 10 3 5 2 13 0 14 4 20 8 15 20 18 4 13 9 0 7 11 17 10 9 11 10 0 3 8 11 0 12 9 20 9 13 5 0 10 19 5 3 4 3
5 12 7 4 19 3 16 18 4 6 6 8 14 4 12 16 9 1 17 8 18 7 3 10 3 5 1 4 13 10 2 0 3 0 7 17 10 0 10 1 10 17 2 8 0 19 6 11 1 14
9 6 0 20 11 5 7 1 9 9 1 3 0 7 12 17 19 18 18 14 13 0 2 2 12 20 19 11 5 6 6 15 8 7 0 17 6 9 19 20 18 5 16 11 10 12 10 9 9 17
2 7 19 10 9 14 16 13 13 10 3 6 1 1 2 1 10 11 15 19 2 10 17 4 18 10 17 14 16 7 6 17 11 17 17 0 7 1 15 14 0 6 19 13 3 0 0 8 17 10
13 6 0 7 5 2 0 15 6 11 20 19 5 10 12 10 6 16 0 8 5 0 18 16 7 1 3 0 0 4 0 17 0 10 6 7 0 18 17 15 11 13 4 4 19 0 16 6 14 0
10 8 0 9 16 7 18 4 7 11 19 18 3 5 14 12 13 0 13 17 6 14 20 6 19 8 7 10 17 3 8 17 12 0 9 1 18 0 5 13 16 4 7 4 17 6 5 19 0 6
0 1 14 5 0 0 16 11 0 17 7 1 5 18 19 10 20 4 10 6 19 10 11 13 13 12 1 20 0 11 0 16 9 10 19 15 17 5 0 16 14 16 8 17 3 11 8 1 7 3
15 6 20 0 2 1 13 2 5 0 4 4 2 17 0 17 5 13 20 16 20 14 5 16 8 15 13 3 18 10 8 7 20 1 20 14 15 13 16 0 10 15 8 12 20 2 18 13 17 15
17 6 3 6 14 10 0 13 13 8 16 9 19 3 18 2 15 18 8 19 2 20 12 11 16 7 8 13 1 18 13 19 9 10 18 0 11 16 14 10 0 7 20 20 3 20 9 0 4 0
12 5 12 13 14 9 15 0 6 10 8 10 7 16 3 20 10 20 2 1 16 8 12 7 5 0 19 2 13 6 20 9 13 17 5 6 13 4 16 15 7 0 15 20 12 6 0 20 18 10
0 5 16 16 15 2 3 19 4 20 5 1 17 9 4 10 7 1 6 2 0 8 14 8 0 14 12 3 12 10 11 17 5 2 16 19 4 7 8 8 20 15 0 9 4 19 13 8 10 8
15 1 19 17 3 4 17 11 0 13 4 3 12 1 18 5 20 2 10 2 11 7 12 2 4 17 19 6 2 5 20 8 0 8 11 13 4 4 17 12 20 20 9 0 8 20 18 16 13 20
10 10 5 7 10 1 20 11 11 16 2 3 4 13 1 1 0 18 19 16 18 1 12 16 5 8 13 15 19 4 15 13 10 0 10 3 19 17 3 20 3 12 4 8 0 13 5 17 13 15
2 9 14 17 13 12 6 14 12 9 11 3 7 7 0 17 14 15 17 4 20 5 3 20 6 11 9 14 16 13 18 8 19 19 12 0 0 6 11 2 20 6 19 20 13 0 16 7 9 17
18 18 19 7 6 9 3 0 16 14 17 7 6 18 17 9 19 7 12 6 4 20 10 16 12 8 1 10 17 8 2 2 5 6 10 0 16 5 8 18 9 0 13 18 5 16 0 2 5 17
4 11 6 16 1 13 11 14 19 17 10 12 16 14 1 3 1 0 8 18 17 8 7 4 17 8 2 7 12 1 5 1 3 11 9 8 6 19 1 13 0 20 8 16 17 7 2 0 4 16
0 9 9 11 10 12 18 0 6 13 5 18 7 15 4 13 13 1 9 10 20 14 2 0 19 4 10 5 7 3 20 9 4 1 9 17 14 0 7 17 4 18 10 13 13 9 5 4 0 18
11 2 12 2 17 18 11 18 18 19 15 10 8 1 12 2 3 17 0 11 3 5 14 6 11 8 3 20 4 0 13 13 3 14 17 10 0 6 3 15 0 10 8 20 15 17 17 16 18 0
RRRRRRRRRRRRRRRRRRRRRRRRRBBBBBBBBBBBBBBBBBBBBBBBBB