50
0 39 93 32 79 64 68 71 98 57 90 54 100 64 88 49 82 45 74 58 93 30 60 55 74 25 82 41 84 32 66 73 88 71 75 62 68 45 60 44 66 61 68 41 87 54 91 63 62 30 
39 0 84 16 94 18 75 4 95 16 64 1 76 15 85 6 77 5 69 21 88 4 77 18 80 5 90 11 85 9 61 25 72 9 63 19 83 22 89 2 64 4 89 9 82 14 87 3 77 23 
93 84 0 51 88 54 60 60 87 50 97 45 73 40 87 69 68 35 92 38 66 42 61 45 96 37 60 54 99 73 67 41 63 71 73 73 67 72 87 31 79 52 85 64 62 37 63 42 69 75 
32 16 51 0 81 3 76 15 91 19 81 6 65 14 68 13 67 21 68 6 92 6 62 22 75 8 61 14 66 7 74 10 68 21 95 10 90 23 60 6 70 15 64 2 95 5 72 2 65 18 
79 94 88 81 0 49 72 39 71 56 93 68 96 50 94 36 77 64 60 42 62 60 62 64 60 41 86 69 91 68 65 57 80 27 65 75 94 39 68 28 88 34 86 58 74 56 99 39 85 69 
64 18 54 3 49 0 95 5 87 12 81 16 82 1 85 20 66 13 84 25 61 6 64 4 68 11 69 1 83 10 85 24 77 16 65 12 68 1 67 24 76 16 89 18 60 10 80 24 84 21 
68 75 60 76 72 95 0 71 77 47 75 73 79 67 61 66 68 28 70 36 75 69 80 33 73 41 95 68 90 46 77 49 82 26 62 63 80 26 61 57 80 75 70 55 94 38 100 69 100 60 
71 4 60 15 39 5 71 0 65 22 85 14 73 4 61 6 92 7 83 12 84 19 61 1 91 8 86 22 86 7 74 20 77 9 81 16 84 7 63 12 69 11 91 20 74 17 74 4 63 9 
98 95 87 91 71 87 77 65 0 50 100 65 96 58 62 65 68 31 93 37 83 59 72 43 70 66 84 56 96 42 67 64 98 74 66 74 63 72 87 75 87 56 69 66 80 33 86 25 76 37 
57 16 50 19 56 12 47 22 50 0 73 18 73 6 69 12 62 1 87 9 71 22 61 1 90 6 72 4 77 1 67 3 61 17 75 5 85 25 68 9 67 20 81 16 85 7 62 16 61 15 
90 64 97 81 93 81 75 85 100 73 0 33 67 39 82 39 93 65 60 48 75 42 71 64 66 58 92 71 60 61 94 47 65 59 94 69 85 71 94 29 100 53 98 63 67 67 62 73 62 47 
54 1 45 6 68 16 73 14 65 18 33 0 67 18 67 3 91 6 64 22 75 4 77 24 79 11 83 5 66 10 77 16 60 6 76 6 83 3 88 10 77 9 94 3 79 9 70 13 79 24 
100 76 73 65 96 82 79 73 96 73 67 67 0 53 87 33 99 58 64 33 86 31 88 56 72 39 92 29 70 48 74 73 97 27 95 26 71 30 89 46 82 59 83 66 77 54 98 67 67 42 
64 15 40 14 50 1 67 4 58 6 39 18 53 0 77 20 93 5 80 7 62 3 61 24 84 24 88 9 63 23 93 15 81 24 95 6 88 4 75 14 68 17 92 4 83 5 61 19 78 5 
88 85 87 68 94 85 61 61 62 69 82 67 87 77 0 60 62 36 85 74 63 45 100 59 62 28 64 29 67 52 85 61 77 70 91 50 73 72 85 36 74 60 93 67 60 73 63 29 77 25 
49 6 69 13 36 20 66 6 65 12 39 3 33 20 60 0 86 22 65 25 61 17 66 4 95 5 89 4 62 13 67 12 61 16 92 9 74 19 72 2 76 8 71 21 73 23 73 23 91 11 
82 77 68 67 77 66 68 92 68 62 93 91 99 93 62 86 0 75 63 36 78 67 83 53 80 25 72 75 72 58 60 41 96 38 78 57 71 60 65 28 100 40 98 38 62 73 66 59 85 61 
45 5 35 21 64 13 28 7 31 1 65 6 58 5 36 22 75 0 76 12 82 2 76 17 72 12 69 17 87 25 83 11 78 19 75 13 87 16 72 20 90 10 85 19 80 23 95 24 74 10 
74 69 92 68 60 84 70 83 93 87 60 64 64 80 85 65 63 76 0 28 69 35 96 43 93 54 65 52 75 56 74 53 88 42 66 25 100 28 62 34 94 30 89 58 73 60 75 66 90 28 
58 21 38 6 42 25 36 12 37 9 48 22 33 7 74 25 36 12 28 0 66 25 86 7 81 25 78 18 68 19 91 9 79 2 80 5 60 16 75 6 80 19 84 4 76 3 62 2 87 12 
93 88 66 92 62 61 75 84 83 71 75 75 86 62 63 61 78 82 69 66 0 65 85 33 61 53 81 68 87 52 100 46 96 35 67 61 87 50 82 38 81 59 61 46 64 27 86 28 68 50 
30 4 42 6 60 6 69 19 59 22 42 4 31 3 45 17 67 2 35 25 65 0 89 23 71 20 91 21 68 1 78 1 79 11 81 11 71 11 94 24 70 15 91 20 67 17 64 6 81 4 
60 77 61 62 62 64 80 61 72 61 71 77 88 61 100 66 83 76 96 86 85 89 0 46 67 56 66 32 86 43 60 70 81 57 83 67 82 47 96 47 88 48 69 45 83 48 73 73 96 34 
55 18 45 22 64 4 33 1 43 1 64 24 56 24 59 4 53 17 43 7 33 23 46 0 81 8 64 19 65 11 69 24 82 19 78 24 91 23 80 13 78 6 65 16 63 9 75 24 84 18 
74 80 96 75 60 68 73 91 70 90 66 79 72 84 62 95 80 72 93 81 61 71 67 81 0 48 98 40 63 26 94 29 80 26 73 33 83 67 82 62 84 41 69 36 92 49 64 56 94 66 
25 5 37 8 41 11 41 8 66 6 58 11 39 24 28 5 25 12 54 25 53 20 56 8 48 0 89 25 61 11 87 16 74 25 95 9 73 8 87 13 69 4 78 5 79 23 77 6 85 23 
82 90 60 61 86 69 95 86 84 72 92 83 92 88 64 89 72 69 65 78 81 91 66 64 98 89 0 32 92 31 84 48 62 51 99 64 93 53 93 67 72 68 82 70 66 41 99 43 92 36 
41 11 54 14 69 1 68 22 56 4 71 5 29 9 29 4 75 17 52 18 68 21 32 19 40 25 32 0 83 17 83 19 83 22 82 12 82 8 66 24 86 3 84 17 92 7 64 8 74 6 
84 85 99 66 91 83 90 86 96 77 60 66 70 63 67 62 72 87 75 68 87 68 86 65 63 61 92 83 0 60 89 52 75 70 93 59 75 41 85 28 88 75 81 35 92 45 85 37 75 42 
32 9 73 7 68 10 46 7 42 1 61 10 48 23 52 13 58 25 56 19 52 1 43 11 26 11 31 17 60 0 66 12 67 13 93 24 72 23 86 16 64 13 70 14 92 20 83 7 81 9 
66 61 67 74 65 85 77 74 67 67 94 77 74 93 85 67 60 83 74 91 100 78 60 69 94 87 84 83 89 66 0 62 92 74 89 42 92 54 74 54 71 32 81 36 64 59 74 38 86 35 
73 25 41 10 57 24 49 20 64 3 47 16 73 15 61 12 41 11 53 9 46 1 70 24 29 16 48 19 52 12 62 0 61 10 83 21 66 23 80 7 88 6 95 20 92 10 92 21 81 6 
88 72 63 68 80 77 82 77 98 61 65 60 97 81 77 61 96 78 88 79 96 79 81 82 80 74 62 83 75 67 92 61 0 68 74 54 65 51 60 49 73 69 80 30 100 58 65 68 77 33 
71 9 71 21 27 16 26 9 74 17 59 6 27 24 70 16 38 19 42 2 35 11 57 19 26 25 51 22 70 13 74 10 68 0 75 24 94 17 74 17 64 10 61 16 94 11 94 13 86 16 
75 63 73 95 65 65 62 81 66 75 94 76 95 95 91 92 78 75 66 80 67 81 83 78 73 95 99 82 93 93 89 83 74 75 0 49 68 34 79 32 88 58 80 74 96 49 86 67 83 65 
62 19 73 10 75 12 63 16 74 5 69 6 26 6 50 9 57 13 25 5 61 11 67 24 33 9 64 12 59 24 42 21 54 24 49 0 68 1 77 15 67 4 88 21 71 18 85 6 87 9 
68 83 67 90 94 68 80 84 63 85 85 83 71 88 73 74 71 87 100 60 87 71 82 91 83 73 93 82 75 72 92 66 65 94 68 68 0 51 71 69 72 67 67 72 88 35 65 37 89 47 
45 22 72 23 39 1 26 7 72 25 71 3 30 4 72 19 60 16 28 16 50 11 47 23 67 8 53 8 41 23 54 23 51 17 34 1 51 0 91 4 74 24 70 21 91 12 72 18 70 5 
60 89 87 60 68 67 61 63 87 68 94 88 89 75 85 72 65 72 62 75 82 94 96 80 82 87 93 66 85 86 74 80 60 74 79 77 71 91 0 70 65 50 87 71 95 71 80 38 75 44 
44 2 31 6 28 24 57 12 75 9 29 10 46 14 36 2 28 20 34 6 38 24 47 13 62 13 67 24 28 16 54 7 49 17 32 15 69 4 70 0 76 22 90 13 85 14 72 16 90 14 
66 64 79 70 88 76 80 69 87 67 100 77 82 68 74 76 100 90 94 80 81 70 88 78 84 69 72 86 88 64 71 88 73 64 88 67 72 74 65 76 0 53 67 35 79 50 85 68 83 59 
61 4 52 15 34 16 75 11 56 20 53 9 59 17 60 8 40 10 30 19 59 15 48 6 41 4 68 3 75 13 32 6 69 10 58 4 67 24 50 22 53 0 83 13 67 3 66 24 75 21 
68 89 85 64 86 89 70 91 69 81 98 94 83 92 93 71 98 85 89 84 61 91 69 65 69 78 82 84 81 70 81 95 80 61 80 88 67 70 87 90 67 83 0 75 61 47 76 35 96 26 
41 9 64 2 58 18 55 20 66 16 63 3 66 4 67 21 38 19 58 4 46 20 45 16 36 5 70 17 35 14 36 20 30 16 74 21 72 21 71 13 35 13 75 0 65 24 63 17 81 8 
87 82 62 95 74 60 94 74 80 85 67 79 77 83 60 73 62 80 73 76 64 67 83 63 92 79 66 92 92 92 64 92 100 94 96 71 88 91 95 85 79 67 61 65 0 26 64 72 78 49 
54 14 37 5 56 10 38 17 33 7 67 9 54 5 73 23 73 23 60 3 27 17 48 9 49 23 41 7 45 20 59 10 58 11 49 18 35 12 71 14 50 3 47 24 26 0 79 5 63 15 
91 87 63 72 99 80 100 74 86 62 62 70 98 61 63 73 66 95 75 62 86 64 73 75 64 77 99 64 85 83 74 92 65 94 86 85 65 72 80 72 85 66 76 63 64 79 0 72 91 34 
63 3 42 2 39 24 69 4 25 16 73 13 67 19 29 23 59 24 66 2 28 6 73 24 56 6 43 8 37 7 38 21 68 13 67 6 37 18 38 16 68 24 35 17 72 5 72 0 63 14 
62 77 69 65 85 84 100 63 76 61 62 79 67 78 77 91 85 74 90 87 68 81 96 84 94 85 92 74 75 81 86 81 77 86 83 87 89 70 75 90 83 75 96 81 78 63 91 63 0 25 
30 23 75 18 69 21 60 9 37 15 47 24 42 5 25 11 61 10 28 12 50 4 34 18 66 23 36 6 42 9 35 6 33 16 65 9 47 5 44 14 59 21 26 8 49 15 34 14 25 0 
RBRBRBRBRBRBRBRBRBRBRBRBRBRBRBRBRBRBRBRBRBRBRBRBRB