50
0 15 27 49 11 47 42 28 41 36 17 34 33 8 28 1 4 12 40 34 39 37 3 47 47 38 26 0 19 23 16 16 21 2 37 34 18 32 14 34 24 45 41 14 19 41 34 17 24 22
15 0 14 23 40 19 27 8 18 35 32 12 32 0 8 39 32 31 33 5 27 18 15 16 14 17 7 34 27 25 48 29 19 16 48 37 36 20 34 18 45 22 18 26 5 13 43 14 11 4
27 14 0 2 15 43 25 36 46 3 46 12 24 46 21 1 16 10 48 25 14 22 16 34 39 28 34 23 15 6 11 2 46 13 11 9 15 5 7 35 30 3 19 43 6 7 2 19 6 21
49 23 2 0 29 29 16 10 46 37 41 33 35 49 11 48 24 9 49 26 14 45 42 19 13 12 23 47 24 39 10 6 41 41 47 48 13 21 21 38 30 4 47 30 2 34 31 13 26 38
11 40 15 29 0 32 22 27 20 22 45 3 45 22 1 30 26 1 11 17 13 45 49 8 46 45 23 44 43 15 44 17 19 26 25 8 42 23 33 2 24 33 7 40 43 16 28 1 21 45
47 19 43 29 32 0 8 49 3 39 14 32 0 25 47 4 48 23 44 13 45 41 4 35 5 20 24 17 41 32 49 41 48 40 31 40 21 37 47 37 36 37 20 0 27 1 41 39 47 33
42 27 25 16 22 8 0 35 33 10 21 42 2 49 42 25 28 3 37 13 25 34 35 19 9 32 29 32 28 4 44 7 42 37 3 38 4 28 17 8 21 13 42 8 17 16 46 20 39 33
28 8 36 10 27 49 35 0 0 4 31 39 34 24 11 6 9 19 26 30 24 31 14 38 3 25 35 29 18 28 39 19 2 23 16 16 36 45 1 2 34 15 7 30 2 28 18 24 1 49
41 18 46 46 20 3 33 0 0 33 15 7 8 27 25 31 12 30 17 40 14 18 49 32 22 30 33 30 28 44 35 32 47 18 19 47 34 44 30 33 24 17 35 11 4 47 40 29 31 32
36 35 3 37 22 39 10 4 33 0 38 47 32 49 25 48 41 23 37 46 30 0 17 32 36 8 36 34 48 40 42 29 15 0 9 45 5 0 9 25 9 47 1 17 9 22 21 8 10 37
17 32 46 41 45 14 21 31 15 38 0 14 31 10 14 23 45 1 43 44 21 32 44 2 10 5 34 28 14 16 36 7 39 11 46 11 44 19 48 0 37 38 25 5 38 3 0 31 35 14
34 12 12 33 3 32 42 39 7 47 14 0 31 47 27 49 19 15 32 4 16 44 18 0 28 18 31 49 16 39 1 21 20 29 30 45 32 33 5 9 16 23 47 10 25 0 13 3 1 36
33 32 24 35 45 0 2 34 8 32 31 31 0 49 38 6 4 18 36 36 4 0 3 29 0 2 40 19 31 14 8 18 22 21 21 26 27 30 39 29 49 48 24 29 41 37 29 22 31 0
8 0 46 49 22 25 49 24 27 49 10 47 49 0 12 13 37 33 21 11 40 22 36 22 38 42 30 21 1 27 42 41 13 15 22 42 1 20 5 46 28 33 12 23 44 33 24 18 38 26
28 8 21 11 1 47 42 11 25 25 14 27 38 12 0 7 16 10 34 9 18 20 29 48 7 6 2 35 27 43 9 9 46 40 44 49 40 10 46 5 49 15 16 6 35 40 20 28 44 19
1 39 1 48 30 4 25 6 31 48 23 49 6 13 7 0 25 36 6 36 30 12 20 2 30 8 18 18 1 19 28 19 25 38 39 29 8 24 41 42 26 32 6 31 31 18 18 35 7 11
4 32 16 24 26 48 28 9 12 41 45 19 4 37 16 25 0 38 30 25 11 15 15 9 5 21 3 41 0 2 46 30 22 34 37 42 16 27 5 35 23 13 38 0 8 23 26 47 4 12
12 31 10 9 1 23 3 19 30 23 1 15 18 33 10 36 38 0 44 34 41 31 6 18 2 48 3 12 1 42 25 29 44 49 0 26 16 31 35 37 29 36 34 4 21 19 19 32 11 21
40 33 48 49 11 44 37 26 17 37 43 32 36 21 34 6 30 44 0 3 32 41 25 5 0 38 37 44 46 3 26 37 22 0 33 7 7 31 5 23 20 16 31 35 18 39 44 3 1 3
34 5 25 26 17 13 13 30 40 46 44 4 36 11 9 36 25 34 3 0 16 27 22 6 24 27 24 41 4 39 36 30 28 9 7 31 41 11 34 0 47 47 14 42 13 21 15 5 44 26
39 27 14 14 13 45 25 24 14 30 21 16 4 40 18 30 11 41 32 16 0 4 43 23 6 45 41 6 1 9 12 43 16 42 36 38 42 28 38 15 28 3 10 35 41 37 20 24 29 6
37 18 22 45 45 41 34 31 18 0 32 44 0 22 20 12 15 31 41 27 4 0 29 5 45 18 15 36 31 25 30 6 21 19 9 23 34 26 6 4 48 4 7 24 35 31 5 6 31 45
3 15 16 42 49 4 35 14 49 17 44 18 3 36 29 20 15 6 25 22 43 29 0 19 47 6 49 34 42 18 6 25 47 7 26 49 44 47 23 11 20 39 19 42 5 37 16 1 15 15
47 16 34 19 8 35 19 38 32 32 2 0 29 22 48 2 9 18 5 6 23 5 19 0 20 37 34 49 43 29 44 38 12 33 31 11 16 34 33 41 14 42 22 45 35 12 4 38 3 25
47 14 39 13 46 5 9 3 22 36 10 28 0 38 7 30 5 2 0 24 6 45 47 20 0 28 45 41 30 37 5 29 42 3 29 19 26 45 40 43 0 9 23 30 49 45 32 43 13 48
38 17 28 12 45 20 32 25 30 8 5 18 2 42 6 8 21 48 38 27 45 18 6 37 28 0 22 43 34 26 30 6 42 23 21 21 33 14 44 28 16 42 18 16 44 2 27 38 43 28
26 7 34 23 23 24 29 35 33 36 34 31 40 30 2 18 3 3 37 24 41 15 49 34 45 22 0 23 25 6 1 15 43 14 6 29 25 2 47 28 12 1 24 39 46 1 41 4 16 45
0 34 23 47 44 17 32 29 30 34 28 49 19 21 35 18 41 12 44 41 6 36 34 49 41 43 23 0 12 49 28 24 2 10 47 42 47 28 31 2 12 3 38 14 42 40 7 45 12 44
19 27 15 24 43 41 28 18 28 48 14 16 31 1 27 1 0 1 46 4 1 31 42 43 30 34 25 12 0 34 34 16 1 44 37 37 48 4 16 39 34 25 14 48 19 44 36 18 20 12
23 25 6 39 15 32 4 28 44 40 16 39 14 27 43 19 2 42 3 39 9 25 18 29 37 26 6 49 34 0 47 14 49 16 38 28 36 49 42 44 37 25 0 13 5 7 42 39 44 32
16 48 11 10 44 49 44 39 35 42 36 1 8 42 9 28 46 25 26 36 12 30 6 44 5 30 1 28 34 47 0 21 22 18 0 29 0 4 47 34 0 13 36 5 42 41 33 5 32 38
16 29 2 6 17 41 7 19 32 29 7 21 18 41 9 19 30 29 37 30 43 6 25 38 29 6 15 24 16 14 21 0 0 29 35 16 6 2 38 34 42 28 16 0 48 23 44 22 30 17
21 19 46 41 19 48 42 2 47 15 39 20 22 13 46 25 22 44 22 28 16 21 47 12 42 42 43 2 1 49 22 0 0 36 10 19 10 35 24 9 38 30 40 4 40 47 49 14 9 41
2 16 13 41 26 40 37 23 18 0 11 29 21 15 40 38 34 49 0 9 42 19 7 33 3 23 14 10 44 16 18 29 36 0 9 2 13 1 25 42 45 19 6 30 32 48 4 4 14 33
37 48 11 47 25 31 3 16 19 9 46 30 21 22 44 39 37 0 33 7 36 9 26 31 29 21 6 47 37 38 0 35 10 9 0 19 17 27 29 25 25 44 16 15 15 0 37 29 45 45
34 37 9 48 8 40 38 16 47 45 11 45 26 42 49 29 42 26 7 31 38 23 49 11 19 21 29 42 37 28 29 16 19 2 19 0 44 36 28 29 14 28 13 45 14 48 46 13 5 30
18 36 15 13 42 21 4 36 34 5 44 32 27 1 40 8 16 16 7 41 42 34 44 16 26 33 25 47 48 36 0 6 10 13 17 44 0 15 48 0 45 25 41 41 0 36 12 6 8 36
32 20 5 21 23 37 28 45 44 0 19 33 30 20 10 24 27 31 31 11 28 26 47 34 45 14 2 28 4 49 4 2 35 1 27 36 15 0 2 28 16 17 49 17 0 40 0 25 10 48
14 34 7 21 33 47 17 1 30 9 48 5 39 5 46 41 5 35 5 34 38 6 23 33 40 44 47 31 16 42 47 38 24 25 29 28 48 2 0 47 35 42 21 38 6 6 23 38 26 35
34 18 35 38 2 37 8 2 33 25 0 9 29 46 5 42 35 37 23 0 15 4 11 41 43 28 28 2 39 44 34 34 9 42 25 29 0 28 47 0 23 29 33 27 48 45 13 39 44 13
24 45 30 30 24 36 21 34 24 9 37 16 49 28 49 26 23 29 20 47 28 48 20 14 0 16 12 12 34 37 0 42 38 45 25 14 45 16 35 23 0 7 38 34 45 36 42 31 17 12
45 22 3 4 33 37 13 15 17 47 38 23 48 33 15 32 13 36 16 47 3 4 39 42 9 42 1 3 25 25 13 28 30 19 44 28 25 17 42 29 7 0 8 14 22 40 35 20 30 38
41 18 19 47 7 20 42 7 35 1 25 47 24 12 16 6 38 34 31 14 10 7 19 22 23 18 24 38 14 0 36 16 40 6 16 13 41 49 21 33 38 8 0 47 21 1 49 14 27 11
14 26 43 30 40 0 8 30 11 17 5 10 29 23 6 31 0 4 35 42 35 24 42 45 30 16 39 14 48 13 5 0 4 30 15 45 41 17 38 27 34 14 47 0 22 30 3 24 34 19
19 5 6 2 43 27 17 2 4 9 38 25 41 44 35 31 8 21 18 13 41 35 5 35 49 44 46 42 19 5 42 48 40 32 15 14 0 0 6 48 45 22 21 22 0 25 47 14 10 9
41 13 7 34 16 1 16 28 47 22 3 0 37 33 40 18 23 19 39 21 37 31 37 12 45 2 1 40 44 7 41 23 47 48 0 48 36 40 6 45 36 40 1 30 25 0 16 49 42 25
34 43 2 31 28 41 46 18 40 21 0 13 29 24 20 18 26 19 44 15 20 5 16 4 32 27 41 7 36 42 33 44 49 4 37 46 12 0 23 13 42 35 49 3 47 16 0 41 38 17
17 14 19 13 1 39 20 24 29 8 31 3 22 18 28 35 47 32 3 5 24 6 1 38 43 38 4 45 18 39 5 22 14 4 29 13 6 25 38 39 31 20 14 24 14 49 41 0 2 25
24 11 6 26 21 47 39 1 31 10 35 1 31 38 44 7 4 11 1 44 29 31 15 3 13 43 16 12 20 44 32 30 9 14 45 5 8 10 26 44 17 30 27 34 10 42 38 2 0 41
22 4 21 38 45 33 33 49 32 37 14 36 0 26 19 11 12 21 3 26 6 45 15 25 48 28 45 44 12 32 38 17 41 33 45 30 36 48 35 13 12 38 11 19 9 25 17 25 41 0
BBBBBBBBBBBBBBBBBBBBBBBBBRRRRRRRRRRRRRRRRRRRRRRRRR
