50
0 83 46 1 60 6 10 65 95 15 44 87 26 28 96 21 53 43 98 40 80 97 48 53 77 59 25 56 80 36 83 97 94 27 81 4 5 82 36 11 39 10 16 20 22 29 64 58 37 75 
83 0 92 47 65 56 79 2 90 60 64 29 22 76 54 69 92 57 53 19 68 93 65 13 66 98 61 53 5 18 8 66 46 79 21 46 25 100 68 49 16 16 64 81 79 57 92 54 0 75 
46 92 0 38 32 9 65 20 97 88 38 24 42 48 13 53 10 28 1 4 0 86 20 17 55 2 49 49 4 46 100 3 93 35 91 68 31 12 22 81 86 11 6 5 36 85 57 48 15 48 
1 47 38 0 33 7 97 4 84 86 12 43 85 90 5 74 53 65 37 67 49 100 12 20 72 38 65 59 39 60 69 97 14 32 59 95 58 58 98 21 39 11 20 67 97 27 95 11 42 81 
60 65 32 33 0 32 22 33 0 91 50 86 42 11 14 56 50 12 20 77 15 89 86 78 88 93 67 53 19 17 51 17 16 63 50 0 74 84 52 9 93 91 75 20 14 81 82 92 100 22 
6 56 9 7 32 0 46 0 90 57 86 10 93 45 75 98 47 44 100 9 98 41 36 17 32 37 35 48 100 85 28 15 89 49 51 93 12 71 93 45 65 56 96 42 41 31 93 20 24 98 
10 79 65 97 22 46 0 32 49 13 4 35 44 34 90 33 23 53 95 42 99 30 59 35 78 93 72 5 81 79 90 96 87 24 53 11 5 23 87 59 31 84 7 28 55 88 87 80 5 38 
65 2 20 4 33 0 32 0 17 67 78 78 51 62 82 2 16 37 58 38 25 37 57 8 60 60 5 81 100 88 65 9 64 74 27 79 60 64 32 70 37 17 36 58 13 27 49 55 99 52 
95 90 97 84 0 90 49 17 0 6 72 29 7 27 65 55 68 78 50 76 37 40 53 0 19 30 19 87 95 96 72 32 47 28 39 67 74 22 42 11 15 67 75 61 90 3 73 97 38 71 
15 60 88 86 91 57 13 67 6 0 10 45 63 6 8 84 30 28 85 67 94 37 64 54 58 48 16 95 81 18 91 80 66 27 13 75 15 45 93 54 21 2 45 23 64 72 17 55 0 34 
44 64 38 12 50 86 4 78 72 10 0 33 89 37 39 43 36 100 12 62 58 22 37 75 71 86 39 76 83 27 60 25 25 93 89 68 15 34 78 89 39 92 23 37 8 65 20 25 96 60 
87 29 24 43 86 10 35 78 29 45 33 0 50 26 52 42 26 92 52 83 59 31 42 62 82 1 74 30 40 35 67 71 31 100 10 57 57 8 66 96 43 5 94 15 53 49 37 99 96 7 
26 22 42 85 42 93 44 51 7 63 89 50 0 24 23 75 79 33 2 100 4 32 24 58 14 10 43 9 85 26 48 37 85 86 7 32 71 52 81 39 99 89 89 12 70 45 72 28 50 51 
28 76 48 90 11 45 34 62 27 6 37 26 24 0 18 16 58 51 13 4 93 41 1 54 63 64 29 27 76 98 73 28 57 26 82 57 7 30 15 36 61 11 86 85 83 98 99 87 92 44 
96 54 13 5 14 75 90 82 65 8 39 52 23 18 0 28 99 99 35 29 67 67 53 45 25 96 25 43 45 87 88 43 96 74 42 2 77 90 63 75 84 96 58 71 84 20 63 82 40 27 
21 69 53 74 56 98 33 2 55 84 43 42 75 16 28 0 54 9 93 36 18 94 73 93 46 79 2 43 45 0 86 62 53 15 89 45 52 38 13 88 72 45 94 18 20 35 24 82 64 17 
53 92 10 53 50 47 23 16 68 30 36 26 79 58 99 54 0 45 28 69 12 75 91 92 12 88 91 83 45 13 90 8 84 1 13 65 98 58 78 36 32 16 61 58 19 47 34 11 28 76 
43 57 28 65 12 44 53 37 78 28 100 92 33 51 99 9 45 0 82 49 17 31 61 11 44 89 28 20 24 12 52 85 76 74 7 88 46 83 96 80 51 32 38 75 29 88 24 11 97 87 
98 53 1 37 20 100 95 58 50 85 12 52 2 13 35 93 28 82 0 5 53 60 21 16 34 35 35 92 58 28 97 24 70 85 47 6 0 59 2 30 78 72 81 68 9 27 71 25 21 98 
40 19 4 67 77 9 42 38 76 67 62 83 100 4 29 36 69 49 5 0 29 69 31 13 48 52 71 77 52 93 30 80 6 55 3 28 75 23 76 48 41 40 8 22 52 65 54 67 71 99 
80 68 0 49 15 98 99 25 37 94 58 59 4 93 67 18 12 17 53 29 0 16 56 3 4 16 60 26 89 56 19 74 6 68 37 40 19 73 23 89 83 51 3 86 95 20 66 26 27 12 
97 93 86 100 89 41 30 37 40 37 22 31 32 41 67 94 75 31 60 69 16 0 2 20 37 52 48 97 42 42 54 66 20 89 30 71 9 16 69 90 36 81 95 10 2 25 8 32 65 29 
48 65 20 12 86 36 59 57 53 64 37 42 24 1 53 73 91 61 21 31 56 2 0 16 13 57 74 8 99 15 43 51 82 90 57 37 40 55 45 50 53 61 12 25 0 5 74 39 5 43 
53 13 17 20 78 17 35 8 0 54 75 62 58 54 45 93 92 11 16 13 3 20 16 0 61 37 57 99 10 6 26 46 75 14 12 96 6 38 25 39 80 16 24 87 95 99 49 48 56 83 
77 66 55 72 88 32 78 60 19 58 71 82 14 63 25 46 12 44 34 48 4 37 13 61 0 96 43 36 0 56 19 4 48 85 83 88 15 94 83 67 2 39 85 83 32 34 84 38 18 44 
59 98 2 38 93 37 93 60 30 48 86 1 10 64 96 79 88 89 35 52 16 52 57 37 96 0 86 39 31 20 49 7 6 33 82 48 49 67 50 43 15 70 41 99 26 56 44 36 92 42 
25 61 49 65 67 35 72 5 19 16 39 74 43 29 25 2 91 28 35 71 60 48 74 57 43 86 0 17 33 13 77 19 24 57 14 0 36 17 50 32 53 81 100 32 72 49 24 88 99 12 
56 53 49 59 53 48 5 81 87 95 76 30 9 27 43 43 83 20 92 77 26 97 8 99 36 39 17 0 98 19 17 43 77 18 40 1 0 23 6 55 50 14 69 31 7 35 64 28 7 33 
80 5 4 39 19 100 81 100 95 81 83 40 85 76 45 45 45 24 58 52 89 42 99 10 0 31 33 98 0 41 68 69 98 16 4 57 81 54 92 30 12 34 59 90 7 19 60 63 30 34 
36 18 46 60 17 85 79 88 96 18 27 35 26 98 87 0 13 12 28 93 56 42 15 6 56 20 13 19 41 0 71 14 10 44 68 41 72 46 65 0 59 47 71 44 36 19 8 49 48 40 
83 8 100 69 51 28 90 65 72 91 60 67 48 73 88 86 90 52 97 30 19 54 43 26 19 49 77 17 68 71 0 67 88 92 80 78 80 34 20 61 33 90 25 28 17 84 80 14 35 28 
97 66 3 97 17 15 96 9 32 80 25 71 37 28 43 62 8 85 24 80 74 66 51 46 4 7 19 43 69 14 67 0 13 68 99 61 100 52 84 74 80 75 51 14 83 65 55 37 5 99 
94 46 93 14 16 89 87 64 47 66 25 31 85 57 96 53 84 76 70 6 6 20 82 75 48 6 24 77 98 10 88 13 0 54 82 4 40 11 50 8 48 42 16 89 33 57 20 93 82 89 
27 79 35 32 63 49 24 74 28 27 93 100 86 26 74 15 1 74 85 55 68 89 90 14 85 33 57 18 16 44 92 68 54 0 43 36 80 61 57 6 99 65 85 47 56 41 56 39 57 71 
81 21 91 59 50 51 53 27 39 13 89 10 7 82 42 89 13 7 47 3 37 30 57 12 83 82 14 40 4 68 80 99 82 43 0 19 0 21 96 81 18 71 52 16 43 37 26 36 18 64 
4 46 68 95 0 93 11 79 67 75 68 57 32 57 2 45 65 88 6 28 40 71 37 96 88 48 0 1 57 41 78 61 4 36 19 0 70 9 14 82 88 80 48 15 44 60 85 5 35 41 
5 25 31 58 74 12 5 60 74 15 15 57 71 7 77 52 98 46 0 75 19 9 40 6 15 49 36 0 81 72 80 100 40 80 0 70 0 18 61 52 83 9 4 88 30 58 56 69 90 62 
82 100 12 58 84 71 23 64 22 45 34 8 52 30 90 38 58 83 59 23 73 16 55 38 94 67 17 23 54 46 34 52 11 61 21 9 18 0 6 15 54 61 9 48 64 57 92 59 3 62 
36 68 22 98 52 93 87 32 42 93 78 66 81 15 63 13 78 96 2 76 23 69 45 25 83 50 50 6 92 65 20 84 50 57 96 14 61 6 0 56 72 86 86 74 84 69 9 45 74 94 
11 49 81 21 9 45 59 70 11 54 89 96 39 36 75 88 36 80 30 48 89 90 50 39 67 43 32 55 30 0 61 74 8 6 81 82 52 15 56 0 64 97 36 69 41 3 15 76 58 18 
39 16 86 39 93 65 31 37 15 21 39 43 99 61 84 72 32 51 78 41 83 36 53 80 2 15 53 50 12 59 33 80 48 99 18 88 83 54 72 64 0 80 4 9 88 81 53 60 43 24 
10 16 11 11 91 56 84 17 67 2 92 5 89 11 96 45 16 32 72 40 51 81 61 16 39 70 81 14 34 47 90 75 42 65 71 80 9 61 86 97 80 0 13 90 87 50 60 86 89 81 
16 64 6 20 75 96 7 36 75 45 23 94 89 86 58 94 61 38 81 8 3 95 12 24 85 41 100 69 59 71 25 51 16 85 52 48 4 9 86 36 4 13 0 21 72 15 34 34 73 20 
20 81 5 67 20 42 28 58 61 23 37 15 12 85 71 18 58 75 68 22 86 10 25 87 83 99 32 31 90 44 28 14 89 47 16 15 88 48 74 69 9 90 21 0 87 16 100 35 100 19 
22 79 36 97 14 41 55 13 90 64 8 53 70 83 84 20 19 29 9 52 95 2 0 95 32 26 72 7 7 36 17 83 33 56 43 44 30 64 84 41 88 87 72 87 0 70 11 91 94 23 
29 57 85 27 81 31 88 27 3 72 65 49 45 98 20 35 47 88 27 65 20 25 5 99 34 56 49 35 19 19 84 65 57 41 37 60 58 57 69 3 81 50 15 16 70 0 100 37 76 70 
64 92 57 95 82 93 87 49 73 17 20 37 72 99 63 24 34 24 71 54 66 8 74 49 84 44 24 64 60 8 80 55 20 56 26 85 56 92 9 15 53 60 34 100 11 100 0 70 68 75 
58 54 48 11 92 20 80 55 97 55 25 99 28 87 82 82 11 11 25 67 26 32 39 48 38 36 88 28 63 49 14 37 93 39 36 5 69 59 45 76 60 86 34 35 91 37 70 0 54 9 
37 0 15 42 100 24 5 99 38 0 96 96 50 92 40 64 28 97 21 71 27 65 5 56 18 92 99 7 30 48 35 5 82 57 18 35 90 3 74 58 43 89 73 100 94 76 68 54 0 1 
75 75 48 81 22 98 38 52 71 34 60 7 51 44 27 17 76 87 98 99 12 29 43 83 44 42 12 33 34 40 28 99 89 71 64 41 62 62 94 18 24 81 20 19 23 70 75 9 1 0 
RRBRBRRRRRBBRBRBBRBRRRRBBBBBBRBRRRRRBBBBBRBBRBRBRB
