50
0 93 20 71 72 31 79 91 85 73 20 12 83 3 39 3 38 12 36 99 36 73 3 6 93 44 31 88 60 5 0 15 91 59 86 36 31 43 66 79 82 28 96 6 47 14 64 100 43 77 
93 0 72 74 53 58 67 63 9 96 62 62 98 52 17 96 41 91 57 71 55 76 83 54 30 11 97 50 66 91 86 6 78 31 94 16 2 82 25 69 2 66 15 74 14 99 8 39 93 17 
20 72 0 28 78 36 46 41 57 4 72 22 35 22 41 11 50 93 13 46 91 67 40 59 72 13 28 40 37 44 9 18 67 48 25 5 67 3 51 100 62 5 32 6 99 31 93 10 17 86 
71 74 28 0 72 80 96 37 3 16 51 11 21 49 66 12 86 95 3 54 27 77 71 75 29 49 83 20 54 78 4 33 80 87 25 80 12 97 87 1 16 100 41 18 65 91 29 3 19 67 
72 53 78 72 0 9 53 33 16 32 82 35 5 84 3 54 53 93 25 95 84 49 82 6 31 82 55 5 40 50 1 4 91 80 66 70 83 91 19 27 98 51 1 15 80 41 96 14 7 75 
31 58 36 80 9 0 19 78 74 5 49 23 54 48 24 52 85 47 0 80 2 43 32 57 81 3 30 28 72 45 46 65 51 51 28 84 14 4 72 61 65 78 71 6 69 35 47 44 35 96 
79 67 46 96 53 19 0 8 77 28 61 16 60 26 30 8 16 13 98 98 9 77 35 24 20 23 20 23 4 80 84 74 54 80 90 4 31 51 73 82 5 24 82 28 10 27 56 15 8 17 
91 63 41 37 33 78 8 0 68 25 16 88 53 54 73 28 67 49 6 61 97 32 20 25 34 33 43 39 81 70 80 4 69 8 97 90 0 69 26 22 32 85 0 35 67 22 30 93 51 14 
85 9 57 3 16 74 77 68 0 21 70 2 80 47 73 99 93 92 5 44 37 96 42 10 100 100 43 59 80 89 12 64 50 68 76 35 33 62 86 47 91 48 12 95 79 6 69 12 56 94 
73 96 4 16 32 5 28 25 21 0 78 8 73 73 19 97 62 0 30 61 16 27 29 63 7 16 80 95 87 18 96 26 64 56 61 50 9 73 9 19 68 36 9 94 74 25 13 90 36 26 
20 62 72 51 82 49 61 16 70 78 0 52 64 49 86 36 47 69 62 76 19 14 80 10 82 30 2 17 66 81 60 73 70 56 81 73 45 91 95 26 64 80 25 55 40 28 53 98 43 97 
12 62 22 11 35 23 16 88 2 8 52 0 40 40 55 59 46 68 52 100 43 24 5 5 95 1 65 79 84 11 46 63 35 49 4 65 38 76 4 38 3 23 13 24 71 46 31 61 10 19 
83 98 35 21 5 54 60 53 80 73 64 40 0 80 70 20 54 67 29 1 78 86 6 62 30 2 52 70 64 68 68 59 50 23 86 47 8 32 98 14 28 76 86 20 41 24 71 51 69 71 
3 52 22 49 84 48 26 54 47 73 49 40 80 0 42 34 89 96 79 69 73 77 70 13 35 70 0 74 41 26 46 28 8 23 6 93 46 70 10 20 75 58 34 55 35 27 7 16 53 29 
39 17 41 66 3 24 30 73 73 19 86 55 70 42 0 88 40 13 41 32 23 16 24 89 26 83 52 89 2 92 14 3 61 52 35 91 78 100 82 84 22 44 3 43 42 96 11 23 76 20 
3 96 11 12 54 52 8 28 99 97 36 59 20 34 88 0 85 24 0 11 100 32 79 72 78 49 89 79 85 0 56 73 35 33 60 100 64 43 20 90 81 80 64 2 15 67 70 69 46 41 
38 41 50 86 53 85 16 67 93 62 47 46 54 89 40 85 0 57 99 51 5 17 19 32 83 11 90 60 54 10 20 83 80 32 20 21 90 8 47 72 35 7 35 26 19 81 30 85 93 97 
12 91 93 95 93 47 13 49 92 0 69 68 67 96 13 24 57 0 67 24 80 94 90 73 93 100 59 11 95 15 61 24 33 61 98 1 93 54 71 1 28 15 84 90 53 66 42 66 52 59 
36 57 13 3 25 0 98 6 5 30 62 52 29 79 41 0 99 67 0 15 26 13 64 33 79 83 23 43 37 35 91 24 84 76 72 91 54 78 26 18 1 13 68 89 52 57 64 2 15 34 
99 71 46 54 95 80 98 61 44 61 76 100 1 69 32 11 51 24 15 0 23 45 72 52 100 9 10 54 93 58 99 44 55 33 32 25 69 75 11 13 28 4 92 12 16 33 88 58 54 76 
36 55 91 27 84 2 9 97 37 16 19 43 78 73 23 100 5 80 26 23 0 35 88 71 2 76 31 28 63 5 89 80 85 79 50 55 51 18 83 74 60 16 21 42 63 85 3 97 3 99 
73 76 67 77 49 43 77 32 96 27 14 24 86 77 16 32 17 94 13 45 35 0 70 18 94 100 2 74 77 28 38 60 86 69 29 66 1 9 95 9 35 1 52 68 61 14 11 56 65 71 
3 83 40 71 82 32 35 20 42 29 80 5 6 70 24 79 19 90 64 72 88 70 0 16 41 30 54 72 83 76 60 3 35 76 34 17 90 3 30 41 46 45 29 81 32 39 81 14 88 8 
6 54 59 75 6 57 24 25 10 63 10 5 62 13 89 72 32 73 33 52 71 18 16 0 27 88 25 59 7 96 10 77 10 8 99 70 41 82 67 39 86 30 18 29 50 50 61 84 25 61 
93 30 72 29 31 81 20 34 100 7 82 95 30 35 26 78 83 93 79 100 2 94 41 27 0 59 42 21 56 49 64 67 4 79 24 91 96 15 52 15 100 58 29 33 85 50 26 35 64 40 
44 11 13 49 82 3 23 33 100 16 30 1 2 70 83 49 11 100 83 9 76 100 30 88 59 0 64 26 4 22 17 24 84 89 11 41 61 50 83 24 99 86 40 51 59 13 22 9 33 77 
31 97 28 83 55 30 20 43 43 80 2 65 52 0 52 89 90 59 23 10 31 2 54 25 42 64 0 77 54 95 69 39 71 43 73 89 4 72 9 39 34 17 30 43 2 7 13 48 34 98 
88 50 40 20 5 28 23 39 59 95 17 79 70 74 89 79 60 11 43 54 28 74 72 59 21 26 77 0 10 70 13 18 57 81 33 17 99 17 32 24 26 60 24 48 52 44 70 56 70 17 
60 66 37 54 40 72 4 81 80 87 66 84 64 41 2 85 54 95 37 93 63 77 83 7 56 4 54 10 0 46 4 3 94 70 53 9 20 94 95 92 38 33 65 49 50 66 36 88 100 6 
5 91 44 78 50 45 80 70 89 18 81 11 68 26 92 0 10 15 35 58 5 28 76 96 49 22 95 70 46 0 55 52 73 18 52 7 80 78 40 27 52 56 73 34 40 17 6 15 16 34 
0 86 9 4 1 46 84 80 12 96 60 46 68 46 14 56 20 61 91 99 89 38 60 10 64 17 69 13 4 55 0 97 3 62 76 40 52 64 62 11 89 26 49 37 33 68 40 94 59 81 
15 6 18 33 4 65 74 4 64 26 73 63 59 28 3 73 83 24 24 44 80 60 3 77 67 24 39 18 3 52 97 0 58 9 36 71 56 100 47 98 30 87 2 20 1 16 54 10 89 65 
91 78 67 80 91 51 54 69 50 64 70 35 50 8 61 35 80 33 84 55 85 86 35 10 4 84 71 57 94 73 3 58 0 96 50 51 72 50 21 87 63 65 91 3 86 58 67 5 82 27 
59 31 48 87 80 51 80 8 68 56 56 49 23 23 52 33 32 61 76 33 79 69 76 8 79 89 43 81 70 18 62 9 96 0 99 45 33 81 89 94 48 91 73 48 4 70 61 59 92 22 
86 94 25 25 66 28 90 97 76 61 81 4 86 6 35 60 20 98 72 32 50 29 34 99 24 11 73 33 53 52 76 36 50 99 0 76 4 71 26 68 78 74 27 95 59 14 90 70 8 78 
36 16 5 80 70 84 4 90 35 50 73 65 47 93 91 100 21 1 91 25 55 66 17 70 91 41 89 17 9 7 40 71 51 45 76 0 23 85 95 97 1 86 28 70 5 4 2 79 20 83 
31 2 67 12 83 14 31 0 33 9 45 38 8 46 78 64 90 93 54 69 51 1 90 41 96 61 4 99 20 80 52 56 72 33 4 23 0 18 57 2 43 58 82 97 42 44 71 60 56 9 
43 82 3 97 91 4 51 69 62 73 91 76 32 70 100 43 8 54 78 75 18 9 3 82 15 50 72 17 94 78 64 100 50 81 71 85 18 0 40 41 8 33 11 82 83 79 5 10 71 12 
66 25 51 87 19 72 73 26 86 9 95 4 98 10 82 20 47 71 26 11 83 95 30 67 52 83 9 32 95 40 62 47 21 89 26 95 57 40 0 57 33 32 40 66 40 86 52 55 30 90 
79 69 100 1 27 61 82 22 47 19 26 38 14 20 84 90 72 1 18 13 74 9 41 39 15 24 39 24 92 27 11 98 87 94 68 97 2 41 57 0 87 91 1 20 19 69 44 32 34 12 
82 2 62 16 98 65 5 32 91 68 64 3 28 75 22 81 35 28 1 28 60 35 46 86 100 99 34 26 38 52 89 30 63 48 78 1 43 8 33 87 0 7 80 62 4 56 96 15 42 28 
28 66 5 100 51 78 24 85 48 36 80 23 76 58 44 80 7 15 13 4 16 1 45 30 58 86 17 60 33 56 26 87 65 91 74 86 58 33 32 91 7 0 66 32 99 100 24 98 76 25 
96 15 32 41 1 71 82 0 12 9 25 13 86 34 3 64 35 84 68 92 21 52 29 18 29 40 30 24 65 73 49 2 91 73 27 28 82 11 40 1 80 66 0 33 53 33 48 99 23 3 
6 74 6 18 15 6 28 35 95 94 55 24 20 55 43 2 26 90 89 12 42 68 81 29 33 51 43 48 49 34 37 20 3 48 95 70 97 82 66 20 62 32 33 0 57 98 29 17 40 10 
47 14 99 65 80 69 10 67 79 74 40 71 41 35 42 15 19 53 52 16 63 61 32 50 85 59 2 52 50 40 33 1 86 4 59 5 42 83 40 19 4 99 53 57 0 58 91 6 95 67 
14 99 31 91 41 35 27 22 6 25 28 46 24 27 96 67 81 66 57 33 85 14 39 50 50 13 7 44 66 17 68 16 58 70 14 4 44 79 86 69 56 100 33 98 58 0 41 87 61 100 
64 8 93 29 96 47 56 30 69 13 53 31 71 7 11 70 30 42 64 88 3 11 81 61 26 22 13 70 36 6 40 54 67 61 90 2 71 5 52 44 96 24 48 29 91 41 0 49 2 74 
100 39 10 3 14 44 15 93 12 90 98 61 51 16 23 69 85 66 2 58 97 56 14 84 35 9 48 56 88 15 94 10 5 59 70 79 60 10 55 32 15 98 99 17 6 87 49 0 58 47 
43 93 17 19 7 35 8 51 56 36 43 10 69 53 76 46 93 52 15 54 3 65 88 25 64 33 34 70 100 16 59 89 82 92 8 20 56 71 30 34 42 76 23 40 95 61 2 58 0 66 
77 17 86 67 75 96 17 14 94 26 97 19 71 29 20 41 97 59 34 76 99 71 8 61 40 77 98 17 6 34 81 65 27 22 78 83 9 12 90 12 28 25 3 10 67 100 74 47 66 0 
BRBRRBRBRRRBBRBRRRBRRBBRBBRRBBBBBRRBRBRRBBBRBRBRBR