30
0 1 2 2 2 2 2 2 2 2 2 2 2 2 2 2 2 2 2 2 2 2 2 2 2 2 2 2 2 100
1 0 1 2 2 2 2 2 2 2 2 2 2 2 2 2 2 2 2 2 2 2 2 2 2 2 2 2 2 10
2 1 0 1 2 2 2 2 2 2 2 2 2 2 2 2 2 2 2 2 2 2 2 2 2 2 2 2 2 100 
2 2 1 0 1 2 2 2 2 2 2 2 2 2 2 2 2 2 2 2 2 2 2 2 2 2 2 2 2 100 
2 2 2 1 0 1 2 2 2 2 2 2 2 2 2 2 2 2 2 2 2 2 2 2 2 2 2 2 2 100 
2 2 2 2 1 0 1 2 2 2 2 2 2 2 2 2 2 2 2 2 2 2 2 2 2 2 2 2 2 100 
2 2 2 2 2 1 0 1 2 2 2 2 2 2 2 2 2 2 2 2 2 2 2 2 2 2 2 2 2 100 
2 2 2 2 2 2 1 0 1 2 2 2 2 2 2 2 2 2 2 2 2 2 2 2 2 2 2 2 2 100 
2 2 2 2 2 2 2 1 0 1 2 2 2 2 2 2 2 2 2 2 2 2 2 2 2 2 2 2 2 100 
2 2 2 2 2 2 2 2 1 0 1 2 2 2 2 2 2 2 2 2 2 2 2 2 2 2 2 2 2 100
2 2 2 2 2 2 2 2 2 1 0 1 2 2 2 2 2 2 2 2 2 2 2 2 2 2 2 2 2 100
2 2 2 2 2 2 2 2 2 2 1 0 1 2 2 2 2 2 2 2 2 2 2 2 2 2 2 2 2 100
2 2 2 2 2 2 2 2 2 2 2 1 0 1 2 2 2 2 2 2 2 2 2 2 2 2 2 2 2 100
2 2 2 2 2 2 2 2 2 2 2 2 1 0 1 2 2 2 2 2 2 2 2 2 2 2 2 2 2 100
2 2 2 2 2 2 2 2 2 2 2 2 2 1 0 1 2 2 2 2 2 2 2 2 2 2 2 2 2 100
2 2 2 2 2 2 2 2 2 2 2 2 2 2 1 0 1 2 2 2 2 2 2 2 2 2 2 2 2 100
2 2 2 2 2 2 2 2 2 2 2 2 2 2 2 1 0 1 2 2 2 2 2 2 2 2 2 2 2 100
2 2 2 2 2 2 2 2 2 2 2 2 2 2 2 2 1 0 1 2 2 2 2 2 2 2 2 2 2 100
2 2 2 2 2 2 2 2 2 2 2 2 2 2 2 2 2 1 0 1 2 2 2 2 2 2 2 2 2 100
2 2 2 2 2 2 2 2 2 2 2 2 2 2 2 2 2 2 1 0 1 2 2 2 2 2 2 2 2 100
2 2 2 2 2 2 2 2 2 2 2 2 2 2 2 2 2 2 2 1 0 1 2 2 2 2 2 2 2 100
2 2 2 2 2 2 2 2 2 2 2 2 2 2 2 2 2 2 2 2 1 0 1 2 2 2 2 2 2 100
2 2 2 2 2 2 2 2 2 2 2 2 2 2 2 2 2 2 2 2 2 1 0 1 2 2 2 2 2 100
2 2 2 2 2 2 2 2 2 2 2 2 2 2 2 2 2 2 2 2 2 2 1 0 1 2 2 2 2 100
2 2 2 2 2 2 2 2 2 2 2 2 2 2 2 2 2 2 2 2 2 2 2 1 0 1 2 2 2 100
2 2 2 2 2 2 2 2 2 2 2 2 2 2 2 2 2 2 2 2 2 2 2 2 1 0 1 2 2 100
2 2 2 2 2 2 2 2 2 2 2 2 2 2 2 2 2 2 2 2 2 2 2 2 2 1 0 1 2 100
2 2 2 2 2 2 2 2 2 2 2 2 2 2 2 2 2 2 2 2 2 2 2 2 2 2 1 0 1 100
2 2 2 2 2 2 2 2 2 2 2 2 2 2 2 2 2 2 2 2 2 2 2 2 2 2 2 1 0 100
100 10 100 100 100 100 100 100 100 100 100 100 100 100 100 100 100 100 100 100 100 100 100 100 100 100 100 100 100 0
RBRBRBRBRBRBRBRBRBRBRBRBRBRBRB