50
0 75 40 34 75 51 62 48 90 100 0 53 28 8 98 81 48 40 81 52 55 37 44 51 55 53 4 68 63 12 57 43 68 24 69 83 29 26 24 39 15 79 64 0 14 49 71 8 72 21
75 0 77 75 36 0 52 90 33 38 40 37 42 40 63 60 43 7 51 44 18 0 43 31 43 23 56 15 55 73 70 45 34 61 43 44 66 82 0 63 27 59 77 41 84 5 44 47 25 7
40 77 0 54 61 71 73 53 24 70 27 72 64 51 72 50 5 83 45 22 80 28 75 55 34 78 49 74 81 79 37 59 48 36 0 42 8 31 25 28 44 81 23 71 47 47 35 31 0 16
34 75 54 0 45 86 35 30 35 34 54 47 36 41 52 0 10 98 46 55 97 33 58 64 22 74 43 71 49 48 17 5 37 22 31 68 0 30 24 68 38 93 21 81 2 14 79 34 70 26
75 36 61 45 0 40 56 66 25 1 78 17 50 87 31 54 73 17 66 67 25 65 17 18 60 39 78 38 23 88 77 56 33 91 53 2 56 6 67 77 50 37 73 41 47 54 50 72 34 0
51 0 71 86 40 0 41 75 43 17 61 38 3 89 24 33 69 47 52 57 4 52 7 28 61 66 49 32 18 91 76 40 36 13 18 39 70 0 74 90 80 32 2 12 73 51 29 48 55 64
62 52 73 35 56 41 0 99 53 49 81 44 65 91 48 34 70 16 44 1 49 77 19 28 70 21 56 7 30 44 32 0 22 41 32 10 1 29 55 70 75 27 4 72 69 81 36 84 17 75
48 90 53 30 66 75 99 0 51 58 36 1 41 25 41 46 34 74 78 14 64 3 1 69 16 69 22 55 67 3 49 57 72 67 70 49 16 28 21 33 37 70 30 8 37 49 81 24 80 64
90 33 24 35 25 43 53 51 0 0 63 22 98 50 25 38 57 37 50 66 47 78 45 3 60 34 1 14 29 46 74 14 30 46 33 45 73 56 7 63 71 80 69 17 83 94 37 77 13 94
100 38 70 34 1 17 49 58 0 0 78 43 52 77 40 16 84 25 39 68 7 66 25 41 6 20 81 12 19 76 24 3 66 50 21 7 74 58 67 49 80 41 61 41 64 81 12 54 33 48
0 40 27 54 78 61 81 36 63 78 0 54 65 43 90 66 1 79 82 19 88 47 100 1 35 65 42 57 35 39 33 50 76 30 45 66 42 39 31 34 56 62 33 65 20 48 41 45 57 42
53 37 72 47 17 38 44 1 22 43 54 0 62 0 25 18 68 10 21 87 25 50 44 29 58 33 79 54 36 58 70 32 13 81 36 40 41 58 30 83 59 6 64 4 66 70 35 62 24 61
28 42 64 36 50 3 65 41 98 52 65 62 0 23 76 51 58 38 71 3 64 53 88 53 53 57 41 69 36 30 59 76 0 44 51 56 27 40 25 13 27 65 5 53 74 2 57 18 84 27
8 40 51 41 87 89 91 25 50 77 43 0 23 0 73 51 59 62 83 63 53 23 83 40 44 9 11 65 76 31 38 57 42 0 69 76 27 46 45 26 29 63 42 63 28 22 60 42 81 30
98 63 72 52 31 24 48 41 25 40 90 25 76 73 0 20 83 36 86 77 20 57 39 22 81 0 32 13 18 77 83 25 40 54 3 63 0 100 63 42 73 53 1 70 77 78 51 56 45 74
81 60 50 0 54 33 34 46 38 16 66 18 51 51 20 0 41 43 60 87 57 85 49 48 79 35 63 17 10 73 55 18 20 77 12 29 52 63 52 1 58 42 58 31 75 80 34 64 43 5
48 43 5 10 73 69 70 34 57 84 1 68 58 59 83 41 0 67 82 53 36 25 67 57 14 72 44 55 38 53 0 74 47 33 59 58 13 52 10 3 31 43 41 42 24 51 65 25 88 12
40 7 83 98 17 47 16 74 37 25 79 10 38 62 36 43 67 0 39 67 2 57 18 35 62 39 45 20 10 46 44 44 36 54 28 0 73 86 42 68 71 27 78 29 52 69 17 9 38 1
81 51 45 46 66 52 44 78 50 39 82 21 71 83 86 60 82 39 0 61 40 81 44 25 59 22 5 20 49 59 66 42 35 85 50 25 59 45 57 62 50 17 62 22 5 63 1 0 44 48
52 44 22 55 67 57 1 14 66 68 19 87 3 63 77 87 53 67 61 0 70 32 85 87 49 59 58 99 9 26 43 64 62 58 81 66 33 16 51 15 1 82 34 41 26 0 24 30 64 27
55 18 80 97 25 4 49 64 47 7 88 25 64 53 20 57 36 2 40 70 0 92 40 42 87 6 74 12 30 85 58 38 6 34 31 6 65 74 71 63 0 14 30 31 70 36 70 42 66 58
37 0 28 33 65 52 77 3 78 66 47 50 53 23 57 85 25 57 81 32 92 0 97 63 55 54 30 83 13 47 49 1 45 45 39 75 64 60 27 13 28 52 27 51 48 12 6 49 56 20
44 43 75 58 17 7 19 1 45 25 100 44 88 83 39 49 67 18 44 85 40 97 0 3 69 41 61 34 65 57 65 30 4 55 22 23 54 75 73 75 56 27 8 23 0 48 28 59 9 84
51 31 55 64 18 28 28 69 3 41 1 29 53 40 22 48 57 35 25 87 42 63 3 0 94 43 61 21 47 75 2 58 5 62 36 23 45 76 56 86 87 2 76 32 55 74 43 51 31 47
55 43 34 22 60 61 70 16 60 6 35 58 53 44 81 79 14 62 59 49 87 55 69 94 0 76 26 77 80 36 30 67 71 3 56 61 28 44 20 34 44 66 73 74 0 28 4 33 2 28
53 23 78 74 39 66 21 69 34 20 65 33 57 9 0 35 72 39 22 59 6 54 41 43 76 0 45 0 52 59 68 44 38 84 17 48 46 55 5 82 80 36 34 59 91 56 28 83 11 64
4 56 49 43 78 49 56 22 1 81 42 79 41 11 32 63 44 45 5 58 74 30 61 61 26 45 0 60 52 38 50 62 66 66 45 79 37 0 17 7 12 96 23 44 12 11 68 22 64 23
68 15 74 71 38 32 7 55 14 12 57 54 69 65 13 17 55 20 20 99 12 83 34 21 77 0 60 0 32 47 50 50 27 65 57 6 47 48 58 46 52 34 68 60 48 0 29 91 32 64
63 55 81 49 23 18 30 67 29 19 35 36 36 76 18 10 38 10 49 9 30 13 65 47 80 52 52 32 0 2 71 41 13 71 21 71 39 70 57 45 91 17 62 0 32 63 28 76 48 83
12 73 79 48 88 91 44 3 46 76 39 58 30 31 77 73 53 46 59 26 85 47 57 75 36 59 38 47 2 0 3 0 49 13 67 80 19 32 20 24 38 66 55 75 37 33 77 41 43 40
57 70 37 17 77 76 32 49 74 24 33 70 59 38 83 55 0 44 66 43 58 49 65 2 30 68 50 50 71 3 0 56 25 7 70 68 38 22 54 34 67 0 21 56 31 5 83 36 4 43
43 45 59 5 56 40 0 57 14 3 50 32 76 57 25 18 74 44 42 64 38 1 30 58 67 44 62 50 41 0 56 0 44 62 46 6 70 62 62 92 44 30 100 17 54 75 36 84 62 34
68 34 48 37 33 36 22 72 30 66 76 13 0 42 40 20 47 36 35 62 6 45 4 5 71 38 66 27 13 49 25 44 0 83 32 54 66 66 56 87 51 68 57 33 78 79 28 0 42 49
24 61 36 22 91 13 41 67 46 50 30 81 44 0 54 77 33 54 85 58 34 45 55 62 3 84 66 65 71 13 7 62 83 0 68 1 36 38 51 53 1 69 14 60 48 31 66 42 63 63
69 43 0 31 53 18 32 70 33 21 45 36 51 69 3 12 59 28 50 81 31 39 22 36 56 17 45 57 21 67 70 46 32 68 0 45 56 53 81 89 50 19 73 26 96 37 42 76 0 47
83 44 42 68 2 39 10 49 45 7 66 40 56 76 63 29 58 0 25 66 6 75 23 23 61 48 79 6 71 80 68 6 54 1 45 0 61 43 88 53 47 3 58 3 72 57 46 85 43 52
29 66 8 0 56 70 1 16 73 74 42 41 27 27 0 52 13 73 59 33 65 64 54 45 28 46 37 47 39 19 38 70 66 36 56 61 0 56 48 28 34 83 30 68 1 10 43 26 83 38
26 82 31 30 6 0 29 28 56 58 39 58 40 46 100 63 52 86 45 16 74 60 75 76 44 55 0 48 70 32 22 62 66 38 53 43 56 0 51 42 44 54 30 83 9 1 81 30 42 48
24 0 25 24 67 74 55 21 7 67 31 30 25 45 63 52 10 42 57 51 71 27 73 56 20 5 17 58 57 20 54 62 56 51 81 88 48 51 0 32 43 0 25 87 12 14 55 32 69 39
39 63 28 68 77 90 70 33 63 49 34 83 13 26 42 1 3 68 62 15 63 13 75 86 34 82 7 46 45 24 34 92 87 53 89 53 28 42 32 0 32 78 19 77 35 6 43 30 70 52
15 27 44 38 50 80 75 37 71 80 56 59 27 29 73 58 31 71 50 1 0 28 56 87 44 80 12 52 91 38 67 44 51 1 50 47 34 44 43 32 0 76 52 63 44 12 75 1 56 38
79 59 81 93 37 32 27 70 80 41 62 6 65 63 53 42 43 27 17 82 14 52 27 2 66 36 96 34 17 66 0 30 68 69 19 3 83 54 0 78 76 0 58 16 36 36 0 59 22 43
64 77 23 21 73 2 4 30 69 61 33 64 5 42 1 58 41 78 62 34 30 27 8 76 73 34 23 68 62 55 21 100 57 14 73 58 30 30 25 19 52 58 0 81 33 25 76 28 64 29
0 41 71 81 41 12 72 8 17 41 65 4 53 63 70 31 42 29 22 41 31 51 23 32 74 59 44 60 0 75 56 17 33 60 26 3 68 83 87 77 63 16 81 0 63 54 15 51 58 73
14 84 47 2 47 73 69 37 83 64 20 66 74 28 77 75 24 52 5 26 70 48 0 55 0 91 12 48 32 37 31 54 78 48 96 72 1 9 12 35 44 36 33 63 0 16 80 17 44 18
49 5 47 14 54 51 81 49 94 81 48 70 2 22 78 80 51 69 63 0 36 12 48 74 28 56 11 0 63 33 5 75 79 31 37 57 10 1 14 6 12 36 25 54 16 0 68 45 76 44
71 44 35 79 50 29 36 81 37 12 41 35 57 60 51 34 65 17 1 24 70 6 28 43 4 28 68 29 28 77 83 36 28 66 42 46 43 81 55 43 75 0 76 15 80 68 0 66 7 61
8 47 31 34 72 48 84 24 77 54 45 62 18 42 56 64 25 9 0 30 42 49 59 51 33 83 22 91 76 41 36 84 0 42 76 85 26 30 32 30 1 59 28 51 17 45 66 0 71 49
72 25 0 70 34 55 17 80 13 33 57 24 84 81 45 43 88 38 44 64 66 56 9 31 2 11 64 32 48 43 4 62 42 63 0 43 83 42 69 70 56 22 64 58 44 76 7 71 0 84
21 7 16 26 0 64 75 64 94 48 42 61 27 30 74 5 12 1 48 27 58 20 84 47 28 64 23 64 83 40 43 34 49 63 47 52 38 48 39 52 38 43 29 73 18 44 61 49 84 0
RBRRBBBRBBRBRRBBRBBRBRBBRBRBBRRBBRBBRRRRRBRBRRBRBR