50
0 85 5 31 79 50 79 31 89 75 68 55 27 21 7 26 41 63 47 68 83 90 49 36 100 45 68 87 6 84 13 23 50 40 90 76 94 19 75 9 13 18 15 98 43 87 17 62 99 8
85 0 75 8 61 49 35 16 84 17 28 8 33 23 44 55 22 70 7 20 18 83 33 36 59 67 22 42 74 70 3 43 12 94 36 40 36 41 4 91 74 95 65 37 7 12 20 59 29 82
5 75 0 70 83 57 61 71 61 34 99 59 9 3 54 97 22 36 30 83 48 46 56 86 97 44 44 11 98 61 61 6 89 74 37 80 65 1 8 55 99 65 94 45 51 89 5 64 100 30
31 8 70 0 74 6 3 64 42 82 64 36 24 40 25 4 20 75 49 91 75 16 30 75 52 1 84 78 35 34 4 57 75 63 23 85 16 53 4 30 24 81 78 35 42 43 96 41 32 86
79 61 83 74 0 82 15 33 58 46 2 36 20 72 35 60 65 95 60 53 42 4 17 61 57 44 66 3 35 19 97 38 16 40 47 35 78 64 24 55 64 50 47 22 5 50 45 89 92 85
50 49 57 6 82 0 37 33 98 54 84 17 1 6 71 64 86 95 74 38 96 3 24 53 45 17 53 53 60 39 70 94 74 10 89 29 76 84 61 48 88 5 42 99 100 74 76 5 18 10
79 35 61 3 15 37 0 43 82 49 91 73 15 44 47 97 26 85 17 44 89 60 59 54 6 30 5 14 65 59 33 26 13 94 99 89 1 71 98 71 66 67 87 64 99 42 70 67 92 48
31 16 71 64 33 33 43 0 23 80 61 84 83 4 2 40 1 25 9 16 90 98 1 54 58 76 23 41 43 25 65 72 99 40 2 49 16 98 64 10 31 55 97 83 57 54 36 85 51 54
89 84 61 42 58 98 82 23 0 24 49 97 21 76 69 88 25 92 16 14 13 71 39 97 57 28 61 63 63 7 76 6 32 51 49 53 50 62 59 18 69 84 24 78 5 31 93 77 99 25
75 17 34 82 46 54 49 80 24 0 61 4 93 30 50 5 69 97 13 2 100 10 72 60 74 48 84 87 43 49 42 81 39 67 45 99 54 64 59 79 84 30 8 37 33 85 12 64 75 65
68 28 99 64 2 84 91 61 49 61 0 24 10 84 15 78 2 79 42 25 30 17 14 99 29 18 60 67 73 65 43 90 40 7 39 18 4 59 55 22 4 14 18 100 46 68 64 94 52 59
55 8 59 36 36 17 73 84 97 4 24 0 41 10 17 90 51 12 80 89 78 18 20 84 37 88 81 22 76 87 34 36 79 83 19 93 2 93 83 3 9 94 21 83 48 51 28 76 61 45
27 33 9 24 20 1 15 83 21 93 10 41 0 63 6 19 86 24 55 75 18 99 74 8 87 46 73 86 11 96 7 3 24 37 24 82 10 35 93 16 6 36 9 7 100 89 86 99 3 95
21 23 3 40 72 6 44 4 76 30 84 10 63 0 24 66 62 20 10 13 56 19 44 51 67 64 43 58 33 79 79 62 42 48 36 25 37 68 46 49 68 82 36 53 42 64 81 52 44 16
7 44 54 25 35 71 47 2 69 50 15 17 6 24 0 88 3 60 26 54 49 44 40 52 36 68 2 91 45 53 9 89 83 39 13 28 58 27 82 100 9 65 85 43 69 65 12 36 59 39
26 55 97 4 60 64 97 40 88 5 78 90 19 66 88 0 4 4 11 25 8 34 78 42 85 22 27 12 52 42 31 70 78 98 1 96 5 91 73 6 50 76 60 15 59 46 41 3 26 13
41 22 22 20 65 86 26 1 25 69 2 51 86 62 3 4 0 64 67 61 25 97 69 34 99 53 38 28 38 50 88 89 7 33 24 9 93 90 83 16 92 62 98 66 6 5 81 16 56 81
63 70 36 75 95 95 85 25 92 97 79 12 24 20 60 4 64 0 60 92 64 100 66 2 13 25 2 79 59 29 20 43 2 45 89 38 45 75 19 70 76 44 79 32 47 60 90 57 16 44
47 7 30 49 60 74 17 9 16 13 42 80 55 10 26 11 67 60 0 80 15 31 14 10 52 67 30 36 54 33 51 22 74 33 13 11 29 55 5 62 46 72 71 34 31 59 99 13 98 83
68 20 83 91 53 38 44 16 14 2 25 89 75 13 54 25 61 92 80 0 91 8 64 75 43 85 80 89 76 68 69 21 26 90 61 7 81 100 33 86 45 20 42 57 75 91 83 46 38 63
83 18 48 75 42 96 89 90 13 100 30 78 18 56 49 8 25 64 15 91 0 76 4 28 41 62 82 41 29 51 1 14 87 34 74 91 48 25 1 70 38 32 3 74 68 47 2 12 40 55
90 83 46 16 4 3 60 98 71 10 17 18 99 19 44 34 97 100 31 8 76 0 56 62 100 39 18 89 96 64 91 81 65 19 86 21 55 82 56 72 10 2 22 77 81 8 16 63 69 17
49 33 56 30 17 24 59 1 39 72 14 20 74 44 40 78 69 66 14 64 4 56 0 36 83 91 84 56 59 82 89 34 13 15 71 29 71 56 14 94 56 72 72 50 22 45 66 60 10 12
36 36 86 75 61 53 54 54 97 60 99 84 8 51 52 42 34 2 10 75 28 62 36 0 23 9 74 93 68 11 28 42 12 71 44 55 9 48 57 97 89 80 23 21 25 9 56 27 54 40
100 59 97 52 57 45 6 58 57 74 29 37 87 67 36 85 99 13 52 43 41 100 83 23 0 63 39 52 82 33 69 31 94 38 74 58 37 22 61 5 81 59 9 22 37 15 9 79 47 4
45 67 44 1 44 17 30 76 28 48 18 88 46 64 68 22 53 25 67 85 62 39 91 9 63 0 46 76 39 53 84 97 2 54 27 100 80 64 54 90 30 49 18 25 45 76 51 82 39 59
68 22 44 84 66 53 5 23 61 84 60 81 73 43 2 27 38 2 30 80 82 18 84 74 39 46 0 79 41 11 50 24 25 92 69 32 70 18 39 85 92 28 78 30 95 49 50 32 96 7
87 42 11 78 3 53 14 41 63 87 67 22 86 58 91 12 28 79 36 89 41 89 56 93 52 76 79 0 22 58 58 46 63 61 56 74 74 82 39 88 97 16 68 39 36 32 28 79 36 10
6 74 98 35 35 60 65 43 63 43 73 76 11 33 45 52 38 59 54 76 29 96 59 68 82 39 41 22 0 29 25 57 72 6 57 34 34 88 3 1 100 88 1 60 4 1 25 15 93 66
84 70 61 34 19 39 59 25 7 49 65 87 96 79 53 42 50 29 33 68 51 64 82 11 33 53 11 58 29 0 41 52 15 79 77 30 41 48 62 99 63 72 57 78 46 92 87 52 31 35
13 3 61 4 97 70 33 65 76 42 43 34 7 79 9 31 88 20 51 69 1 91 89 28 69 84 50 58 25 41 0 7 72 26 15 74 88 67 81 2 54 48 86 7 93 66 85 99 13 6
23 43 6 57 38 94 26 72 6 81 90 36 3 62 89 70 89 43 22 21 14 81 34 42 31 97 24 46 57 52 7 0 81 100 84 80 91 26 58 96 90 18 91 71 1 72 11 52 90 89
50 12 89 75 16 74 13 99 32 39 40 79 24 42 83 78 7 2 74 26 87 65 13 12 94 2 25 63 72 15 72 81 0 3 75 50 75 96 3 71 4 69 96 47 92 38 97 76 65 87
40 94 74 63 40 10 94 40 51 67 7 83 37 48 39 98 33 45 33 90 34 19 15 71 38 54 92 61 6 79 26 100 3 0 19 48 25 21 62 18 42 45 12 5 73 51 59 46 73 16
90 36 37 23 47 89 99 2 49 45 39 19 24 36 13 1 24 89 13 61 74 86 71 44 74 27 69 56 57 77 15 84 75 19 0 90 50 66 77 3 26 3 18 90 43 57 48 68 71 35
76 40 80 85 35 29 89 49 53 99 18 93 82 25 28 96 9 38 11 7 91 21 29 55 58 100 32 74 34 30 74 80 50 48 90 0 22 93 37 40 61 25 2 88 59 51 29 40 1 91
94 36 65 16 78 76 1 16 50 54 4 2 10 37 58 5 93 45 29 81 48 55 71 9 37 80 70 74 34 41 88 91 75 25 50 22 0 13 1 55 55 81 42 13 9 95 17 11 24 12
19 41 1 53 64 84 71 98 62 64 59 93 35 68 27 91 90 75 55 100 25 82 56 48 22 64 18 82 88 48 67 26 96 21 66 93 13 0 100 17 70 77 24 91 19 8 91 57 41 7
75 4 8 4 24 61 98 64 59 59 55 83 93 46 82 73 83 19 5 33 1 56 14 57 61 54 39 39 3 62 81 58 3 62 77 37 1 100 0 18 12 23 42 81 83 22 39 90 79 26
9 91 55 30 55 48 71 10 18 79 22 3 16 49 100 6 16 70 62 86 70 72 94 97 5 90 85 88 1 99 2 96 71 18 3 40 55 17 18 0 89 28 71 93 49 76 39 42 62 93
13 74 99 24 64 88 66 31 69 84 4 9 6 68 9 50 92 76 46 45 38 10 56 89 81 30 92 97 100 63 54 90 4 42 26 61 55 70 12 89 0 79 84 92 88 29 18 50 20 30
18 95 65 81 50 5 67 55 84 30 14 94 36 82 65 76 62 44 72 20 32 2 72 80 59 49 28 16 88 72 48 18 69 45 3 25 81 77 23 28 79 0 3 10 5 43 100 5 79 11
15 65 94 78 47 42 87 97 24 8 18 21 9 36 85 60 98 79 71 42 3 22 72 23 9 18 78 68 1 57 86 91 96 12 18 2 42 24 42 71 84 3 0 5 60 35 77 51 50 29
98 37 45 35 22 99 64 83 78 37 100 83 7 53 43 15 66 32 34 57 74 77 50 21 22 25 30 39 60 78 7 71 47 5 90 88 13 91 81 93 92 10 5 0 61 70 19 84 82 52
43 7 51 42 5 100 99 57 5 33 46 48 100 42 69 59 6 47 31 75 68 81 22 25 37 45 95 36 4 46 93 1 92 73 43 59 9 19 83 49 88 5 60 61 0 20 4 91 42 100
87 12 89 43 50 74 42 54 31 85 68 51 89 64 65 46 5 60 59 91 47 8 45 9 15 76 49 32 1 92 66 72 38 51 57 51 95 8 22 76 29 43 35 70 20 0 69 63 52 51
17 20 5 96 45 76 70 36 93 12 64 28 86 81 12 41 81 90 99 83 2 16 66 56 9 51 50 28 25 87 85 11 97 59 48 29 17 91 39 39 18 100 77 19 4 69 0 5 89 95
62 59 64 41 89 5 67 85 77 64 94 76 99 52 36 3 16 57 13 46 12 63 60 27 79 82 32 79 15 52 99 52 76 46 68 40 11 57 90 42 50 5 51 84 91 63 5 0 41 56
99 29 100 32 92 18 92 51 99 75 52 61 3 44 59 26 56 16 98 38 40 69 10 54 47 39 96 36 93 31 13 90 65 73 71 1 24 41 79 62 20 79 50 82 42 52 89 41 0 18
8 82 30 86 85 10 48 54 25 65 59 45 95 16 39 13 81 44 83 63 55 17 12 40 4 59 7 10 66 35 6 89 87 16 35 91 12 7 26 93 30 11 29 52 100 51 95 56 18 0
BRBRRBBBBBBRRRBBBRBRRBBBBBRRRRBRRRBRRRRRBBRRBBBRRB