32
0 39 14 60 8 92 22 82 93 15 71 5 54 42 16 55 7 28 82 92 60 15 16 38 91 7 27 35 17 18 55 84
39 0 4 21 98 29 10 97 98 69 57 19 28 35 1 4 34 67 100 38 29 39 14 13 89 20 35 79 33 51 63 25
14 4 0 59 30 9 79 38 26 93 30 66 34 79 61 21 33 76 80 82 52 62 94 20 25 33 88 74 26 94 66 56
60 21 59 0 11 20 20 43 78 64 54 31 75 53 58 54 52 79 45 81 97 85 16 45 27 14 39 69 88 92 72 18
8 98 30 11 0 84 71 39 3 41 77 80 25 27 67 71 29 46 51 5 64 22 20 25 60 36 80 12 8 95 28 25
92 29 9 20 84 0 59 25 26 33 50 81 98 42 38 7 79 42 2 55 41 21 90 37 30 6 41 59 5 55 34 100
22 10 79 20 71 59 0 55 83 81 38 70 51 100 62 46 17 35 6 7 32 7 34 76 5 33 30 100 96 72 84 51
82 97 38 43 39 25 55 0 3 42 60 72 96 97 98 65 86 13 51 25 94 48 59 71 58 62 2 14 59 48 19 49
93 98 26 78 3 26 83 3 0 51 82 87 97 22 77 85 33 38 85 33 30 21 74 57 38 97 20 32 55 84 11 34
15 69 93 64 41 33 81 42 51 0 49 91 7 43 9 32 46 87 20 62 36 71 53 70 31 23 24 41 29 96 18 94
71 57 30 54 77 50 38 60 82 49 0 92 4 75 5 79 27 46 77 75 97 36 35 55 42 35 21 76 67 48 67 30
5 19 66 31 80 81 70 72 87 91 92 0 84 94 13 85 39 21 11 54 94 94 21 9 71 90 29 83 87 3 73 5
54 28 34 75 25 98 51 96 97 7 4 84 0 61 54 61 70 57 35 19 74 75 34 65 6 60 70 59 18 51 89 82
42 35 79 53 27 42 100 97 22 43 75 94 61 0 66 90 88 76 91 17 2 98 85 36 69 30 90 96 34 58 62 76
16 1 61 58 67 38 62 98 77 9 5 13 54 66 0 43 62 59 20 100 66 18 52 17 85 84 50 100 65 4 21 53
55 4 21 54 71 7 46 65 85 32 79 85 61 90 43 0 34 9 16 56 100 93 33 92 19 21 100 44 18 35 46 94
7 34 33 52 29 79 17 86 33 46 27 39 70 88 62 34 0 40 79 54 66 71 72 45 36 15 36 70 39 44 87 23
28 67 76 79 46 42 35 13 38 87 46 21 57 76 59 9 40 0 94 27 61 19 63 74 62 14 18 37 92 52 47 99
82 100 80 45 51 2 6 51 85 20 77 11 35 91 20 16 79 94 0 8 10 38 24 63 51 63 48 27 75 66 52 95
92 38 82 81 5 55 7 25 33 62 75 54 19 17 100 56 54 27 8 0 25 18 68 28 41 82 81 93 92 10 33 58
60 29 52 97 64 41 32 94 30 36 97 94 74 2 66 100 66 61 10 25 0 94 90 7 84 98 12 16 21 52 39 15
15 39 62 85 22 21 7 48 21 71 36 94 75 98 18 93 71 19 38 18 94 0 33 48 78 19 3 41 78 33 51 29
16 14 94 16 20 90 34 59 74 53 35 21 34 85 52 33 72 63 24 68 90 33 0 33 30 37 6 28 73 44 15 47
38 13 20 45 25 37 76 71 57 70 55 9 65 36 17 92 45 74 63 28 7 48 33 0 73 53 93 85 63 70 96 68
91 89 25 27 60 30 5 58 38 31 42 71 6 69 85 19 36 62 51 41 84 78 30 73 0 87 72 65 96 74 68 88
7 20 33 14 36 6 33 62 97 23 35 90 60 30 84 21 15 14 63 82 98 19 37 53 87 0 23 47 36 80 44 72
27 35 88 39 80 41 30 2 20 24 21 29 70 90 50 100 36 18 48 81 12 3 6 93 72 23 0 16 83 53 23 13
35 79 74 69 12 59 100 14 32 41 76 83 59 96 100 44 70 37 27 93 16 41 28 85 65 47 16 0 71 14 32 71
17 33 26 88 8 5 96 59 55 29 67 87 18 34 65 18 39 92 75 92 21 78 73 63 96 36 83 71 0 75 13 57
18 51 94 92 95 55 72 48 84 96 48 3 51 58 4 35 44 52 66 10 52 33 44 70 74 80 53 14 75 0 87 83
55 63 66 72 28 34 84 19 11 18 67 73 89 62 21 46 87 47 52 33 39 51 15 96 68 44 23 32 13 87 0 71
84 25 56 18 25 100 51 49 34 94 30 5 82 76 53 94 23 99 95 58 15 29 47 68 88 72 13 71 57 83 71 0
RBRRBRBRRRBBBBRRRBRBBRRRRBBBBBRB
