50
0 65 92 75 99 91 75 90 59 97 56 98 76 100 83 67 63 98 0 86 80 66 52 78 66 68 55 64 50 90 99 77 65 54 100 95 95 0 98 51 97 60 59 76 52 83 84 88 81 85
65 0 65 91 71 100 0 62 59 98 79 85 62 95 97 86 89 77 76 78 0 51 65 70 89 92 97 96 89 57 87 95 69 74 53 86 95 87 91 57 57 83 96 98 74 74 95 92 76 66
92 65 0 50 80 81 87 75 51 90 88 53 100 55 66 52 83 87 81 91 66 58 0 88 70 77 87 67 64 84 52 64 0 72 84 70 69 53 59 60 74 50 65 57 51 87 64 50 64 93
75 91 50 0 58 61 83 79 87 51 0 53 68 84 70 81 87 92 65 76 89 51 84 84 100 83 84 51 70 74 65 67 65 61 0 95 57 65 63 81 80 69 53 71 91 73 67 54 61 85
99 71 80 58 0 53 82 79 58 96 50 75 84 52 94 64 0 71 78 73 62 98 88 72 60 80 73 67 56 83 54 0 65 88 92 64 58 52 61 93 100 62 53 68 56 98 53 83 65 54
91 100 81 61 53 0 50 88 98 84 81 58 64 83 53 68 74 0 84 62 56 99 63 91 59 79 78 98 69 66 81 56 62 78 80 79 55 0 92 58 89 78 52 90 96 91 90 68 80 70
75 0 87 83 82 50 0 90 56 71 67 56 83 98 67 55 59 99 65 77 88 82 64 0 76 63 84 53 56 91 93 89 74 88 84 89 95 70 89 98 86 65 76 77 55 86 70 63 69 63
90 62 75 79 79 88 90 0 98 66 60 0 60 73 82 100 68 57 62 59 62 79 62 83 92 0 73 79 86 80 87 68 82 74 76 96 91 66 89 98 97 69 96 52 69 96 51 66 88 73
59 59 51 87 58 98 56 98 0 92 76 85 87 0 55 79 50 60 87 75 66 66 96 57 94 53 52 60 70 83 73 80 90 53 73 0 89 58 75 89 88 54 75 87 87 57 82 91 99 60
97 98 90 51 96 84 71 66 92 0 57 67 54 100 58 84 60 59 53 64 57 59 0 62 95 61 99 0 91 75 69 55 91 97 60 89 70 95 67 65 85 57 73 86 80 57 75 54 69 68
56 79 88 0 50 81 67 60 76 57 0 51 69 54 69 94 88 94 66 58 92 85 70 98 57 99 95 71 78 71 60 92 85 94 87 95 67 95 73 92 0 96 63 76 55 60 51 80 83 79
98 85 53 53 75 58 56 0 85 67 51 0 83 80 90 96 89 66 100 60 66 67 76 89 56 71 50 66 88 57 74 83 88 56 0 69 74 54 81 65 50 100 96 68 92 84 97 50 74 81
76 62 100 68 84 64 83 60 87 54 69 83 0 66 96 94 94 95 96 90 95 88 54 90 0 52 65 51 79 62 62 84 93 66 97 84 0 81 98 63 97 59 71 63 55 78 95 94 99 55
100 95 55 84 52 83 98 73 0 100 54 80 66 0 53 70 68 83 82 75 81 97 86 100 80 96 55 70 83 93 86 92 99 70 90 77 60 84 73 57 66 72 65 57 71 82 0 63 92 56
83 97 66 70 94 53 67 82 55 58 69 90 96 53 0 74 75 62 99 89 77 91 70 71 70 60 55 55 95 84 60 96 80 0 95 68 99 79 94 75 95 57 79 79 0 57 77 81 72 74
67 86 52 81 64 68 55 100 79 84 94 96 94 70 74 0 54 73 79 100 85 98 53 96 66 60 85 75 0 80 65 50 91 62 72 0 58 87 50 57 75 51 68 52 83 79 63 54 80 59
63 89 83 87 0 74 59 68 50 60 88 89 94 68 75 54 0 84 83 77 64 52 57 95 92 93 97 69 53 61 59 92 53 78 72 90 53 86 63 81 91 76 0 96 70 64 63 84 74 56
98 77 87 92 71 0 99 57 60 59 94 66 95 83 62 73 84 0 82 66 100 76 52 65 62 65 56 56 84 52 63 75 99 72 72 62 50 52 60 52 60 73 90 88 60 0 76 89 51 88
0 76 81 65 78 84 65 62 87 53 66 100 96 82 99 79 83 82 0 57 65 93 82 100 85 70 0 75 88 100 72 51 83 56 92 61 57 74 91 69 97 76 96 69 89 66 53 77 72 97
86 78 91 76 73 62 77 59 75 64 58 60 90 75 89 100 77 66 57 0 0 0 51 74 55 56 82 94 83 82 83 95 50 95 74 82 52 86 77 87 51 84 96 75 75 95 78 68 53 55
80 0 66 89 62 56 88 62 66 57 92 66 95 81 77 85 64 100 65 0 0 50 58 72 60 67 59 63 64 53 88 63 76 59 76 58 68 57 86 71 87 92 95 70 96 73 93 84 56 92
66 51 58 51 98 99 82 79 66 59 85 67 88 97 91 98 52 76 93 0 50 0 96 73 74 66 85 79 68 56 75 68 80 80 86 97 100 99 100 96 91 52 0 70 69 68 95 55 68 66
52 65 0 84 88 63 64 62 96 0 70 76 54 86 70 53 57 52 82 51 58 96 0 61 57 67 93 87 61 75 55 68 65 71 50 68 58 59 57 99 94 78 94 88 53 82 80 60 86 84
78 70 88 84 72 91 0 83 57 62 98 89 90 100 71 96 95 65 100 74 72 73 61 0 90 54 53 77 54 93 91 76 0 51 86 100 63 60 65 74 74 88 57 57 65 84 82 62 72 56
66 89 70 100 60 59 76 92 94 95 57 56 0 80 70 66 92 62 85 55 60 74 57 90 0 75 97 88 91 87 73 93 87 77 85 58 57 79 60 55 70 51 72 75 76 77 73 53 93 0
68 92 77 83 80 79 63 0 53 61 99 71 52 96 60 60 93 65 70 56 67 66 67 54 75 0 53 75 85 83 52 0 50 84 60 57 78 99 91 88 89 67 64 98 59 54 69 93 99 55
55 97 87 84 73 78 84 73 52 99 95 50 65 55 55 85 97 56 0 82 59 85 93 53 97 53 0 98 88 82 75 73 98 81 98 71 60 88 94 50 0 65 63 52 66 86 52 67 75 85
64 96 67 51 67 98 53 79 60 0 71 66 51 70 55 75 69 56 75 94 63 79 87 77 88 75 98 0 89 93 52 93 51 59 71 51 66 84 58 66 50 82 79 96 100 97 79 62 83 57
50 89 64 70 56 69 56 86 70 91 78 88 79 83 95 0 53 84 88 83 64 68 61 54 91 85 88 89 0 73 50 75 97 61 72 87 76 50 53 72 61 56 85 68 52 0 55 50 60 62
90 57 84 74 83 66 91 80 83 75 71 57 62 93 84 80 61 52 100 82 53 56 75 93 87 83 82 93 73 0 66 53 83 81 91 85 88 76 0 59 65 83 70 0 71 99 98 69 84 61
99 87 52 65 54 81 93 87 73 69 60 74 62 86 60 65 59 63 72 83 88 75 55 91 73 52 75 52 50 66 0 61 69 89 86 67 94 89 55 91 63 0 63 79 61 66 72 92 79 70
77 95 64 67 0 56 89 68 80 55 92 83 84 92 96 50 92 75 51 95 63 68 68 76 93 0 73 93 75 53 61 0 59 91 60 67 72 55 55 77 93 60 60 71 94 71 55 94 90 99
65 69 0 65 65 62 74 82 90 91 85 88 93 99 80 91 53 99 83 50 76 80 65 0 87 50 98 51 97 83 69 59 0 74 67 79 70 70 69 63 74 87 66 74 64 94 50 99 86 51
54 74 72 61 88 78 88 74 53 97 94 56 66 70 0 62 78 72 56 95 59 80 71 51 77 84 81 59 61 81 89 91 74 0 83 61 55 71 65 87 81 63 67 71 76 62 71 98 88 0
100 53 84 0 92 80 84 76 73 60 87 0 97 90 95 72 72 72 92 74 76 86 50 86 85 60 98 71 72 91 86 60 67 83 0 61 76 55 99 72 51 54 69 55 93 83 52 61 51 84
95 86 70 95 64 79 89 96 0 89 95 69 84 77 68 0 90 62 61 82 58 97 68 100 58 57 71 51 87 85 67 67 79 61 61 0 99 85 53 55 83 56 90 78 55 62 57 65 74 87
95 95 69 57 58 55 95 91 89 70 67 74 0 60 99 58 53 50 57 52 68 100 58 63 57 78 60 66 76 88 94 72 70 55 76 99 0 63 89 50 72 56 53 63 74 79 70 0 89 92
0 87 53 65 52 0 70 66 58 95 95 54 81 84 79 87 86 52 74 86 57 99 59 60 79 99 88 84 50 76 89 55 70 71 55 85 63 0 93 88 81 89 72 94 96 93 97 55 80 76
98 91 59 63 61 92 89 89 75 67 73 81 98 73 94 50 63 60 91 77 86 100 57 65 60 91 94 58 53 0 55 55 69 65 99 53 89 93 0 73 63 60 64 56 60 88 80 62 0 70
51 57 60 81 93 58 98 98 89 65 92 65 63 57 75 57 81 52 69 87 71 96 99 74 55 88 50 66 72 59 91 77 63 87 72 55 50 88 73 0 60 0 58 58 0 59 79 84 58 67
97 57 74 80 100 89 86 97 88 85 0 50 97 66 95 75 91 60 97 51 87 91 94 74 70 89 0 50 61 65 63 93 74 81 51 83 72 81 63 60 0 69 82 50 64 57 50 96 55 66
60 83 50 69 62 78 65 69 54 57 96 100 59 72 57 51 76 73 76 84 92 52 78 88 51 67 65 82 56 83 0 60 87 63 54 56 56 89 60 0 69 0 75 83 93 87 70 91 75 81
59 96 65 53 53 52 76 96 75 73 63 96 71 65 79 68 0 90 96 96 95 0 94 57 72 64 63 79 85 70 63 60 66 67 69 90 53 72 64 58 82 75 0 74 68 86 72 92 96 86
76 98 57 71 68 90 77 52 87 86 76 68 63 57 79 52 96 88 69 75 70 70 88 57 75 98 52 96 68 0 79 71 74 71 55 78 63 94 56 58 50 83 74 0 59 84 88 0 98 65
52 74 51 91 56 96 55 69 87 80 55 92 55 71 0 83 70 60 89 75 96 69 53 65 76 59 66 100 52 71 61 94 64 76 93 55 74 96 60 0 64 93 68 59 0 73 99 78 73 55
83 74 87 73 98 91 86 96 57 57 60 84 78 82 57 79 64 0 66 95 73 68 82 84 77 54 86 97 0 99 66 71 94 62 83 62 79 93 88 59 57 87 86 84 73 0 80 77 76 75
84 95 64 67 53 90 70 51 82 75 51 97 95 0 77 63 63 76 53 78 93 95 80 82 73 69 52 79 55 98 72 55 50 71 52 57 70 97 80 79 50 70 72 88 99 80 0 56 0 83
88 92 50 54 83 68 63 66 91 54 80 50 94 63 81 54 84 89 77 68 84 55 60 62 53 93 67 62 50 69 92 94 99 98 61 65 0 55 62 84 96 91 92 0 78 77 56 0 85 55
81 76 64 61 65 80 69 88 99 69 83 74 99 92 72 80 74 51 72 53 56 68 86 72 93 99 75 83 60 84 79 90 86 88 51 74 89 80 0 58 55 75 96 98 73 76 0 85 0 64
85 66 93 85 54 70 63 73 60 68 79 81 55 56 74 59 56 88 97 55 92 66 84 56 0 55 85 57 62 61 70 99 51 0 84 87 92 76 70 67 66 81 86 65 55 75 83 55 64 0
RRBRRBRBBRBRRBBRRBRBBBBRRBBBRRRBBBRRBRRRBRRBBBBBRR
