50
0 41 29 33 52 69 64 71 33 79 42 46 59 53 28 33 74 78 51 20 65 64 68 62 58 33 31 66 42 34 20 27 59 71 46 44 77 56 21 56 26 29 33 26 52 73 55 41 49 30 
41 0 39 23 53 32 40 24 43 27 29 74 63 80 62 23 59 46 77 31 63 75 22 73 37 66 64 60 44 72 30 69 22 49 32 46 57 31 61 38 51 58 78 31 46 61 23 64 48 42 
29 39 0 33 24 23 32 67 28 22 26 70 33 56 55 38 48 77 47 75 21 61 66 32 29 51 37 44 42 51 34 66 36 21 33 63 23 25 22 39 65 26 58 69 76 31 66 23 75 76 
33 23 33 0 63 52 66 59 78 41 80 57 73 41 34 73 50 70 34 43 61 66 31 55 47 69 38 61 58 77 33 51 20 41 74 20 44 75 37 20 50 34 34 23 49 24 52 33 42 73 
52 53 24 63 0 51 64 70 35 30 30 61 20 67 54 55 39 78 66 53 43 51 79 33 58 21 66 50 42 59 74 56 74 70 31 36 52 35 68 56 42 35 49 65 39 54 26 77 21 29 
69 32 23 52 51 0 22 72 70 63 65 44 41 44 23 67 78 73 54 34 37 58 38 76 26 38 54 34 51 40 64 59 57 59 63 38 34 47 44 60 66 38 57 70 41 72 71 75 33 74 
64 40 32 66 64 22 0 50 29 38 50 70 71 29 20 46 26 22 65 60 77 58 72 37 52 46 72 61 79 31 75 76 30 31 78 34 40 21 78 75 30 79 66 60 60 49 73 40 58 66 
71 24 67 59 70 72 50 0 47 30 34 69 41 61 24 46 33 50 31 43 50 55 59 59 52 59 30 54 22 60 72 44 77 26 72 30 45 70 75 32 60 46 26 44 67 40 21 53 66 21 
33 43 28 78 35 70 29 47 0 26 48 24 37 45 71 42 68 34 20 25 53 54 73 38 27 43 38 45 33 28 48 53 32 58 59 63 24 78 54 41 32 32 31 50 29 64 57 40 32 79 
79 27 22 41 30 63 38 30 26 0 77 40 76 27 43 41 77 74 58 80 39 33 48 53 50 66 75 59 58 40 20 33 62 31 32 70 78 35 29 25 33 26 78 40 61 64 62 34 34 39 
42 29 26 80 30 65 50 34 48 77 0 36 43 69 23 34 27 66 69 31 59 73 41 30 43 21 55 24 35 24 49 62 44 60 39 31 61 72 34 26 20 30 34 36 59 40 66 33 38 68 
46 74 70 57 61 44 70 69 24 40 36 0 80 70 25 35 43 68 46 57 77 31 32 33 44 79 63 67 21 70 57 43 31 42 34 65 29 35 42 80 58 59 55 34 71 61 71 26 32 33 
59 63 33 73 20 41 71 41 37 76 43 80 0 31 72 49 64 53 20 79 49 35 77 75 33 62 75 73 39 64 46 24 38 23 29 74 80 49 36 73 23 49 34 70 63 36 63 65 45 39 
53 80 56 41 67 44 29 61 45 27 69 70 31 0 40 44 75 40 34 37 25 58 29 77 35 35 42 43 76 33 52 71 38 42 33 77 28 78 29 70 73 51 47 50 34 49 47 47 40 31 
28 62 55 34 54 23 20 24 71 43 23 25 72 40 0 78 35 79 60 61 64 70 23 63 32 34 63 37 75 47 60 74 38 50 71 26 51 46 53 45 76 72 52 61 68 48 67 25 49 25 
33 23 38 73 55 67 46 46 42 41 34 35 49 44 78 0 37 34 22 23 54 26 57 36 40 59 55 61 48 24 70 58 61 55 32 55 33 54 77 24 62 25 74 60 36 21 52 53 33 32 
74 59 48 50 39 78 26 33 68 77 27 43 64 75 35 37 0 74 31 42 24 26 29 68 59 24 31 56 64 22 59 65 36 52 31 76 57 55 58 76 21 26 37 24 22 68 24 74 52 37 
78 46 77 70 78 73 22 50 34 74 66 68 53 40 79 34 74 0 56 44 73 49 25 61 49 60 37 47 49 74 58 51 58 72 64 45 45 45 49 69 52 68 71 28 29 71 73 50 22 78 
51 77 47 34 66 54 65 31 20 58 69 46 20 34 60 22 31 56 0 65 23 48 51 73 66 37 33 37 29 34 75 30 79 46 58 22 68 35 56 52 39 42 75 45 72 59 50 25 32 36 
20 31 75 43 53 34 60 43 25 80 31 57 79 37 61 23 42 44 65 0 49 27 33 22 60 32 35 35 64 77 51 80 73 26 41 39 44 40 34 20 33 29 22 65 39 59 34 55 78 79 
65 63 21 61 43 37 77 50 53 39 59 77 49 25 64 54 24 73 23 49 0 41 68 22 60 78 30 78 62 40 28 45 51 62 29 49 73 40 50 74 32 62 67 32 48 46 44 70 55 58 
64 75 61 66 51 58 58 55 54 33 73 31 35 58 70 26 26 49 48 27 41 0 54 21 74 48 78 23 46 54 41 58 34 27 64 42 33 32 29 33 30 76 77 44 31 69 39 53 35 31 
68 22 66 31 79 38 72 59 73 48 41 32 77 29 23 57 29 25 51 33 68 54 0 72 35 67 35 23 51 38 23 49 25 33 22 66 21 35 49 37 58 48 52 54 23 39 65 55 74 74 
62 73 32 55 33 76 37 59 38 53 30 33 75 77 63 36 68 61 73 22 22 21 72 0 27 45 24 29 30 36 44 23 67 40 73 33 45 55 55 59 78 64 39 42 26 51 44 36 73 69 
58 37 29 47 58 26 52 52 27 50 43 44 33 35 32 40 59 49 66 60 60 74 35 27 0 71 39 59 43 37 22 36 51 34 21 67 65 29 37 31 33 77 50 76 42 63 33 50 23 32 
33 66 51 69 21 38 46 59 43 66 21 79 62 35 34 59 24 60 37 32 78 48 67 45 71 0 62 80 51 42 59 77 46 26 35 35 39 59 59 76 27 62 38 38 79 34 52 78 45 57 
31 64 37 38 66 54 72 30 38 75 55 63 75 42 63 55 31 37 33 35 30 78 35 24 39 62 0 65 54 52 24 69 20 74 22 46 25 30 45 62 76 67 57 79 23 44 34 67 39 64 
66 60 44 61 50 34 61 54 45 59 24 67 73 43 37 61 56 47 37 35 78 23 23 29 59 80 65 0 23 21 23 57 44 57 79 59 79 20 37 33 66 28 59 53 51 66 75 49 43 31 
42 44 42 58 42 51 79 22 33 58 35 21 39 76 75 48 64 49 29 64 62 46 51 30 43 51 54 23 0 36 30 32 35 32 42 72 38 54 55 78 34 33 23 66 47 61 27 26 21 33 
34 72 51 77 59 40 31 60 28 40 24 70 64 33 47 24 22 74 34 77 40 54 38 36 37 42 52 21 36 0 27 64 55 20 51 37 44 64 35 56 64 52 69 74 22 56 64 49 29 68 
20 30 34 33 74 64 75 72 48 20 49 57 46 52 60 70 59 58 75 51 28 41 23 44 22 59 24 23 30 27 0 56 71 48 80 28 54 50 67 79 29 45 56 23 28 37 33 61 41 59 
27 69 66 51 56 59 76 44 53 33 62 43 24 71 74 58 65 51 30 80 45 58 49 23 36 77 69 57 32 64 56 0 71 29 62 71 72 26 23 23 40 64 43 64 29 34 52 22 32 72 
59 22 36 20 74 57 30 77 32 62 44 31 38 38 38 61 36 58 79 73 51 34 25 67 51 46 20 44 35 55 71 71 0 25 34 35 49 39 59 43 48 62 34 70 51 36 52 75 72 49 
71 49 21 41 70 59 31 26 58 31 60 42 23 42 50 55 52 72 46 26 62 27 33 40 34 26 74 57 32 20 48 29 25 0 71 36 25 63 53 50 32 22 55 30 58 48 60 62 58 21 
46 32 33 74 31 63 78 72 59 32 39 34 29 33 71 32 31 64 58 41 29 64 22 73 21 35 22 79 42 51 80 62 34 71 0 63 23 25 52 67 49 32 56 60 46 44 64 35 77 40 
44 46 63 20 36 38 34 30 63 70 31 65 74 77 26 55 76 45 22 39 49 42 66 33 67 35 46 59 72 37 28 71 35 36 63 0 34 22 39 29 72 76 57 41 54 35 33 20 28 24 
77 57 23 44 52 34 40 45 24 78 61 29 80 28 51 33 57 45 68 44 73 33 21 45 65 39 25 79 38 44 54 72 49 25 23 34 0 48 70 77 77 32 69 57 55 79 45 23 78 71 
56 31 25 75 35 47 21 70 78 35 72 35 49 78 46 54 55 45 35 40 40 32 35 55 29 59 30 20 54 64 50 26 39 63 25 22 48 0 78 80 37 74 66 62 41 59 75 52 63 21 
21 61 22 37 68 44 78 75 54 29 34 42 36 29 53 77 58 49 56 34 50 29 49 55 37 59 45 37 55 35 67 23 59 53 52 39 70 78 0 34 44 33 59 30 75 44 59 23 72 24 
56 38 39 20 56 60 75 32 41 25 26 80 73 70 45 24 76 69 52 20 74 33 37 59 31 76 62 33 78 56 79 23 43 50 67 29 77 80 34 0 52 74 78 32 69 30 47 61 27 51 
26 51 65 50 42 66 30 60 32 33 20 58 23 73 76 62 21 52 39 33 32 30 58 78 33 27 76 66 34 64 29 40 48 32 49 72 77 37 44 52 0 66 63 44 61 54 54 48 51 51 
29 58 26 34 35 38 79 46 32 26 30 59 49 51 72 25 26 68 42 29 62 76 48 64 77 62 67 28 33 52 45 64 62 22 32 76 32 74 33 74 66 0 64 31 23 22 45 68 48 73 
33 78 58 34 49 57 66 26 31 78 34 55 34 47 52 74 37 71 75 22 67 77 52 39 50 38 57 59 23 69 56 43 34 55 56 57 69 66 59 78 63 64 0 47 27 36 61 26 37 78 
26 31 69 23 65 70 60 44 50 40 36 34 70 50 61 60 24 28 45 65 32 44 54 42 76 38 79 53 66 74 23 64 70 30 60 41 57 62 30 32 44 31 47 0 71 26 72 43 31 37 
52 46 76 49 39 41 60 67 29 61 59 71 63 34 68 36 22 29 72 39 48 31 23 26 42 79 23 51 47 22 28 29 51 58 46 54 55 41 75 69 61 23 27 71 0 35 61 43 40 37 
73 61 31 24 54 72 49 40 64 64 40 61 36 49 48 21 68 71 59 59 46 69 39 51 63 34 44 66 61 56 37 34 36 48 44 35 79 59 44 30 54 22 36 26 35 0 50 22 25 71 
55 23 66 52 26 71 73 21 57 62 66 71 63 47 67 52 24 73 50 34 44 39 65 44 33 52 34 75 27 64 33 52 52 60 64 33 45 75 59 47 54 45 61 72 61 50 0 30 28 67 
41 64 23 33 77 75 40 53 40 34 33 26 65 47 25 53 74 50 25 55 70 53 55 36 50 78 67 49 26 49 61 22 75 62 35 20 23 52 23 61 48 68 26 43 43 22 30 0 40 21 
49 48 75 42 21 33 58 66 32 34 38 32 45 40 49 33 52 22 32 78 55 35 74 73 23 45 39 43 21 29 41 32 72 58 77 28 78 63 72 27 51 48 37 31 40 25 28 40 0 58 
30 42 76 73 29 74 66 21 79 39 68 33 39 31 25 32 37 78 36 79 58 31 74 69 32 57 64 31 33 68 59 72 49 21 40 24 71 21 24 51 51 73 78 37 37 71 67 21 58 0 
BBRBRRBRRBRRBRBRRBBRBRRBRRBBRRBBRBBBBBBBRRBRBRRRRB