50
0 32 62 62 97 5 92 97 9 65 53 92 86 96 84 49 70 80 57 31 32 20 77 99 28 88 65 25 65 6 30 57 25 7 4 25 5 72 0 17 41 63 68 10 40 41 2 22 72 93
32 0 4 30 48 94 13 91 62 97 98 57 44 79 79 68 50 65 60 64 100 37 57 63 42 9 47 85 3 60 35 40 55 84 0 55 13 59 37 28 27 60 8 23 24 34 39 36 67 98
62 4 0 41 59 41 51 66 18 79 49 19 87 76 66 20 6 88 15 82 31 36 12 3 68 43 85 91 89 30 64 17 37 93 21 4 84 54 0 20 96 64 66 4 49 83 24 47 49 42
62 30 41 0 88 91 67 49 63 40 40 63 91 51 87 52 74 46 0 63 59 25 70 46 39 3 9 25 5 41 72 78 3 29 5 57 3 13 66 48 53 94 86 66 62 39 73 92 19 81
97 48 59 88 0 52 11 79 42 84 62 51 40 30 71 29 90 29 90 53 17 45 35 71 44 39 35 34 6 73 66 78 10 60 53 10 48 16 58 63 72 73 78 2 13 99 64 54 12 86
5 94 41 91 52 0 37 35 53 63 10 56 16 83 78 9 96 80 55 44 67 48 11 88 16 74 12 48 13 4 27 61 18 32 8 56 25 77 81 18 6 57 77 18 17 45 100 50 23 72
92 13 51 67 11 37 0 87 56 58 46 62 33 61 100 11 16 27 23 72 22 37 56 59 96 36 96 15 86 95 67 1 31 40 71 70 52 56 8 50 91 83 56 25 96 73 60 97 71 83
97 91 66 49 79 35 87 0 67 73 78 44 73 44 64 56 67 90 74 91 54 33 25 38 97 70 90 87 61 19 90 5 58 48 50 54 52 94 5 39 68 94 0 63 77 8 33 97 35 44
9 62 18 63 42 53 56 67 0 35 28 42 53 50 52 51 97 0 60 59 26 20 24 51 92 48 91 94 63 88 69 60 24 11 25 40 63 19 61 11 26 8 83 8 4 75 10 10 66 53
65 97 79 40 84 63 58 73 35 0 41 69 58 88 50 10 99 95 1 8 40 36 46 20 69 72 58 33 6 50 67 97 0 85 2 35 4 68 2 14 25 64 59 41 48 87 31 68 64 19
53 98 49 40 62 10 46 78 28 41 0 5 16 16 17 33 14 82 18 94 52 88 73 5 3 83 31 61 78 91 79 67 24 56 48 95 53 74 33 33 91 42 81 55 81 35 59 86 74 14
92 57 19 63 51 56 62 44 42 69 5 0 97 13 41 93 92 100 90 88 3 4 69 8 60 0 4 93 15 73 1 4 77 48 71 56 98 24 81 26 5 98 54 67 38 97 29 75 53 85
86 44 87 91 40 16 33 73 53 58 16 97 0 39 62 71 67 10 96 61 51 90 99 24 100 9 32 66 54 74 96 84 52 83 77 17 53 96 39 67 6 12 76 76 90 87 84 20 38 44
96 79 76 51 30 83 61 44 50 88 16 13 39 0 81 1 59 48 99 0 38 42 73 92 83 87 32 26 45 87 43 88 0 30 11 67 47 34 51 23 44 22 81 19 61 72 45 52 99 23
84 79 66 87 71 78 100 64 52 50 17 41 62 81 0 70 42 68 88 0 56 65 78 39 4 88 33 13 65 78 61 61 94 98 36 76 86 18 28 63 0 60 2 84 44 75 72 60 10 85
49 68 20 52 29 9 11 56 51 10 33 93 71 1 70 0 68 95 16 87 92 95 7 53 69 83 49 33 3 17 71 81 95 85 9 35 48 93 15 48 9 11 24 36 13 99 74 16 90 87
70 50 6 74 90 96 16 67 97 99 14 92 67 59 42 68 0 55 16 60 71 56 89 89 75 39 61 16 71 32 28 58 22 58 80 20 86 62 50 6 92 85 2 47 89 83 6 89 66 8
80 65 88 46 29 80 27 90 0 95 82 100 10 48 68 95 55 0 68 52 54 24 4 62 18 92 89 42 80 60 8 16 96 67 88 66 19 94 89 73 97 100 21 31 96 73 43 42 41 45
57 60 15 0 90 55 23 74 60 1 18 90 96 99 88 16 16 68 0 41 84 4 21 39 25 66 64 8 54 97 33 36 91 58 99 3 96 88 44 50 29 48 50 49 87 12 66 33 97 33
31 64 82 63 53 44 72 91 59 8 94 88 61 0 0 87 60 52 41 0 8 51 52 95 78 69 26 86 97 2 71 89 5 81 74 25 100 33 79 51 54 49 71 92 23 97 73 84 59 17
32 100 31 59 17 67 22 54 26 40 52 3 51 38 56 92 71 54 84 8 0 69 73 100 31 67 14 43 64 73 22 36 4 89 67 95 15 52 65 59 59 74 7 52 1 56 83 19 3 26
20 37 36 25 45 48 37 33 20 36 88 4 90 42 65 95 56 24 4 51 69 0 1 60 44 42 68 61 47 22 71 52 33 22 29 36 46 59 23 94 32 7 93 20 69 23 72 54 64 89
77 57 12 70 35 11 56 25 24 46 73 69 99 73 78 7 89 4 21 52 73 1 0 79 41 81 33 50 57 13 41 60 77 5 74 97 61 87 19 90 28 71 68 41 55 62 61 97 4 31
99 63 3 46 71 88 59 38 51 20 5 8 24 92 39 53 89 62 39 95 100 60 79 0 7 71 45 63 3 38 19 0 22 22 81 0 19 93 63 84 62 34 5 75 35 6 46 50 73 16
28 42 68 39 44 16 96 97 92 69 3 60 100 83 4 69 75 18 25 78 31 44 41 7 0 93 19 84 37 85 69 58 85 27 6 58 64 65 80 17 14 0 97 88 21 60 30 3 43 84
88 9 43 3 39 74 36 70 48 72 83 0 9 87 88 83 39 92 66 69 67 42 81 71 93 0 83 88 90 90 45 53 69 11 38 73 24 10 78 4 34 41 89 55 7 35 29 37 23 30
65 47 85 9 35 12 96 90 91 58 31 4 32 32 33 49 61 89 64 26 14 68 33 45 19 83 0 51 47 25 86 89 71 42 84 40 48 67 64 73 40 63 70 39 5 58 55 70 1 79
25 85 91 25 34 48 15 87 94 33 61 93 66 26 13 33 16 42 8 86 43 61 50 63 84 88 51 0 60 99 43 34 15 86 18 42 58 1 76 72 38 99 41 95 32 64 48 23 8 41
65 3 89 5 6 13 86 61 63 6 78 15 54 45 65 3 71 80 54 97 64 47 57 3 37 90 47 60 0 99 66 47 30 55 11 60 26 86 85 95 14 77 85 27 15 9 100 60 46 96
6 60 30 41 73 4 95 19 88 50 91 73 74 87 78 17 32 60 97 2 73 22 13 38 85 90 25 99 99 0 72 34 5 21 96 24 34 23 8 93 12 76 90 8 48 28 17 22 0 72
30 35 64 72 66 27 67 90 69 67 79 1 96 43 61 71 28 8 33 71 22 71 41 19 69 45 86 43 66 72 0 22 19 92 92 25 100 50 74 99 59 47 4 65 79 71 71 88 59 94
57 40 17 78 78 61 1 5 60 97 67 4 84 88 61 81 58 16 36 89 36 52 60 0 58 53 89 34 47 34 22 0 17 83 89 4 72 43 27 25 86 99 100 56 41 18 25 27 70 22
25 55 37 3 10 18 31 58 24 0 24 77 52 0 94 95 22 96 91 5 4 33 77 22 85 69 71 15 30 5 19 17 0 60 56 73 12 71 74 29 72 57 95 71 73 99 61 28 48 71
7 84 93 29 60 32 40 48 11 85 56 48 83 30 98 85 58 67 58 81 89 22 5 22 27 11 42 86 55 21 92 83 60 0 33 58 62 96 31 11 0 76 20 65 69 45 4 17 42 23
4 0 21 5 53 8 71 50 25 2 48 71 77 11 36 9 80 88 99 74 67 29 74 81 6 38 84 18 11 96 92 89 56 33 0 39 45 20 48 87 89 22 81 1 1 34 76 18 95 46
25 55 4 57 10 56 70 54 40 35 95 56 17 67 76 35 20 66 3 25 95 36 97 0 58 73 40 42 60 24 25 4 73 58 39 0 66 51 15 12 36 33 100 39 59 45 1 87 50 31
5 13 84 3 48 25 52 52 63 4 53 98 53 47 86 48 86 19 96 100 15 46 61 19 64 24 48 58 26 34 100 72 12 62 45 66 0 16 53 24 84 54 26 29 99 92 17 97 7 95
72 59 54 13 16 77 56 94 19 68 74 24 96 34 18 93 62 94 88 33 52 59 87 93 65 10 67 1 86 23 50 43 71 96 20 51 16 0 71 38 74 27 31 1 38 66 94 26 39 0
0 37 0 66 58 81 8 5 61 2 33 81 39 51 28 15 50 89 44 79 65 23 19 63 80 78 64 76 85 8 74 27 74 31 48 15 53 71 0 87 37 75 100 46 33 23 75 86 73 72
17 28 20 48 63 18 50 39 11 14 33 26 67 23 63 48 6 73 50 51 59 94 90 84 17 4 73 72 95 93 99 25 29 11 87 12 24 38 87 0 22 19 94 24 1 38 7 38 45 52
41 27 96 53 72 6 91 68 26 25 91 5 6 44 0 9 92 97 29 54 59 32 28 62 14 34 40 38 14 12 59 86 72 0 89 36 84 74 37 22 0 48 64 44 93 59 31 2 71 10
63 60 64 94 73 57 83 94 8 64 42 98 12 22 60 11 85 100 48 49 74 7 71 34 0 41 63 99 77 76 47 99 57 76 22 33 54 27 75 19 48 0 1 24 19 72 16 34 97 52
68 8 66 86 78 77 56 0 83 59 81 54 76 81 2 24 2 21 50 71 7 93 68 5 97 89 70 41 85 90 4 100 95 20 81 100 26 31 100 94 64 1 0 55 100 62 13 12 0 52
10 23 4 66 2 18 25 63 8 41 55 67 76 19 84 36 47 31 49 92 52 20 41 75 88 55 39 95 27 8 65 56 71 65 1 39 29 1 46 24 44 24 55 0 34 13 45 41 57 63
40 24 49 62 13 17 96 77 4 48 81 38 90 61 44 13 89 96 87 23 1 69 55 35 21 7 5 32 15 48 79 41 73 69 1 59 99 38 33 1 93 19 100 34 0 31 63 43 33 39
41 34 83 39 99 45 73 8 75 87 35 97 87 72 75 99 83 73 12 97 56 23 62 6 60 35 58 64 9 28 71 18 99 45 34 45 92 66 23 38 59 72 62 13 31 0 98 65 46 71
2 39 24 73 64 100 60 33 10 31 59 29 84 45 72 74 6 43 66 73 83 72 61 46 30 29 55 48 100 17 71 25 61 4 76 1 17 94 75 7 31 16 13 45 63 98 0 15 89 59
22 36 47 92 54 50 97 97 10 68 86 75 20 52 60 16 89 42 33 84 19 54 97 50 3 37 70 23 60 22 88 27 28 17 18 87 97 26 86 38 2 34 12 41 43 65 15 0 97 28
72 67 49 19 12 23 71 35 66 64 74 53 38 99 10 90 66 41 97 59 3 64 4 73 43 23 1 8 46 0 59 70 48 42 95 50 7 39 73 45 71 97 0 57 33 46 89 97 0 14
93 98 42 81 86 72 83 44 53 19 14 85 44 23 85 87 8 45 33 17 26 89 31 16 84 30 79 41 96 72 94 22 71 23 46 31 95 0 72 52 10 52 52 63 39 71 59 28 14 0
RRRRRRRRRRRRRRRRRRRRRRRRRBBBBBBBBBBBBBBBBBBBBBBBBB