50
0 64 14 100 14 85 16 0 29 74 35 95 6 32 97 35 49 5 13 37 67 94 5 55 39 38 86 30 60 65 66 40 68 77 57 53 86 16 42 78 42 86 60 81 4 15 6 78 77 82 
64 0 12 71 28 31 47 97 49 100 47 93 59 50 23 90 32 36 49 23 35 30 22 99 16 4 93 55 93 97 68 58 100 85 37 59 23 84 77 44 39 38 81 35 79 60 54 9 9 36 
14 12 0 53 52 22 22 81 93 46 4 31 25 57 30 20 0 35 12 72 45 80 15 9 83 86 46 91 10 30 22 16 1 24 11 97 17 26 58 64 70 78 38 39 78 45 52 19 89 49 
100 71 53 0 28 31 58 50 10 7 75 45 28 33 44 93 28 72 66 0 37 21 1 69 62 6 31 22 68 52 50 87 63 68 61 67 86 32 54 63 85 100 47 93 7 24 39 51 45 89 
14 28 52 28 0 26 3 35 95 73 27 2 96 28 91 79 15 74 51 57 71 91 70 19 8 45 71 1 66 27 87 94 80 11 0 39 94 39 22 83 24 11 47 2 90 14 77 4 18 5 
85 31 22 31 26 0 93 37 59 57 17 88 18 94 56 88 60 1 9 86 68 100 70 33 9 97 39 16 90 89 46 21 7 42 86 82 88 60 71 23 80 34 93 69 3 81 36 51 57 72 
16 47 22 58 3 93 0 7 7 5 0 45 9 79 100 47 48 89 26 8 57 4 30 81 77 44 69 18 64 3 16 10 6 98 33 10 75 0 36 46 57 11 29 25 45 3 41 44 91 8 
0 97 81 50 35 37 7 0 61 46 84 57 4 100 35 27 61 30 0 77 59 12 3 85 97 75 84 100 71 68 36 78 95 74 44 49 54 22 86 63 2 86 33 88 97 53 69 52 62 32 
29 49 93 10 95 59 7 61 0 47 38 97 96 28 48 86 12 7 37 37 95 84 43 63 70 42 76 14 74 80 15 37 16 39 65 25 13 67 71 72 61 15 20 15 1 76 60 48 0 10 
74 100 46 7 73 57 5 46 47 0 91 51 98 6 23 40 83 20 56 36 17 18 62 47 52 94 1 33 46 57 91 23 55 18 13 48 13 30 44 35 77 64 1 58 69 29 38 65 85 90 
35 47 4 75 27 17 0 84 38 91 0 65 33 40 40 40 84 25 5 5 14 51 46 96 34 22 57 8 40 79 42 45 2 85 14 16 85 46 65 68 82 52 51 88 51 37 91 55 66 59 
95 93 31 45 2 88 45 57 97 51 65 0 53 44 92 91 67 80 38 93 46 32 67 66 83 45 14 2 62 24 24 71 28 99 3 81 18 65 56 82 42 3 6 92 16 67 62 7 78 34 
6 59 25 28 96 18 9 4 96 98 33 53 0 36 53 84 93 29 13 6 54 59 28 63 83 75 45 92 87 30 63 5 76 94 58 31 95 30 27 12 33 24 49 96 20 33 3 78 78 70 
32 50 57 33 28 94 79 100 28 6 40 44 36 0 82 43 35 70 6 57 93 82 34 21 57 5 25 55 14 40 68 14 89 92 37 87 34 29 30 99 49 94 56 74 89 15 59 23 38 39 
97 23 30 44 91 56 100 35 48 23 40 92 53 82 0 26 72 47 22 13 47 77 33 86 59 60 7 95 80 87 19 49 75 94 5 71 46 90 95 87 29 94 8 23 32 34 14 72 87 84 
35 90 20 93 79 88 47 27 86 40 40 91 84 43 26 0 26 83 93 51 49 45 66 95 36 68 43 79 55 31 99 1 97 6 40 11 44 24 64 80 75 11 26 63 31 3 33 91 5 90 
49 32 0 28 15 60 48 61 12 83 84 67 93 35 72 26 0 51 28 72 63 18 78 17 74 48 52 1 31 99 26 63 18 45 88 35 26 0 52 58 48 25 100 71 97 63 40 15 32 45 
5 36 35 72 74 1 89 30 7 20 25 80 29 70 47 83 51 0 61 58 8 15 92 8 48 9 10 3 69 71 65 61 45 86 1 67 34 41 21 65 32 48 100 18 71 17 86 77 68 88 
13 49 12 66 51 9 26 0 37 56 5 38 13 6 22 93 28 61 0 4 54 60 25 9 74 77 31 36 70 37 87 38 8 67 54 50 13 76 41 2 33 1 9 14 30 74 5 45 10 68 
37 23 72 0 57 86 8 77 37 36 5 93 6 57 13 51 72 58 4 0 5 18 3 22 13 38 84 2 57 97 57 57 86 36 52 70 3 58 2 80 2 96 96 67 48 71 22 26 68 77 
67 35 45 37 71 68 57 59 95 17 14 46 54 93 47 49 63 8 54 5 0 77 97 69 39 25 48 90 27 100 0 25 38 59 77 46 3 59 53 0 73 1 24 30 64 100 20 50 34 36 
94 30 80 21 91 100 4 12 84 18 51 32 59 82 77 45 18 15 60 18 77 0 77 48 24 9 71 64 67 87 10 80 96 50 83 19 42 98 21 74 78 80 72 48 62 75 9 55 94 32 
5 22 15 1 70 70 30 3 43 62 46 67 28 34 33 66 78 92 25 3 97 77 0 60 10 45 99 71 78 97 93 74 100 5 85 42 5 31 93 80 8 67 93 64 80 26 30 69 12 48 
55 99 9 69 19 33 81 85 63 47 96 66 63 21 86 95 17 8 9 22 69 48 60 0 43 18 1 6 58 85 80 92 38 55 48 44 13 95 60 3 55 84 5 69 24 55 86 53 65 87 
39 16 83 62 8 9 77 97 70 52 34 83 83 57 59 36 74 48 74 13 39 24 10 43 0 80 29 95 44 69 24 65 47 90 15 22 23 97 15 77 73 19 75 57 40 39 22 85 67 11 
38 4 86 6 45 97 44 75 42 94 22 45 75 5 60 68 48 9 77 38 25 9 45 18 80 0 98 97 65 98 53 95 80 65 47 79 41 8 73 61 92 65 72 61 33 44 63 18 48 75 
86 93 46 31 71 39 69 84 76 1 57 14 45 25 7 43 52 10 31 84 48 71 99 1 29 98 0 52 54 31 7 57 32 78 43 5 12 11 39 4 52 4 95 91 4 30 57 34 43 2 
30 55 91 22 1 16 18 100 14 33 8 2 92 55 95 79 1 3 36 2 90 64 71 6 95 97 52 0 48 74 37 71 97 38 61 18 65 80 14 58 78 3 37 28 10 96 49 81 6 74 
60 93 10 68 66 90 64 71 74 46 40 62 87 14 80 55 31 69 70 57 27 67 78 58 44 65 54 48 0 31 5 85 94 28 39 29 97 16 67 9 38 26 89 57 20 18 34 40 43 12 
65 97 30 52 27 89 3 68 80 57 79 24 30 40 87 31 99 71 37 97 100 87 97 85 69 98 31 74 31 0 23 6 39 21 83 31 51 75 21 20 33 22 14 7 7 97 83 52 93 66 
66 68 22 50 87 46 16 36 15 91 42 24 63 68 19 99 26 65 87 57 0 10 93 80 24 53 7 37 5 23 0 50 54 66 41 72 65 74 46 36 77 26 41 53 9 15 67 57 2 99 
40 58 16 87 94 21 10 78 37 23 45 71 5 14 49 1 63 61 38 57 25 80 74 92 65 95 57 71 85 6 50 0 65 96 93 35 98 62 51 75 94 91 93 47 60 86 4 38 50 84 
68 100 1 63 80 7 6 95 16 55 2 28 76 89 75 97 18 45 8 86 38 96 100 38 47 80 32 97 94 39 54 65 0 94 59 81 69 12 72 100 48 40 69 13 5 93 41 6 34 40 
77 85 24 68 11 42 98 74 39 18 85 99 94 92 94 6 45 86 67 36 59 50 5 55 90 65 78 38 28 21 66 96 94 0 12 97 38 59 78 83 58 72 66 14 76 23 55 19 53 10 
57 37 11 61 0 86 33 44 65 13 14 3 58 37 5 40 88 1 54 52 77 83 85 48 15 47 43 61 39 83 41 93 59 12 0 64 33 61 51 2 59 93 15 60 58 31 42 80 93 41 
53 59 97 67 39 82 10 49 25 48 16 81 31 87 71 11 35 67 50 70 46 19 42 44 22 79 5 18 29 31 72 35 81 97 64 0 21 75 34 67 93 38 83 52 77 12 31 21 12 65 
86 23 17 86 94 88 75 54 13 13 85 18 95 34 46 44 26 34 13 3 3 42 5 13 23 41 12 65 97 51 65 98 69 38 33 21 0 0 79 7 41 27 21 81 21 1 0 4 45 72 
16 84 26 32 39 60 0 22 67 30 46 65 30 29 90 24 0 41 76 58 59 98 31 95 97 8 11 80 16 75 74 62 12 59 61 75 0 0 46 1 45 93 83 31 81 75 69 97 79 78 
42 77 58 54 22 71 36 86 71 44 65 56 27 30 95 64 52 21 41 2 53 21 93 60 15 73 39 14 67 21 46 51 72 78 51 34 79 46 0 73 37 81 80 33 40 24 24 17 56 76 
78 44 64 63 83 23 46 63 72 35 68 82 12 99 87 80 58 65 2 80 0 74 80 3 77 61 4 58 9 20 36 75 100 83 2 67 7 1 73 0 65 99 20 84 33 20 55 8 46 21 
42 39 70 85 24 80 57 2 61 77 82 42 33 49 29 75 48 32 33 2 73 78 8 55 73 92 52 78 38 33 77 94 48 58 59 93 41 45 37 65 0 2 60 65 23 20 3 12 2 81 
86 38 78 100 11 34 11 86 15 64 52 3 24 94 94 11 25 48 1 96 1 80 67 84 19 65 4 3 26 22 26 91 40 72 93 38 27 93 81 99 2 0 37 72 24 30 89 72 88 33 
60 81 38 47 47 93 29 33 20 1 51 6 49 56 8 26 100 100 9 96 24 72 93 5 75 72 95 37 89 14 41 93 69 66 15 83 21 83 80 20 60 37 0 78 8 80 65 84 65 76 
81 35 39 93 2 69 25 88 15 58 88 92 96 74 23 63 71 18 14 67 30 48 64 69 57 61 91 28 57 7 53 47 13 14 60 52 81 31 33 84 65 72 78 0 54 95 45 55 65 94 
4 79 78 7 90 3 45 97 1 69 51 16 20 89 32 31 97 71 30 48 64 62 80 24 40 33 4 10 20 7 9 60 5 76 58 77 21 81 40 33 23 24 8 54 0 72 72 57 2 99 
15 60 45 24 14 81 3 53 76 29 37 67 33 15 34 3 63 17 74 71 100 75 26 55 39 44 30 96 18 97 15 86 93 23 31 12 1 75 24 20 20 30 80 95 72 0 77 22 25 45 
6 54 52 39 77 36 41 69 60 38 91 62 3 59 14 33 40 86 5 22 20 9 30 86 22 63 57 49 34 83 67 4 41 55 42 31 0 69 24 55 3 89 65 45 72 77 0 76 84 81 
78 9 19 51 4 51 44 52 48 65 55 7 78 23 72 91 15 77 45 26 50 55 69 53 85 18 34 81 40 52 57 38 6 19 80 21 4 97 17 8 12 72 84 55 57 22 76 0 69 72 
77 9 89 45 18 57 91 62 0 85 66 78 78 38 87 5 32 68 10 68 34 94 12 65 67 48 43 6 43 93 2 50 34 53 93 12 45 79 56 46 2 88 65 65 2 25 84 69 0 62 
82 36 49 89 5 72 8 32 10 90 59 34 70 39 84 90 45 88 68 77 36 32 48 87 11 75 2 74 12 66 99 84 40 10 41 65 72 78 76 21 81 33 76 94 99 45 81 72 62 0 
BRBRBRRBBBBRBBBBRRBRBRRBRBBRRRBRRBBRBRBRRBRRRBBRRB
