50
0 62 95 19 8 71 36 33 67 86 80 40 35 49 24 76 56 28 85 44 87 60 2 48 6 4 78 94 26 57 20 82 4 16 57 88 95 24 45 21 6 25 65 55 42 24 22 97 13 42 
62 0 95 38 13 62 6 85 68 72 0 42 30 24 81 57 50 10 66 82 26 72 51 4 51 74 56 40 15 51 62 58 50 40 17 33 24 22 47 59 19 48 57 36 67 2 90 12 57 73 
95 95 0 70 45 11 18 78 28 17 78 58 25 84 94 58 46 83 40 25 74 84 44 2 3 60 84 21 3 59 53 47 76 59 72 28 34 97 96 7 100 98 55 98 35 42 53 74 98 71 
19 38 70 0 42 99 53 55 75 55 22 67 81 82 32 10 24 76 48 69 12 7 5 94 42 98 7 16 23 0 75 2 68 17 55 85 48 80 26 28 11 38 24 35 1 47 43 88 80 37 
8 13 45 42 0 42 15 59 73 24 71 82 28 11 68 70 56 33 81 46 76 42 36 78 45 82 87 75 8 47 66 32 41 23 42 52 44 36 73 45 31 60 88 22 34 75 56 27 81 30 
71 62 11 99 42 0 12 16 40 58 22 25 70 74 23 50 77 70 4 45 80 54 43 44 40 33 48 46 95 13 73 80 94 54 33 44 36 91 1 82 93 93 15 31 30 95 81 64 45 78 
36 6 18 53 15 12 0 35 93 53 60 21 3 42 82 44 0 11 38 98 22 32 32 58 73 82 32 45 45 74 91 54 39 80 40 90 70 53 61 45 78 97 80 15 60 64 32 87 37 99 
33 85 78 55 59 16 35 0 90 56 2 89 74 24 9 42 64 63 44 96 90 91 86 87 36 24 81 33 7 99 54 20 95 49 85 81 63 47 13 8 77 91 20 93 2 61 17 12 43 66 
67 68 28 75 73 40 93 90 0 94 73 80 82 22 51 6 67 85 85 37 7 17 94 15 48 98 83 41 6 64 30 12 97 41 92 34 59 58 42 4 88 99 54 26 3 80 39 47 61 3 
86 72 17 55 24 58 53 56 94 0 72 29 78 62 14 91 37 12 65 78 42 67 63 16 37 47 78 4 58 80 48 39 26 18 75 19 73 7 79 0 78 26 9 81 74 54 75 30 94 34 
80 0 78 22 71 22 60 2 73 72 0 54 77 1 16 33 98 54 82 79 50 0 12 92 83 88 75 85 73 99 25 96 65 81 93 39 1 96 44 93 46 43 1 18 15 11 95 8 61 53 
40 42 58 67 82 25 21 89 80 29 54 0 92 47 55 95 0 81 50 85 19 69 28 19 59 61 22 9 99 8 84 47 23 64 94 85 66 19 34 73 76 69 43 84 95 35 91 0 4 32 
35 30 25 81 28 70 3 74 82 78 77 92 0 58 30 18 45 33 41 96 2 98 45 42 76 75 91 89 91 24 63 53 1 16 55 42 18 24 34 86 69 85 66 24 33 25 28 46 67 28 
49 24 84 82 11 74 42 24 22 62 1 47 58 0 89 77 80 49 89 82 69 39 74 18 53 33 64 84 14 3 40 77 24 66 79 33 26 25 92 93 62 9 14 80 0 67 15 8 53 50 
24 81 94 32 68 23 82 9 51 14 16 55 30 89 0 19 79 63 93 48 94 91 4 38 94 9 18 59 8 64 32 57 6 84 38 0 55 51 14 79 71 73 68 69 95 54 67 48 36 53 
76 57 58 10 70 50 44 42 6 91 33 95 18 77 19 0 10 32 36 88 65 4 53 45 73 54 16 14 14 46 69 91 19 18 4 47 59 6 84 53 30 68 58 53 23 23 28 12 71 4 
56 50 46 24 56 77 0 64 67 37 98 0 45 80 79 10 0 90 2 46 29 88 91 4 98 90 75 54 33 79 15 27 63 46 70 91 45 100 43 41 18 58 43 94 60 37 21 38 86 88 
28 10 83 76 33 70 11 63 85 12 54 81 33 49 63 32 90 0 81 7 92 71 52 32 83 40 26 76 55 24 69 34 31 26 88 2 98 70 29 34 98 46 82 45 24 32 40 99 33 83 
85 66 40 48 81 4 38 44 85 65 82 50 41 89 93 36 2 81 0 48 94 31 96 87 59 0 15 38 10 19 84 64 34 20 68 28 51 30 23 9 80 0 14 36 7 26 5 58 6 62 
44 82 25 69 46 45 98 96 37 78 79 85 96 82 48 88 46 7 48 0 56 91 31 95 71 34 36 82 55 100 3 19 82 87 75 67 47 24 78 33 87 3 3 55 26 2 22 19 12 47 
87 26 74 12 76 80 22 90 7 42 50 19 2 69 94 65 29 92 94 56 0 18 36 60 98 6 26 9 72 61 82 9 38 97 51 5 42 91 13 94 58 59 46 87 80 8 27 12 43 4 
60 72 84 7 42 54 32 91 17 67 0 69 98 39 91 4 88 71 31 91 18 0 38 49 43 54 75 23 94 69 7 89 92 9 58 81 35 44 18 75 33 30 82 88 63 20 34 94 19 80 
2 51 44 5 36 43 32 86 94 63 12 28 45 74 4 53 91 52 96 31 36 38 0 46 9 26 9 92 97 41 47 29 29 98 54 86 15 65 47 22 90 96 32 86 22 98 28 89 63 53 
48 4 2 94 78 44 58 87 15 16 92 19 42 18 38 45 4 32 87 95 60 49 46 0 64 97 49 42 60 72 70 82 54 83 95 0 95 71 44 97 41 86 71 16 53 55 52 11 60 40 
6 51 3 42 45 40 73 36 48 37 83 59 76 53 94 73 98 83 59 71 98 43 9 64 0 19 98 11 68 89 42 72 24 51 6 45 26 28 31 68 26 77 8 38 73 39 64 38 28 36 
4 74 60 98 82 33 82 24 98 47 88 61 75 33 9 54 90 40 0 34 6 54 26 97 19 0 20 1 57 29 24 74 13 98 34 35 30 96 44 86 93 62 40 98 36 59 56 84 38 20 
78 56 84 7 87 48 32 81 83 78 75 22 91 64 18 16 75 26 15 36 26 75 9 49 98 20 0 21 10 27 94 89 42 19 52 7 91 14 16 7 69 75 22 43 33 9 43 82 75 51 
94 40 21 16 75 46 45 33 41 4 85 9 89 84 59 14 54 76 38 82 9 23 92 42 11 1 21 0 30 16 49 46 39 95 51 66 77 82 66 31 70 88 81 54 16 86 6 69 80 68 
26 15 3 23 8 95 45 7 6 58 73 99 91 14 8 14 33 55 10 55 72 94 97 60 68 57 10 30 0 69 13 92 34 84 83 97 30 19 53 46 80 53 1 62 24 51 70 19 32 13 
57 51 59 0 47 13 74 99 64 80 99 8 24 3 64 46 79 24 19 100 61 69 41 72 89 29 27 16 69 0 14 20 98 75 12 12 24 50 77 31 100 44 95 55 13 86 20 88 91 93 
20 62 53 75 66 73 91 54 30 48 25 84 63 40 32 69 15 69 84 3 82 7 47 70 42 24 94 49 13 14 0 38 13 80 61 17 6 62 59 83 47 53 10 61 36 86 83 69 23 27 
82 58 47 2 32 80 54 20 12 39 96 47 53 77 57 91 27 34 64 19 9 89 29 82 72 74 89 46 92 20 38 0 2 87 13 17 8 5 82 84 5 90 50 79 91 91 53 66 51 13 
4 50 76 68 41 94 39 95 97 26 65 23 1 24 6 19 63 31 34 82 38 92 29 54 24 13 42 39 34 98 13 2 0 2 56 71 71 81 19 51 80 10 3 1 38 86 63 59 23 94 
16 40 59 17 23 54 80 49 41 18 81 64 16 66 84 18 46 26 20 87 97 9 98 83 51 98 19 95 84 75 80 87 2 0 21 38 40 29 0 70 1 62 85 2 13 38 33 61 86 41 
57 17 72 55 42 33 40 85 92 75 93 94 55 79 38 4 70 88 68 75 51 58 54 95 6 34 52 51 83 12 61 13 56 21 0 75 64 0 97 29 27 71 52 13 37 83 65 81 42 100 
88 33 28 85 52 44 90 81 34 19 39 85 42 33 0 47 91 2 28 67 5 81 86 0 45 35 7 66 97 12 17 17 71 38 75 0 92 35 54 30 22 51 51 61 93 42 39 91 90 17 
95 24 34 48 44 36 70 63 59 73 1 66 18 26 55 59 45 98 51 47 42 35 15 95 26 30 91 77 30 24 6 8 71 40 64 92 0 96 73 38 70 42 96 14 14 89 28 56 46 10 
24 22 97 80 36 91 53 47 58 7 96 19 24 25 51 6 100 70 30 24 91 44 65 71 28 96 14 82 19 50 62 5 81 29 0 35 96 0 29 91 73 75 48 7 79 82 84 17 33 77 
45 47 96 26 73 1 61 13 42 79 44 34 34 92 14 84 43 29 23 78 13 18 47 44 31 44 16 66 53 77 59 82 19 0 97 54 73 29 0 67 22 61 92 7 76 44 36 69 59 45 
21 59 7 28 45 82 45 8 4 0 93 73 86 93 79 53 41 34 9 33 94 75 22 97 68 86 7 31 46 31 83 84 51 70 29 30 38 91 67 0 65 7 3 68 50 32 16 90 54 53 
6 19 100 11 31 93 78 77 88 78 46 76 69 62 71 30 18 98 80 87 58 33 90 41 26 93 69 70 80 100 47 5 80 1 27 22 70 73 22 65 0 20 95 2 88 88 62 43 48 54 
25 48 98 38 60 93 97 91 99 26 43 69 85 9 73 68 58 46 0 3 59 30 96 86 77 62 75 88 53 44 53 90 10 62 71 51 42 75 61 7 20 0 7 3 71 33 36 0 80 58 
65 57 55 24 88 15 80 20 54 9 1 43 66 14 68 58 43 82 14 3 46 82 32 71 8 40 22 81 1 95 10 50 3 85 52 51 96 48 92 3 95 7 0 21 89 98 43 88 67 53 
55 36 98 35 22 31 15 93 26 81 18 84 24 80 69 53 94 45 36 55 87 88 86 16 38 98 43 54 62 55 61 79 1 2 13 61 14 7 7 68 2 3 21 0 77 13 52 79 77 32 
42 67 35 1 34 30 60 2 3 74 15 95 33 0 95 23 60 24 7 26 80 63 22 53 73 36 33 16 24 13 36 91 38 13 37 93 14 79 76 50 88 71 89 77 0 28 85 96 66 4 
24 2 42 47 75 95 64 61 80 54 11 35 25 67 54 23 37 32 26 2 8 20 98 55 39 59 9 86 51 86 86 91 86 38 83 42 89 82 44 32 88 33 98 13 28 0 32 74 96 50 
22 90 53 43 56 81 32 17 39 75 95 91 28 15 67 28 21 40 5 22 27 34 28 52 64 56 43 6 70 20 83 53 63 33 65 39 28 84 36 16 62 36 43 52 85 32 0 14 6 33 
97 12 74 88 27 64 87 12 47 30 8 0 46 8 48 12 38 99 58 19 12 94 89 11 38 84 82 69 19 88 69 66 59 61 81 91 56 17 69 90 43 0 88 79 96 74 14 0 21 84 
13 57 98 80 81 45 37 43 61 94 61 4 67 53 36 71 86 33 6 12 43 19 63 60 28 38 75 80 32 91 23 51 23 86 42 90 46 33 59 54 48 80 67 77 66 96 6 21 0 38 
42 73 71 37 30 78 99 66 3 34 53 32 28 50 53 4 88 83 62 47 4 80 53 40 36 20 51 68 13 93 27 13 94 41 100 17 10 77 45 53 54 58 53 32 4 50 33 84 38 0 
RRBBRRRBBRRBBBRBBRRBBRRRBBBRBBRRBRBBRRRRRBRBBBRBBR