16
0 1 2 3 2 3 4 4 100 100 100 100 100 100 100 100
1 0 1 2 4 3 2 4 3 100 100 100 100 100 100 100
2 1 0 1 3 4 3 100 2 100 100 100 100 100 100 4
3 2 1 0 1 2 3 100 100 100 100 4 100 100 4 100
2 4 3 1 0 1 2 3 100 4 100 100 100 100 100 100
3 3 4 2 1 0 1 2 100 100 100 100 100 100 4 100
4 2 3 3 2 1 0 1 4 100 100 100 100 100 100 100
4 4 100 100 3 2 1 0 1 100 100 100 100 100 100 100
100 3 2 100 100 100 4 1 0 1 2 3 4 100 100 100
100 100 100 100 4 100 100 100 1 0 1 2 3 3 2 4
100 100 100 100 100 100 100 100 2 1 0 1 2 4 3 3
100 100 100 4 100 100 100 100 3 2 1 0 1 2 3 100
100 100 100 100 100 100 100 100 4 3 2 1 0 1 2 3
100 100 100 100 100 100 100 100 100 3 4 2 1 0 1 2
100 100 100 4 100 4 100 100 100 2 3 3 2 1 0 1
100 100 4 100 100 100 100 100 100 4 3 100 3 2 1 0
RRRRRRRRBBBBBBBB